3867620 3958209 4026731 3850373
3759252 3807254 3824301 3982211
3900483 3947561 4130622 3871691
3772739 3878462 3895921 4011565
3919210 3942673 4102688 3765933
3748357 3769358 3775419 3995541
3925081 3979648 4086663 3930850
3791240 3815687 3912518 3971403
3820038 3830809 3920711 3953563
3890439 3773282 4027545 4007438
3938403 3903890 3913089 3952729
3958510 3820412 4084814 4082780
3790657 3822690 3801212 3807005
3962592 3871534 4037066 4044905
3888035 3894225 3938558 3922514
3937735 3951616 4092690 4046434
3855223 3952197 3716229 3946378
3858520 3968114 3965652 3956025
3977349 3926082 3790871 4024819
4000524 3998517 4000966 3950572
3911636 4021477 3820598 3987610
3884170 3950493 3938138 4041987
3936716 3982474 3776746 3983595
3945299 3961339 4023495 4068079
3949032 4003251 3981117 3899192
3810491 3907659 3974353 3991988
3887150 4014916 4039908 3926944
3895835 3860622 4009606 4000584
3820906 4019915 4046529 3854052
3923775 3932125 3924402 3928526
3930004 4015738 4053113 3944982
3937902 3956847 3947764 3928319
3924554 3930723 3853808 3818247
3918854 3981782 3952952 3945088
3874546 3987936 3855697 3872591
4005624 4027064 3937347 3912411
3808326 3923142 3875849 3894768
3902468 4026696 3858197 3942396
3848621 4010854 3921316 3882831
3892433 3985587 3882913 4078431
3867161 3853877 3850854 3908705
3973822 3865780 4051350 3836996
3969560 3850576 3916411 4008906
3992374 3841130 4130262 3909664
3919224 3878529 3955550 3895164
3966104 3790830 4065258 3784685
3979678 3872189 4009627 3949971
4018411 3854244 4131104 3899561
3854088 3910575 3944855 3760050
3645434 3776107 3841267 3873432
3804017 3941586 3970558 3833884
3682696 3767882 3838649 3928599
4012119 3986584 4204550 3904220
3870004 3936471 3907104 4027903
3770478 3896715 3956808 3804515
3669176 3725660 3810541 3815862
3772028 3792790 3763792 3902534
3849362 3785172 4010051 3983800
3865938 3822775 3867765 3904782
3890669 3817842 3965549 4036888
3954956 3975621 4016722 3983940
3939763 3899083 4120941 4117129
3787533 3778488 3829404 3853366
3851728 3676594 3918715 3905202
3822273 3856025 3746172 3880589
3849497 3878319 3939755 3925214
3951853 3868312 3683503 3905746
3973251 3861483 3908842 3944992
4090750 4065918 3842535 4053995
4109269 4015644 4018499 4014085
3820079 3841152 3752189 3940523
3799177 3908756 3915987 3891442
3869543 3872991 3979758 3790204
3816344 3785308 3841091 3900908
3867836 3960613 3903642 3747224
3844108 3857546 3932332 3875603
4025266 4065994 4064956 3913223
3920236 4043882 4068008 4025051
3849122 3850831 3894812 3762919
3733455 3899580 3882138 3830252
3736660 3871468 3774587 3780945
3865607 3929087 3905088 3885375
3820493 3965875 3868651 3803489
3858344 3914012 3901029 3821568
3906707 4037574 3982348 3913851
4109843 4096899 3973194 3975326
3740866 3828924 3784094 3766094
3950330 3934630 3837503 3796347
3840452 3752368 3887673 3796273
3882749 3798225 3985224 3845018
3877431 3918420 3888100 3832145
3917770 3830940 4067004 3791896
3974217 4043315 4060669 4053907
4000437 4002064 4089659 3920806
3884016 3759449 3755340 3794940
3888889 3725957 4013978 3823144
3786912 3940414 4040821 3749643
3672698 3733700 3880068 3882408
3860654 3939374 4109892 3850071
3716997 3801046 3843410 3899418
3677569 3811410 3893765 3649765
3622883 3639611 3702155 3713347
3996088 4038849 4224258 3963259
3838310 3890504 3863349 4023633
3835727 3814341 3909142 3784176
3818170 3751482 4044386 3905710
3901902 3885239 3879387 3838743
3946035 3714406 4020875 4007409
3675242 3684451 3753094 3711663
3688498 3667965 3938898 3868092
3882871 3894951 3983721 3943834
4018293 3846691 4105372 4117298
3845335 3858181 3714734 3870503
3781042 3832627 3916926 3886606
3878619 3896150 3817341 3931900
3969372 3950145 4026393 3859430
3813962 3759239 3581703 3840117
3689873 3766996 3836582 3790704
3984449 3916555 3818463 4084226
3844480 4011364 4060112 4051111
3884234 3932839 3882169 3794641
3760167 3815732 3904710 3795760
4029681 3982414 3929700 3833619
3818775 3905824 3916457 3984043
3720880 3868165 3800323 3667628
3708111 3688024 3763992 3734413
4078640 3991547 4043900 3907820
3955355 3954573 4047913 4030917
3761120 3835919 3810097 3791374
3851034 3901140 3900356 3966742
3886239 3978602 3797839 3850492
3903102 3930853 3900562 3909298
3651217 3700356 3762750 3697295
3806602 3736761 3722318 3775303
3885115 3961059 4001313 3932875
3989029 4037391 4013029 4039036
3934126 3716977 3847995 3817643
3919686 3766335 3965209 3742752
3892181 3868449 3865677 3870774
3902806 3823565 4082186 3816478
3783070 3691416 3750285 3645167
3840785 3734299 3885739 3699305
3996371 3966820 4006455 4017944
4094333 3988718 4151933 3940794
3858258 3907787 4053557 3705010
3766692 3799279 3794237 3800314
3773748 3887167 3884362 3710672
3745348 3774631 3769572 3868188
3827410 3884792 4112407 3749295
3727311 3709199 3776516 3801693
3923686 3957232 4142145 3862795
3872382 3899017 3975272 3952974
3789736 3844833 3841965 3872513
3896357 3777033 4028876 3916030
3666429 3819640 3840030 3820856
3839164 3771685 3953486 3906154
3763184 3785574 3803894 3686754
3807383 3811330 3949955 3898740
4001816 3893624 3943727 3910318
3966563 3808397 4175544 4053123
3823746 3829244 3770160 3934924
3889587 3885467 3865217 3913822
3816487 3913294 3741404 3875921
3802300 3801956 3903148 3827276
3821486 3843691 3794625 3882283
3825282 3835171 3964049 3854761
3967806 3993468 3741383 4023970
3939316 3998588 3985054 4038481
3832109 3897733 3997212 3771078
3801940 3849951 3906010 3809029
3908607 3875944 3850040 3695248
3754868 3848651 3802434 3867622
3794048 3863806 3964149 3782539
3757079 3821850 3937871 3838744
4003038 3986357 4060712 3934196
3906118 3954207 3979230 3993322
3760985 3916554 3879021 3808604
3839995 3954169 3946085 3892805
3796833 3886758 3777167 3792271
3803223 3931493 3880272 3825450
3787874 3893133 3813857 3710649
3845639 3852072 3892587 3768068
3890132 4071957 3895435 3937652
4005072 3987709 3974974 3990724
3943748 3833313 3890233 3940303
3898816 3771358 4049805 3768787
3832179 3765841 3835523 3817187
3969351 3725843 4097007 3709515
3868022 3822000 3855702 3847146
3983445 3805584 4000140 3783673
3977858 3920992 3900838 3970033
4113346 3880686 4138192 3841356
3933596 3940059 4185423 3777610
3704967 3794333 3862670 3960123
3984563 3984382 4103858 3879743
3775928 3842839 3943890 4013965
3809275 3866804 3896417 3649965
3638618 3657642 3687223 3837919
3759935 3887414 4000704 3721337
3629650 3727051 3732621 3845658
3833803 3947025 3960178 3971806
3863219 3821830 4059003 4062862
3893784 3908741 3937781 3924548
4017838 3831657 4100068 4052906
3707443 3767447 3768411 3766866
3826824 3642327 3927507 3871015
3712493 3754510 3711920 3740295
3825029 3707546 3912709 3900147
3985628 3946463 3776337 3954159
3941144 3973176 4015761 3973784
3976667 3934740 3786673 3967288
3996330 3952052 4064959 3961684
3807948 3798125 3624200 3776706
3824886 3788704 3830221 3791095
3781972 3766755 3616033 3863225
3900813 3894397 3951298 3846230
3913923 3976218 4027715 3838857
3871399 3902073 3995925 3931368
3870959 3968819 4085816 3836251
3863897 3949089 4027739 4058058
3690988 3843250 3867392 3697410
3678628 3784301 3757886 3840269
3789447 3924632 3837202 3761505
3762902 3773489 3742762 3802037
3794623 3937111 3889743 3880847
3869773 4020343 3922845 3931328
3896980 3961921 4013794 3881518
3920328 3945286 4007584 3985358
3706593 3862108 3777213 3715049
3834670 3886200 3776957 3803480
3700579 3888122 3752059 3714809
3818053 3844629 3813645 3837072
3945150 3813977 3920865 3901461
3965471 3914844 3974177 3842699
3977638 3798085 4007703 3958362
4037805 3916258 4040153 3866108
3723415 3763885 3800407 3816432
3765652 3730725 3981556 3721999
3830497 3740409 3858887 3743098
3783815 3737971 3990465 3768500
3713643 3859684 3982295 3670298
3611010 3645702 3668194 3851801
3745339 3873762 3919828 3647915
3617927 3683040 3730436 3840807
3876299 3932815 4142292 3821072
3814771 3750739 3801962 3943524
3751928 3841776 3982246 3603214
3623317 3630119 3789143 3801194
3765234 3711967 3717393 3726718
3735068 3692460 3865194 3826031
3726184 3712815 3690362 3735814
3749748 3672238 3895695 3956907
3825777 3834437 3917307 3810857
3847238 3777324 3961556 4055813
3746447 3734902 3821426 3798731
3782627 3701182 3893768 3939426
3736173 3830544 3584260 3803707
3789164 3711757 3773110 3734258
3739604 3855208 3590243 3845415
3768366 3799064 3791534 3845450
3962698 3889928 3726427 4008369
3834040 3961016 3915888 3983236
3904684 3737930 3683942 3806837
3776173 3779114 3821962 3852247
3734707 3831944 3873553 3697202
3710813 3801708 3778171 3709863
3721256 3851606 3891323 3753695
3650933 3762179 3718910 3768051
3855359 3943265 4050669 3818112
3872613 3951196 3912219 3970715
3830781 3873232 3817649 3785431
3672150 3767608 3856425 3811561
3730850 3799560 3755536 3670004
3741692 3815045 3727064 3758567
3692466 3854074 3786099 3737033
3804226 3826109 3802836 3815260
3868973 3954828 3965277 3885292
3897274 3983798 3964233 3899377
3697004 3897239 3747513 3665827
3743984 3856398 3782287 3844326
3797116 3776959 3704267 3733578
3808449 3720747 3965653 3719642
3784909 3766823 3777252 3718532
3838785 3725806 3913356 3712110
3979850 3866500 3918355 3872694
3936413 3860960 4033612 3799103
3784405 3590786 3809965 3784142
3736610 3686070 3971401 3745680
3792659 3874075 3939850 3733518
3722696 3625334 3634317 3801051
3930208 3896787 4155855 3921641
3832857 3783146 3897396 4007060
3823075 3863373 3906615 3741202
3756971 3777613 3814663 3880501
3856167 3871829 3914263 3677634
3714649 3752871 3684507 3813949
3702280 3739844 3759725 3768355
3716969 3772240 3915360 3905152
3860642 3887348 3919826 3860705
3958105 3828898 4021862 4001314
3757130 3778977 3795602 3815622
3881471 3763772 4027515 4118713
3709974 3739605 3822657 3811373
3788918 3686415 3973894 3979970
3867013 3801531 3596527 3769726
3757869 3719057 3883125 3735278
3939888 3905534 3847782 3981305
4002937 3945262 4017583 4062348
3883292 3859833 3832674 3913942
3855499 3867658 3908871 3913152
3828946 3825377 3691484 3899289
3837196 3777708 3833535 3815076
3769899 3855014 3888994 3760358
3703042 3728200 3809873 3789199
3964066 3877820 4018349 3943542
3828570 3947637 4018631 3983857
3868253 3980889 4009725 3773929
3753626 3779205 3984636 3906896
3787751 3876143 3893771 3721158
3761064 3704445 3822496 3826747
3714482 3761140 3711461 3727063
3724724 3790687 3833469 3742987
3810821 3957042 3933946 3872428
4003054 4021310 3939751 3989816
3799764 3954573 3906373 3760393
3871905 3935517 3913508 3953811
3718006 3911493 3736812 3751059
3823494 3887285 3850048 3876685
3764113 3746089 3780959 3797218
3782110 3757731 3931415 3729834
3894501 3933923 3943433 3881206
4012232 3917998 4032680 3886473
3924495 3763974 3910925 3922539
3939868 3765312 4070586 3757766
3824114 3747536 3806022 3780428
3897634 3752931 4028110 3748404
3800112 3851481 3926258 3643132
3631017 3660576 3728256 3934468
3867417 4013491 4089344 3842304
3802932 3810045 3904921 3963042
3825012 3999756 4059148 3814760
3720029 3836108 3796247 3984345
3837225 3933051 3954823 3799310
3566592 3657042 3712763 3828203
3820056 3797229 3799168 3795674
3775320 3743939 3965688 3926428
3778540 3900098 3943320 3895202
3937191 3819041 4039312 4101754
3873129 3792322 3912624 3938593
3916039 3845580 3987907 4025516
3761258 3778832 3867356 3882138
3875473 3683266 3910253 4077555
3884631 3905701 3674140 3878142
3815667 3890175 3913453 3844638
3957682 3940908 3809580 3990278
3970811 3973971 4062043 3940363
3887478 3879089 3727718 4017447
3944197 3982804 3971095 3950529
3872173 3889555 3612436 3855722
3866979 3905334 3910561 4050516
3784027 3945473 3917239 3779620
3730106 3862928 3864889 3841964
3887934 4013644 4046867 3896445
3931259 3946124 4001313 3923693
3799268 4040251 4009543 3825827
3935071 3910503 3941556 3909035
3797734 3868052 3990996 3722421
3788824 3818234 3918388 3864501
3745946 3824858 3754029 3815546
3746633 3915259 3754196 3875815
3820992 4053352 3847672 3838085
3937487 3979772 3943358 3984661
3755413 3950718 3886094 3933123
3851826 3873290 3916931 3949121
3748714 3827314 3766846 3816831
3826018 3874582 3911511 3843976
3770268 3827929 3834021 3838933
3839678 3819010 4080822 3766633
3961013 3880092 3911559 3918069
4009249 3887507 4182341 3933763
3877429 3837387 3803230 3944096
3955590 3887226 3952493 3854936
3793805 3731957 3833713 3858135
3907681 3769333 3985423 3720119
3834701 3853029 3948034 3744464
3632452 3753522 3779943 3966543
3946377 4014009 4066106 3880153
3832381 3860892 3806645 3982977
3795184 3966766 4087832 3794851
3825214 3727805 3785067 3913893
3780489 3847115 4017287 3742348
3642378 3674354 3762840 3882616
3778891 3866458 3788460 3815601
3844882 3689516 3933730 3969023
3793805 3864507 3970779 3866639
3915637 3944727 4143121 4072399
3840812 3916486 3946222 3847355
3886636 3830957 4067009 3986760
3799200 3879785 3810711 3835879
3889716 3823472 3917198 3873529
3885862 3902363 3674531 3875349
3886496 3863556 3851503 3862807
4052456 4086523 3777914 4009171
4005746 4034745 4023691 3873110
3913996 3938371 3752777 3993016
3999571 3928224 3932381 3942255
3823895 3912377 3727660 3891388
3856060 3862373 3953875 3856043
3859697 3978906 3945558 3835822
3841943 3882358 3994019 3886792
3959607 4031514 3938135 3837053
3920589 3995043 3947864 3925539
3915342 3993479 3971973 3806632
3845957 3852196 3955994 3937893
3852785 3925116 3876130 3776341
3868220 3844439 3788228 3843906
3726366 3917294 3800920 3805287
3831442 3820694 3793353 3906428
3926067 3975728 3941866 3897959
3888112 3978369 3934358 3944786
3813773 3971780 3867145 3830360
3949216 3989032 3920189 3948135
3733526 3858415 3811660 3809469
3914047 3940592 3894939 3871684
3887000 3770683 3905006 3906054
3864924 3780474 4056049 3837379
3914819 3974844 3886909 3949450
3947405 3869738 4144925 3821320
3928622 3838119 3854198 3999945
3945091 3860886 4031387 3923748
3758338 3832770 3823928 3806958
3857743 3784375 3949500 3803390
3861375 4089013 4077598 3848215
3820735 3778301 3878247 3885352
3799616 3821807 3942481 3568008
3543714 3745822 3701934 3768021
3708340 3768109 3902139 3691708
3690495 3637300 3697226 3802651
4019314 4099197 4268608 3964908
3868408 3917377 3967377 4056372
3901175 3940305 3862238 3919138
3934963 3814468 4051752 4106529
3727537 3776241 3749060 3796517
3648346 3664824 3886067 3949551
3658129 3679385 3704792 3742106
3827971 3611144 3920156 3906446
4020223 4048812 4000310 4006408
4051274 3953468 4166139 4217486
3928625 3897628 3823856 3978004
3935371 3984447 4004596 3995049
3700487 3750883 3601354 3808584
3832668 3722955 3818027 3844632
3744511 3762972 3620381 3797144
3777554 3775985 3828864 3852029
3997951 4039857 3873716 4153868
4047809 4027586 4173674 4079613
3927908 4032175 4009496 3894210
3822338 3909517 3957097 3985179
3748901 3831499 3804466 3626097
3694961 3734010 3752666 3760587
3818640 3840975 3878623 3747067
3620406 3830234 3828934 3803142
4129262 4123612 4179301 3978074
3955451 4044026 4038128 4117540
3860913 4016305 3886558 3868972
3986695 3968420 3950366 3979997
3728771 3742640 3723421 3671975
3775104 3832731 3796779 3825941
3719200 3820970 3672264 3746526
3746280 3930460 3799967 3783924
3867678 4176879 4002005 4017929
4008861 4133129 4099357 4088027
3962660 3982122 3948036 3916128
3937248 3898085 4139302 3911548
3804152 3734867 3844780 3795814
3822319 3713885 3937582 3711654
3697720 3627764 3792671 3780518
3814668 3725868 4009173 3775714
4095831 4021367 4111533 4035964
3992197 3988576 4193517 4101598
3847982 3969657 4076406 3808759
3784037 3811895 3818698 3997264
3837423 3878676 4027879 3780040
3730258 3776933 3768723 3872550
3979477 4156604 4231181 3923181
3895621 3995650 3959023 4107755
4012773 4102950 4178624 3945855
3957559 3884498 3894706 4014501
3785615 3885580 3880395 3815739
3852946 3790814 4070542 4029104
3916901 3826188 3818287 3861278
3793147 3766255 4039881 3989315
3984489 3967896 4034539 4020640
4020202 4008228 4172226 4119948
3986484 4001644 4015354 3987824
4035163 3969305 4188933 4200497
3858921 3951518 3744219 3998790
3894100 3900765 4008408 3904287
3853684 3909407 3664283 3919218
3932879 3837876 3970042 3907346
4016931 4076205 3925617 4038801
4077549 4098963 4130258 4193431
4034309 3937822 3950938 4129868
4170962 4043975 4070680 4103435
3940293 3981684 3988043 3864046
3875638 3934482 3972286 3904111
3900140 3885794 3966409 3773340
3781712 3838047 3938399 3872773
3971592 4094209 4136870 3916662
3847841 4106131 4102474 4030751
4007693 4096526 4179961 3963060
4015199 4045171 4155171 4061594
3902757 3928466 3851042 3867543
3961859 3979309 3865536 3995159
3780303 3889991 3813117 3762443
3865578 3912829 3866456 3897281
3943142 4065065 3995871 3951461
4054525 4078099 4068796 4044082
3960071 4092511 3966949 3994019
3991379 4131171 4019203 4071673
3906714 3816062 3907527 3889678
3906824 3838683 4022568 3885202
3844389 3834327 3771081 3830602
3906481 3879194 3993600 3764061
4008742 3973708 4099160 3944662
4039796 4024934 4206546 3981871
4036655 3930107 3969238 4032786
4060107 3917880 4107429 3909279
3842324 3894966 4006253 3767503
3744026 3706779 3834410 3886723
3745161 3895247 3965281 3673346
3685735 3741133 3758056 3903774
3902346 4046874 4150956 3863456
3822308 3846400 3888695 3941363
3844487 3894586 4016510 3778409
3705664 3765859 3830329 3948455
3831000 3862438 3867820 3892749
3901852 3735009 3973696 4034466
3786762 3786166 3833277 3923527
3849666 3708921 3989470 3968026
3928726 3877348 3917568 3904425
3969759 3905443 4072785 4137395
3799729 3883405 3845615 3927787
3803760 3755523 4064668 4022755
3908597 3915736 3718415 3919540
3901385 3951844 3941588 3912024
3817022 3917933 3780933 3953895
3834266 3867494 3852723 3875530
3904868 3932345 3813929 3996038
3917695 3964110 4024823 3980403
3836764 3903936 3689405 3933386
3878050 3917253 3932444 3946731
3935568 3946883 3925134 3811436
3795835 3882383 3918091 3901718
3752662 3881591 3960403 3723247
3765041 3814849 3852457 3851586
3990824 4031181 4083291 3882626
3792059 4002619 4066706 3995311
3900430 3868992 3938950 3867352
3857074 3882196 3945954 3921613
3759144 3927088 3899548 3823329
3895308 3962636 3912397 3921200
3725127 3868667 3835879 3789133
3863144 3894321 3843560 3904493
3861658 4010183 3835852 3930626
3967996 3923151 4000912 3956181
3828084 3921337 3910105 3752458
3903230 3922763 3853368 3876378
3930283 3818310 3892628 3844560
3870928 3806720 4039857 3789494
3848279 3693104 3776766 3771900
3883400 3776132 4080532 3776683
3978481 3950579 3980143 3926000
3934567 3902901 4148730 3894642
3837997 3781670 3859212 3826583
3994211 3887943 4002430 3844405
3629714 3707345 3633138 3588666
3678832 3871832 3736290 3690348
3878149 3970143 3885725 3689592
3886435 3978463 3954077 3967487
3883435 3928413 3857940 3773456
3934366 4083705 3936510 3889909
3846885 3946988 3896226 3797034
3920081 4080523 3975914 3957845
3736536 3751101 3864049 3862007
3740090 3705103 3696198 3603190
3879714 3838428 4015873 3973389
3914950 3886599 3928902 3861770
3932382 3829603 4003210 4118015
3887544 3927325 4002256 3891173
3945742 3877954 4131673 4130314
3990396 3959320 3959923 3860665
3728180 3705279 3840071 3676381
3636921 3746456 3706674 3690118
3906512 3953823 3972910 3894086
3832176 3951616 3973323 4011044
4038664 3905114 3996655 3811464
3854278 3982480 3899715 3879260
4039447 3981081 4028256 3884922
3908058 3932419 4016785 3949964
3636155 3791228 3826670 3540668
3797962 3771978 3744631 3698841
3863991 3956849 4033937 3788103
4040941 3907035 4008206 3899455
3938848 3975073 3949203 3761456
3972572 4063577 4014019 3964120
3957437 3943890 4065843 3810052
4043451 3972396 4019023 3849542
3735777 3772730 3653753 3688252
3733714 3829696 3742334 3747162
3996988 3928366 3817279 3785805
4007634 3930525 3854880 3980451
4005515 4051471 3913512 3727056
4013767 3988550 3949794 3869682
3993906 3940532 3972554 3783428
4034506 3970873 3832729 3931626
3850563 3707488 3752392 3738760
3722857 3673946 3639761 3758812
4007479 3876866 4039103 3966075
3859941 3841370 3923370 3887712
4078031 3917904 4023761 3974857
3859926 3999912 3894046 3987919
4109132 3840415 3996184 3998274
3889893 3946111 3965234 3993298
3768313 3894722 3778035 3713373
3760654 3905908 3872350 3865946
3896323 3984493 3971445 3763694
3923112 4151905 4005956 3973680
3914329 4079202 3988864 3867108
3973298 4139505 3998817 4105244
3719816 3831145 3847320 3630192
3750216 3909708 3877714 3798088
3788256 3760197 4056534 3966018
3863230 3797447 3886746 3733522
3877816 3826522 4046550 4089098
3880426 4024544 3992026 3843158
4026922 3905218 4215628 4209863
4010610 4052242 4121685 3831184
3679994 3710149 3812145 3981886
3777460 3816893 3742071 3690892
3916614 3774609 3885400 3872678
3787668 3837582 3891788 3853171
3996835 3968976 4098869 4061186
3879080 4036534 4002456 3986646
4041545 4028719 4115044 4076864
3941025 3932078 3984751 4089810
3841419 3792918 3802996 3739358
3748078 3820339 3798812 3784769
3743102 3905071 3945099 3677921
3897526 3864907 4008103 3730570
3993764 3967499 4042054 3825696
4078222 3980291 4045730 3927342
3888993 4087902 4092304 3831235
4112514 3987393 4032148 3991105
3741452 3851032 3886171 3601038
3869669 3831351 3882730 3776477
3791961 3812532 3781981 3718320
3837406 3947487 3870090 3858902
4018069 3936806 3909074 3762697
4087150 3995926 4015289 4053812
4149500 4006183 3954961 3930196
4063643 4115038 4013613 4029036
3792579 3777595 3717509 3578401
3812906 3910778 3717165 3779545
4020649 3792308 3880168 3848062
3757310 3785841 3807938 3874023
4191934 3913570 4110876 4082352
3925981 3923902 3953042 4020444
4213896 3958927 4050864 4148234
3956500 4001470 3985371 4087102
3929578 3797437 3880124 3829348
3676914 3756263 3731018 3766147
3956922 4019406 3879639 3835003
3889519 4162236 4003815 4013673
3777571 3862342 3796657 3655286
3823269 3939653 3851805 3856881
3881987 3959896 3894257 3740666
3893190 4091232 3931592 3890722
3836234 3979537 3954610 3789250
3881573 4118091 4024969 3917585
3903002 3815193 4137886 4178680
3994277 3996802 4043713 3800899
3839807 3695358 3952917 4001830
3846747 3826833 3793554 3678261
3924745 3802221 3970020 3985671
3878386 3882078 4009375 3748528
3780386 3849612 4028533 4052152
3849904 3953046 3971121 3859574
4047262 3929642 4040569 3933468
3893259 4048082 3925283 4004604
3882423 3829891 3951495 3825181
3712830 3828496 3799445 3786759
3907256 3856268 4047408 3832247
3807485 3940734 3952455 4004911
3935103 3960628 4008917 3899677
3818254 4002796 3889560 3969909
3899590 3991147 4050817 3795733
4094677 4002821 4011695 3934248
3737865 3927770 3972411 3688049
3956354 3811069 3829770 3808038
3850985 3955364 4070634 3730143
4024876 3926310 4052232 3809203
3971585 3976145 4062633 3737341
4043086 3966804 4005735 3875826
3976370 4018152 3869737 3812048
3955659 4043964 3922729 3989159
3849382 3850423 3841613 3754256
3947771 3972647 3847086 3862920
3921871 3981908 3891124 3758136
3970637 4026470 3916115 3947047
3900481 3946931 3856663 3802261
4033378 3969930 3974352 3985552
4117272 3986974 3958149 3975887
3842331 3997333 3868775 3905359
3918391 3764336 3871497 3873354
3802639 3802835 3734405 3837081
3968911 3982544 4036834 3865032
3924313 3886991 3856360 3974639
4107908 3923117 4017752 4004253
3771949 3865034 3928952 3913836
3670722 3795243 3772336 3613034
3773395 3891012 3826003 3842129
3768908 3927241 3831506 3686557
3789233 4022778 3873412 3790570
3773852 3905963 3831618 3665108
3891638 4003505 3837699 3849947
3839770 3911283 3822441 3753535
3844086 4053064 3923152 3889897
3809057 3688837 3921067 4011436
3770318 3818383 3780135 3628810
3849216 3740004 3921303 3945437
3816317 3921594 3853541 3723563
3827677 3844067 4016131 4001970
3805290 3892514 3865143 3812827
3869125 3788906 4003140 3940237
3897184 3907316 3906523 3849839
3730479 3826990 3909734 3804009
3690931 3838222 3812441 3818162
3919875 3826708 3898381 3816609
3691717 3822246 3878714 3797613
3930379 3908374 3944054 3811848
3845369 3949968 3871253 3912627
3963205 3914830 4071623 3840432
3764329 3911816 3976164 3941745
3726708 3817090 3867307 3620528
3879360 3851674 3833967 3734569
3792219 3813248 4010603 3589724
3894162 3902259 3916019 3760299
3867715 3958756 3937604 3761636
3912099 3912947 3906320 3796087
3908912 3908007 4039185 3645469
4036622 3906178 3974046 3817083
3897705 3803510 3744164 3667466
3841611 3821903 3808474 3832272
3853576 3844195 3731360 3769803
3867657 3922437 3840508 3841343
3967111 3982555 3846722 3739534
3871513 3989625 3936561 3918785
3961650 3912300 3891269 3758670
3929510 3960479 3850370 3882365
3908397 3758088 3820169 3767587
3841265 3711842 3711152 3804653
4014216 3857848 3854019 3858484
3731455 3835585 3782404 3881545
3940566 3788015 3918138 3935732
3784017 3801057 3835381 3854435
3965728 3875475 3931831 3960414
3785844 3855488 3826310 3967856
3684328 3868855 3735047 3695781
3819882 3966230 3893038 3788511
3802851 3944207 3881732 3757533
3848196 4026172 3996536 3961396
3779022 3725729 3780114 3587907
3836603 3886155 3859557 3937240
3793424 3894521 3824306 3632764
3841656 3998990 3943717 3811026
3741121 3670584 3947844 3953338
3916531 3775590 3769886 3758234
3811220 3784482 4063079 4102193
3835447 3902161 3924489 3760501
3751998 3744316 3922192 3946158
3809846 3834204 3836425 3708832
3879397 3780812 3911471 3997348
3808222 3915759 3914611 3777552
3866495 3853139 3878660 3777222
3787047 3849905 3851787 3823980
3995682 3941870 3961126 3798514
3858497 3902352 3872004 3930172
3846564 3874480 3911115 3764481
3763642 3822070 3765481 3853438
3944915 3800478 3869621 3821006
3783884 3893805 3895686 3893969
3710058 3897546 3905149 3690239
3915511 3826428 3961265 3722309
3874825 3949105 4039601 3798469
3983897 3893295 3892226 3860779
3736681 3839986 3847806 3653180
3902714 3832561 3761625 3718700
3839159 3977246 3890903 3722822
4034681 3828667 3898900 3822008
3882491 3892611 3812108 3651857
3861626 3924748 3909335 3808501
3930933 3894148 3881625 3800342
3930552 4069349 3897141 3889556
3951328 3771166 3730622 3722872
3801397 3914875 3734723 3865377
3936488 3865634 3819027 3786854
3882566 3954261 3895928 3778209
3922330 3812056 3871813 3849180
3749737 3793463 3909964 3794577
4008442 3893629 3926516 3953822
3863247 3834916 3836058 3897607
3998621 3764603 3857858 3843107
3788541 3719326 3764562 3748656
3997544 3876087 3874454 3911801
3802336 3874254 3786302 3797917
3832336 3975201 3833798 3759023
3883514 3963219 3899811 3796719
3784425 3891410 3912514 3767795
3900576 4030511 3975936 3867326
3777342 3948207 3891392 3805431
3921106 3984679 3984624 3939634
3950014 4003358 4043346 3806090
3965237 4133477 4084613 4016099
3765525 3785675 3983911 4083131
3845425 3881799 3866421 3774275
3837317 3781210 3969579 3968710
3862823 3947949 3877368 3672638
3880051 3826890 4000937 4122760
3897605 3929261 3967636 3882253
3934020 3875983 4105762 4121568
3967666 4025132 4032073 3948697
3913459 3869655 4039383 3828180
3772233 3930415 3763899 3871284
3938866 3909824 3949666 3887600
3801036 3899094 3935561 3850839
3905845 3906808 4079461 3885121
3797148 3948483 3912294 3969372
4086827 3911755 4047247 3955079
3904740 4026405 3997019 4019494
3916184 3851708 3948253 3732581
3968399 3853582 3993415 3831022
3905746 3915290 4033198 3689363
4007476 3890659 3993964 3844850
3944447 3941461 3987335 3806692
3980453 3958213 3982680 3931746
4026930 4082002 4103952 3925319
4052413 3984118 4021549 3937154
3941777 3975610 3840351 3713511
3951923 3877952 3846694 3927211
3927618 3882508 3786912 3762251
3980802 3922031 3852625 3900616
3927140 4022720 3787758 3812118
4006323 4057859 3923503 3928909
4003755 4044124 3928445 3838346
4092807 4064897 3928566 4022920
4041431 3808822 3960566 3919370
3759987 3844352 3856124 3844859
4046850 3891600 3940574 3935473
3762615 3826690 3867185 3863240
4014873 3882280 4027024 3949513
3827386 3859275 3919098 3997879
4168704 4052022 4019810 3974239
3944068 3931324 3957664 3949068
3925157 3950139 3969457 3805241
3909617 4185520 4056372 4040552
3756972 3828330 3735536 3647410
3757956 3950965 3905233 3802189
3741931 3771733 3782078 3655196
3695300 3898573 3815923 3894945
3835625 3892675 3856360 3623265
3765332 3946531 3906737 3792113
3942771 3942589 4156859 4158283
4067154 3957592 4012008 3791555
3829876 3704713 3888566 3936503
3795339 3775058 3895208 3676545
3708694 3695976 3807176 3979389
3790699 3751886 3794171 3711102
3761809 3762565 3915492 3992041
3810722 3779996 3868504 3653086
4053773 3998451 4071684 3930324
3978840 4050158 4084740 3974510
3826998 3874084 3859527 3847867
3685569 3807471 3872081 3876602
3852795 3713636 3783135 3787341
3639663 3803165 3807952 3845724
3822830 3873637 3883001 3793689
3744168 3835232 3713820 3861497
3964739 3985674 4037387 3803610
4078169 4113585 4083479 3983782
3778937 3872390 3879866 3663473
3913430 3824706 3904653 3690803
3782273 3814437 3825500 3557866
3874601 3797743 3847773 3790366
3802767 3843886 3843285 3664302
3837375 3803861 3838586 3761168
4053088 3991318 3982110 3930398
4035551 4138227 4006537 4031566
3841427 3831233 3789412 3658166
3921726 3971990 3870021 3936623
3858939 3772704 3766663 3650706
3839840 3812324 3813233 3769198
3859582 3816470 3764818 3639925
3840209 3878534 3845652 3791572
4173978 4031474 4052672 4016311
3946623 3880964 4031612 3949360
4032441 3726054 3825300 3782615
3739289 3719847 3743942 3839399
3994884 3713277 3893263 3860738
3718797 3781020 3769048 3795852
3952328 3802194 3848451 3911809
3808374 3800979 3762996 3839510
3885637 4058320 3934271 3676372
3983777 4035502 3991107 3943751
3895803 3904535 3978212 3748779
3883196 4079333 3911031 3877886
3866241 3910552 3845333 3661518
3905260 4080744 3994972 3878916
3818016 3938708 3919309 3721022
3825155 4120954 3986967 4002908
3970459 3859911 4057604 4081828
4001441 3961924 4011937 3800126
3976814 3751415 4014097 4063784
3946830 3896345 3886852 3922748
3816147 3815104 4006343 4054342
3946412 3859921 3916165 3857462
3866741 3791121 4060392 4105602
3942291 3914077 3910716 3804274
3980527 3991112 4061357 3894511
3867938 4003089 3918404 3970740
3957985 3898579 4001866 3950468
3900921 3958002 3926221 3967960
3910268 3797447 3990965 3853086
3741000 3915292 3837753 3933129
3961236 3850536 3962047 3915839
3891628 3957688 3972452 3880329
3961628 3938817 3955133 3821869
4088673 4033393 3954582 3931066
3925715 3989002 4059080 3815737
4048170 3897293 4035148 3857948
3818305 3948265 3982981 3697881
3926796 3968414 3873940 3847372
3816941 3992597 4031526 3756499
4074842 3967024 4077396 3931870
3968398 4019736 3905126 3784109
3989831 4106708 3923565 3896145
4009424 3968645 3880693 3841877
4082771 3949963 3957963 3945874
3946008 3923981 3848991 3727777
3995023 3991680 3937515 3920252
4039732 3927712 3857392 3776467
3951536 3993687 3927748 3956254
4175988 3948550 4054976 3998479
3933615 3916220 3855812 4058908
4078546 3936447 4004357 3962056
3898296 3904324 3837574 3964544
4082277 3912335 3933324 3887794
3884378 3888613 3804114 3934187
4047408 3868452 3971280 3976129
3872499 4017947 3966880 4011269
3846257 3902453 3831484 3638793
3803699 3994097 3909225 3887812
3724378 3844644 3753732 3684074
3766438 3834086 3900650 3801799
3839402 3939467 3969853 3755960
3904446 4031623 3903619 3911480
3709443 3775599 3786686 3601321
3761843 3916306 3874220 3848397
3818547 3823536 3957063 4087470
3825263 3807136 3899869 3697298
3771426 3740086 3920724 4010146
3869961 3917864 3791428 3668996
3891198 3775301 3968663 4011626
3870391 3964634 3917953 3737064
3751160 3678027 3847306 3970791
3775592 3766438 3817818 3656211
3861409 3855842 3901784 3788231
3793089 3871562 3806744 3888792
3808074 3799504 3923615 3798793
3737742 3788190 3766022 3866093
3922383 3837051 4019603 3869076
3761847 3902898 3965145 3964779
3832032 3764869 3853058 3747699
3721621 3840562 3811549 3860815
3811405 3889587 3904863 3714800
3930794 3911498 3995965 3796697
3794477 3799504 3863681 3669591
3916117 3830295 3835489 3795253
3877972 3895592 3948528 3721669
3966161 3909402 3921544 3907537
3802030 3834102 3917957 3644894
3909895 3786556 3841815 3783708
3894963 3861330 3818715 3721246
4035253 3929158 3828363 3851078
3945892 3835504 3705002 3636259
3824010 3923930 3759450 3830271
3907792 3954371 3879578 3723049
3899602 4010890 3833246 3903864
3777051 3776847 3743572 3629551
3790349 3859652 3779609 3758519
4023320 3788004 4014349 3888461
3777223 3880213 3754291 3840298
3993593 3813940 3905986 3874777
3811034 3738194 3719557 3830663
4064424 3904170 3983187 3878978
3824764 3898912 3985930 3934028
3948711 3844075 3816352 3792851
3774104 3780563 3784256 3764176
3715830 3818601 3802073 3700710
3814351 3974002 3978956 3910723
3809200 3857437 3938263 3749523
3871016 4080008 3973717 3957048
3645273 3781929 3665729 3625712
3683071 3845917 3828871 3784752
3790299 3993800 3823927 3686381
3823364 4038504 3926905 3971475
3766151 3752316 3964551 4059177
3874829 3891825 3822760 3716033
3831921 3813549 4122082 4116162
3863786 3948369 3946759 3755483
3719643 3575354 3865658 3861776
3740869 3801350 3726414 3627653
3954298 3797708 4005765 4030870
3835267 3881631 3912436 3740748
3862841 3835501 3882942 3783938
3814808 3850784 3818747 3937666
3863010 3916007 4069920 3884916
3883536 3939776 3956975 3884119
3733979 3744892 3802460 3748896
3638505 3809882 3722193 3767983
3931762 3879052 3927001 3842160
3757588 3918317 3804584 3889904
3821834 3861392 3922656 3726068
4010977 4004140 3932736 3821216
3880384 4017198 4002702 3738101
3965230 3985864 3978285 3867994
3750916 3781103 3798362 3595734
3834602 3780109 3881677 3729822
3801344 3828443 4025548 3685701
4028878 3967420 3997843 3799724
3867343 3874619 3791689 3764307
3831639 3922770 3824037 3869283
4051096 3901208 3793698 3773493
3967427 3955614 3961731 3943073
3785420 3837314 3683182 3576457
3811179 3820578 3712304 3805445
3975813 3877754 3766658 3809455
3978287 4006551 3880672 3924984
4056249 3765385 3921196 3899381
3814508 3832426 3794985 3847503
4073139 3878946 4023659 3942091
3857627 3924484 3961171 3860740
3872044 3716374 3798664 3692139
3736455 3777859 3705255 3674594
4002389 3850826 3945679 4014564
3886443 3849464 3876377 3934956
3876133 3950583 3925072 3759751
3903714 4196236 3975344 3978751
3865668 3909536 3913639 3732209
3868264 4086981 3967759 3903717
3719591 3866691 3891329 3725580
3865805 4001308 4007058 3924536
3824167 3906432 3862588 3631309
3857722 4040050 3979422 3915169
3959030 3864673 4009476 4099538
3976777 3956680 3950614 3799118
3842841 3725345 4032274 4118129
3837683 3964574 3885775 3872706
3876700 3784349 4058410 4085143
3847027 3978738 3932580 3811313
3871032 3666774 4026160 3990707
3831781 3860282 3894049 3859475
3941589 3977570 4027690 3903716
3831980 4031245 3944405 4054644
3915221 3889094 3980637 3923769
3887708 3949704 3947950 3909881
3856598 3854384 3954776 3873671
3852267 3912064 3868248 3947992
3881923 3890951 3938159 3813465
3818660 3864821 3848480 3914091
3921589 3945503 4057679 3734567
4115995 3902783 4124009 3935760
3882552 3984814 4057153 3734929
4038778 4016901 3997613 3858683
3860425 3963019 4015653 3709931
3999339 3853033 3893005 3821635
3830020 3929358 3959936 3801724
3978377 3977165 4018376 3847269
4019060 3920813 3885906 3847822
3972342 4014473 3871837 4028241
3960658 3914353 3792082 3824564
3981550 3981702 3864726 3972049
3909523 3858537 3833387 3796639
3912299 3970633 3889618 3960078
3917445 3915123 3858007 3732198
3874873 3888945 3856109 3870406
4110066 3959935 3991655 4018986
3943452 3939718 3930842 3964406
4063339 3826561 4041198 3946892
3956487 3886499 3905496 3919554
4053256 3927881 3963933 3924998
3845758 3859135 3831618 3910437
4014308 3789931 3929065 3867292
3877688 3855932 3867764 3870837
3758002 3822385 3861489 3697026
3721705 4000416 3813523 3834524
3802034 3928656 3922650 3689825
3831293 4031611 4005996 3880194
3767392 3817821 3787456 3727246
3820230 3929208 3893061 3872397
3766811 3813440 3829917 3633187
3773824 3996410 3773451 3857027
3736889 3728371 3937996 4012141
3795109 3925143 3944823 3716739
3862360 3768807 3999529 4020042
3892816 3853794 3880957 3809961
3812909 3784477 3957839 3976015
3808531 3913547 3880747 3720921
3766465 3733101 3906629 4011991
3762283 3890289 3882443 3697732
3811676 3938622 3949248 3801175
3826350 3865749 3842573 3864867
3798957 3949269 4062368 3944801
3770387 3893836 3916875 3902049
3872279 3806748 3955045 3819992
3757581 3841022 3815269 3846399
3793838 3840629 3921232 3807188
3727631 3806237 3843084 3906805
3870029 3878013 3918138 3750183
3906331 3912155 3918993 3807696
3861075 4003803 3948431 3726329
3930011 3885439 3994157 3799389
3828292 3868061 3957397 3622176
4011794 3824060 3859191 3839992
3754605 3856358 3937211 3676909
4005532 3880921 3880162 3778455
3832316 3926101 3765427 3715412
3957237 3942135 3773264 3881461
3912262 3932726 3788892 3841139
3915104 3978995 3868618 3882930
3879068 3802814 3730173 3767243
3867179 3994595 3849827 3874775
3916502 3856734 3796804 3674036
3834038 3912654 3826336 3919062
3963671 3792732 3951630 3843423
3781315 3887432 3810323 3855257
4131934 3836336 3940138 3949552
3828201 3885714 3880105 3900632
3912349 3784155 3841298 3874334
3846740 3872199 3817943 3733996
3949369 3721192 3863242 3886130
3786408 3812791 3796284 3824051
3823612 3994904 3711813 3783797
3967969 3879341 3752841 3613691
3912855 4038013 3741419 3794518
3899438 3908905 3766071 3684909
4015724 4130430 3847448 3813856
4082955 4005145 3874179 3760443
3908339 3998435 3769129 3796083
3987130 3946245 3853655 3571995
3807852 3863520 3816003 3727114
3806699 3607900 3624671 3748694
3782473 3933068 3895335 3741719
3683915 3725898 3579808 3841670
3942329 3984751 3869559 3787851
3837425 3793495 3702460 3873237
3785619 3947372 3834353 3768701
3828270 3632288 3621141 3772836
3649958 3638028 3966931 3839251
3814166 3850299 3727195 3720737
3713207 3644651 4022418 3736876
3961584 3899569 3697556 3765469
3717816 3746954 4042473 4016044
4079575 3986508 3800383 3900956
3602474 3684891 3938329 3906124
3968413 3820612 3805931 3770311
3782772 3725707 3788887 3745307
3820221 3772827 3696560 3772407
3758416 3859065 3777760 3750666
3879861 3826140 3721560 3717487
3940114 3909459 3881947 3857477
3980440 3996408 3813045 3868516
3815878 3750239 3838730 3751470
3921132 3893464 3681582 3825702
3822468 3942388 3676596 3741463
3726627 3788843 3825700 3674888
3797473 3791855 3728250 3789101
3720552 3852754 3837525 3706347
3908645 4015922 3882220 3844993
3839992 3889489 3953676 3896411
3873685 3858567 3726643 3747465
3680926 3867693 3826595 3788520
3773602 3859315 3896304 3809941
3807954 3823346 3779927 3745659
3686616 3834059 3859239 3871880
3925671 3825763 3870306 3802221
3752019 4007101 3885280 3835519
3948991 3900651 3972183 3965967
3715822 3875456 3925174 3769387
3950234 3794197 3858492 3755828
3981064 4112786 3865847 3891968
4072121 3963567 3846069 3752266
4017366 4058515 3861517 3913098
4107530 3986427 3860577 3810496
3837149 3989602 3694158 3770543
3902890 3820154 3695496 3642382
3978470 4013400 3872123 3864434
4035791 3959572 3852495 3743519
3887009 4001659 3832358 3842384
3875169 3747145 3728854 3828643
3946691 4051575 3988845 3879193
3919071 3821470 3827316 3940177
3823873 3864168 3793436 3671820
3750618 3642564 3618071 3639197
3933931 4088183 3910174 3848506
3874334 3695450 3692322 3831774
3811843 3803798 4031289 3904369
3995609 4003122 3825202 3831181
3754152 3827443 4092445 3998542
3961717 4005096 3834102 3927870
3640896 3621516 3948928 3759121
3897230 3792398 3639328 3779036
3776563 3760793 4102481 3862995
4036814 3953954 3767465 3820522
3881529 3888326 3824952 3866148
3945996 3917676 3848504 3898008
3821896 3901247 3857573 3910473
4012534 4012833 3879031 3873403
3741368 3806109 3680536 3656241
3858520 3804950 3666614 3728160
3877430 3829469 3818719 3911769
4003127 3874492 3771619 3895812
3834220 3922649 3798298 3923377
3737637 3902798 3911461 3733015
4016223 4028150 3948676 3975133
3927843 3956692 3923525 3866669
3693738 3847127 3674423 3716085
3637613 3741941 3740054 3732501
3953356 3967117 3730085 3895113
3769130 3917518 3911235 3809141
3835652 3918392 4000237 3816697
3979715 3911112 3899799 3889859
3836825 3946006 3942329 3967959
4009569 3907402 3963010 4007073
3648643 3789660 3859084 3781521
3885721 3765146 3721321 3740926
3741808 3989011 3985549 3890261
3959889 3907392 3900195 3854241
3968282 4011585 3743641 3779245
3882166 3915857 3870541 3644697
4043554 4029862 3966637 3946767
4116916 4070600 4010124 3807896
3898559 3931930 3809447 3840092
4003564 3916574 3775518 3734692
3989355 4106820 3862071 3900078
3977188 3941606 3864779 3777492
3820855 3899168 3811003 3795952
3833374 3642950 3679559 3798472
4009343 4016404 4025190 3867393
3924517 3780169 3734393 3848778
3873112 3962293 3808758 3775310
3789209 3707964 3655607 3823337
3846637 3986470 3917297 3750960
3877203 3899061 3693359 3835182
3703935 3635392 3939622 3829938
3953141 3842185 3751768 3875696
3785993 3817145 4092047 3979445
4104059 3958822 3849864 3886753
3702592 3751346 3944539 3914178
3977967 3879146 3765414 3764461
3745730 3777206 4050713 3916449
3909966 3940423 3863521 3848527
3791952 3800796 3796678 3847256
3911071 3924882 3724577 3926817
3982096 3956453 3912303 3904626
4027793 4039114 3825609 3900294
3799584 3825253 3839785 3770335
3851182 3914552 3731508 3788616
3848784 3858941 3927112 3830906
4054324 3973179 3812254 3816573
3838163 3853339 3706940 3791990
3716210 3908990 3827088 3825768
3955590 4102855 3858105 3855655
3828638 3974906 3947799 3879815
3904790 3935516 3746798 3718869
3689956 3848895 3834115 3768723
3892601 4000320 3876508 3827036
3749423 3858252 3883690 3818045
3702513 3982583 3922792 3852874
3862282 3823316 3825568 3825886
3847248 4023497 4064066 3915660
4030978 3962629 4020997 3940681
3717518 3863401 3869961 3763672
3871650 3850625 3960252 3840636
3795723 3972808 3946258 3948189
3886779 3915336 3859627 3782008
3908661 4019543 3701804 3786896
3934457 3902037 3810774 3720837
4072843 4071344 3854881 3779764
4019897 3950785 3871790 3707125
4113315 4096992 3901882 4029704
4126362 3909505 3938383 3863679
3864378 3921688 3757583 3733872
3980417 3760433 3765669 3664843
3818683 3950845 3933900 3762022
3823574 3701681 3715225 3881921
3916463 4083584 3934359 3791453
3844289 3793904 3733128 3845076
3943947 4039058 4014348 3859553
3974417 3801308 3707503 3895704
3865483 3873656 3757121 3718572
3831334 3646975 3675729 3774656
3757761 3803103 3996986 3905423
3958213 3857820 3794123 3836821
3736921 3745716 4000139 3974439
4092332 3947023 3759921 3812902
3807447 3900008 4021499 3962794
4101348 3995721 3895969 3909066
3650764 3636534 3888498 3843746
3834775 3870152 3754587 3735797
3767298 3767965 3865924 3770449
3912979 3889683 3761180 3807237
3754658 3907245 3858312 3780429
3962658 3948271 3779677 3786783
3888564 3940845 3904926 3910540
4053942 4077897 3868399 3851162
3686994 3822295 3750678 3750316
3858053 3782783 3756613 3833578
3726210 4005159 3757858 3804632
3719754 3801062 3867821 3748552
3911604 3960703 3739462 3870790
3754548 3805834 4016519 3857540
3952942 4109632 3805905 3838917
3777498 3915607 3954923 3891211
3819753 3918638 3704121 3742935
3671361 3797220 3769696 3692726
3675814 3974858 3868039 3805177
3848482 3733217 3859475 3756761
3725032 3973333 4022073 3854865
3963785 3832088 3900217 3841012
3784672 4047474 3951213 3899902
4049583 3911617 3863852 4043854
3689746 3823582 3845650 3773601
3823123 3786760 3798557 3800944
3928029 3968627 3865839 3890963
4093957 3989056 3882183 3784349
3908710 4034633 3771331 3888036
3977056 3930470 3740996 3666374
4033807 3983116 3867264 3921164
4087044 4024980 3881606 3739381
3914874 4070758 3786757 3705954
3947927 3893275 3785794 3709507
4018556 3984201 3950232 3845239
3932762 3698558 3674485 3948452
3828156 3968705 3788424 3841916
3752807 3635851 3661182 3788074
3916621 4059326 3996116 3828377
3910439 3732285 3739137 3858390
3802544 4026375 3917369 3777676
3833049 3622901 3615937 3835363
3742517 3779920 4099234 3877241
3929632 3889908 3857219 3906233
3698177 3633976 3996978 3878163
3922262 3906221 3722044 3780523
3693650 3719046 4062861 3928006
4073053 3969041 3837964 3896879
3646248 3643062 3895863 3789529
3933213 3797945 3805070 3867703
3797241 3818839 3821374 3836611
4028564 4006094 3748240 3882522
3857159 3730349 3837970 3755234
3935934 3859273 3775120 3823660
3855656 3930980 3863130 3827751
4017711 3910508 3886646 3851601
3790344 3763454 3721754 3792504
3942558 3877431 3737615 3771741
3781049 4052038 3783724 3870216
3813053 3945302 3845872 3783989
3823689 3901945 3708304 3780944
3749310 3817042 3848493 3664267
3869425 4016828 3832312 3853618
3828848 3919595 3940292 3852301
3815822 3969514 3849333 3754611
3667923 3817454 3849638 3735524
3745679 3936725 3928009 3952959
3919975 3862370 3866495 3849463
3753152 3974248 3825769 3778754
3876762 3830170 3851695 3836101
3782231 4038585 3911679 3876842
3894707 3931822 3946689 3871457
3699212 3809870 3894941 3830417
3891088 3860912 3884029 3804791
4015526 4200861 3894688 3918838
4116731 4041856 3988957 3874116
3921337 3982377 3820069 3862218
4066977 3949041 3724053 3744579
3978105 4136815 3883028 3914433
4080023 4015574 3846257 3795432
3850258 3911277 3680482 3766254
3993666 3803638 3816906 3657484
4000249 4115383 4037262 3941763
3948413 3811904 3865539 4021854
3908463 4044158 3896593 3812118
3885204 3753111 3734084 3844309
3904543 4105856 3910543 3902985
3944518 3846402 3702086 3915499
3823679 3919388 3768929 3726386
3826625 3686534 3654185 3769770
3820751 3888952 4174658 4051260
4115709 4018479 4051968 4078487
3793198 3728072 4089567 3875271
3951899 3888582 3861567 3883578
3827197 3868986 4066034 3945766
4036716 3987092 3887165 3955798
3695349 3687124 3908166 3798919
3965945 3766780 3719714 3685571
3996156 4019732 4006301 3958256
4142525 4032271 3886902 3967166
3893820 3859824 3972401 3796142
3960379 3896564 3825001 3847718
3900520 3870211 3836730 3866098
4037589 4034160 3923883 3845912
3802051 3718261 3921001 3734524
3837654 3934461 3768864 3680726
3925684 4111570 3946258 3907323
3886172 4005221 3997421 3924351
3952157 3988035 3819399 3834917
3721371 3886296 3929871 3817853
3917347 4044913 3865209 3876729
3805264 3938686 3909857 3883841
3756253 3905800 3696655 3812936
3720015 3817119 3761197 3820804
3884460 4135004 4073010 3971806
4011285 4009160 3953583 4057658
3738750 3994294 3951613 3914670
3878271 3888500 3901040 3879936
3813484 3964188 3904752 3894931
3987997 3949471 3948112 3857564
3695113 3870315 3804729 3772211
3871961 3801755 3841767 3772236
3852954 4104921 3773430 3708521
4058166 3970801 3740844 3759982
4120201 4176857 3960770 3966622
4175136 4083069 3941875 3818058
3961597 4160769 3821142 3927531
4155949 4013076 3769371 3775735
3907448 3922279 3780634 3798976
3963584 4013924 3824260 3603539
3883320 3984201 3807230 3763688
3810228 3607953 3677466 3835652
4062931 4080254 4034684 3902035
3890205 3883949 3875155 3957510
3898260 4081822 3932422 3920417
3917522 3695270 3756604 3900728
3865428 3977506 3797926 3675775
3814465 3698054 3622091 3822845
3740336 3702833 4012621 3907363
3954603 3850891 3905433 3810299
3799593 3907604 4107478 4021513
4078028 4083691 3817063 3985651
3775890 3810938 4094796 3947036
3979338 3832936 3897573 3879482
3673431 3618712 4026226 3794022
3934339 3895695 3797782 3772554
3759783 3819211 3769635 3809553
3846624 3930486 3724425 3809788
3946797 3978716 3964943 4037678
4084558 4012370 3841904 4010895
3841379 3972683 3847540 3861528
3943875 3977843 3851496 3889027
3823014 3796513 3763065 3764621
3924117 3853192 3742518 3750016
3798163 3888843 3780157 3817550
3784714 3863692 3862315 3762137
4010533 4105135 3941024 4000444
3897091 3973202 4002796 3895027
3941685 3994531 3906150 3902272
3807211 3876271 3952475 3782491
3807587 3887688 3752853 3836830
3683226 3915344 3830009 3745052
3792669 3891534 3926512 3926404
3906337 3821272 3882645 3709534
3861193 4079356 4070211 4039038
4031030 4026606 3962933 4026027
3761550 3981038 3935558 3906580
3904603 3982866 3926149 3897873
3654652 3833164 3850707 3892137
3876600 3838259 3845496 3766280
4240432 4104365 4065589 4147865
4290737 4176526 4076046 4010213
4006290 4104824 3993363 3922318
4130776 4035794 3880583 3876753
3972476 3999983 3816310 3815925
3958286 3965557 3786280 3647766
3928013 4025453 3779853 3767912
3945407 3917030 3745216 3710607
4093784 4261023 4110860 3983133
4044336 3917388 3925168 4041208
3920107 4047103 3961128 3885485
3845843 3792414 3839432 3936483
3803402 3947074 3929822 3782393
3841894 3621235 3561637 3789709
3819149 4007678 3844334 3748845
3791813 3640072 3725497 3823737
3960818 3998016 4282753 4114696
4169303 4133308 3950082 4074623
3753042 3803213 4083871 3974760
4079413 4027063 3929253 3855472
3698337 3659479 4011489 3845133
3853950 3886301 3794463 3799953
3746515 3562470 4006578 3929321
3925736 3905608 3815709 3841675
4011186 4056908 4126234 4026275
4215997 4170673 3922498 4075874
3969060 3935301 3922251 3854768
4097194 3940745 3857576 3822039
3787307 3808834 3802033 3775417
3930672 3925782 3708357 3817015
3797481 3850376 3781008 3730691
3870968 3907957 3709022 3683119
4135363 4150634 3924556 4046110
3993114 4151456 4110976 4095511
3964134 4085135 3807233 3945857
3854419 4018085 3899759 3908964
3750971 3928093 3808098 3759145
3772591 3890091 3838135 3814105
3788729 3852986 3693869 3808012
3714402 3787108 3896808 3749095
4001735 4160975 4145211 4126924
4166267 4173779 4068611 4149454
3775008 3992073 3950693 3955001
3926982 3980441 3985222 3941720
3740951 3865975 3879610 3865428
3900893 3841187 3878152 3753763
3703459 3932619 3896211 3769579
3829076 3773839 3866169 3761773
4004806 4084059 3913458 3813981
4062501 4015677 3822387 3741051
4011094 4005234 3797358 3805794
3987872 4029662 3810960 3679302
3946764 4012261 3751069 3842502
3989805 4031104 3825774 3766238
3884187 3867387 3755861 3802929
3931836 3893036 3726361 3710723
3929709 4126273 3877929 3796361
3928599 3747401 3720760 3944641
3885569 3957993 3895677 3721424
3836866 3715220 3757987 3853800
3931274 3974240 3884317 3749043
3835944 3708329 3768729 3811890
3788408 3924803 3797471 3704192
3775324 3715641 3566528 3610990
3730547 3796440 4074067 3914436
4005581 3911641 3926537 3823414
3674234 3725490 4019970 3918456
3962179 3947112 3749739 3885602
3746808 3691456 4111360 3934642
3949689 3909888 3732462 3778226
3657200 3618898 3839581 3800597
3871214 3813105 3696319 3840807
3898794 3867422 3846323 3896220
4003658 3972179 3749480 3961607
3776649 3892849 3864811 3815721
3876995 3937256 3737684 3790337
3800116 3810244 3839628 3801187
3857557 3928698 3765060 3843918
3717512 3771219 3812150 3704460
3842820 3758958 3733991 3724867
3876287 3936228 3842700 3860524
3720900 3925980 3862555 3798034
3925171 3917090 3796399 3814078
3773904 3851355 3875544 3728276
3799640 3920219 3744745 3871279
3752855 3892466 3920187 3731783
3759665 3868079 3611534 3792063
3570199 3801618 3818831 3741459
3704730 3971604 3968284 3893968
3943273 3840080 3875925 3903090
3727087 3947157 3921709 3868858
3937253 3900123 3838324 3858750
3793054 3938557 3926724 3930105
3914595 3859994 3827583 3803820
3676197 3854484 3900175 3754881
3829411 3747842 3797521 3781631
4039247 4134298 3919870 3909166
4073510 4016393 3910333 3796684
4106254 4176393 3937317 4003707
4188432 4135295 3994280 3862820
3909061 3967549 3763388 3825260
3906353 3897362 3803534 3713347
4027583 4080752 3881601 4040326
4070676 4104668 3950197 3772286
3913073 4120866 3993665 3843359
3895323 3789025 3745902 3897438
4030739 4183693 3995345 3883329
3998164 3841333 3913773 3972390
3833040 3914164 3855085 3744168
3860802 3688573 3621674 3774439
3977962 4129689 3936351 3953174
3909263 3800705 3805861 3979213
3773505 3740796 4185817 3914090
4015824 3950361 3871278 3940503
3866660 3843898 4144351 4054788
4232416 4056756 3961862 4039526
3608402 3665768 4018699 3839467
3894766 3884752 3717656 3750210
3894444 3851464 4083730 4006766
4116826 4000181 3894646 3947770
3895352 3859137 3930557 3861263
4058047 3958408 3833658 3872773
3948536 4011574 3947458 3932699
4107610 4104520 3918339 3972670
3791158 3831185 3755160 3671511
3900493 3795144 3738025 3734542
3891210 3945923 3957391 3894327
4003690 3983333 3907825 3915472
4014392 4009295 3871602 3872760
3814453 3958152 3873785 3771651
4045691 4104314 4021446 3902796
3893449 4009421 3967681 3994059
3748657 3920588 3658470 3786808
3674494 3814151 3852746 3699426
4019002 4023514 3905538 3979263
3862143 4004238 3958858 3860910
3721970 3926767 4009033 3954861
3932246 3937561 3876086 3948876
3844074 4094791 4084775 3999300
4098563 4057724 4020907 3952659
3693417 3861141 3916093 3826774
3832790 3828330 3779360 3741974
3874436 3951133 4090477 4016935
3920799 3971499 4039786 3928748
4043957 4091337 3836414 3794217
4009203 3996864 3855473 3791395
3980093 4103478 3937168 3874942
4009660 3925731 3905781 3785685
4057212 4069938 3911779 3939044
4083679 3982267 3920371 3803834
3942305 3999081 3794519 3864011
3987992 3960962 3783196 3667712
3868874 3981238 3956560 3849866
3907151 3688282 3716066 3929132
3922784 3987798 3880352 3864334
3909794 3799865 3762278 3909543
3919760 4035604 3990331 3869410
3931542 3820841 3773052 3959019
3832671 3962937 3831292 3806103
3825808 3686552 3725566 3904311
3830056 3700260 4039789 3966263
4064941 3934071 3912167 3860579
3848559 3725765 4107429 3991356
4055331 3981323 3842093 3898437
3790307 3775300 4144183 4002530
4074688 3959674 3889342 3895993
3799213 3684243 4048179 3885872
4018353 3902773 3746822 3812203
3848599 3888584 3904814 3844810
3908738 3970568 3722461 3753804
3869623 3968500 3889733 3859609
4011916 3995895 3809192 3969753
3885549 3894211 3952782 3853254
4063453 4014985 3848010 3913310
3890052 3706908 3870039 3871112
3923646 3941347 3764179 3871082
3854745 3983482 3843881 3827081
3730295 3953818 3927003 3855531
3929197 4027112 3861972 3854116
3797839 3973222 3992732 3845018
3963446 4007480 3853060 3813553
3833360 4004340 3955679 3909708
3757822 4014667 3854872 3840069
3745566 3838376 3891990 3820333
3792641 3938868 4018295 3945496
3982611 3860519 3914122 3945264
3744283 3941330 3951513 3881274
3947218 3939184 3978730 3942708
3903460 4056161 3982506 3980066
3924019 3932506 3960684 3980859
3714305 4013817 3902422 3854541
3943036 3927236 3907938 3830717
3901457 3962547 3857598 3824919
4017448 3927397 3771232 3636076
3985783 4099859 3827606 3800154
3995269 4006066 3825153 3740178
4096005 4174027 3854768 3844015
4029748 3963225 3813599 3769803
3893700 3938251 3771716 3808177
4018170 3921085 3774325 3630719
3779692 3958824 3839135 3716132
3781595 3636993 3733342 3821894
3890960 3978997 3914289 3859556
3941169 3692937 3733704 3908652
3906561 4051766 3946783 3887160
3826510 3680875 3765823 3897070
3848440 3913616 3789452 3742609
3858939 3652421 3669710 3781787
3732710 3661569 4053805 3800204
3942867 3910518 3723967 3783679
3836213 3791129 4025513 3992361
3984345 3914746 3856804 3910172
3773125 3832382 4055573 3899692
4052561 3891328 3832338 3889478
3757001 3677039 3989851 3893747
3923501 3914362 3761122 3808721
3771479 3796941 3784517 3713759
3948244 3929475 3757044 3729750
3882027 3833898 3905713 3828592
4016863 3960759 3757860 3834964
3882297 3853865 3860578 3761114
3902539 3971804 3752819 3862123
3766830 3882294 3752739 3779182
3860608 3875892 3720635 3911607
3845141 3916965 3706502 3844192
3697910 3795845 3818995 3707364
3863561 4029453 3860993 3863120
3837765 3982932 3910824 3780799
3839516 4008304 3842310 3846172
3830619 3909981 3899050 3875619
3817911 3850058 3757037 3724408
3690534 3860043 3875895 3804798
3696724 3868916 3907535 3790870
3902082 3793639 3777633 3838495
3809871 4004267 3920966 3818957
3950956 3882882 3824443 3889250
3841855 3986863 3997685 3922153
3941322 3808114 3952010 3778891
3750977 3861241 3891450 3821968
3817747 3906828 3862982 3845593
3950648 4055963 3991960 4009510
4075754 4118756 4121385 4051177
3696884 3767455 3659275 3786049
3845617 3744681 3749878 3788857
3843707 3943907 3791088 3955996
3954206 3938759 3896704 3879517
3815913 3902224 3746820 3848261
3918462 3814545 3801960 3825477
4069758 3951176 4080254 4068797
4019596 4164836 4016648 4058904
3792806 3629520 3678582 3793047
3823118 3848783 3723185 3773913
4002574 3801517 3858258 3948368
3948170 4018914 3860197 3888081
3743663 3680743 3777792 3916261
3825104 3809012 3725056 3808605
3954619 4036563 4122762 3987557
4034831 3840016 4065678 3975547
3607523 3705232 3877026 3690550
3661374 3509332 3801741 3644583
3851577 3908398 4012365 3848366
3901449 3713392 3945353 3773523
3664389 3781456 3899221 3798745
3811346 3659958 3836355 3702672
4066851 4037130 3964664 4100987
4153260 4025253 3980410 3962757
3707178 3683054 3665677 3739246
3808591 3646029 3539852 3688281
3939921 3868599 3798166 3961552
4037963 3751867 3753311 3844329
3759892 3874307 3739887 3882697
3879875 3641232 3677377 3752645
4052918 4061844 4076349 4137961
4169719 4068915 3970333 4054086
3701247 3724539 3763890 3856936
3773095 3750310 3730502 3783759
3858557 3887819 3837081 3961253
4058717 3901304 3838745 3887634
3785227 3815340 3814072 3926658
3853358 3797812 3700037 3882184
4131818 4191507 4118649 3938270
4012646 4091314 4074375 4068080
3758855 3784136 3667134 3671735
3722054 3826615 3718554 3720458
3940450 4012871 3882124 3790046
3959981 3959994 3880374 3848006
3839547 3884688 3801081 3659299
3816679 3869235 3795319 3708410
3813101 4000446 3783246 3915137
3867921 3817595 3873366 3825359
3718830 3840236 3722109 3784399
3867712 3810851 3772481 3878259
3803135 3997490 3735661 3810797
3816141 3889904 3865966 3855920
3909866 3854849 3846234 3940169
3961766 3981001 3877037 3933470
3812222 3765279 3833953 3894833
3827022 3817377 3861738 3784971
3860226 3692967 3724036 3783742
3848969 3796389 3820867 3771373
3816692 3777818 3767306 3899240
3877225 3930017 3761764 3793494
3923691 3803822 3808326 3891817
3939221 3908484 3832457 3745699
3776891 3807485 3943274 3818974
3777763 3704328 3881146 3749961
3732502 3784586 3879901 3792381
3796421 3582739 3749482 3637250
3791108 3836347 3893859 3790895
3858383 3711353 3863474 3737124
3782532 3947302 3939804 3883961
3849468 3741193 3946529 3831772
3848059 3874714 3705566 3860347
3946540 3630459 3752142 3807036
3831573 3729824 3778359 3874526
3910470 3639990 3637070 3705770
3891532 3763345 3799784 3897612
3979267 3744468 3718079 3792395
3903525 3908340 3840782 3915603
3963273 3796059 3725696 3862161
3823432 3821131 3893840 3921706
3867887 3847186 3804262 3842268
3812556 3858606 3816680 3863575
3916653 3897326 3827604 3851863
3858726 3945483 3736378 3993477
3885513 3877087 3780155 3876012
3886082 3937871 3910294 3969571
3937196 3923396 3957088 3947391
3869197 3875882 3893794 3797998
3753633 3900327 3840933 3761726
3839268 3833184 3788658 3699852
3702817 3907355 3786692 3812534
3858027 3803848 3888110 3779182
3819851 3903790 3866197 3848508
3894512 4018953 3943484 3840713
3920248 3897137 3931553 3844352
3815042 3914039 3791767 3849561
3911343 3840402 3808554 3843793
3691985 3807019 3689435 3777921
3938700 3795757 3849156 3829815
3685571 3856140 3679936 3730438
3887254 3911528 3813300 3823257
3826077 3997888 3843745 3905352
3968460 3942709 3947447 3912394
3860838 3722527 3765305 3854757
3858772 3938986 3782131 3767503
3776736 3708472 3797909 3923528
3776699 3855502 3850670 3792616
3795334 3652243 3734992 3828970
3835890 3856027 3784547 3663968
3896016 3798363 3805109 3920492
3930251 3967520 3906881 3805399
3789698 3824133 3898004 3853260
3774440 3654412 3830166 3754454
3696661 3825045 3834160 3687191
3829014 3650338 3906000 3654401
3634185 3720964 3918032 3760571
3776061 3614987 3800352 3647942
3819371 3878947 3971141 3854076
3861171 3656456 4014197 3766425
3859646 3811746 3800130 3885872
3936710 3690450 3745655 3849752
3774771 3704715 3732394 3808838
3825082 3699521 3682103 3714876
3800368 3762896 3694549 3840698
3895117 3637237 3666343 3693858
4001232 3925801 3858867 3960437
4037463 3760564 3835963 3816552
3851995 3800526 3905144 3921753
3948301 3858645 3843278 3853154
3730932 3779263 3759128 3924558
3820214 3892027 3778014 3874734
3752511 3809604 3705054 3839453
3768352 3752868 3706702 3836236
3965044 3880839 3821611 4012040
4000811 3909680 3859675 3948932
3855277 3859399 3867267 3713962
3829300 3895318 3791394 3785947
3782175 3817925 3809836 3769666
3833575 3804218 3855638 3677519
3766071 3765498 3768206 3779091
3726763 3794488 3764976 3755836
3873027 4050877 4014400 3834678
3842763 3954805 3963856 3854190
3779722 3880022 3768588 3867314
3832343 3839699 3806494 3815102
3799113 3938148 3813171 3899081
3990810 3882381 3906999 3886846
3753483 3969078 3748529 3787316
3850328 3765441 3900596 3790803
3862748 4035069 3987144 3922638
4178868 4089471 4027090 3968107
3875226 3764509 3757169 3924501
3957704 3809501 3780352 3762979
3911329 3790133 3881379 3921313
3968984 3906599 3803434 3848463
3809138 3723943 3751066 3862430
3935315 3851283 3758090 3801589
4006425 3821696 3915855 3954005
4040208 4046304 4027892 3945105
3653191 3825212 3834619 3761012
3791625 3646359 3849903 3755443
3791475 3873036 3994611 3944304
3800353 3725928 3912787 3778114
3717764 3788014 3967202 3734595
3767311 3687569 3874417 3718826
3902837 4035963 4057505 3928279
3807016 3753877 3999879 3891980
3824835 3814662 3765349 3939880
3898731 3644860 3680127 3840369
3897836 3869417 3800027 3958240
3928048 3676860 3709888 3875345
3853800 3778250 3711566 3873260
3951155 3775507 3671255 3758731
3998065 3999478 3906621 3969353
4061148 3874013 3860548 3928213
3767657 3898592 3857164 3905612
3879985 3781385 3713277 3875682
3940127 3915536 3871515 3916137
4018898 3932630 3862902 3947807
3868905 3819755 3831446 3937806
3890241 3868096 3838307 3868454
3937338 4080704 4026835 4131507
4029500 3979687 3879612 4049401
3950730 3862385 3847153 3721784
3812640 3821082 3903635 3878305
3942034 3900052 3970009 3790425
3819991 3939546 3905936 3769594
3822290 3892573 3812112 3828202
3813380 3902782 3844510 3793252
3980825 3962199 3965271 3899166
3919105 4034165 3954765 3988072
3734920 3923222 3851536 3746922
3899684 3838717 3736536 3838767
3813981 3999215 3915828 3910645
4047928 3877651 3890137 3965606
3825957 3897381 3763879 3875894
3964696 3880242 3842712 3896749
3749945 3978162 3817404 3936872
3977107 3948119 3938076 3872928
3781987 3661709 3766277 3771039
3788530 3864644 3743213 3725734
3878424 3735376 3907072 4023289
3930925 3976570 3878860 3832134
3893429 3753667 3785148 3906725
3809957 3944297 3852293 3774882
3910619 3834753 3864119 3899470
3887584 3987212 3837900 3853093
3789369 3782902 3818681 3762619
3783461 3618000 3832313 3689203
3857568 3882787 3978282 3819602
3877779 3736424 3916040 3855738
3801242 3897763 3850614 3846781
3816553 3667236 3789115 3793274
3810773 3783063 3962936 3827061
3817084 3739300 3926351 3723513
3846169 3776633 3717845 3771325
3853324 3653346 3654044 3809118
3977024 3949849 3851346 4049230
4025769 3722068 3841453 3807509
3865525 3854555 3790212 3932981
3955332 3765079 3765154 3876188
3857214 3848848 3759170 3978918
3977098 3746657 3781880 3795931
3757320 3820415 3770540 3926178
3856978 3750731 3692074 3841179
3901407 4003556 3874518 4055513
4055847 3919261 3824533 3954522
3802220 3898030 3902792 3909095
3902698 3846513 3759143 3983926
3906803 3918777 3909602 4021593
3925939 3916791 3805986 3919012
3748006 3845344 3858253 3767127
3721978 3812533 3752928 3734050
4023759 3962675 3915225 3874780
3853992 3965199 3927852 3959822
3809949 3923696 3882234 3820617
3819544 3893517 3889412 3795680
3945061 3930583 3940623 3825090
3879596 3991096 3915186 3856781
3753974 3871340 3839884 3878160
3882929 3825330 3874907 3854480
3941272 4008745 3945159 3948710
4077143 3992075 4017741 4003473
3831015 3980685 3845134 3980710
3977438 3913961 3930416 3975708
3740071 3911797 3812233 3873961
3960089 3865043 3883796 3892852
3877001 3698701 3842126 3981943
3778139 3933879 3795635 3856403
3947886 3888949 3958310 4035695
3980239 3988549 4036055 3886869
3920003 3893807 3810537 4020856
3950434 4049056 3931611 3917132
3802631 3696581 3796331 3904936
3893036 3897993 3811391 3749454
3810406 3846078 3932807 3814593
3892055 3628384 3895872 3805861
3868976 3885749 4021288 4022269
3900570 3742764 4022529 3802655
3780490 3928284 3947267 3856935
3904765 3767952 4017543 3786245
3759334 3798486 3928196 3825089
3796830 3592415 3975015 3724460
3882281 3799992 3814059 3928908
3940691 3796261 3733346 3688943
3981420 3895621 3849344 3990381
4025640 3875399 3824440 3960321
3947198 3948411 3858594 3996730
4029940 3798187 3886810 3948301
3870204 3821385 3744967 3955329
3998599 3806865 3713576 3787268
3866420 3881671 3829096 4002958
3949025 3903673 3808394 3951388
3931984 4037849 3980057 4070722
4027722 3991776 3859396 4020589
3942477 3998093 3947143 4045910
3985913 3973983 3849869 3959761
3882040 3858903 3812937 3961726
3897969 3821218 3706566 3957382
3817054 3877947 3933493 3824920
3804160 3967245 3846757 3842290
4080268 4000006 3949310 3940403
4000403 3983166 3990091 3955367
4014637 3968284 3913858 3807970
4010323 3934853 4035401 3826477
3833147 3900228 3845075 3785795
3854319 3904383 3806342 3808880
3884250 4060737 3892386 3934401
4066385 3979014 4052065 3984423
3623486 3860074 3703035 3745424
3837564 3763296 3750494 3755311
3676725 3889457 3825928 3816247
3787935 3878940 3814223 3785607
3648981 3888701 3711985 3846540
3880109 3830186 3886812 3694996
4042690 3846201 3918260 4051065
3985828 4054013 3959674 3940039
3720746 3568571 3714267 3793052
3698171 3882603 3703760 3715537
3775549 3665669 3726416 3947051
3805824 3799941 3745937 3630197
3864124 3686876 3707948 3889288
3835684 3908461 3761210 3726590
3889487 3968359 3970044 3865591
3959881 3752579 3991849 3835969
3693588 3738296 3811577 3691591
3708449 3622477 3749470 3565288
3710349 3743705 3897308 3759842
3808479 3589052 3788109 3633656
3741316 3770817 3883185 3777151
3805735 3655953 3729741 3648491
3960200 3855783 3836007 4068999
4008711 3885812 3857781 3984553
3768598 3652187 3687784 3804039
3831335 3640143 3663420 3737047
3756164 3757562 3700854 3873544
3834051 3652225 3610834 3751654
3827881 3779297 3715296 3800191
3844849 3703058 3655157 3802757
3947002 4032286 3973050 4163675
4076884 3905464 3912719 4033794
3763839 3812666 3758335 3871961
3829294 3799480 3638116 3784605
3830266 3826242 3825264 3870947
3817268 3754616 3838052 3785400
3826984 3778880 3767012 3852743
3848487 3761178 3742361 3889787
3979018 4096357 3972276 3893689
3971853 3989610 4098169 3860310
3799385 3693741 3758841 3700099
3707357 3844763 3835448 3683960
3839484 3801930 3858518 3643672
3789090 3794163 3773573 3747108
3805859 3871292 3810985 3669834
3762545 3875655 3837956 3804876
3785856 3920499 3731062 3777862
4007158 3852942 3891523 3863360
3669177 3797216 3719007 3773179
3927996 3787236 3754864 3773821
3925701 4028764 3962209 3945984
4066299 4014931 3965024 3945560
3835155 4000625 3860210 3879138
3938682 3915770 3912319 3900206
3940811 3728659 3800477 3829135
3912643 3911498 3855164 3805779
3745732 3584468 3613555 3786685
3765924 3856075 3721622 3702909
3966293 3816225 3868644 4013591
3983873 3989756 4023360 3931979
3921840 3828624 3875788 3878742
3909462 3978189 3962942 3895549
3778112 3887055 3886259 3832033
3757692 3638707 3816480 3768803
3666857 3735133 3836503 3649729
3733381 3600400 3755395 3723817
3848821 3977289 4050991 3873587
3896726 3768339 3996540 3894722
3822474 3836900 3927861 3942333
3807929 3701482 3828015 3721955
3887866 3800080 3770357 3865793
3897775 3795502 3795834 3743638
3714980 3715196 3693077 3841021
3794817 3659690 3621087 3670028
3872389 3905914 3887919 3966840
4028988 3814781 3819793 3913862
3841427 3908536 3815177 3900497
3961729 3758757 3767408 3889840
3862664 3850470 3863640 3927235
3858215 3893336 3834109 3857378
3718395 3710978 3731597 3814972
3747924 3774669 3700155 3867531
4061636 4057373 3950381 4049923
4053358 3940425 3946812 3992506
3856825 3873350 3810064 3943906
3907784 3837895 3841997 3841762
3838459 3942411 3825347 3746157
3814272 3851323 3933219 3874975
3801846 3861286 3720310 3703041
3736304 3752419 3775044 3696372
4043105 4101463 3936817 3907319
3955258 4030555 4102386 3941510
3938398 3928821 3910508 3776639
3910954 3953158 3898629 3740817
3669406 3857485 3676915 3699699
3845796 3757649 3673502 3790209
3761291 3869811 3766271 3845341
3861941 3757971 3854379 3816607
3773535 3917564 3863852 3824085
3877168 3900611 3946427 3851340
3898931 3883959 3769532 3873349
3958126 3892712 3899644 3808321
3800894 3659129 3656755 3859690
3757016 3856838 3709068 3702377
3851312 3755951 3747954 3889824
3835166 3863923 3785183 3822570
3834384 3820615 3806207 3906389
3978427 3895525 3802009 3821772
3944067 3851650 3833894 3982353
3969989 3958886 3825599 3809658
3649328 3707715 3875613 3723731
3671780 3635322 3762166 3639035
3807556 3855245 3902032 3767155
3786706 3659591 3832405 3768743
3711699 3874407 3985290 3789496
3828573 3741349 3881101 3830342
3779160 3883136 3955057 3852649
3819623 3748087 3841020 3758938
3757525 3714544 3634315 3835055
3827344 3588105 3605295 3703295
3778074 3814770 3696683 3910130
3887816 3723129 3722809 3794149
3912756 3810135 3765178 3886847
3909617 3757052 3700526 3823035
3915309 3849954 3782162 3967327
3970979 3729906 3723293 3790765
3746583 3812329 3763265 3871328
3800263 3752693 3662975 3782476
3865878 3860914 3834921 3905576
3884506 3883691 3753211 3795140
3907650 3910996 3908873 3920223
3972024 3887059 3807022 3813641
3864318 3865583 3930123 4003383
3955785 3887636 3857388 3921084
3748786 3813332 3772831 3661841
3795405 3802364 3719952 3728785
3848735 3842942 3876835 3757996
3803945 3925716 3733757 3710874
3869182 3923702 3842608 3773884
3818975 3906235 3856979 3719618
3970744 3911100 3937393 3813486
3901445 3949664 3875038 3767193
3883429 4041895 3862157 4008556
4043211 3994568 4013619 3932279
3710368 3799603 3751399 3790635
3895043 3823296 3907724 3832143
3577462 3786076 3646600 3745413
3819259 3719266 3734705 3695314
3813536 3972790 3874955 3916387
4044122 3960506 3937086 3923894
3992172 3838609 3863208 3952646
3951642 4008427 3903517 3922869
3784401 3748327 3803347 3946817
3828406 3820509 3875289 3819873
3742075 3631540 3638621 3755235
3782354 3699438 3700558 3667817
3893767 3783724 3909451 3966590
3922083 4009468 3932605 3856648
3885504 3968434 4008965 3889450
3922485 3687405 4020207 3831086
3841876 3764300 3867313 3727362
3783946 3643799 3827811 3680638
3619191 3670307 3778014 3714681
3697848 3602011 3739819 3567550
3820578 3813827 3957579 3914183
3850568 3708689 3936813 3798247
3951083 3953875 3834971 3971462
3988673 3763088 3860394 3956570
3816449 3742035 3670305 3813041
3965359 3673475 3595573 3780172
3705596 3668176 3625845 3674934
3791895 3592737 3633659 3655403
3922655 3904166 3842529 3984823
4007521 3843829 3752796 3890164
3915389 3973170 3929847 4119766
4040817 3933385 3858909 3997100
3791636 3841488 3814560 3841139
3823435 3803698 3723782 3827729
3715226 3738641 3705819 3790687
3745611 3751785 3607427 3701583
3853582 3906529 3968322 4027741
3879470 3923390 3851746 3969829
3978929 4003532 3999233 3929749
3879646 3934797 4070367 3901225
3829362 3841095 3765530 3769704
3786857 3858687 3815027 3768222
3793442 3800299 3674365 3613421
3731147 3773188 3707973 3585266
3947923 3971485 3949570 3837133
3927749 3963946 3963787 3838446
3986579 4044052 3923450 3924253
4034933 3997025 4067385 3982752
3873790 3982997 3858075 3939508
4054163 3981637 4013439 3937368
3691534 3867908 3791216 3807105
3868114 3842776 3761502 3800432
3789294 3922330 3861328 3999271
4006050 3934026 3940110 3957905
4015260 3919244 3993195 4102818
3974284 3993291 3977677 3960164
4019481 3906673 3901878 3971513
3971209 4016739 3896997 3913931
3818786 3797299 3716267 3824061
3868628 3925153 3858125 3889536
3973296 3799316 3880149 4029890
3891805 3924551 3935382 3903758
3841149 3955064 3984752 3941598
3922847 3824957 4017270 3864794
3866736 3997293 4049738 3938327
3990718 3774009 3946742 3833183
3747638 3843963 3935105 3833177
3782815 3685271 3845601 3709799
3791892 3979955 3975026 3888533
3873268 3691099 3886009 3839405
3981152 3953047 3935685 3999972
4120094 3765004 3824595 3990829
4026053 3957548 3873798 3914262
4055973 3787581 3812468 3902790
3825842 3790328 3787789 3951591
3873679 3739133 3697213 3852291
3908276 3880711 3854213 3995724
3985522 3843396 3763371 3882690
3942128 4003911 4074867 4126939
4037233 3982726 3788585 4034908
3986474 3995717 3957129 4085565
3994292 3940142 3922523 4042940
3889565 3754232 3883660 3952671
3832664 3854460 3765533 3900992
3875650 3884719 3913624 4055019
3937469 3926584 3789088 3931827
4036316 3992346 4005664 3904106
3990592 4087102 3950308 3810802
4019371 4000337 4027746 3929824
3905370 3978403 3938306 3935946
3783488 3871726 3797755 3721133
3848071 3904835 3822942 3780451
3931313 3976985 3857365 3820434
3867098 3939537 3919206 3867647
3887495 3997016 3853627 3972804
4005024 4009217 3998653 3979951
3758930 3888095 3838575 3860117
4019535 3895785 3891941 3884859
3767310 3923175 3763068 3808422
3948735 3985408 3859570 3868563
3719098 3853195 3804727 3755770
3901193 3890566 3768828 3839650
3972046 3874480 3850540 4027826
3937194 3993376 3969231 3945805
3873441 3779405 3915685 4015665
3915027 3908165 3873319 3838483
3845437 3759229 3709812 3888455
3897407 3910095 3805185 3793715
3854306 3653266 3735210 3850014
3790003 3901826 3778165 3836226
3904393 3926332 4077248 3945828
3896463 3773637 3919454 3831170
3855785 3846751 3963964 3875672
3963736 3764054 3894970 3809388
3822648 3797636 3963587 3842038
3803512 3676003 3913966 3772129
3778884 3770339 3870078 3792470
3705518 3630073 3867243 3705604
4056469 3923967 3831850 4044559
4048391 3851464 3748108 3911757
3963998 3880075 3852451 4033722
3997380 3818557 3739278 3867446
3895203 3832164 3688253 3882005
3936757 3737937 3675580 3835405
3828675 3770435 3733716 3911439
3875100 3643049 3691823 3768548
3916767 4001941 3987140 4107673
3981686 3962781 3860602 3969150
3894083 3962968 3933580 4060745
4008193 3847453 3896625 3936594
3846141 3815336 3898469 3979331
3998817 3918023 3766632 3873203
3767105 3840230 3788510 3914477
3829875 3808010 3726876 3829133
3984020 3985009 3964811 3940378
3948972 4012441 4030168 3882582
3926408 3972292 3972425 3833830
3847016 3984487 3917820 3815900
3919191 3926506 3864224 3720701
3828609 3872339 3896111 3786575
3769583 3822164 3845166 3721418
3764496 3862442 3811435 3745454
