4047278 4022327 3980982 4060266
4038071 4090744 4105458 3891511
3809100 3727996 3783410 3766018
3841579 3805403 3818439 3771753
3960960 3994630 4068674 4017384
4072500 3982160 4042223 3955586
3899680 3804544 3801972 3813535
3925234 3866449 3941588 3834808
3951070 3967814 3978468 4101209
3799067 4007078 4003788 4095632
3774116 3734075 3769854 3907666
3562659 3870831 3805490 3793150
4053195 3994105 3947760 4026465
3771643 4107341 4061758 4013241
3915173 3730308 3806243 3971393
3650605 3910171 3879691 3872488
3874321 4040869 4268172 3971632
3893131 3979704 3860605 3856043
3688718 3773342 4018811 3831620
3604830 3784263 3578386 3633705
3906179 3937184 4184259 3994567
3917956 3928889 3911771 3946257
3818642 3797807 4087996 3752212
3745987 3871328 3691735 3732965
4061042 3968217 4030732 4079934
3924830 4124349 3970365 3986916
3848546 3755943 3738241 3781770
3675712 3873206 3674629 3700787
4044931 4018013 4032431 4081462
3934744 4116832 3923999 4038402
4015501 3874311 3850996 3940968
3793108 4082116 3694760 3881973
4015176 3813432 4180331 3973737
3993957 3933708 4080809 4127437
3625980 3558373 3877913 3758384
3773575 3711638 3905684 3862264
3938143 3878021 4120006 3967331
4024235 3915876 4007324 4120057
3878560 3736211 3992486 3851980
3827830 3874051 3849154 3924691
4190660 4055271 3966302 3876571
3993355 3894800 3951760 4047609
3890547 3831026 3709810 3641177
3741682 3604988 3766748 3941075
4145638 4128743 3966883 3952143
4002378 3930135 4047720 4115422
4018705 3910931 3828846 3699488
3842875 3806421 3883479 4018266
3732454 3682212 3661396 3681957
3765628 3757586 3865928 3684924
3735797 3742734 3781729 3801103
3791777 3873258 3861036 3706049
3910590 3842381 3849452 3812413
3898473 3976982 4003321 3892886
3858165 3906588 3933818 3930381
3906897 3888110 3942374 3867190
3745830 3760882 3701395 3847721
3550654 3715682 3803533 3796291
3854762 3778217 3784203 3983426
3579650 3898858 3774513 3863915
3927150 3794386 3835977 3988597
3723103 4010253 3976973 3941817
3905153 3795417 3897119 3987795
3739005 3944768 3955765 3959389
3676832 3650627 3925612 3636836
3677198 3745316 3651932 3590792
3726433 3763156 4087221 3786026
3684484 3785078 3769644 3676509
3849846 3874642 4185599 3889814
3741669 3775800 3797101 3764258
3803828 3797045 4096294 3825795
3834020 3840411 3726547 3853441
3927790 3731158 3759213 3878775
3646188 3841796 3617501 3708596
3904248 3760230 3878872 3893471
3777494 3979545 3757022 3821525
3993591 3862473 3869666 4028412
3808294 3982852 3928504 3964418
3987148 3845800 3969104 4076109
3848495 4101986 3762476 3898271
3719734 3613185 3865285 3766344
3703893 3773395 3808070 3802507
3797542 3773577 3966302 3800312
3861981 3785338 3866426 3866132
3856751 3817613 4054696 3862740
3840828 3892085 4041754 3992627
3814326 3763636 4013474 3889909
3933099 3861727 3994538 3952610
3933185 3816637 3567129 3614608
3663088 3628499 3760434 3874904
3951801 3866958 3747739 3642303
3752791 3777716 3792058 3924397
4063217 3928060 3891675 3775555
3930624 3803473 3956782 4074467
4121971 3946553 3873370 3809663
3880775 3811281 3897731 3959215
3837039 3752642 3864987 3714058
3847549 3915372 3883814 3736969
3812314 3835820 3871320 3802511
3836824 3865206 3977844 3847186
3813354 3739220 3827517 3858533
3818446 3787758 3870993 3775080
3844166 3858854 3884886 3831861
3907273 3931782 4032575 3858316
3807201 3802794 3758520 3945139
3657279 3865734 3903398 3795142
3816062 3820793 3782815 3957680
3640051 3908962 3860622 3946624
3788287 3729353 3839119 3884466
3648939 3787012 3864241 3823339
3974862 3874488 3855032 4077268
3764766 3917323 3996621 4004320
3754627 3737516 4066626 3725374
3787516 3800708 3704371 3777464
3773669 3926963 4103927 3779182
3734952 3872205 3707138 3707543
3808131 3694300 3931010 3703229
3729720 3782330 3603181 3786484
3895503 3847368 4105640 3810382
3843605 3825141 3757947 3808265
3877735 3837258 3866522 3907684
3701563 3971786 3745747 3795223
3876591 3845953 3854858 3879156
3776466 3972475 3707891 3829462
3849588 3784156 3843892 3939024
3700578 3885164 3639074 3803844
3977680 3889968 3963931 4027513
3800340 4010858 3785299 3896857
3792013 3665462 4001387 3714949
3877563 3783408 3867511 3896345
3833853 3790425 3919504 3750230
3826849 3772292 3896050 3952860
3814787 3655078 3963242 3755126
3866207 3781159 3888255 3990991
3857527 3745203 3935433 3869277
3838999 3841009 3950055 3997321
4008237 3860455 3763516 3752355
3838332 3647034 3860950 3859651
3996693 3949210 3847661 3776953
3831708 3650946 3880408 3974072
3963711 3843762 3769859 3683355
3774908 3662587 3779564 3925408
4058698 4028232 3883599 3857982
3848134 3864198 3974533 3991840
3873354 3959244 3878979 3969081
3920657 4049854 4044556 3888884
3934908 3880098 3846449 3814316
3937877 3941336 3945700 3812329
3869465 3830902 3837243 3888808
3951296 3975756 4011551 3868279
3900752 3824581 3918367 3898098
4025769 3936959 3975235 3928211
3994331 3902118 3884263 4023944
3746931 3980067 3950723 4059669
3842670 3789673 3875769 4038989
3676236 3847052 3884966 3901852
3868593 3822738 3811844 3988088
3610910 3919717 3872324 3904300
3987098 3871910 3891007 3966554
3711087 3934084 3929038 3996106
3847143 3896823 4193133 3868510
3787154 3898016 3805649 3824147
3892218 3817164 4123055 3874149
3793190 3894945 3757806 3755439
3776501 3899755 4048749 3837193
3759433 3898062 3762211 3861432
3833697 3835994 4210304 3893969
3871580 3881277 3817511 3850583
4007740 3842245 4002505 4142566
3811939 4005673 3861750 3873549
3946760 3833111 3953887 3991147
3835686 4018213 3751481 3920711
4015593 3784582 4045311 4045422
3826335 4031439 3822450 3902686
4012358 3924214 3993343 4017689
3851327 4120209 3785697 3992594
3878702 3843112 4015362 3935170
3910849 3834847 4097161 4010882
3845929 3755983 4023732 3896717
3905016 3862562 3951374 4063282
3921223 3867398 4003380 3841559
3949755 3881311 3985821 4005488
3943191 3832632 4075802 3934598
4042235 3910957 4055269 4002302
4072399 4020849 3899959 3765217
3954293 3722513 3937534 4096359
4118237 3981118 3931025 3743871
3941407 3736807 3854452 4046784
4081458 3970746 3988951 3753682
3872332 3830459 3860263 4078606
4180141 3972141 3932939 3873901
3901389 3796020 3915880 4010974
3857469 3821043 3789576 3860685
3914988 3868660 4032372 3901735
3977482 3932256 3988614 3917598
4080745 4013555 4088437 3909715
3707112 3740737 3758137 3712726
3866957 3824858 3808381 3745778
3668975 3671160 3703663 3721256
3823298 3792442 3769349 3629077
3828584 3798914 3873089 3970504
3629069 3857855 3942323 3966449
4116895 3898170 3951794 4044459
3765247 4016813 4005807 4057784
3814483 3718744 3761835 3900670
3607438 3818069 3853512 3836963
3867354 3645739 3724401 3828921
3513146 3758663 3780582 3769589
3767574 3830962 4035002 3807742
3757237 3795317 3697920 3664003
3887492 3959788 4158235 3897909
3859658 3962849 3860255 3762030
3776714 3780707 4039908 3807588
3749627 3699387 3732142 3675401
3696832 3736903 3951452 3704394
3642729 3667001 3657013 3620286
3988868 3826366 3973867 3941693
3768540 3957191 3755178 3863995
4029135 4053471 3926958 4081752
3900764 4040022 3787237 3937490
3839669 3819623 3851236 3904075
3709400 3893631 3614807 3813219
3813917 3735112 3763004 3808316
3639917 3826292 3628307 3773741
3807007 3703023 4003345 3916674
3860621 3778141 3889092 3991191
3947323 3794804 4105901 3914784
3954712 3959266 4077436 4073918
3715506 3741021 3933751 3767724
3771119 3725378 3905890 3874046
3607239 3678468 3933359 3744546
3693506 3692339 3816482 3856951
3967362 3918465 3892050 3803377
3871552 3727534 3881637 4026936
4131580 4115615 3977915 3895001
3973595 3861320 3936632 4078592
3923309 3910343 3779240 3644654
3770297 3660427 3828844 3956676
3966249 3745413 3741636 3569504
3764112 3666620 3785836 3894047
3855159 3796873 3783222 3717215
3823602 3915315 3863956 3750382
3855071 3737783 3924008 3824734
3935392 3827610 3971812 3725338
3946315 3889620 3887220 3919369
3924227 3932484 3997967 3917572
3876545 3887748 3925551 3872969
4048490 3964903 3983717 3867940
3862943 3715370 3745798 3891940
3707029 3864508 3802438 3838482
3913806 3781502 3767667 3850667
3614140 3864976 3835574 3835974
3863445 3785948 3876058 4016794
3745431 3953205 3914153 3971825
3864646 3925091 3872460 4087162
3713289 3998762 3930095 4028339
3759026 3727895 3983321 3735772
3744922 3731308 3693919 3603603
3866386 3742046 4102172 3727267
3707245 3779834 3712900 3730283
3851707 3841379 4110442 3908859
3813769 3882849 3753919 3762857
3920888 3961737 4105647 3969393
3831022 3889649 3839642 3890131
3941838 3748976 3898262 3970258
3718662 3983887 3726657 3737254
3933206 3884921 3864346 3914143
3748349 4012425 3675098 3795506
3975529 3897405 3896651 4037951
3812397 4047834 3844457 4005404
4048084 3999987 4045899 4058539
3830202 4113991 3813618 3991231
3709921 3695765 3918024 3772981
3792061 3833209 3917441 3855092
3793946 3754257 4017493 3872419
3770572 3754119 3889418 3911068
3876185 3853889 4012809 3868608
3954456 3840057 4006348 4079070
3880570 3747775 4022050 3922133
3873281 3899825 4004762 4051571
4006764 3912097 3789794 3631881
3781832 3728703 3765101 3883765
4003834 3897523 3814133 3726151
3895163 3747223 3877404 3930634
4135242 3985868 3890904 3830893
3915224 3919323 3937775 4089308
4148041 3975786 3874147 3757753
3933725 3836408 3978138 4071594
3950612 3941161 3915347 3954925
3945725 3963379 3990189 3885899
3927570 3861016 3936510 3885872
3908866 3893663 3899353 3830055
3980106 3893687 3924973 3926343
3965677 3984264 4025856 3931790
3879515 3906599 3956308 3863959
4010345 3861631 3957390 3877377
3945085 3855168 3958165 4035081
3704767 3972925 3966399 3986724
3975486 3807073 3879032 4026534
3672938 3905496 3855807 3962949
3966404 3979695 3928381 4045053
3709795 4044281 3907518 3904549
3898703 3732225 3904918 4004498
3679290 3955692 3973361 3992880
3889427 3906366 4114323 3848985
3819096 3877855 3847085 3817900
3808353 3858888 4100564 3895471
3825083 3822164 3794509 3862939
3817325 3858788 4184685 3890655
3779984 3882891 3833401 3896005
3827723 3825780 4108219 3801972
3943166 3844812 3706121 3785037
4006983 4001192 3956054 4052311
3912337 4063039 3797779 3950378
4015679 3950308 3927722 3930992
3768640 4024279 3830916 3818315
4047579 3922426 3991993 4057964
3715747 4144797 3788435 3937991
4040223 3810479 3937738 4019877
3943655 4080849 3768025 3885382
3925032 3771695 3977051 3931157
3977314 3906361 4056334 4070167
3899705 3748582 3973420 3887088
3959523 3818907 3971815 3963846
3900383 3849828 4090704 3907329
3933148 3926389 4085169 3994143
3839672 3779918 4115300 3910832
3937210 3769456 4020447 4045274
4124269 4020112 3951834 3873964
3972012 3892090 3975009 4116065
4048208 3933644 3933073 3815895
3872906 3782831 3846238 3985019
4053670 3987656 3854153 3810788
3938807 3856985 3979751 4041575
4144795 3928893 3928672 3769071
3903206 3859793 3930797 4070504
3833529 3832184 3852547 3911662
3940698 3857833 4009903 3825406
3747449 3742610 3779247 3710859
3747360 3799655 3803965 3676990
3928275 3888808 3908071 3924800
3904042 3926704 3987860 3838224
3962936 3995215 4026050 3947682
4007312 4035966 4059625 3885674
3885051 3851621 3851924 3994557
3678736 3993495 3906381 3890575
3666650 3593558 3705840 3791074
3565837 3764026 3781786 3786185
3868086 3810196 3866035 4026490
3771539 3961859 3946897 3984946
4048171 3944327 4010506 4037084
3822317 3976960 4053609 4106810
3846891 3868546 4083381 3836903
3743292 3854535 3704933 3732568
3628967 3644195 3883830 3675685
3622235 3686318 3540708 3623884
3860220 3772501 4092334 3815785
3823675 3773656 3795597 3747198
3867724 3963970 4210064 3915548
3921048 3810646 3897798 3864437
3969184 3876063 3899258 3940568
3791476 4044752 3824732 3832486
3785101 3761537 3765618 3793283
3659915 3804956 3609070 3676515
4060921 3956175 4015347 3966143
3870673 3956551 3766110 3968400
4039010 3947011 3941010 4178686
3863718 4098230 3844048 3970292
3878661 3711307 4029099 3803157
3883994 3833771 4030030 3971948
3661577 3515645 3818823 3773965
3698345 3674081 3813667 3765909
3810488 3765838 4016607 3994609
3874871 3865538 3981158 4028497
3975869 3936208 4128781 4061845
4017817 3931375 4108533 4113874
4115041 3923113 3848278 3800544
3847759 3695485 3916334 4010065
3844431 3838373 3680210 3606836
3686348 3623534 3738856 3763868
4090017 3932407 3812595 3781582
4009953 3778183 3904310 3996151
4188014 3996702 4005627 3854820
3932576 3856818 3952390 4116082
3861563 3902245 3922343 3871158
3979374 3952582 4006335 3901905
3751501 3708045 3671224 3726828
3790944 3747541 3835580 3724219
3948519 3829072 3858268 3865703
3972939 3907574 3986443 3809817
3907811 3847263 3837705 3906014
3898923 4047712 3983634 3875625
3957526 3881723 3894166 4119722
3745289 3965150 4064966 3981437
3747477 3698133 3752682 3846736
3479672 3769087 3713901 3770044
3860953 3807022 3778011 3975759
3681059 3930629 3885960 3989196
3892817 3929956 3827255 4024074
3673189 3918504 3928844 3983129
3834142 3889562 4159529 3875185
3817696 3880114 3764679 3762854
3643188 3666112 3953960 3720862
3666659 3700706 3651775 3551716
3802508 3767259 4063533 3835120
3808844 3889634 3788011 3790262
3807912 3883575 4162911 3848000
3806904 3936656 3793098 3809116
3998459 3903050 3988479 4066941
3728162 4000022 3846297 3917192
3838029 3747614 3704553 3862621
3671822 3870167 3592862 3690348
4032971 3842470 3939956 3950129
3768159 3985701 3693093 3886387
4117241 3902230 3946074 4018266
3850534 3971630 3743191 3885280
3850052 3815712 4088569 3952394
3879677 3911016 4003865 4007603
3752863 3637293 3803847 3679124
3749362 3749641 3917837 3920655
3886059 3779727 3959233 3860513
3854837 3847089 4000230 3932378
3943782 3810702 4113935 3890550
3882804 3815099 3991336 3998120
4110210 3928633 3840870 3742760
3866791 3838801 3967408 4042144
3933827 3813346 3729745 3657247
3737501 3674121 3806101 3907954
4088046 3943308 3790508 3800513
3860859 3805244 3962510 3988744
4046630 3966290 3845352 3782170
3839416 3763930 3841235 3948723
4049261 4012176 3937224 4018784
3999459 4061780 4103542 4030420
4033173 3924747 3929401 3986276
3983243 4003063 4131136 3904827
3763237 3784684 3782423 3901371
3857804 3829504 3885909 3768244
3839798 3778748 3757541 3784811
3897695 3864942 3894235 3690931
4063366 3947255 3953640 4069201
3778965 4026716 4067376 4081674
3898998 3898974 3943954 4022354
3815457 4012792 4031826 4021132
3834888 3766930 3848778 3958349
3588590 3812995 3859835 3841467
3799521 3716043 3811221 3904002
3639869 3901901 3773822 3915826
3900121 3997608 4239796 3890999
3937360 3960797 3923738 3856618
3848721 3962633 4202423 3922514
3887821 3933635 3929436 3779272
3796891 3737848 4024659 3726634
3799092 3734991 3659306 3717498
3767812 3795975 4051084 3773031
3751995 3804741 3638877 3600353
4008212 3977743 4020411 4022713
3923310 4131463 3901336 4023685
4061750 3908719 4005605 4043656
3895139 4114454 3822565 3926170
3896454 3820529 3868894 3949150
3720259 3924729 3710167 3831128
3946817 3827501 3833492 3945234
3667609 3985730 3732698 3785276
3933000 3828546 4136828 3973530
4009085 4035203 4105544 4174517
3970690 3811287 4039452 4000780
3936811 3958762 4049607 3995269
3814252 3639322 3913618 3842650
3739344 3764509 3925945 3909921
3807504 3689265 3957114 3762299
3890119 3800666 3846995 3870520
4224613 4103229 4045877 3923142
3980229 3815940 4047250 4121447
4188469 3987546 4022168 3796923
3906431 3860467 3955317 4050958
3981648 3859232 3764863 3750266
3811561 3729175 3836652 3928566
3894256 3893107 3813975 3697214
3747335 3731241 3837552 3936947
3924676 3924915 3907876 3822158
3962415 3916484 4029728 3901823
3907572 3862919 3938333 4000173
3917328 4005613 4027425 3929059
4033235 3981985 3938351 3953392
4081889 4093998 4032683 3874173
3961343 3867255 3963442 3933507
3957159 4051007 4056114 3892134
3873388 3817472 3830551 3965323
3725636 4002287 3936780 3904508
3922026 3766132 3846836 4036884
3731814 3985177 3976244 3967838
4025373 3960274 4016170 4131795
3808294 3966984 4067770 4045775
3865507 3954476 3909211 4085146
3771871 4061761 3927277 4039561
3828397 3936466 4128695 3877855
3801809 3864304 3767243 3773385
3880090 3952971 4229502 3766405
3824380 3864408 3748005 3750541
3949836 3983669 4248289 3983193
3817200 3970772 3812819 3842269
3859483 3901060 4200420 3946169
3861808 3918135 3761796 3862911
3957195 3908537 3933510 3966314
3803771 4042054 3821857 3942938
3983941 3962744 3942414 3965540
3885334 4067093 3737662 3853885
4117871 3992752 4015460 4147041
3982538 4133288 3919407 3952098
4131964 3903706 4014206 4112729
3882706 4049044 3783598 3942883
3880611 3773113 4057926 3898179
3923751 3917214 3958115 3978778
3855301 3817374 4008338 3865920
3990961 3878482 4059616 3918869
3995093 3827337 4208647 3970001
3963938 3994814 4126758 4153083
3965022 3867719 4105077 3918697
3923487 3958170 4037275 3960558
4011534 3945679 3829691 3745036
3824696 3734497 3859113 3983444
4044693 3935638 3931101 3791717
3842686 3870512 3919495 4029391
4134457 4083659 3995259 3856137
3989239 3829033 3981515 4103905
4153308 4097783 4010437 3912897
3976767 3861115 4019385 4136151
3728896 3680850 3706532 3697952
3773560 3777362 3787308 3721543
3926130 3885812 3917841 3869723
3932934 3970049 3900036 3754812
3916087 3878890 3893062 3843183
3940484 3975791 3992729 3842738
3794661 3698629 3753330 3789865
3826035 3830587 3888057 3745722
3763768 3690786 3785740 3794758
3514708 3759679 3753499 3837885
3933959 3803770 3809482 3979514
3740176 4005653 3921801 3956228
3905985 3894524 3862692 4089679
3716988 3924573 3894523 3974977
3797556 3716739 3792988 3895129
3607395 3761970 3836399 3798448
3648778 3671626 3937356 3788789
3672399 3687874 3596231 3583920
3820955 3844285 4137161 3853047
3794689 3895450 3695198 3831011
3847724 3863151 4225506 3907288
3821840 3899769 3831108 3699521
3667409 3713902 3991613 3757869
3639589 3740421 3613283 3664957
3828321 3748792 3816935 3877411
3598509 3846256 3631764 3693783
3987612 3939656 3897666 3984641
3810977 4050765 3824107 3853326
3957338 3866125 4011907 3984235
3896606 3983648 3792709 3927982
3941654 3811346 3816845 3898184
3640842 3939728 3709889 3722755
3667966 3592151 3858107 3744618
3787369 3708490 3831128 3788940
3904694 3777774 3938174 3911284
3885250 3830137 4014335 3971812
3876363 3759455 4023697 3823421
3934633 3917846 4052786 4083213
3766404 3663711 3929854 3713456
3711712 3761776 3849247 3935310
3952389 3805506 3755856 3607188
3746337 3637037 3706139 3819286
4086690 3986478 3872609 3761916
3874581 3783478 3899954 4106907
4099753 3905779 3990089 3770815
3836955 3822465 3835663 4047859
3972597 3863986 3745278 3704720
3776833 3674547 3812596 3813527
4029924 3891553 3860104 3814305
3873845 3811078 3941260 3884910
3946126 3902934 3895671 3794020
3830429 3888258 4029843 3934568
3776395 3783182 3740124 3717863
3749168 3670531 3896865 3853805
3943045 3745031 3759493 3655148
3775521 3752750 3992914 3890382
3964958 3770479 3917497 3959945
3871445 3958996 3847009 3754970
3957984 3808132 3936300 3857170
3888725 3924914 3825452 3868131
3814688 3720093 3799188 3798272
3809396 3799185 3755335 3647409
3854681 3730846 3912031 3843226
3762153 3844017 3645302 3671648
3806249 3912226 3911514 3809539
3951645 3843221 3799252 3951667
3779930 3897295 3872722 3779836
3978934 3792528 3731861 3935836
3746999 3824165 3782650 3678471
3853052 3727907 3620297 3823022
3790609 3893451 3803859 3736800
3778620 3685326 3652244 3800583
3862222 3883603 3801086 3817916
4071088 3870012 3921798 3860711
3952715 3828699 3674721 3867323
4108502 3873274 3895441 3982871
3765117 3753838 3683415 3669224
4043900 3783552 3769915 3773518
3812215 3728730 3650103 3792320
4049769 3811708 3858669 3774449
3873113 3860950 3826233 3907172
3830065 3841287 3826056 3915150
3923799 3761826 3878602 3881975
3835189 3889449 3867826 3913125
3808071 3765515 3696034 3667631
3664879 3739095 3753978 3788455
3842977 3735401 3775715 3755158
3719890 3689860 3736457 3830840
4070354 3976574 3947755 3775075
3838470 3878132 3922109 3806773
4089315 3942764 3956194 3831378
3777464 3927715 3980714 3804335
3931462 3821152 3813312 3687333
3686889 3780001 3802869 3650408
3907545 3784741 3871259 3718924
3747996 3782125 3780677 3657381
3971204 3847853 3842640 3855102
3784209 3817970 4007486 3949811
3787275 3689168 3701813 3591648
3638114 3683420 3772840 3773281
3877593 3730222 3863286 3689365
3753619 3815803 4041158 3872791
3915586 3848379 3847715 3767926
3848758 3801263 4013086 3916156
3930985 3825217 3908086 3918905
3939906 3935284 3952319 3792121
3787270 3656331 3696978 3691399
3674195 3888580 3603127 3637783
3861172 3797396 3838498 3823371
3792749 3880257 3816023 3710103
3883791 3789962 3860449 3813065
3801078 3909778 3808400 3745072
3901282 3895781 3890522 3812393
3900871 3863680 3785800 3881366
3718945 3741139 3713004 3557724
3823381 3692797 3559735 3707319
3736729 3810492 3852807 3704649
3906371 3743263 3646891 3782058
3730415 3967672 3809341 3842711
3900585 3789131 3787253 3817238
3893108 3805737 3762842 3856044
4088438 3851383 3892878 3878642
3708829 3626462 3548927 3653541
3863843 3664698 3711178 3783943
3844553 3728307 3689531 3735451
3919941 3834680 3850914 3858476
3858924 3713575 3664976 3755643
3983077 3813152 3933375 3938109
3942135 3781800 3746895 3946659
3807628 3867491 3819956 3977092
3787044 3651295 3635422 3725680
3676019 3721225 3664949 3832134
3836848 3855256 3768347 3795596
3742582 3767038 3708305 3924803
3847248 3721809 3833699 3821833
3800241 3806116 3663451 3896103
4078569 3959731 3966824 3819222
3833251 3863613 3987979 3785138
3849823 3777115 3755328 3635631
3647994 3731216 3777542 3604735
3946786 3890789 3885691 3656982
3768805 3880296 3868236 3728726
4006200 3833433 3958875 3835740
3763315 3875045 3907540 3701787
3893151 3869348 3869214 3734731
3846243 3812580 4067646 3967453
4119716 4001543 4063058 3914714
4041982 4060235 4222262 4093077
3961705 3915528 3847844 3765142
3823648 3764907 4011767 3945961
4000530 3998501 3971667 3852526
3875317 3886383 4048923 4015395
3889379 3857413 3846991 3856203
3840130 3901798 3759983 3809184
4081631 3910336 4000120 4064372
4087500 4173136 4062614 3979185
3890479 3821012 3892568 3809359
3756685 3912112 3844734 3773486
4051091 3856187 3955299 3959809
3947993 4089043 3869225 3860560
3809069 3968554 3782937 3721980
3888474 3743945 3720336 3883213
3997727 4101440 4066584 3949050
4091635 3991071 3904846 4172237
3847107 3961534 3884806 3792922
3893470 3780412 3806605 3806444
3935391 3969064 3991487 3868370
3980515 3865527 3835218 3969395
3853017 3717249 3733186 3822017
3982486 3859442 3879748 3771127
4063789 3986072 3930197 4055465
4280990 4036057 4077254 4092214
3834102 3829857 3712959 3749290
4000677 3961407 3750640 3965579
3894909 3842076 3807975 3775760
4149413 3946722 3953807 3975663
3888058 3885745 3774378 3911103
3793807 3790125 3823473 3921645
4154853 3968120 4005596 4097262
4012657 4047015 3978267 4229209
3898990 3775029 3765393 3857934
3770791 3731304 3760526 3925015
3990266 3891161 3985991 3912896
3889953 3812706 3888678 3986761
4065261 3884307 3953705 3874283
3778361 3891545 3849434 3642511
4214968 4141667 4079363 3996093
3966336 4065572 4153308 3973295
4038633 3824479 3864705 3760997
3741811 3901798 3922087 3694729
4121372 3943388 4042401 3927308
3913831 3941696 4032696 3808604
3990986 3824478 3873933 3828685
3810276 3845434 4051067 3937167
3886149 3882515 3852076 3736852
3806142 3842385 3971766 3832448
4012668 3865678 3843260 3792390
3843940 3924156 3965076 4026138
3965754 3946367 3891952 3838516
3883576 3892231 4050252 3959814
4061281 3770887 3997592 3916917
4012640 4033717 3831976 3796826
3840953 3826051 3903961 3808972
3835778 3911402 3790213 3728844
3894090 3859310 3938058 3851687
3880159 3952401 3879923 3815329
3953943 3878652 3943210 3889635
3898442 3993888 3940036 3866125
3878413 3910740 3920901 3803206
3986280 3813134 3794029 3906099
3745017 3866353 3856390 3727845
3898524 3755279 3737614 3849865
3807728 3971345 3938688 3745057
3955196 3862196 3836649 3907553
3866144 4039953 3991450 3896922
4023948 3928021 3841502 3973981
3893249 3829680 3711573 3788474
4156518 3916000 3992664 3907828
3892529 3769258 3663896 3770206
3990436 3819752 3922046 3861095
3900226 3814718 3722319 3895539
4039350 3893911 3939026 3882188
4017485 3903129 3861523 3815356
4132569 3933212 3950748 3957510
3952077 3896951 3839511 3884110
3860395 3830979 3863181 3956928
3901766 3825953 3805404 3765871
3738649 3821945 3792615 3960974
3873010 3837097 3829537 3896018
3884927 3818220 3809734 4003735
3965075 3933151 3888472 4004441
3932410 3921639 3798445 4008092
4029067 3975176 4039571 3860248
3743959 3956876 3992017 3815188
4026051 3868103 3916706 3783939
3811765 3856107 3923064 3695783
4050301 3936803 3918533 3851391
3890343 3884850 3987704 3755060
4034012 3952595 4065792 3866942
3846629 3984476 4049021 3779223
4207966 4050069 4108280 3920757
4026094 3976293 4188444 4111766
3655365 3649121 3697037 3645167
3610067 3615751 3843594 3682502
4115129 3926442 3989891 3892925
4009377 4040995 4203404 4115015
3912512 3837227 3846868 3812404
3847047 3873797 4041900 3916744
4080652 3973864 4157309 4070552
3968995 4158897 3931649 3917420
3791096 3637408 3731437 3764191
3716586 3731721 3603044 3582730
4047956 3940261 4075839 4071641
4023612 4120363 4009753 4008244
3884243 3794323 3870184 3900099
3888947 4033655 3816564 3746551
3907335 4040794 4033533 3928023
4108010 4040638 3926672 4050839
3669858 3776905 3705996 3603946
3738929 3558373 3637143 3616041
3992463 4071161 4053640 3866190
4062286 3980015 3922984 4041205
3884918 3959810 3879541 3767830
3944533 3761322 3777493 3840305
4065737 3975393 3837886 3892183
4188701 4008998 4080188 3987219
3634924 3674638 3621630 3496695
3828504 3605461 3637806 3674622
4049621 3938387 3910793 3930881
4203902 4045937 4045072 4062200
3808042 3786775 3789808 3775941
3976869 3872691 3863186 3846090
4019783 3952123 3929255 4028414
4064573 4020038 3998082 4087931
3732499 3654765 3575318 3624407
3651698 3582925 3574312 3707855
4034877 4094541 3964916 4043434
3948958 3971512 3964112 4175136
3993807 3908452 3847110 3864362
3884836 3768342 3836000 3936850
4141534 4109929 4117580 4020564
3941975 4026654 4048031 3896361
3799764 3594679 3775220 3617596
3590761 3651892 3778187 3562759
4174302 4073022 4121601 3994837
3967373 4020407 4136420 3907992
3998382 3873827 3924997 3855431
3777852 3913165 3965076 3820714
4088624 3909425 3944139 3865344
3911966 3970738 4056835 3985867
4057077 3899812 3959597 3804770
3923747 3947479 4161324 3947443
3993563 3931302 3903567 3811114
3878357 3878661 4081480 3878630
3962749 3824504 3892243 3768272
3792565 3781855 3964198 3936876
3972249 3887346 3988661 3921024
3856229 3977450 3818610 3859606
3978114 3818915 3871687 4066772
3903878 3956801 3804637 3858999
3927155 3773147 3964486 3955478
3930220 3922904 3860173 3796111
3884877 3780096 3890558 3841548
3880159 3990709 3792588 3760635
3932753 4002612 3973544 3908765
4059637 3870579 3791898 4019094
3801496 3966036 3883376 3795305
3974197 3858712 3716065 3893378
3939395 4025498 3946308 3808049
3987849 3827289 3863314 3972285
3810476 3817364 3889261 3777857
3953434 3813750 3757218 3838426
3831304 3884540 3787009 3832294
4047025 3898276 3955162 3986995
4016296 3881644 3792034 3889390
4026138 4010196 3904907 3907276
3917138 3864722 3766203 3814135
4054110 3926638 3930113 3972320
3845735 3810434 3735378 3791880
4039077 3805487 3860126 3806478
3946242 3868794 3819276 3896391
3909506 3913629 3921879 3972008
3927252 3874376 3862115 3879608
3876330 3890305 3888626 3952146
3969145 3914800 3943339 3927955
3909430 3934691 3821735 4041222
3850458 3801478 3789314 3859722
3797223 3811482 3749896 4009360
4189242 3907259 3983167 3884003
3967136 3869872 3968505 3882761
4122944 3956003 4061373 3828575
3899698 3977444 3974602 3784949
4037033 3941747 4007366 3856036
3876257 3921056 3959874 3762795
3974141 3861708 3876073 3793339
3800808 3840380 3880453 3688681
3991311 3906528 3833806 3795723
3794792 3904772 4010614 3951791
4095033 3883939 3959552 3852806
3944963 3843082 4108361 3981453
3889963 3775416 3860013 3736551
3818943 3763111 3972219 3830055
3922457 3797953 3815420 3677122
3857001 3814444 4017628 3847544
3904020 3788946 3888178 3794210
3903453 3913711 3815926 3804886
3991962 3834508 3946232 3992501
3907700 3981789 3846741 3840835
3931667 3765409 3839150 3865018
3830462 3898532 3698691 3725399
3958877 3796557 3908869 3898909
3745354 3915773 3705990 3787602
3812134 3967596 3796620 3770035
3970023 3799548 3704152 3884772
3876126 3963593 3929319 3862312
3980147 3856666 3748000 3964922
3763870 3900837 3817152 3668678
3800250 3855832 3755014 3874357
3762374 3927596 3840216 3729428
3875261 3775805 3724405 3785584
3791315 3854584 3780344 3766722
4017005 3863600 3910965 3875410
3935218 3849997 3819111 3851746
4082058 3952739 4041159 3910313
3948895 3747569 3661542 3776236
3976817 3819755 3827782 3860416
3809597 3783279 3718377 3794133
3961832 3757204 3836156 3881221
3915894 3848246 3774882 3846090
3850157 3780636 3725513 3880049
4002273 3837350 3868035 3879821
3918048 3883890 3875336 3962804
3835138 3859090 3869090 3778977
3772274 3809846 3752787 3951849
3878583 3737533 3810889 3804571
3769131 3745688 3830230 3969324
3994082 3927034 3908438 3804482
3749169 3993465 3991501 3864240
4081508 3955676 4056499 3862844
3836892 3944571 4028161 3858824
4025138 3859573 3956684 3755701
3768232 3799294 3925801 3735411
3932975 3889489 3817465 3787632
3728873 3860078 3951336 3662056
3917938 3801073 3768907 3720324
3895884 3805113 3906854 3876029
3911846 3726524 3737743 3720996
3732922 3756586 3936464 3831280
3896791 3854024 3808094 3767629
3688749 3764403 4043340 3909030
4019253 3950468 3791323 3883102
3854628 3838613 4176851 3962841
3865851 3786231 3909937 3879359
3774121 3871085 3706875 3794378
3864380 3735779 3819486 3781891
3699658 3877268 3756341 3671055
3946866 3717904 3902671 3856182
3785582 3926107 3746037 3721083
3975719 3893927 3915203 3832907
3855881 4018328 3906384 3838812
3736271 3795461 3740452 3681556
3838361 3669468 3706891 3825160
3775447 3872062 3772996 3691045
3842976 3683909 3625078 3883703
3835249 3918780 3828084 3712222
3960393 3728342 3696605 3784531
3864725 4013181 3991755 3815833
4020253 3848417 3761718 3972819
3849749 3759405 3644429 3718725
3952281 3819281 3863679 3781804
3774168 3763680 3610001 3663523
4016336 3797154 3761702 3789839
3821350 3799782 3642418 3801455
4045930 3804299 3845177 3822785
3879364 3856618 3903265 3827111
4027913 3897736 3911688 4002117
3851016 3767060 3776740 3796869
3727803 3763874 3743323 3874954
3748759 3733060 3769015 3718023
3764079 3755661 3834661 3842536
3782425 3806608 3748078 3798350
3844279 3751671 3779748 3947159
3956661 3896408 3870971 3907707
3965040 3833839 3893295 4046103
3936863 3914015 3855746 3846996
3784453 3828911 3858460 3718862
3921200 3914961 3914813 3678268
3727302 3835377 3843286 3690416
3917557 3817464 3830720 3669604
3758190 3857331 3888557 3664924
4062384 3969754 3995365 3885362
3918998 3897180 3958706 3715073
3869844 3823722 3859428 3642608
3743607 3819688 3927226 3839399
3970296 3823120 3900435 3799269
3868186 3895150 4064912 3946137
3908195 3838960 3794708 3715425
3765575 3788632 3986490 3868210
3969260 3943625 3899058 3783075
3878842 3751080 4022131 3927974
3875194 3738677 3728406 3773624
3831766 3852276 3764288 3724766
3936739 3842848 3942196 3947631
3922543 4009124 3867735 3819818
3812870 3822720 3877369 3850092
3848640 3971491 3782437 3809588
3944161 3736079 3922575 3884010
3878008 3868056 3785042 3894625
3759627 3800009 3841550 3618637
3816322 3668528 3749322 3865780
3937082 4038971 3968803 3765065
3998467 3798794 3888746 3900501
3854805 3875183 3817039 3778139
3961336 3787588 3739552 3913642
3844869 3894339 3838850 3757100
3940592 3737161 3704609 3897157
3836636 3736577 3755097 3663497
3974944 3763267 3778114 3875458
3953674 3838782 3762324 3916877
4099601 3911934 3917746 3959174
3787866 3789753 3709054 3833695
3996028 3924717 3934459 3888295
3925112 3850386 3852081 3761692
4057759 3806630 3918010 3922442
3776194 3804532 3726064 3760926
3738350 3721148 3703736 3891077
4043836 3901966 3846463 3876557
3899752 3844384 3909560 4109180
3922678 3850997 3857198 3826220
3769097 3838221 3829651 3895287
3924088 3856326 3793082 3898064
3782836 3932194 3787140 3895077
3980889 3775152 3811003 3768701
3792307 3796674 3863272 3620241
4003000 3886937 3937509 3830589
3827894 3904460 3978598 3820110
4072724 3918118 3855282 3838049
3805529 3815538 3895250 3686182
3981900 3904143 3926803 3792886
3848885 3902655 3951538 3795961
3934874 3845989 3805451 3717028
3875286 3793868 3940795 3854353
4028335 3841311 3964309 3786821
3843529 3887184 4088857 3927864
4029065 3891387 3936873 3808757
3891568 3885722 4063119 3941301
4010779 3962993 4000637 3895500
3896720 3922756 4130354 4056607
3874326 3796248 3875678 3788250
3755245 3839378 3850625 3741834
3998544 3833438 4014273 3841932
3940677 4077338 3839710 3829517
3975252 3798175 3928550 4019181
3893433 3975230 3871559 3776012
3969684 3931756 4023145 4005480
3999300 4023171 3873827 3876592
3733304 3897110 3784999 3701228
3879086 3777694 3748996 3759420
3856040 3981393 3946998 3833808
4021077 3891034 3725489 3958589
3893699 3871626 3849125 3771048
3971205 3881494 3858720 3892534
3959380 3958680 4015879 3848868
4083651 3907743 3814085 3976523
3781246 3784099 3685266 3724282
3955566 3815771 3777915 3798516
3923583 3819070 3807097 3922351
4079613 3921237 4029936 3910489
3928969 3805849 3750283 3820961
4068113 3883196 3843639 3909773
3984840 3884834 3885652 3891633
4070028 3946664 4017570 4015857
3815751 3731476 3705171 3897571
3770729 3742721 3707433 3918670
3978496 3847455 3826007 3961174
3907250 3843615 3801104 3946880
3972836 3841210 3830715 3900325
3935871 3799335 3868488 3983842
3987436 3919594 3917231 3893033
3951094 3977392 3936726 4064057
4018655 3779090 3870134 3753457
3726464 3867431 3748745 3668921
4033050 3941284 4019152 3851467
3839314 3960434 4007269 3745986
3984161 3955511 3922820 3857225
3841828 3838028 3890897 3795229
4137166 4084647 3994211 3906958
3927225 3998767 3923978 3856760
3996251 3911122 3931848 3846565
3917694 3878470 4048226 3911718
3855864 3812847 3935871 3764334
3879531 3843941 3958088 3953793
3909012 3881571 3912098 3831305
3819454 3850726 4065000 4093965
3867770 3774315 3830837 3691326
3759007 3723182 3915675 3734920
3930069 3808834 4010254 3821187
3903640 3852007 3812126 3779338
3901443 3790550 3958606 3926601
3823601 3971487 3808460 3771779
3888303 3902087 3962730 3941058
3923094 3957826 3967447 3882577
3845325 3639848 3777273 3799093
3806679 3808804 3743164 3687095
3850155 4018675 3834585 3810206
4018855 3658909 3724619 3850738
3829887 3917535 3857699 3760426
3993360 3764979 3729043 3916173
3822249 4002731 3945788 3783699
4019235 3853880 3768852 4028944
3787717 3838804 3858820 3724910
3915558 3724403 3663024 3729392
3892184 3731454 3749056 3824829
4076211 3808250 3878421 3866304
3833253 3791770 3754463 3756463
4102992 3855876 3863869 3919425
3933476 3879889 3799958 3803835
4133159 3943712 3950944 3983222
3742907 3740110 3671438 3659080
3864119 3819752 3848595 3791687
3892519 3817935 3845186 3940146
3845656 3839591 3795197 3952181
3889669 3852814 3770260 3833154
3800384 3884247 3891290 3994644
4060593 3845623 3811763 3902286
3893002 3838125 3856342 3973211
3763309 3800924 3743557 3725701
3771860 3762578 3727587 3884020
3979881 3971066 3932072 3853101
3803917 3901610 3888536 3779092
4155774 3871858 3960053 3828944
3842723 3937399 3969743 3715570
4064443 3911891 3950018 3782925
3923038 3953600 3996827 3768606
3910634 3829799 3877337 3710242
3757946 3896120 3861849 3647196
4026154 3926475 3920688 3833695
3859947 3826715 4001512 3935255
3873040 3795388 3810741 3723069
3791840 3769734 3986151 3881954
4039580 3887523 3857142 3798097
3797877 3796875 4093016 3921747
3967906 3921155 3900650 3845219
3851346 3854131 4090959 3960358
3930559 3805639 3978980 3954839
3921063 3975393 3861719 3838891
3895421 3771652 3806403 3830973
3863650 3933019 3819033 3792818
3927052 3863585 3873392 3838445
3888054 3934881 3835794 3807112
3991309 3864172 3893243 3941632
3847401 4017250 3867213 3826453
3835792 3995935 3925384 3778626
3973147 3839968 3698904 3852221
3726099 3883090 3778813 3787056
3886772 3668761 3741448 3867330
3868226 3949925 3965285 3730368
3911914 3772688 3774200 3827722
3930124 4014173 4035994 3779543
3961030 3750333 3770133 3911538
3866586 3825711 3805565 3758263
4079223 3901685 3864284 3911519
3800654 3806376 3740771 3689464
4019810 3867894 3837472 3896090
3934392 3855889 3742942 3803422
4129302 3888219 3822917 3840471
3859161 3853358 3815968 3839936
4064043 3972355 3849712 3971879
3927054 3803487 3784732 3925866
3857393 3869173 3861418 3915536
3883233 3830425 3765833 3810440
3683181 3807048 3815432 3878328
3884617 3854728 3800539 3778341
3833531 3814108 3805251 3972479
4027663 3841338 3798628 3850317
3817348 3760867 3768876 3970188
4005047 3806164 3941146 3836863
3777229 3953232 3990768 3755521
4017234 3835770 3923028 3769260
3797797 3754454 3941464 3688396
4012882 3876274 3906405 3809878
3754142 3919872 4002392 3727381
4090036 3930230 3979553 3884513
3829330 3893147 3925731 3732937
3686607 3731349 3883042 3715427
3685749 3828061 3551682 3676515
3803398 3896829 3982366 3766430
3784567 3951124 3752960 3823212
3747461 3688955 3901639 3747855
3632073 3901356 3742255 3684921
3849422 3965137 4042129 3861343
3810904 4050095 3853144 3830988
3832237 3764807 3650680 3689345
3729455 3808536 3716782 3687345
3850823 3803337 3735206 3908716
3836439 3937197 3820042 3808654
3914584 3848061 3693459 3699821
3894950 3978853 3776660 3802629
4036939 3959444 3773908 3862457
3980527 4049701 3900154 3894337
3694662 3703392 3685554 3882742
3794042 3809557 3767465 3683401
3809920 3763500 3705069 3961777
3844837 3916718 3840014 3764386
3748626 3717422 3696383 3833400
3811929 3923736 3740782 3630340
3924025 3919775 3786075 4005405
3971257 4017071 3951648 3790685
3733565 3742548 3785537 3769008
3670327 3722369 3628631 3669115
3871855 3976506 3939929 3956518
3886201 3841757 3765472 3826538
3839544 3916217 3892487 3822298
3779560 3852564 3633628 3802331
3950292 4072221 3990011 3998191
4015666 4030150 3785046 3902994
3910718 3737462 3781319 3835427
3595165 3651355 3730992 3804667
3985948 3906784 3891127 3847290
3715568 3823302 3804907 3944268
3872342 3776721 3788838 3841523
3593236 3772435 3753020 3810692
4026690 3971039 3932955 3970057
3781010 3850735 3904895 3918420
3758606 3654811 3825542 3932620
3839000 3821258 3630442 3793050
3776941 3719976 3978311 4087917
3929185 3915668 3782310 3922663
3705990 3665661 3966054 3972068
3741800 3944049 3711711 3849294
3897781 3848884 4012603 4135630
3960858 4009771 3835273 4012469
3868097 3935173 3965069 3868528
3873367 3942140 3750473 3694206
3827885 3809059 3922152 3803394
3721818 3891647 3681476 3730460
3802303 3883125 3940821 3931490
3809508 4008770 3704262 3789659
3824690 3879846 3911668 3871726
3773647 3905072 3814521 3764204
3942706 3844613 3798027 3801907
3906140 4053674 3862328 3763054
3843211 3859450 3666985 3705811
3863749 3939073 3793396 3706469
3971391 3870706 3744850 3790458
3979276 3991273 3785730 3770312
3983771 3880155 3791059 3751446
3947049 4033266 3854828 3787320
3853248 3825207 3771213 3903544
3888573 3991117 3843150 3780270
3828383 3810282 3751685 3850138
3865230 3906961 3826466 3676314
3770230 3941150 3745039 3949615
3839804 3903475 3838375 3768435
3832163 3862092 3705931 3928863
3940738 3963348 3902938 3772385
3917630 3922977 3917963 3949578
3839209 3901009 3785664 3844870
3824616 3940681 3841607 3866858
3784757 3884381 3710208 3818515
3951091 3983789 3915076 3914027
3816949 3877275 3934355 3873873
3826596 3983379 3951979 3957612
3862528 3956900 3770100 3842383
4018193 3861676 3893159 3951238
3784320 3831579 3768059 4003949
3944034 3945685 3805718 3872952
3688494 3740791 3752600 3871545
4002995 3886952 3805414 3950446
3775156 3921797 3829891 4000354
3994281 3892243 3810141 3915168
3732612 3802440 3902916 3982491
3898569 3702032 3902222 4040041
3920684 3954921 3806824 3983879
3777521 3818324 3934881 4024724
3787980 3903769 3756806 3925060
3852694 3861684 3938204 4005703
3958190 4053794 3766775 3961520
3840003 3883053 3947257 4140059
3878421 3942082 3797675 3953604
3812084 3902132 3931199 3850268
3754793 3908317 3775629 3791110
3933162 3981384 4136773 4017757
3887954 3968707 3851884 3848658
3699220 3793252 3891716 3726223
3657569 3784379 3691657 3681086
3914543 3964003 4148725 4017821
3961564 4056741 3789709 3812783
3943652 3855218 3773512 3831994
3939803 3979753 3795784 3807741
4077667 3952954 3891373 3922011
4111345 4162390 3879581 3976587
3836945 3816166 3661752 3732370
3886823 3950329 3748947 3639256
4087789 4009377 3895858 3827102
4057901 4109296 3937555 3884709
3770574 3847364 3709752 3894414
3966140 3942187 3883430 3712396
3910819 4018433 3795342 4118460
3986435 4104192 3955955 3819094
3670369 3896741 3642718 3831470
3737780 3917464 3769368 3570404
4001329 3965042 3799484 4030765
3977140 4076227 3971861 3884060
3863602 4016102 3874902 3935067
3914827 3884328 3750366 3871564
3944889 4080408 4071013 4064334
3953065 3932627 3874088 3976727
3838120 3964338 3885978 3854321
3786835 3808872 3638375 3745301
3984266 4160699 3991381 3951441
3980987 3987732 3825292 3965531
4026464 3820643 3825275 3919266
3828695 3756692 3838035 3975742
4068328 4164749 3974812 3891930
3880903 3991987 3918463 4055596
3865978 3785313 3733774 3893606
3688044 3824334 3856817 3838646
4111910 4015804 3916816 3992188
3828664 3877326 3952495 3929796
3825321 3825251 3898187 3985380
3920442 3954249 3778755 3947273
3936724 3980649 4143228 4167203
3984333 4016290 3878274 4097470
3764888 3780055 3920620 3881390
3803357 3816121 3781699 3945513
3961920 3867207 4078783 4171073
3951021 4074911 3882868 3961466
3829402 3860971 4002060 3838455
3774507 3870264 3710975 3735143
3746602 3837214 3971358 3694495
3707788 3923240 3709338 3680389
3947698 3970589 4053577 3919452
3838942 4088319 3837323 3788284
3830872 3966150 3936959 3892815
3773177 3970452 3772320 3745947
3926555 3856223 3759944 3820318
3985205 4054339 3805580 3779979
3946203 3877916 3734655 3730288
3822029 3948495 3746437 3737820
4040055 3961642 3868131 3865229
3974684 4069309 3923438 3897030
4001746 3860818 3765880 3872836
3874673 4044687 3880525 3892016
3845206 3846384 3764999 3887516
3887787 3932301 3939203 3668171
3824156 3860423 3697425 3903897
3869834 3906083 3760486 3642809
3903436 3935746 3854258 4076095
3937238 4035573 3923914 3779333
3881515 3894344 3771898 3987827
3988202 4010613 3944217 3724244
3903814 3924099 3873502 3918644
3896551 3819842 3841117 3868327
3755581 3952948 3897351 3857822
3870880 3887344 3765955 3797071
3923539 4047750 3985047 3969610
3868084 4008393 3856364 3973164
3955252 3999841 3948583 3963766
3860900 3895860 3776968 3901421
4002312 3892201 3835252 3940054
3712644 3799954 3832416 3863178
3979394 3813272 3767966 3851629
3617230 3786100 3824109 3818297
4049785 3931826 3896864 3993178
3873541 3813754 3875874 4058219
4052633 3855500 3869018 3932221
3727464 3832262 3917377 3961750
3860910 3777515 3923049 4064052
3830020 3921240 3787327 3977391
3779806 3816615 3849802 4025807
3844364 3911980 3738539 3945341
3827900 3904916 3908855 4081012
4025461 3980700 3899054 3991410
3853922 3821876 3961161 4068485
3922675 3932949 3796603 3971855
3869939 3920709 4022521 3815226
3749561 3943676 3712967 3743768
3808675 3901211 4015591 3854213
3763766 3846364 3707561 3770967
3690749 3817196 3886642 3747006
3674044 3847274 3683409 3651570
3691822 3807444 3818511 3727876
3699130 3766564 3668207 3709515
3944095 3909984 3750116 3879253
3951327 4013220 3786319 3799297
3932913 3828963 3744002 3834332
4005094 4040189 3797826 3769244
3829505 3697731 3664624 3671697
3863691 3869471 3751890 3679322
3803531 3778421 3624425 3757982
3772482 3914184 3680846 3642275
3809686 3861472 3792602 3867985
3863874 4026184 3881791 3754566
3879454 3852781 3846476 3880309
3925100 3874461 3896250 3775012
3797547 3783422 3612147 3825664
3828602 3808478 3735352 3634804
3789376 3879141 3629290 3823954
3740984 3806560 3787834 3618053
3874180 4032648 3936485 3854272
3833375 3937717 3840460 3849433
3937646 4044715 3925899 3796099
3902657 3976727 3781579 3874002
3809748 3892048 3821892 3783401
3754515 3808785 3701420 3728985
3790305 3925372 3863278 3854410
3856469 3789883 3682816 3751738
3993451 3914004 3875021 3834375
3695852 3797533 3826906 3902883
3990717 3836206 3851654 3936541
3652564 3931640 3835662 3987020
3887100 3770343 3790431 3711743
3699698 3661602 3703830 3785974
3807355 3843324 3709257 3707873
3583002 3728922 3775351 3866431
3754296 3774316 3971618 4073291
3892643 3982895 3804730 3938801
3819080 3753937 4026938 3946757
3946021 3996484 3773991 3919259
3741996 3736881 3850747 3933195
3825387 3840615 3676221 3890181
3715673 3727913 3886889 3916309
3736673 3852518 3684042 3909405
3897991 3927472 3950568 3940659
3846146 3933693 3829834 3718735
3833705 3836375 3910174 3842321
3772160 3879529 3739601 3742439
3942597 3944075 4044978 3881695
3845856 4032094 3808584 3772356
3821950 3863323 3986114 3828211
3846172 3927954 3747302 3709447
4047478 3868917 3806603 3870153
3855611 4102567 3873878 3817629
3974640 3763571 3728925 3783198
3890418 3982333 3772766 3821269
3993009 3916309 3836055 3919593
3868694 4064312 3934392 3847287
3882507 3924419 3736378 3892519
3903188 4001187 3784234 3767680
3882309 3955149 3845704 3882658
3892563 3873801 3914240 3744671
3866537 3858633 3666568 3877580
3825295 3877611 3811002 3695106
3941619 3876161 3860784 4013686
3977987 4035166 3989862 3814087
3836426 3864774 3797673 4008591
3877070 3990817 3835830 3740285
3937280 3990581 3901203 3958011
3930270 4006986 3759805 3856742
3840155 3998585 3903700 3795759
3819862 3917370 3849631 3798635
3969343 4043408 4019528 3979843
3932331 3872105 3810397 3947755
3911917 3945534 3908839 3955469
3826889 3865050 3796880 3848067
3999661 3927551 3822715 3928901
3719027 3769148 3822269 3935321
3954330 3790225 3767046 3862038
3675896 3783445 3825507 3818273
4074402 3985453 3953378 3947794
3808211 3839427 3889000 4080000
3959346 3808357 3845079 3956231
3672518 3802925 3788303 3793531
3836221 3871127 4018520 3977774
3913463 3991329 3841632 3933452
3819572 3864499 3886804 4027483
3868528 3886738 3831199 3892282
3901272 3860505 3962136 4140383
3953552 3950422 3804947 4026024
3861364 3766206 3887867 4013304
3999080 3937677 3785199 3908834
3767578 3865768 3936621 3832602
3818204 3860606 3715332 3705320
3754971 3870278 3940385 3798020
3655946 3883247 3772083 3673462
3797360 3958346 3958649 3900235
3807013 3979578 3794451 3765519
3899484 3996237 3982606 3973808
3850634 3976021 3806311 3858262
3885492 3804591 3722566 3692864
3870505 3962249 3725583 3756168
3847022 3814925 3742300 3760570
3869828 4014876 3806553 3580578
3922045 3907679 3763432 3883319
3906095 4012805 3847030 3811989
4005229 3958169 3815199 3816976
3969541 4144435 3882625 3823709
3818699 3827970 3727167 3866026
3828401 3906088 3760191 3720722
3853912 3824537 3674273 3890618
3853040 3836915 3787784 3765631
3871476 3884170 3739193 3926746
3928782 3969454 3904721 3862442
3960687 3947657 3820780 3992085
4011256 4015119 3897543 3873759
3837694 3941233 3897322 3816604
3707646 3913054 3739272 3779466
3870243 3976629 3887942 3871294
3817576 3889992 3757973 3810865
3927023 3979650 4011465 3865307
3813573 3881512 3735001 3883129
3909158 4018427 3985874 3909463
3842020 4004433 3811187 3856126
3920718 3850337 3861518 3893350
3654840 3661080 3786412 3888270
3992266 3851717 3882738 3959425
3661643 3809051 3850975 3872498
3982182 3894398 3847225 3944110
3805834 3815674 3830865 3889229
4056735 3932265 3976688 4023158
3770910 3796445 3947760 3972933
3814212 3818022 3878192 3995745
3832632 3883767 3857949 3896037
3824755 3706558 3802062 3973480
3868809 4000986 3831233 3951993
3839148 3814257 4001646 4061176
3909120 3905597 3839262 3995102
3958613 3936869 4060853 4039235
3979042 4073602 3889323 4014165
3860188 3845251 3991363 3848052
3768248 3966073 3751546 3744278
3738120 3766537 3777858 3718242
3767468 3887508 3635538 3650036
3782113 3875978 3979563 3923959
3800027 3946831 3762312 3760309
3868844 3931132 4013486 3879882
3817397 3980723 3764971 3761735
3917878 3824747 3757732 3812830
3868552 4012689 3837893 3776140
3818635 3741402 3736281 3704405
3828767 3947907 3745263 3758244
4001137 3906020 3689204 3842112
3856121 3959483 3801217 3764202
3898425 3934151 3838145 3758486
3935536 4042955 3893320 3880359
3902880 3813872 3794660 3866568
3953030 3900535 3892607 3683647
3734593 3820340 3620147 3829870
3735949 3796707 3799429 3724057
3786404 3825678 3730085 3932056
3924206 3957817 3827451 3689689
3847389 3869868 3732943 3900194
3920866 4004008 3865909 3789632
3903677 4039255 3843258 3931814
3865050 3837684 3814135 3881972
3772269 3863988 3892552 3848233
3734050 3792583 3729130 3714559
3929657 3907440 3936965 4027559
3810005 3878670 3808162 3805775
3935816 4023635 3941854 3915250
3861195 3890182 3813893 3870688
4025131 3905925 3888282 3841109
3711289 3776503 3835680 3978220
3982027 3808092 3826175 3820065
3627283 3718654 3712051 3788148
3886813 3833291 3840030 3958023
3745050 3865888 3804765 3890536
4097808 3938668 3858666 3955360
3721572 3802944 3890437 3912553
3765258 3747723 3970432 4011816
3938288 4027607 3802725 3924770
3742653 3725959 3785003 4010438
3804927 3857956 3697447 3831872
3783392 3761715 3933608 4127972
3896833 4000711 3834205 3994999
3768730 3768799 3965892 4123639
3899985 4034140 3795005 3982102
4005194 3975777 4124624 3991224
3918953 4054211 4015192 3856814
3756544 3783260 3871098 3727402
3719544 3924931 3685122 3622550
3782373 3963183 4056044 3874834
3812232 3904015 3862581 3836528
3695756 3785342 3883774 3746855
3667360 3908048 3664486 3659690
4105340 4043784 3838372 3954581
4051996 4166398 3930054 3963771
3856401 3853181 3770354 3686904
3767079 3818121 3764029 3699559
3934629 3890319 3838896 3796016
3976994 3983058 3843085 3842119
3839664 3787512 3687640 3772631
3789447 3918305 3784817 3637003
4000459 4002814 3888889 4112871
4069293 4127659 4050753 3861076
3770723 3725301 3641505 3898381
3785035 3807182 3718209 3746033
3815524 3866492 3858423 3975383
3864000 3942703 3901870 3840638
3773127 3757651 3660072 3789141
3778733 3807247 3756919 3589958
4055927 4184321 4066588 3990412
3933582 3942098 3885438 4054217
3751482 3966704 3743703 3860128
3784224 3749334 3724736 3761400
3915100 3927221 3945021 3930253
3911060 3916800 3784582 3868195
3842944 3928441 3791845 3806281
3781760 3753821 3721248 3755503
4165769 3979028 4008984 4089922
3805629 3852859 3996675 4057880
3842970 3678554 3772862 3815645
3639574 3683247 3761826 3802649
3949667 3871187 3885414 3956322
3804039 3870645 3907715 3931922
3947204 3803014 3774180 3849734
3723220 3779609 3759544 3852560
3963881 3937709 4095617 4062505
4037647 4137015 3984118 4084365
3756038 3666419 3751918 3930174
3733268 3808874 3708203 3935151
3941197 3918662 3962323 4066721
3939805 3946909 3936975 3959771
3737265 3670274 3814929 3956006
3795910 3876572 3681372 3764069
3850883 3839007 3909179 3865055
3757603 3825847 3767018 3743642
3805634 3848343 3895825 3811202
3737684 3996268 3697530 3679115
3868065 3969519 4063023 3905532
3900991 3966847 3850589 3844221
3857198 3913929 3969392 3926761
3897168 3993481 3810654 3805071
3990185 3807857 3725287 3795276
3901226 3996094 3843372 3730073
3927515 3788601 3730086 3716822
3818137 4017110 3780279 3804138
4059214 3933284 3675448 3841142
3918837 4082571 3904370 3842120
4046506 3939086 3788937 3825838
3961206 3993763 3876212 3864698
3753118 3840184 3663307 3914116
3882950 3894041 3875284 3654081
3852069 3823728 3715588 3896168
3909713 3890093 3815740 3735124
3905372 3918212 3778715 4028107
3965313 4054880 3921824 3769583
3889535 3949874 3829186 3883661
3938510 3992976 3882319 3768711
3837609 3916597 3846289 3918528
3791384 3834514 3758450 3851466
3836985 3970024 3864926 3913752
3882662 3858774 3712446 3843899
4026653 4042368 4025121 3927255
3890620 3918816 3874972 3909201
3966434 4019988 3921755 3937706
3952560 3926895 3803482 3894096
3965438 3930789 3871553 3852367
3657461 3811731 3807345 3917053
3946797 3833713 3727217 3913502
3689983 3777508 3758972 3826893
4052297 3973494 3929377 4066292
3806486 3891982 3897731 4009063
4068465 3867831 3834831 3939013
3781183 3812748 3867461 3956688
3755392 3766971 3930176 4075571
3882695 3811976 3765040 3982868
3763245 3761204 3930120 4047677
3914425 3838811 3751032 3942308
3815079 3886340 3991236 4097039
3990840 4055701 3886506 4078427
3875168 3869929 3905665 4113223
3974621 3923599 3818472 4019490
3758571 3800305 3980582 3810720
3673111 3961397 3693565 3669003
3864204 3956850 4044824 3881666
3796521 4015385 3866894 3754901
3787308 3949503 3964253 3897875
3876964 3929244 3830627 3793684
3659423 3762583 3841564 3695812
3640374 3861987 3711452 3662357
3829809 3735328 3681165 3819977
3791695 3923000 3780763 3801603
4011494 3895884 3669513 3882058
3964178 4038995 3855755 3832252
4049684 3963131 3798984 3843801
3994523 4031117 3804547 3809211
3821970 3703106 3607480 3716079
3682574 3916763 3724529 3635159
3739099 3816689 3680153 3840519
3727690 3842076 3815417 3657699
3814421 3952291 3827749 3946592
3865525 3957199 3926764 3684375
3804052 3961588 3793265 3963568
3925918 3992385 3940349 3815620
3708954 3756987 3625465 3807649
3750765 3847250 3761601 3586572
3745272 3934828 3826821 3924987
3783420 3756297 3705311 3759253
3896621 4005480 3918942 3911723
3892279 3903102 3825964 3904540
4009731 3980116 3939695 3860656
3914632 3906560 3774910 3922181
3752660 3866598 3783728 3845372
3750027 3698335 3701045 3834734
3943311 3878946 3861103 3890476
3684571 3802774 3843159 3860777
4008238 3940539 3986649 3908047
3713550 3851831 3908674 3973479
4071517 3923221 4031799 3982373
3759015 3870822 3916918 4015655
3881854 3768513 3698088 3831211
3615816 3638735 3692323 3840603
3718261 3773285 3899743 4001749
3868450 3906956 3699817 3932709
3801555 3853347 4026994 4122524
3889992 3892653 3820610 4027082
3946651 3906914 3994178 4084624
3922374 3900719 3814299 3982017
3760983 3738102 3742219 3919867
3760320 3914699 3697951 3753738
3909841 3934174 4045876 3869888
3852313 4022107 3873636 3828583
3786557 3863159 3854149 3842217
3801427 3816489 3741558 3724692
3765389 3864907 3860329 3887909
3768811 3898486 3829534 3815451
3871951 3949737 4007626 3829376
3891836 3937236 3699996 3817658
4034097 3879765 3782696 3835920
4022013 4135201 3837868 3869454
3875944 3818731 3703721 3714222
3866323 4021439 3790000 3713599
3899240 3840302 3759845 3806965
3787170 3991651 3753101 3781512
3966781 3873635 3736669 3800853
3993893 3977664 3871383 3832855
3849103 3906020 3739058 3968502
3970119 3969523 3989105 3764437
3742792 3783237 3777306 3879105
3800363 3853204 3826926 3670679
3825370 3840210 3844344 3988275
3875648 3953564 3866775 3735032
3832162 3917533 3817065 3926907
3840413 3983597 3919386 3702250
3958981 4066621 4011688 3941214
3901209 3885831 3841661 3898825
3815671 3956714 3870502 3917040
3821114 3820853 3693986 3814631
3866632 4052139 3894269 3910891
3794404 3923223 3848758 3805453
4000022 3989523 3956996 3942354
3958977 3908158 3806968 3873260
4027379 3944150 3928267 3932766
3766969 3850713 3863150 3973460
3953937 3779727 3817916 3858306
3639260 3691844 3842782 3851451
3916713 3832332 3928666 3917151
3697920 3723234 3810398 3863795
3990675 3973101 3924991 3958194
3738980 3843925 3792473 3962588
3836297 3903217 3957880 4062920
3944054 3983889 3943333 3990733
3793712 3742224 3858007 3975141
3858058 3854762 3746419 3888239
3861245 3787251 3890630 3974655
3889324 3916359 3782516 3946007
3935631 3900715 3985381 4086613
3862719 4018107 3810336 3987372
3985154 3941999 3992374 3961600
3903624 3935302 4023773 3991890
3879631 3850215 3943457 3821706
3939669 3845546 3939513 4030885
4008143 3877487 4018554 3919070
3930103 3961686 4096408 4110213
3870091 3860184 4016893 3804405
3811949 3863887 3972417 4007445
3941345 3864650 4069162 3925111
4108270 3932392 3772280 3906728
3930202 3801346 3947364 3890184
3942431 3961671 3728789 3725815
4055103 3854882 4073701 3998171
4086184 3960060 3806868 3910843
3946788 3796802 3997484 3819788
4134150 3829325 3744876 3796764
4016568 4116009 3846144 3930176
3979646 3900183 4030958 4084229
3981368 4017398 3827373 3759236
3989397 3927178 3913624 3940319
3979182 4142314 3912116 3924281
4019837 3925340 3912409 4017409
3930800 3974007 3862635 3879400
3897417 3792550 3840999 4041243
3920087 4015001 3776558 3909888
3776981 3901692 3839152 3806814
3930040 3960323 3738494 3805816
3744340 3925557 3712852 3794710
3960903 3958977 3799280 3808520
3853160 3968858 3901516 3887106
3981567 3888708 3770726 3882216
3739961 3926577 3855807 3760167
3975029 4046616 3953981 3930637
3896133 4072122 3944973 3863521
3799142 3879852 3893201 3917865
3826158 3969122 3970322 3666568
3909074 4023209 3962248 3963149
3945995 4165998 4026265 3854002
3911456 3903572 3896436 3899663
3903747 3971992 3918622 3643308
3807150 3913092 3980543 3779829
3903280 3923525 4040513 3885904
3878099 3816562 3980314 3702682
3761026 3908938 3884324 3842430
3793080 3868115 4080259 3777876
3799057 3924130 4020960 3922197
3776434 3832642 4018771 3743521
3816596 3876206 3933910 3908827
3881072 3810898 3932195 3847597
3789771 3814072 4012924 3902980
3794353 3695079 3839623 3638142
3737045 3751516 3856523 3816029
3891128 3774412 3945295 3750505
3724048 3801319 3906071 3947589
3895824 3786445 3959120 3729677
3845242 3810615 3946257 3909255
3861188 3803283 3939145 3776680
4017179 3871133 3664893 3844683
3839071 3740325 3832742 3705072
3916189 3742203 3646224 3650403
3878848 3739877 3902222 3793941
3908249 3747112 3678146 3766743
3971302 3865082 3957862 3837069
4045320 3838546 3712481 3796654
3940710 4003613 3844614 3815288
3982296 3759856 3857300 3946918
3744693 3913123 3690339 3689284
3853862 3658106 3782892 3851525
3909760 3953903 3727265 3794241
3961633 3823675 3752858 3906932
3967814 4004026 3772681 3768120
3951371 3791141 3924525 3894864
3870686 3803900 3790428 3799285
3812905 3977659 3803271 3840962
3707606 3713393 3676013 3646697
3729136 3842431 3678819 3701184
3787262 3750055 3728417 3766352
3724151 3822157 3777759 3746114
3922294 3901228 3741133 3825887
3674577 3839799 3740739 3803422
3791256 3880404 3860041 3874725
3807426 3996652 3942752 3667139
3714837 3696025 3746522 3800645
3682809 3808675 3847516 3661261
3793694 3926006 3841130 3862103
3792930 3838722 3834457 3668119
3784937 3857106 3869674 3890777
3840719 3999013 3891212 3730594
3794047 3817301 3889414 3672207
3820173 3864646 3877956 3842611
3634496 3652929 3761170 3688215
3728145 3712037 3809123 3761096
3646955 3783140 3838970 3657974
3767174 3874326 3793314 3783031
3738118 3871891 3858873 3741493
3858622 3862552 3943748 3858792
3869407 3804670 4005429 3834519
3834528 3804465 3922213 3908741
4039587 3868152 4018456 3883019
3945755 3907533 3992437 4015204
3830696 3757072 3777260 3662994
3773968 3704189 3815600 3800016
4011633 3932520 4052402 3961786
3931915 4020781 4049415 4057334
3885024 3756326 3912212 3779510
3999408 3822904 3611034 3755263
4010040 3834900 3999040 3950114
4123366 3986045 3749467 3822259
3800159 3690513 3870477 3742217
4004579 3734464 3625435 3697649
4054556 4005019 4077644 3928645
4181747 4041148 3872553 3942700
3914890 3998534 3828276 3778289
3948226 3788056 3827544 3881363
3951075 4168396 3887525 3924099
4095146 3851923 3958763 3999556
3873710 3919580 3682952 3778156
3806398 3759817 3759810 3858971
4092137 4223057 3950102 3919154
4057696 3938796 4025307 3997068
3846311 3804186 3750137 3784726
3732874 3811822 3679178 3781108
3918702 3856380 3783101 3889546
3772068 3859938 3876872 3842994
3764421 3706584 3633096 3711260
3673306 3772845 3613605 3696003
4000529 3973302 3859831 3894094
3844987 4036715 3902370 3938294
3799356 3933023 3798305 3852485
3826573 3992726 3873676 3698257
3911216 4013130 3927232 4014048
3887961 4003932 4006051 3806747
3733301 3823169 3764460 3807000
3720937 3794471 3844274 3578042
3928606 4019543 3921832 4052964
3935400 4102694 4045717 3870875
3685823 3777125 3885674 3751584
3755547 3765300 3899397 3808542
3849109 3893102 3948505 3809519
3943666 3896366 3944316 3898525
3622417 3698226 3780147 3593935
3738828 3740142 3728334 3674081
3807044 3877597 4044199 3758977
4066040 4023101 4114433 4049517
3756640 3717462 3840507 3682881
3809441 3822089 3910165 3869880
4010758 3813935 3976926 3810445
3835061 3803992 3992918 3950334
3816979 3730078 3895281 3713838
3770075 3755590 3845432 3850703
4001966 3868161 4015935 3886134
3846545 3882890 4025619 3964284
3912027 3755319 3866791 3742561
3972640 3849018 3582986 3753173
4044632 3733107 4013150 3803404
4060279 3770555 3767298 3850766
3856920 3684116 3806230 3761868
3958668 3766867 3654235 3693949
3962798 3876522 4096042 3902163
4066223 3839220 3727097 3786924
3883324 3930731 3719887 3727754
3832854 3718570 3713753 3794443
3957175 4043671 3814799 3746881
3961167 3865013 3900498 4052712
3912621 3914894 3670321 3732128
3860493 3717146 3804488 3852831
3900749 4153994 3858575 3790997
3926596 3840799 3925632 4036681
3813165 3773417 3692047 3730604
3712661 3853459 3657328 3779904
3891775 3856043 3763876 3786374
3793435 3923394 3832107 3633469
3810219 3822055 3685004 3732729
3664797 3861616 3695392 3735589
3832930 3897655 3831550 3831850
3835550 3902697 3844843 3813251
3721796 3849311 3775894 3921637
3704548 3847486 3939152 3622182
3862358 3893752 3869954 3975377
3859845 4019295 4029463 3800924
3753299 3825602 3757513 3893128
3787454 3804706 3823474 3670872
3851929 3971232 3915769 3953268
3837473 4041219 3946978 3732509
3738928 3766244 3709851 3717214
3680888 3805073 3849254 3743425
3789805 3812552 3907435 3700737
3816432 3842814 3900260 3895916
3673973 3738477 3737335 3656024
3686733 3829021 3883843 3770308
3713341 3867138 3963789 3785838
3856691 3994210 3933758 3860094
3954899 3828987 3981089 3857072
3794999 3844645 4000225 3985492
4001714 3748519 4013048 3845843
3892232 3864216 3945820 3923686
3896478 3740097 3883288 3782516
3814922 3778871 3848953 3933499
3746179 3726220 3800074 3710718
3656686 3601256 3825309 3737483
3986373 3842212 3957052 3836742
4083373 3853450 3668554 3887148
3967234 3857336 4003323 3882183
4060184 3980267 3681414 3908118
3855868 3734518 3916489 3730224
4050870 3807949 3661493 3862962
3837350 3660581 3802562 3719645
3898697 3747071 3650038 3644523
4016902 4042930 3817087 3854632
3958139 3843798 3851564 3984183
3941217 3981399 3836855 3873060
3955139 3863508 3917283 3950129
3884177 3977003 3748857 3811808
3879898 3778014 3847617 3845651
3757193 3894552 3592930 3675191
3780695 3681233 3761904 3798722
3922296 3840733 3790811 3809107
3806162 3884158 3864599 3774545
3904598 3889011 3753323 3800595
3789105 3988625 3847009 3774751
3813285 3910288 3733706 3869546
3695058 3818085 3822729 3695158
3756606 3692458 3612709 3701108
3611367 3798848 3709792 3597815
3947144 3964936 3957538 3998906
3896787 4013509 3999299 3724024
3828978 3881899 3885652 4069925
3864640 3949553 3968863 3795123
3821932 3867486 3875285 3878118
3699800 3952346 3936095 3767904
3631649 3755744 3636480 3745495
3709582 3808390 3769770 3555305
3816382 3836041 3868319 3831113
3802352 3934174 3962910 3860853
3757761 3836988 3905770 3750383
3777039 3828403 3992160 3878459
3735760 3765209 3887383 3650553
3748038 3891765 4019791 3878532
3633363 3549160 3688562 3569563
3603488 3702795 3826371 3618167
3721161 3643934 3717032 3655828
3647976 3625520 3701261 3766114
3934726 3753158 3908435 3759045
3757293 3756050 3800233 3922321
3881940 3826479 3965885 3810880
3869183 3888860 3896372 3888299
4041859 3819718 4019588 3940668
3901281 3906545 3944692 3982036
3757169 3652784 3763408 3621561
3873818 3672585 3533293 3645523
3893845 3702098 3898161 3810391
3967609 3807762 3657450 3774002
3898541 3810204 3887762 3811017
4040708 3916738 3641797 3717130
4014097 3877056 4079373 3788499
4038958 3922708 3664933 3913349
3752008 3868171 3676438 3674407
3722915 3676476 3655013 3856350
3826332 3997706 3753239 3765684
3833482 3801886 3770500 3799072
3912849 4014335 3828658 3808679
3910392 3893773 3808930 3890506
3944630 4130461 3834627 3866346
4006255 3790186 3894222 3979051
3722762 3688548 3592575 3647826
3561484 3742492 3629782 3604886
3811702 3865498 3643361 3758918
3716130 3770832 3703792 3856101
3928102 3903007 3796573 3793645
3698758 3904181 3764949 3780191
3906836 3861034 3729510 3810739
3754330 3916783 3799147 3805549
3667000 3771308 3725149 3689482
3600191 3742205 3840829 3537946
3762731 3751563 3743138 3926163
3761530 3926314 3900074 3669674
3755617 3941722 3827090 3914426
3776071 3979302 3904057 3737388
3834223 3956029 3953587 3958454
3886514 4019499 3926164 3745068
3545034 3611961 3683715 3547186
3681022 3663601 3706104 3618373
3634879 3813043 3850553 3710786
3800857 3837148 3945005 3803896
3702153 3756196 3898725 3766941
3837545 3869878 3926891 3776872
3773545 3874589 4025886 3790108
3802582 3971011 3926187 3820777
3995020 3806433 4040378 3939634
3881614 3858654 3971092 3927014
3852191 3849630 3906240 3789920
3848809 3793350 4010488 3895706
3976350 3926318 3974105 3823959
3812637 3782105 3930270 3977258
3819807 3798456 3904941 3795278
3706149 3924639 3960033 3923802
3940253 3791450 3970263 3851411
4099362 3952800 3810020 3920522
3846370 3753250 3983394 3818427
3969842 3814829 3641381 3747327
4005329 3862589 3970778 3847384
4024110 3910113 3633167 3824154
3923574 3766819 3850000 3808499
3985458 3811900 3633290 3719716
3998224 4028265 3851904 3887132
3891987 3839320 3931092 4015957
3892729 3973440 3738081 3806920
3887438 3762709 3855413 3913156
3875758 3989673 3837706 3773897
4039920 3750596 3908804 3993334
3848230 3967190 3733649 3752324
3854529 3729714 3866853 3895705
3930938 3884786 3788777 3818358
3791755 3853105 3864085 3796152
3853181 3789409 3718770 3837343
3799463 3875351 3745491 3753802
3851282 3929312 3800601 3804237
3727293 3958827 3852765 3735774
3819574 3841139 3669732 3797295
3641801 3842015 3763563 3743106
3835783 3893148 3949416 3991179
3761292 4021339 4004952 3817518
3794360 3853635 3828449 3940453
3724482 3950656 3889276 3739095
3796928 3939383 3914631 3952226
3776949 4012348 3913845 3725374
3793848 3919894 3814225 3921333
3844625 3911712 3834659 3731710
3766619 3829789 3989463 3809201
3858601 3921755 3924543 3825918
3640110 3703776 3885149 3734480
3720215 3817887 3952518 3825996
3687977 3772470 3938595 3731349
3843235 3895042 3950794 3869548
3695051 3827649 3870185 3701629
3787289 3820749 3896943 3741541
3857290 3731821 3922796 3794966
3779277 3808969 3902430 3915473
4044389 3823118 3997494 3891242
3885490 3933863 3991119 3971767
3918932 3895400 4096351 3919462
3918497 3928455 3940760 3980617
3955415 3857311 4052447 3918431
3799354 3910500 4007418 3939531
3910085 3745845 3854805 3766949
3901126 3793934 3683257 3906419
3973553 3831081 3990089 3885489
4094177 3913735 3708856 3829158
3952584 3866821 3974607 3945438
4083877 3862969 3732700 3862306
4031457 3781793 3999053 3898205
4165821 3967700 3715724 3875494
3761296 3917092 3731500 3811478
3866824 3837220 3861831 3946238
3942148 4035616 3803981 3858080
3938133 3849917 3938611 3978950
3944360 4079708 3827111 3842037
4005332 3884262 3925569 4121334
3919857 4055922 3878843 3792935
3967081 3921991 3965474 4040000
3893811 3873887 3706480 3777808
3675371 3850999 3641397 3640831
3913741 3885510 3774841 3878421
3749634 3969821 3842364 3828182
3938296 3943592 3799146 3856460
3730896 3999211 3884992 3739478
3916527 3955398 3814302 3868457
3796918 3916148 3853220 3873018
3732191 3950435 3846359 3868148
3788574 3902200 3864442 3725435
3843032 3919557 3924278 3967636
3943888 4063344 3918291 3744843
3860486 3961550 3962894 3909886
3783916 4033790 4027067 3815213
3838661 3906428 3890556 3897238
3832004 3982974 3967539 3784170
3682374 3802922 3922820 3651038
3774813 3811957 3796522 3796930
3891613 3954146 3924675 3819974
3830434 3870641 3919246 3850148
3813060 3850592 3959669 3797459
3902790 3945277 3952197 3849329
3761783 3860762 4029853 3832940
3889218 3958332 3989143 4010453
3917487 3833556 4010459 3836222
3826355 3896015 4080048 3981615
3826710 3691569 3860435 3709618
3794042 3782434 3907911 3925471
3901860 3826884 3968448 3803087
3719097 3904249 3943199 3965267
3863307 3723332 3944203 3758000
3793222 3775924 3858785 3879820
3971636 3811565 3973139 3779214
4041302 3837826 3610074 3820747
3870772 3659984 3933956 3746723
3984966 3788758 3599338 3734983
3876743 3735384 3982532 3747727
3959069 3829938 3729955 3741767
3856099 3674655 3938313 3741346
3939164 3749669 3623661 3745788
3900113 4069596 3778419 3827916
3863498 3861817 3858634 3989014
3911683 3979087 3697915 3711525
3811410 3717116 3772417 3919807
3981473 3918642 3850490 3855117
3974058 3719220 3842220 3922728
3833041 3948235 3750814 3755316
3892642 3674715 3801429 3944152
3913888 3831227 3705439 3763905
3749448 3903588 3793041 3822637
3685616 3748479 3640054 3719513
3712023 3858719 3703644 3705729
3851279 3862541 3655851 3828708
3769878 3893702 3798016 3704194
3734785 3828265 3620105 3799439
3744941 3786062 3710659 3741569
3919528 3860112 3863353 3929374
3809889 3989296 4005408 3789056
3725201 3814971 3778630 3746180
3696479 3834891 3851882 3643366
3857190 3857456 3837738 3869427
3771843 3932961 3995432 3730413
3702895 3833254 3748082 3802385
3662703 3873656 3868507 3665262
3763935 3825910 3951672 3647782
3887899 3909352 3933010 3796656
3609562 3730169 3856078 3663629
3722035 3807908 3783820 3754151
3706673 3780476 3883958 3796390
3715956 3884028 3860953 3829189
3659138 3732257 3834297 3665527
3787050 3839985 3880931 3769463
3876365 3726105 3970803 3725320
3803165 3853098 3857762 3938623
3816757 3734718 3846359 3723023
3682248 3764558 3887983 3905194
3951977 3889187 3911972 3752580
3859196 3834436 4024009 3891533
3941818 3860701 3986713 3844994
3871133 3909955 3997698 3968745
3926994 3824389 3885494 3804250
3935021 3770990 3628594 3774856
3884347 3776408 3841101 3792989
3943278 3804298 3613693 3706563
3951481 3733177 3927154 3865464
3970785 3901399 3741428 3748209
3962581 3827600 4005489 3828032
4042666 3965680 3679580 3810523
3825973 3996777 3707357 3754215
3880584 3771542 3876832 3882798
3811056 3860683 3763821 3693841
3896611 3756153 3720014 3826238
3868528 4061177 3803477 3839246
3941739 3793951 3849926 3878667
4025330 4091136 3848046 3900868
3993796 3868971 3936530 3979283
3795474 3840171 3709969 3761375
3750951 3915181 3792085 3765769
3769071 3792787 3678204 3758794
3670182 3841675 3767689 3707793
3793010 3908122 3730004 3832854
3750970 3865476 3708995 3871309
3864135 3893101 3727821 3787326
3721745 4010560 3789579 3869053
3744436 3820215 3876421 3849851
3753847 3910977 3886873 3650704
3702781 3876297 3765626 3848133
3747775 3971137 3866480 3738791
3770069 3929194 3865432 3944919
3821051 3937401 3971634 3751069
3877300 3894631 3964953 4069870
3917029 4046133 4002132 3847597
3676225 3797352 3817013 3701097
3765236 3827271 3925016 3839624
3642460 3642028 3805143 3730680
3735532 3805894 3898617 3721590
3706287 3821122 3878491 3768463
3796203 3888279 3801908 3869465
3821921 3902441 3905872 3862843
3845306 3909071 3894419 3950913
4044335 3903240 3955571 3853246
3944678 3823894 4044191 4003226
4059114 3905335 4058090 3865612
3912075 3905237 4118767 4119242
3856706 3804091 3934277 3777460
3801037 3716176 3917513 3865632
3858401 3821208 4013277 3813999
3878848 3881722 3961807 3998853
4041598 3805047 4028128 3871979
4050579 3889605 3708469 3863946
4033432 3870391 4039318 3886921
4139708 4034824 3848913 3907760
3902630 3743117 3890617 3743663
3987306 3821688 3605126 3716598
3903997 3824528 4031273 3797771
4014082 3817052 3792241 3849093
3963924 4111069 3790320 3894631
3947870 3857313 3885380 4020396
4019516 4145607 3931461 3884313
4081548 3928114 3987597 4018739
3856467 3953037 3717525 3745511
3895348 3649216 3858886 3884070
3938154 4056188 3844092 3769101
3938869 3797134 3844816 3875653
3853284 3946110 3840517 3906824
3818797 4016733 3843617 3885715
3976450 3900511 3833790 3910991
3779531 3963113 3884814 3938445
3808151 3794107 3689730 3723951
3744744 3857456 3717191 3683887
3875253 3873141 3759980 3793281
3741157 3896805 3803372 3803981
3832142 3933595 3920615 3950459
3899614 4040139 4051238 3845140
3856597 3985406 3982001 3960946
3858099 3997849 3983359 3832353
3763022 3810296 3860000 3850278
3712196 3848169 3885239 3717667
3811695 3908561 3853899 3899236
3774082 3968062 3934086 3747011
3728145 3859454 4026172 3821083
3846147 3952639 4009436 3864134
3917890 3876809 4044358 3752372
3969636 3894452 4044092 3893219
3670201 3731253 3814797 3707884
3709142 3802369 3851236 3856572
3726666 3749232 3875597 3771785
3857358 3894357 3908141 3864066
4064161 3961646 4166873 3954005
4009132 3933261 4100177 4106554
3876406 3876207 3953973 3842631
3791178 3893338 4000659 3896085
3915666 3753904 3892432 3686330
3741256 3748535 3814853 3799368
3809749 3686947 3837864 3710682
3819060 3757469 3836162 3831049
4172843 3908404 4169669 4046635
4238513 4008881 3851914 3921996
3954001 3757405 4009415 3784085
4039142 3839459 3815349 3831480
3904109 3644626 3894113 3748575
3933016 3802894 3619609 3804603
3823117 3690557 3855791 3631514
3919719 3794503 3635246 3729534
4087856 4241297 3950531 3977715
4086386 4040663 4003872 4016429
3980751 4033431 3846157 3850080
3897166 3791943 3909188 3981329
3851990 3909535 3719710 3663952
3834729 3727157 3843297 3843202
3812562 3920972 3718888 3779128
3848304 3692791 3740169 3809839
4008100 4057205 3975218 3954986
3886392 4034778 4006654 3970071
3878864 3851336 3834859 3783926
3780023 3811604 3870518 3788091
3697448 3786135 3698849 3761500
3681500 3768692 3706565 3722895
3785477 3786510 3654677 3683176
3633585 3801826 3652719 3728692
4006936 4099679 3990102 4116108
4021168 4122173 4119540 3860558
3748015 3935272 3801806 3959416
3752109 3982018 3921031 3727853
3725343 3819773 3741210 3766168
3809508 3909674 3925187 3788091
3648248 3824257 3724280 3724959
3806799 3760913 3801698 3588722
3882670 4002798 4051140 3941231
3981135 4083643 4054357 4020882
3846756 3813520 3889995 3722578
3872934 3874219 3991798 3829054
3607199 3792266 3826330 3591493
3684841 3806808 3864219 3732257
3691930 3647852 3827254 3544595
3678585 3782331 3789713 3709600
