3927956 3864237 3921822 3795616
3786184 3853528 3975196 3953416
3891869 3977087 3878147 3752145
3838530 3937978 3873680 3954172
3945889 3909568 3918210 3820491
3810727 3887858 3935800 3987713
3990144 3979330 3990201 3826964
3859453 3979137 3984128 4031565
3880326 3989186 3799145 3851523
3937910 3862610 3945471 3934440
3972669 3939117 3738477 3965197
4046547 3888060 3882349 4009746
3869993 3966989 3803384 3834525
4005153 3896984 3900465 3994238
3904555 4050911 3926391 3970248
4052207 3900618 3960378 4018728
3915219 3796483 3844591 3953135
3857243 3882800 3914377 3765792
3997614 3814526 3884577 3920619
3790960 3912857 4040953 3874385
3934710 3755854 3892723 3881279
3822185 3907850 3931578 3953015
3938115 3863818 3825738 3902790
3889264 3900850 4012103 3979672
3857423 4057314 3874973 3778918
3894492 3898268 3886741 4031972
4015017 3987538 3988788 3817124
3907500 3796808 3968114 4058249
3882426 3994048 3843220 3742171
3886711 3941293 3924656 4018914
3998574 4001818 3936761 3851086
3929762 3977888 3955921 3999308
3959145 3854681 3955803 3964421
3912433 3870580 3793603 3971957
3979918 3926049 3999332 3915011
3883484 3868969 3840950 3951165
3951243 3919094 4020225 3827637
3865148 3838136 3762171 3886843
4000493 3906135 4059009 3961009
3967755 3853443 3846667 3974775
3820633 4030492 3976063 3944617
3815833 4074572 3786735 3792865
3965746 4030512 3962508 4001195
3873383 4056083 3786152 3929232
3886717 3981228 3885583 4034047
3741449 4071836 3770681 3768103
3977728 4017197 3930944 4015747
3920271 4105148 3902498 3860033
3834083 3797242 3826793 3667930
3859593 3875443 3879442 3928734
3842873 3906687 3864221 3786414
3754942 3811683 3906976 3858655
4016923 4011252 3967946 3917564
3897795 3968616 4003589 4048706
3861378 3795074 3825570 3750024
3745982 3879564 3851482 3917590
3870732 3942064 3777244 3806927
3958830 3793726 3870982 3977012
3880570 3865121 3897217 3773488
3989813 3928984 3809793 3958233
3872656 4063280 3889842 3970250
4089904 4003143 3968883 4128800
3805613 3876365 3721523 3832317
3926444 3776924 3748970 3962841
3842138 3657770 3792125 3844264
3807688 3780583 3971724 3778822
3870054 3821206 3857170 3930388
3825972 3791509 3930731 3852093
3963212 3958725 3843195 3948217
3908246 3922041 4011921 4022540
3883943 3747033 3841661 3884062
3750693 3811315 3842050 3811810
3901918 3851142 3847906 3713132
3788637 3956488 3820073 3992080
3936082 3978577 3870202 3772227
3905399 3840139 3919994 3966241
4015250 4029887 3956227 3860553
4015761 3981891 4070410 4090012
3865186 3868690 3793701 3761153
3815270 3795135 3810275 3878190
3889816 3811939 3981612 3899531
3824366 3783360 3794448 3878177
3960264 3789115 3948650 3921489
3812955 3807610 3799557 3880368
4034075 3986257 4133609 4053983
3970674 3897706 3921205 4035250
3928255 3867658 3937285 3941049
3821138 3825827 3693569 3890089
3832968 3992316 3888056 3869609
3750282 3948838 3679857 3766618
3887747 3932988 3873556 3906107
3847371 3898921 3729513 3757635
3992783 4059575 3977614 4043414
3947210 4094526 3863742 3893137
3865406 3949745 3827039 3885005
3709751 3898156 3701972 3702171
3851081 3896665 3813094 3691788
3749536 3760741 3923955 3942209
3901500 3963876 3909361 3746875
3799886 3950300 3935507 3897448
3771629 3837106 3744774 3599066
3662089 3719273 3847550 3797201
4033029 4037669 3976819 3806015
3921447 3923544 3965813 4078165
3780558 3892652 3762192 3746057
3846825 3796407 3806747 3971769
3855483 4021025 3773219 3818012
3929081 3809497 3908844 3926400
3673046 3843701 3653178 3666858
3814781 3775354 3768972 3839622
4006271 4040388 3924689 3916303
4024744 4039141 3931520 4142809
3838452 3724721 3759881 3836283
3762038 3886061 3852356 3857403
3913360 3773440 3878663 3902269
3819050 3818279 3967520 3860961
3765187 3642357 3742787 3692220
3668268 3647118 3764339 3774539
3967870 3812886 3874648 3982426
3873151 3956605 4012367 3960436
3823947 3961847 3844065 3648837
3772108 3847847 3839501 3971053
3941768 3963270 3880070 3776068
3829026 3899683 3966712 3921828
3796096 3816989 3676879 3639186
3635308 3750254 3748430 3795118
4065306 4021808 3931980 3895639
4007525 3950840 4013994 4062700
3883511 3836763 3907920 3878510
3785140 3760572 3672483 3707939
3936879 3900901 4068239 3881558
3891489 3778343 3811991 3946033
3838687 3677853 3938011 3772207
3808154 3709151 3626393 3808072
3968463 3998162 4094454 4000725
3951801 3942914 3826060 4024359
3912448 3927807 3783777 3919646
3785845 3961407 3630808 3787703
3878979 4032561 3925463 3953870
3774301 3867578 3705963 3883818
3762467 3822089 3733085 3855844
3617598 3894472 3651342 3689038
3979312 4053002 3979090 4041370
3892459 4017218 3837823 3821111
3831417 3791971 3873112 3695697
3758818 3901414 3910769 3847532
3842159 3837003 3790751 3683455
3698707 3913026 3735201 3913857
3790480 3853910 3819892 3694780
3742925 3824358 3795704 3907058
3983089 3996004 3989993 3833026
3832352 3960435 3936275 4058050
3703579 3958418 3729372 3813931
3935033 3831895 3799047 3964926
3725891 3918387 3764392 3736867
3867349 3772063 3860966 3985709
3678879 3905380 3710294 3802270
3928070 3797369 3845065 3967442
3860722 4098400 3849599 3922953
4123954 3920760 3963805 4118586
3876389 3669983 3792273 3875235
3770118 3741104 3922580 3804296
3867544 3796526 3680897 3815903
3693968 3722999 3904801 3823697
3826393 3758534 3769054 3864183
3735899 3838835 3892470 3873224
4007410 3870771 3865730 3978066
3941730 3903119 3967466 3942583
3814440 3951988 3799154 3723058
3871829 3846845 3880876 3883797
3859482 3951123 3810705 3707732
3812158 3824750 3810144 3885152
3812116 3888743 3835325 3660369
3740509 3788065 3760610 3973492
3974670 4030265 3909734 3897438
3987440 3944968 3961705 4019169
3927432 3822722 3918728 3841779
3714538 3730284 3665263 3853270
3851370 3803617 3957638 3878974
3753885 3776005 3749839 3839418
3877676 3772433 4023697 3864814
3829128 3836057 3684112 3779486
4044424 3978313 4187618 3970719
3996830 3868954 3817601 4022396
3868503 3908941 3828541 3885314
3683912 3890595 3653978 3741430
3910551 3899636 3791411 3791217
3668773 3952331 3690378 3769732
3846974 3972157 3773163 3850217
3722675 3931313 3616025 3738036
3956927 3991273 3900714 4004764
3796498 4042738 3823784 3929335
3956866 3972956 3858341 3761774
3830598 3911150 3829626 3952703
4021289 3957349 3953623 3789937
3824296 3908604 3941614 4006648
3752958 3787231 3816005 3609306
3720181 3777673 3787925 3752269
3858613 3880892 3811011 3619179
3680992 3801976 3892118 3857694
3919670 3946254 3913320 3880473
4015049 3918692 3873065 4014549
3938258 3921967 3863570 3873680
4072193 3868549 3925574 4065822
3813114 3870432 3687549 3779422
3872937 3770118 3725970 3826210
3763308 3844328 3717345 3768798
3830955 3777478 3738985 3932768
3948562 3871262 3842766 3911214
3847045 3872299 3925615 3930708
3951102 3891846 3862117 3928626
3916430 4018034 3942085 3942168
3846720 3703396 3705048 3747857
3647795 3773698 3831594 3780419
3838001 3653747 3709781 3760491
3754342 3777488 3769306 3735529
3961170 3945416 3925346 3725434
3988075 3929262 3919735 3968268
3992835 3967922 3996854 3877053
3976769 3959835 3900368 4026234
3817280 3839191 3720029 3700320
3765885 3763822 3844616 3823804
3822675 3878160 3778122 3581114
3833340 3820521 3812905 3887062
4015550 3903170 3990699 3906639
3865873 3922895 3787358 3938129
3968782 3893698 3975650 4006138
3965194 3898852 3722583 3888918
3774675 3752013 3867434 3917294
3743044 3720134 3650003 3712112
3834354 3771587 3814362 3752153
3693889 3675861 3698608 3809424
3915444 4019743 3898326 3903368
3920575 4000505 3749798 3858978
3949559 4078663 3980038 3977491
3814885 4098419 3809211 3886466
3736039 3871205 3742877 3858116
3724390 3924099 3649975 3722761
3815562 3909177 3743577 3834827
3710348 3880965 3704026 3618414
3841238 3796544 3795183 3560126
3604852 3702329 3770407 3853337
3694580 3820937 3740993 3607810
3677503 3788983 3817639 3829020
4047353 3975766 3934722 3746629
3819576 3934470 3915248 3951838
3811097 3857741 3799261 3700109
3669293 3727754 3787597 3748997
3713922 3847713 3660898 3759186
3782384 3743725 3736519 3790068
3560051 3824646 3669581 3743989
3918922 3697675 3787373 3871134
3873818 4020589 3793248 3828126
3923000 3943742 3828257 3946296
3772932 3894283 3696513 3713093
3847680 3829222 3834264 3833406
3761340 3646522 3649832 3775161
3672356 3722729 3773019 3724582
3775681 3693207 3745822 3801706
3724566 3709922 3801867 3755687
3935688 3796883 3853394 3875036
3909452 3925351 3901767 3897079
3764914 3638715 3746649 3808456
3728745 3714506 3877281 3768442
3859424 3753886 3744432 3663577
3705246 3710202 3837122 3810739
3812609 3786262 3672706 3718472
3703130 3747606 3732407 3784175
3909199 3950671 3889331 3797467
3948094 3925202 3975245 3992975
3724958 3827929 3783647 3623191
3729540 3686028 3767221 3895508
3765392 3686380 3860000 3820244
3730453 3600485 3669535 3672932
3882596 3722825 3856440 3907054
3687948 3667365 3648223 3788897
3887574 3867135 3978428 3902781
3905797 3790767 3821230 3926357
3821759 3709094 3884375 3734975
3725808 3764397 3649910 3744350
3771068 3868337 3665668 3794534
3657538 3876072 3646403 3651498
3781075 3854569 3790772 3854998
3652465 3856788 3633972 3660087
3936558 4032283 3877271 3936424
3940091 4011010 3753477 3898201
3760705 3848432 3783568 3805949
3699888 3888074 3704562 3679092
3857949 3694459 3793428 3611765
3730040 3709531 3819394 3768412
3936442 3939788 3904108 3844987
3948981 3857871 3898636 3994404
3836413 3949137 3895712 3751898
3761850 3795967 3910753 3922209
3863556 3847726 3752650 3575790
3678383 3757305 3841165 3823600
3707200 3870882 3725685 3720088
3891026 3693964 3738004 3886600
3878339 3987572 3867727 3896908
4023882 3901234 3833353 3993988
3812776 3927292 3853969 3790515
4051918 3912372 3832060 3900147
3777463 3920858 3721139 3775849
3905111 3762376 3791952 3883409
3694369 3637917 3749664 3704091
3757110 3716299 3817325 3729213
3870335 3895311 3879298 3921489
3865133 3964640 4008027 3938654
3923290 3744803 3800530 3893343
3804860 3902473 3933298 3874528
3878622 3655984 3698725 3789561
3651891 3716172 3900344 3776669
3816551 3787214 3761681 3685713
3741548 3727671 3797644 3935118
3960695 4049362 3920749 3784571
3892480 3918897 3991097 4038563
3821037 3879990 3857007 3698429
3863214 3879147 3903118 3845771
3874511 3903221 3831315 3671499
3777097 3800947 3822805 3879634
3779337 3745538 3936799 3801016
3703914 3615295 3660904 3789748
3970559 3868015 4068288 4009493
3896186 3844064 3817878 3962984
3944211 3816084 4023397 3891589
3792821 3803528 3837277 3906042
3834279 3743576 3936605 3794284
3672874 3741092 3707322 3831781
3646340 3844991 3746869 3728779
3656351 3834885 3560169 3645917
3906175 4024403 3915228 3930340
3797522 4155113 3741822 3865421
3923424 3937345 3872973 3854554
3831229 4029275 3774234 3842047
3736332 3964126 3723902 3751342
3669689 3986970 3646420 3821477
3771998 3880198 3777907 3642843
3718558 3843589 3832194 3904164
3971778 4032894 3930707 3790704
3908448 3969703 3912444 4000472
3912499 3921743 3970418 3710853
3819253 3914710 3966303 3922894
3893749 3796875 3889761 3806205
3682214 3806587 3848062 3858076
3772504 3953289 3737627 3753518
3959571 3836446 3760724 3932058
3850684 3968612 3888325 3948564
4084035 3891038 3843843 4039134
3844668 3911350 3834037 3787414
3973477 3794480 3810791 3963670
3720976 3952549 3763206 3733550
3966147 3744852 3779374 3922608
3889783 3763141 3753903 3797691
3841582 3786952 3934040 3808026
3876180 3855861 3876954 3892475
3913479 3889274 3957956 4010817
3928766 3811783 3798636 3884386
3794773 3881417 3919770 3915386
3792679 3689882 3748365 3793540
3755354 3772692 3920430 3844401
3922146 3903734 3780511 3742409
3810981 3810605 3883254 3919964
3987739 3958912 3891603 3772535
3935538 3941080 3922143 4002447
3939641 3951071 3933297 3831377
3794632 3967679 3986360 3973232
3853662 3843472 3788507 3647069
3839354 3813073 3825907 3874085
3871040 3734220 3880386 3900214
3745204 3752482 3731930 3823443
3954753 3929628 4026737 3918768
3902999 3907115 3758030 3945176
4004479 3856538 4005544 3951942
3855008 3805307 3763854 3988914
3909186 3874322 3918030 3818449
3778760 3774201 3719194 3878963
3862208 3836069 3925707 3878253
3678062 3926655 3668074 3717750
3961028 4041789 3905304 3961343
3897617 4099337 3855409 3848646
3942353 3958262 3875379 3853885
3787054 4017441 3790000 3875064
3853859 3892089 3830182 3824029
3753758 3902884 3683681 3752953
3900615 3862520 3867167 3731477
3787038 3801942 3889955 3883288
4034412 3947250 3922753 3827018
3888488 3964241 3994722 4020723
3886807 3965167 3916128 3741258
3822997 3854588 3864799 3952005
3864528 3829838 3774037 3703817
3712657 3833611 3932482 3882741
3857956 3917970 3770363 3778104
3976919 3821272 3834323 3985147
3828135 4021905 3821569 3929817
3980864 3843274 3978008 4011032
3852663 3952518 3836632 3871131
3958635 3858789 3852600 3987963
3818736 3936908 3672253 3757746
3890901 3828526 3849381 3900477
3818120 3819351 3831910 3813012
3824924 3783776 3853447 3833006
3919029 3761331 3747368 3921903
3833964 3943200 3996212 3936710
3907360 3765923 3867387 3967293
3897486 3848269 3921849 3855715
3855285 3747333 3696185 3868249
3782403 3732319 3805912 3850849
3893581 3844146 3836709 3721397
3835920 3789405 3834669 3951224
3999251 4085866 3893853 3776534
3973916 3969816 3959768 4023303
3838820 3917622 3935920 3741663
3934252 3892167 3869910 4009935
3885633 3944761 3785862 3773437
3832006 3846519 3812343 3833156
3970527 3722585 3929117 3883052
3863110 3758928 3757433 3781520
3933946 3916333 4049024 3950976
3971053 3862671 3906855 3968487
3972548 3886681 4039595 3927515
3913258 3866481 3787970 3986493
3874440 3893320 3919263 3953630
3802574 3814114 3804128 3858739
3858358 3841675 3829439 3922906
3813747 3967539 3673225 3674937
3903313 4001420 3909654 3932947
3913052 4054482 3749655 3819187
3871318 4068105 3843858 3907122
3801302 4063426 3741332 3813731
3857804 3890317 3776160 3973170
3722421 3961118 3657927 3830133
3955540 3946629 3988802 3783139
3920266 3905426 3904390 3941703
3650912 3881579 3734968 3611765
3760611 3724704 3726669 3787862
3790467 3792294 3697668 3642984
3686772 3793585 3794101 3797943
4144720 4126793 4056176 3843447
4010309 4000661 4056381 4104426
3877059 4013326 3927756 3876568
3976350 3867051 3935328 3996749
3725100 3790510 3690416 3693088
3817332 3755991 3709925 3803623
3713744 3817806 3632467 3654227
3857230 3753258 3754670 3834405
4011733 4068508 4024207 3989127
4094275 3940441 3990885 4104976
3983408 3867490 3847883 3848163
3883845 3918360 3876529 3959267
3667577 3708148 3746747 3725906
3697715 3705883 3782988 3714726
3782313 3619506 3702700 3835054
3713812 3693448 3834902 3707946
4067288 3901226 4031101 4060494
4015102 3969218 4108010 4051403
3924368 4018002 3916277 3826137
3934409 3924422 3977447 3967505
3829325 3763816 3747002 3593989
3678495 3677734 3730306 3742974
3772820 3858043 3756729 3607260
3712626 3796627 3816250 3797170
4077536 4107780 4059755 3913450
4066994 4031539 4005404 4100155
4010422 3880491 3937779 3947518
3885894 3868572 3739873 3955244
3838277 3654111 3866523 3776558
3741400 3659561 3694725 3740638
3788032 3728307 3852605 3783028
3608738 3642660 3677450 3735137
4134609 3996174 4175013 4043656
3998638 3931781 3960361 4049221
3930378 3938710 3926304 3997914
3849025 4091886 3797287 3895702
3834226 3887620 3711063 3813066
3751435 3885640 3579260 3708407
3797857 3854572 3763853 3873669
3618515 3875457 3621417 3701577
3991155 4166513 4012644 4077543
3877093 4126259 3851453 3936200
3967148 3937301 3874342 3786821
3832565 3908008 3899792 3961293
3868487 3904814 3885817 3724192
3793731 3827654 3857282 3943329
4066766 4031214 4000287 3835734
3948276 3992229 4039760 4133639
4046385 4047451 4051472 3874184
3971213 3946745 4047459 4062927
3839246 3973522 3788040 3846204
4000483 3898071 3806226 4015426
3732979 3902251 3804980 3765656
3906714 3798745 3808304 4004361
3911550 4198099 3920289 4038578
4166271 4001470 4071094 4149028
3990611 4137681 3975824 4002142
4175444 4005801 4062861 4066884
3939002 3877558 3803455 3853743
3850276 3831928 3909610 3853305
3866510 3714244 3850163 3927226
3806887 3843352 3938599 3868104
4036401 3876620 3912889 4018816
3989744 4009529 4093926 4066352
4058043 3941625 3957230 3987372
3962155 4004132 4015829 4050581
3912260 3942593 3862141 3769645
3833258 3885175 3926787 3959220
3890155 3937792 3752971 3761212
3823930 3796720 3893618 3936895
4150192 4124595 4054974 3939609
4033198 4051047 4106036 4023093
4087650 4081277 4046141 3956069
3942553 4008746 4023353 4107217
3995143 3885832 3956877 3906387
3888087 3797741 3684247 3951731
3862923 3800824 3974556 3905941
3841229 3776038 3732363 3889593
4106549 4055771 4103173 4108147
3868704 3990357 3912595 4024226
4138900 3938598 4120334 4001057
3956098 3923255 3947838 3982644
3902518 3938138 3860756 3926247
3822005 4026773 3742340 3846289
3829973 3945597 3894410 3847277
3727605 3888721 3729799 3758449
4049381 4132275 4043418 4064473
3977538 4102635 3851125 3954630
4032607 4150498 4077727 3987410
3923548 4151690 3906334 4001030
3895759 3986986 3908906 3699152
3786833 3863787 3867112 3927056
3836162 3947213 3812503 3708939
3760159 3842203 3904889 3934123
4019693 3972532 4022176 3893560
3823832 3954272 3961104 3971201
3913630 3882675 3972065 3753026
3779460 3819811 3885457 3993624
3736720 3918558 3856257 3861684
3980168 3855011 3881832 3989552
3773744 3960136 3722179 3771780
3938617 3843377 3869265 3896678
3934990 3980084 3869503 3903873
4016255 3971140 3935218 4049838
3814892 3978005 3772266 3784415
4017105 3784844 3820205 3926450
3869345 3793005 3761520 3959266
3828340 3918050 3856574 3835439
3863863 3728491 3768050 3913779
3776224 3754107 3840995 3856829
3954294 3800405 3966184 3955701
3884715 3895758 4013061 3929638
3936620 3722343 3787029 3904628
3781763 3863175 3938874 3863389
3882911 3995642 3822215 3702307
3888268 3836032 3856869 3918131
3896815 3886073 3942609 3687962
3825858 3813726 3833820 3983098
3981303 3941276 3941409 3837936
3892167 3933762 3926062 4066245
3870489 3999766 3807483 3709164
3843821 3813583 3808139 4037718
3986868 3845249 3975560 3923169
3842671 3818030 3838010 3791371
3921553 3763051 4006750 3895563
3790516 3778153 3756432 3751105
4052593 3992096 4067340 4009333
3926747 3825233 3833111 3993256
3878723 3932261 3916360 3892087
3789776 3833776 3774477 3884313
3881194 3981211 3799569 3913818
3848460 3951668 3774208 3840852
3782540 3898504 3898267 3922127
3780204 3954940 3755299 3658798
3918349 4036680 3909024 4040593
3895801 4042553 3828288 3912944
3830190 3981208 3763490 3957570
3818772 3985514 3772347 3854640
3873228 3765676 3705730 3749811
3750042 3755856 3630159 3748157
3998337 3943063 3799349 3934838
3835450 3993689 3940486 3921664
4001455 3926408 3798894 4077763
3923163 4009753 3841872 3930690
4021240 3985315 3911511 4078428
3894813 3994934 3879368 3979928
3793662 3615450 3608428 3735132
3648664 3741288 3618979 3679022
3940305 3848682 3811791 3908642
3781500 3917622 3865188 3828860
4029776 3794633 3822168 3857043
3785353 3966794 3880574 3937413
4103028 3874407 3895184 3886951
3866009 3948442 3940190 3893119
3755277 3843673 3703168 3754255
3856687 3868608 3725121 3712790
3918114 4100609 3891871 4003074
3978446 4055016 3913967 3898295
3957148 4036976 4020746 3993840
3959593 4055077 3883776 3856493
3964239 4053048 4029766 4036764
4076467 4069988 3861600 3921094
3709746 3769740 3701951 3669163
3626964 3774488 3605998 3604742
3970029 4027243 3895402 3952650
3854101 3953250 3850789 3805642
3989283 4076616 3859563 3967165
3760494 3967291 3847832 3800609
4082966 4032712 3869431 3925898
3835575 3956123 3948875 3827640
3619521 3677022 3695354 3513968
3724647 3659365 3695027 3698358
3814917 3883693 3931788 3892183
3989386 3947221 3909554 3917457
3861577 3881743 3916041 3803541
4031940 3920037 3885790 3892368
3911935 3969720 3946836 3813247
4074858 3996789 3947223 3827392
3675699 3742408 3703251 3675833
3770053 3714419 3726163 3875217
3847259 3957427 3928760 3833687
3922443 3909132 3975385 4049526
3954010 4029993 3970411 3893279
3935308 3986961 3968786 4055380
3887911 3929113 3945361 3898918
3963351 3950541 3967118 4068105
3881328 3813692 3732898 3973296
3832141 3846478 3795122 3875566
4043481 3963170 3932965 4067592
3966781 4001013 3956114 3970955
4162120 4097042 4004297 4142127
4035433 4057351 3944357 4037705
3866382 3806710 3730758 3948932
3739987 3816235 3810248 3774941
3969728 3720979 3761593 3836124
3661089 3802401 3781200 3731053
4093125 3962171 3902234 3986798
3813848 3960856 3942180 3916284
4133124 3934233 3896931 4034140
3839886 4011640 3975255 3926530
3810632 3665581 3775408 3744023
3703790 3745216 3759921 3701593
3804402 3930671 3878967 3901680
3893477 3972059 3836707 3678321
3973349 3996018 3972460 4080140
4053114 4158433 3961077 3948955
4059844 4073417 4128474 4161040
4020465 4152845 3999345 4004604
3763772 3941413 3813443 3719474
3771444 3913222 3778968 3764404
3915264 3955789 3828220 3786899
3736210 3809099 3771243 3645076
4015880 4120782 3957389 3909575
3860485 3964404 3852159 3887413
4040730 4138412 4065063 3991973
3975399 4070025 3962796 3866237
3814532 3880552 3613853 3765175
3707486 3898322 3685855 3639849
3670659 3795986 3774742 3781371
3876209 3892303 3804421 3835866
3791145 4021290 4061900 3882175
4061818 3955459 4065230 3868073
3896100 4045510 3963309 4003683
4020931 4080726 4008340 3997966
3703623 3810423 3815108 3654743
3814761 3893267 3779128 3751965
3832952 3826445 3797077 3788232
3874743 3818539 3877441 3968062
3963211 4058708 3982050 3988068
3933816 3993973 4034406 4083293
4011900 4078606 4070304 3952811
4044148 3976783 4114143 4260367
3733367 3835118 3892559 3792579
3772156 3759739 3931359 3879320
4016135 4020118 3907755 4024444
3881053 3950416 3979216 3936455
3974782 3806286 3801986 3868506
3785693 3879355 3759061 3866826
4003857 3911445 3916432 3974819
3879695 3917012 3918133 3904174
3997570 3973891 3835626 3963928
3922161 3951904 3872989 3955916
4033676 3890077 3858283 4008885
3910415 3974830 3948646 3908163
3932259 3684888 3737940 3880986
3693127 3810852 3770615 3776145
4041280 3930678 3820094 3875843
3746926 3895584 3899282 3867879
3974899 3876336 3814145 3924423
3751154 3873857 3846747 3866702
3908292 4037515 4006470 3972967
4018141 4135391 3854476 3979376
3934732 3879525 3921954 3885341
3897278 4007568 3718594 3853969
3995185 4003590 3949091 3914685
3920919 4009537 3832794 3865848
3905109 4037236 3914100 3996568
3989619 4052352 3898366 3840279
3992313 3990813 3839710 3935735
3848078 4067372 3825694 3841819
3830911 3847414 3817381 3820518
3699119 3985040 3725172 3697679
4050606 4004883 3868433 3903064
3871552 3932940 3809644 3762739
3955812 3972661 3884095 3975199
3862924 3971724 3837535 3827178
3792967 3939118 4045455 3832503
4076248 4048937 3894562 3891591
3755462 3826275 3839062 3724312
3843435 3803474 3840189 3748671
3831043 3896427 3890933 3751950
3948280 3919539 3838651 3823561
3835096 3941213 3944733 3789182
3969300 3934909 3911851 3857876
3915295 3972489 4023219 3960840
3985201 3924106 3983100 4069311
3777942 3808297 3858036 3812266
3807220 3782780 3851772 3919819
3876254 3947435 3946063 3819761
3924017 3837257 3946160 3967493
3918017 3992090 3973079 3815790
3908963 3872605 3947617 4089312
3923644 3796047 3755080 3827075
3717766 3789093 3760159 3766715
3974101 3898137 3798495 3935222
3813397 3837448 3771028 3870267
3985692 3838495 3748628 3853048
3818440 3893432 3845356 3866346
4080021 3905911 3826723 3902027
3867107 3895082 3748619 3899024
3925812 3777729 3626923 3827109
3583273 3719623 3773104 3703617
3875882 3746997 3723726 3729884
3770621 3745273 3819296 3732675
3968094 3815108 3785933 3808103
3740170 3812541 3804365 3855795
4032972 3775280 3767569 3846466
3787272 3811685 3870646 3889041
3803987 3912262 3795840 3856451
3911323 3921777 3702453 3764004
3889249 3931416 3880425 3931109
3932705 4004974 3833954 3760496
3932931 3943132 3887978 3915741
3933362 3977978 3852837 3822084
3861504 3957003 3922323 3905712
3965949 4018582 3865090 3855326
3877210 3840343 3734513 3833398
3689436 3845868 3736972 3707886
3858175 3913867 3707445 3827753
3752064 3799791 3767489 3644887
3888323 3948674 3831328 3825752
3767807 3854712 3790656 3690314
3943981 3947059 3821292 3823814
3809656 3893019 3799710 3769285
3778234 3785814 3821891 3686714
3832372 3775213 3883900 3780255
3778226 3690587 3815410 3741443
3821548 3911688 3790400 3781860
3778161 3778747 3844090 3750803
3951746 3934571 3914428 3804788
3818078 3885422 3908510 3771840
3973972 3959459 3934722 3825414
3737750 3809975 3714514 3720600
3825133 3747646 3853950 3953653
3829195 3891905 3894028 3776525
3818186 3820622 3819576 3935739
3825865 3839263 3853502 3849198
3888547 3867326 3930356 3986062
3942602 3972664 3973135 3790445
3866871 3822156 3942467 3992031
3926057 3826938 3727343 3872087
3808289 3899197 3770648 3910795
4040614 3890258 3900368 3997106
3893555 3934301 3787633 3955498
3874418 3832572 3731274 3869968
3740748 3795240 3750429 3740563
4005851 3918032 3790087 4010114
3880843 3886850 3830368 3842835
3914239 3761544 3760455 3713687
3672347 3768822 3767378 3806422
3944854 3836009 3792701 3877487
3824206 3876523 3854315 3762064
3884816 3757578 3780061 3857548
3714631 3779723 3790161 3767051
3969152 3815108 3782316 3892854
3800084 3794878 3880921 3723416
3780638 3887217 3901420 3935391
3851929 4022338 3794367 3782373
3857684 3965196 3885610 4048754
3952551 4012073 3868295 3843671
3752076 3897951 3825600 3854889
3906626 3943595 3779651 3768296
3925121 3983480 3895709 3917157
3950649 4035002 3728797 3828184
3802498 3854425 3784808 3861294
3785605 3846097 3711614 3708644
3884670 4037564 3801421 3862371
3866375 3851759 3782280 3720860
3895401 3885698 3699511 3819710
3738352 3801137 3658844 3667018
3800496 4003426 3755024 3814315
3835339 3959348 3772553 3691364
3750076 3886312 3736339 3687757
3885863 3872768 3823651 3751729
3818921 3804347 3874055 3770921
3933031 3848263 3923595 3795535
3675336 3779464 3782605 3667315
3938985 3923789 3801092 3718046
3702077 3943787 3908987 3752406
3881698 3851746 3829085 3863734
3761499 3867157 3795152 3766281
3897829 3817263 3909863 3973502
3809544 3916596 3886092 3840287
3919413 3836875 3886687 4058502
3720097 3892483 3872325 3637013
3795769 3816744 3802144 3997163
3757141 3885582 3780262 3846917
3860943 3771583 3806767 3936455
3948430 3895694 3894910 3990481
3795723 3912692 3827469 3888071
3937329 3870085 3794843 3924657
3836280 3954309 3835294 3864276
4089822 4015726 3842885 3968168
3853979 4015503 3956231 3935535
4087475 4034894 3913897 3954187
3957410 4058825 3948761 4040530
3879597 3758090 3801281 3836056
3781304 3817122 3830776 3791392
3931622 3901699 3796306 3893030
3743065 3847349 3850030 3758642
4082036 3866705 3778969 3926716
3846696 3891147 3912200 3813500
4098324 3848522 3881225 3995723
3850150 3982179 3941794 3823236
3879980 4001568 3853165 3917579
3986055 4074295 3890122 3824804
3971515 3949819 3865695 3914132
4002709 4006690 3885050 3766393
3998786 4014218 3950977 3986055
4049939 4081407 3859447 3886516
4020947 4094135 4009555 3990066
4097786 4187704 4022959 3942820
3884419 3942642 3831780 3766483
3768386 3921969 3808191 3750505
3941378 4024741 3801105 3826039
3765954 3860104 3711607 3705793
4007759 3942237 3920544 3954790
3832467 3969831 3808456 3826018
4089168 4048465 3890257 4012876
3858515 3985300 3899260 3817879
3822062 3915619 3845933 3828133
3923943 3892961 3954062 3808980
3857927 3878867 3831165 3878040
3971652 3931572 3925437 3830867
3905581 3916271 3904987 3787143
4022838 3942602 3954351 3844117
3944910 3966964 3954149 3937322
4117723 4068048 4018045 4026935
3870113 3868753 3910969 3789063
3937662 3815098 3922059 4007209
3814999 3889063 3934712 3854820
3905452 3752036 3881046 4003773
3884677 3956693 3899606 3899744
3898866 3939909 3974120 4058884
3969542 4054385 3979146 3963215
4041204 3945196 3930162 4115429
4113669 4033136 3942678 4096090
3938554 3970495 3973145 3984797
3949798 3739169 3775165 3859997
3689711 3825702 3760696 3772861
3876784 3866038 3758624 3863032
3740582 3800760 3739036 3811575
3936013 3910485 3740042 3869645
3765253 3850119 3719591 3834013
4094165 3963145 3911226 3960517
3896009 3952590 3939899 3933195
3875458 3769481 3669440 3803616
3658801 3684414 3765816 3739356
3764347 3700624 3766004 3718371
3604979 3795942 3851348 3719841
3869649 3724452 3700562 3810770
3716097 3797506 3778116 3730518
3976176 4087269 4059681 4052975
4143137 4056757 3916160 3926632
3771441 3861161 3768674 3924021
3872205 4019893 3749519 3758421
3826930 3816109 3806217 3824795
3876192 3883376 3749624 3745849
3721579 3868461 3846304 3943399
3837410 3949824 3661349 3700190
4018940 4082006 4004659 3984220
3883761 4026115 3952760 3859518
3889174 3904797 3741116 3811611
3790550 3826845 3681692 3730050
3834527 3958596 3659484 3750513
3755284 3814156 3657402 3592691
3770202 3910908 3797416 3810432
3725803 3847465 3761303 3658670
3922036 3975257 4094090 3895019
4027381 3991062 3992939 3968727
3783002 3834770 3878413 3765880
3880352 3870031 3845762 3846719
3713611 3749031 3708577 3641037
3840495 3857419 3763460 3753614
3692763 3763462 3841122 3633962
3889188 3828153 3844778 3733778
3907082 4038542 3930820 3918275
4106479 4006729 4070881 4181865
3805270 3807339 3859359 3639312
3821571 3856183 3757960 3937272
3716333 3805555 3800425 3781582
3889897 3732315 3826648 3868317
3836242 3888624 3841825 3707511
3783904 3776189 3846882 3966371
4018537 4013361 3941336 4034608
3980924 3935257 3914278 4058368
4067508 3968644 3874970 3959163
3849059 4000480 3795710 3865415
4029737 3982693 3834034 3980179
3882516 3934427 3886409 3916173
4014326 3924437 3915371 4004645
3895285 3931982 3835683 3963098
3975083 3819986 3911736 3911655
3877747 3938361 3950990 3932876
4038477 3917491 3856425 3964160
3885863 3861647 3977383 3915306
3921010 3737020 3747603 3848594
3848584 3804759 3883725 3780663
4098508 3855661 3859366 3871401
3819248 3860528 3926815 3835137
4019269 4004903 3973207 4026595
3994880 4132840 3987604 3887912
3978278 4050132 3925235 3935026
3989655 4095430 3904764 3893287
3854033 3973256 3887231 4013312
3976457 3985688 3864057 3806260
3910391 4032126 4024798 3971669
3974734 4086734 3914394 3853835
3923337 4096693 3838683 3890527
3818005 3993491 3846753 3858986
3982950 4063662 3847706 3962998
3786132 3897399 3782308 3733876
3967832 4018420 3830427 3916592
3788416 3941360 3747729 3709918
3974230 3963644 3852282 3860629
3857218 3912312 3863106 3751376
3844482 3862425 3913245 3711674
3967198 3953474 4027348 3842932
3833437 3956724 3969823 3800303
4036601 3976511 3981456 3904617
3809008 3847240 3878405 3849570
3894078 3970131 3929472 3840309
3931472 3918493 3885332 3797583
4002532 3925782 4020258 3878742
3928418 4044590 3974714 3931458
3982984 3867109 3917361 4110545
3872476 3940129 4012283 3848625
3970482 3964537 4029301 4014579
3944988 3909069 3948853 3825596
3907920 3810445 3914559 4080136
3919698 3998630 4003927 3878710
3929402 3920860 3935470 4085302
3894387 3849197 3733026 3867404
3778789 3882119 3835893 3825108
3975687 3909809 3765651 3914607
3756119 3936962 3720656 3790152
4005865 3904224 3886675 3976255
3900963 3935542 3907838 3888300
3960391 3845669 3821807 3910670
3800159 3823343 3756967 3871597
3953031 3775667 3826668 3806123
3693244 3793182 3866605 3781626
3878255 3809676 3693587 3825629
3721136 3734638 3771722 3778977
3993894 3762960 3833270 3918330
3836019 3855900 3882126 3838944
3949168 3772620 3784362 3804868
3637847 3784159 3800486 3671287
3822240 3890464 3891356 3881224
3941926 3965121 3838047 3847854
3830382 3906181 3856343 3821338
3894113 3872455 3693740 3816792
3893152 3988863 3978045 3944211
3973768 4067474 3881477 3881501
3802998 3899901 3892126 3870580
3891407 3875675 3788965 3756895
3934955 3990496 3843403 3799646
3725682 3963648 3832344 3681255
3825567 3942198 3760503 3809533
3755187 3783134 3676156 3689904
3956526 3967311 3830925 3954191
3735413 3891809 3782128 3766030
3803851 3848670 3748321 3751216
3761236 3853237 3697601 3690852
3737652 3820485 3884305 3766526
3845019 3874845 3801937 3887445
3694373 3789064 3846624 3787379
3820402 3863463 3762766 3681881
3779169 3887847 3891070 3762344
3940817 3907021 3975656 3783253
3629677 3745279 3850683 3697096
3803554 3848401 3777177 3789657
3825837 3909353 3854119 3794481
3862245 3757593 3861098 3942618
3774433 3867510 3884996 3794115
3864986 3782105 3822961 3985669
3791276 3893276 3954175 3771226
3916613 3804965 3959348 4080168
3740631 3783550 3758358 3713347
3878319 3723566 3853209 3949190
4019965 3861657 3731744 3901848
3796225 3913085 3789706 3857186
4012872 3897791 3796623 3954076
3901826 3952252 3873145 3908381
3830758 3832585 3649693 3813752
3741636 3759608 3655048 3739668
4025477 3869093 3940329 4007282
3954979 3889159 3784698 3992388
3892898 3820829 3725292 3824579
3789577 3713970 3771814 3767446
4047439 3801686 3886648 3927527
3829113 3947108 3924035 3776809
3789712 3631853 3669358 3714797
3571474 3708391 3631660 3647468
4042342 3831290 3800319 3904627
3792009 3836597 3793006 3833141
3817329 3937747 3757190 3873798
3946059 3952708 3827959 3773941
3915141 4040393 3951353 3978864
4017201 4075066 3854361 3867279
3803171 3894437 3696709 3891705
3849680 3926317 3711024 3625822
3888381 4073095 3935411 3989948
3971002 4016861 3813395 3856989
3855094 4010827 3800921 3837304
3743035 3835096 3754126 3706744
3947736 3932489 3913941 3889863
3831707 3924763 3835947 3739786
3761405 3818409 3686556 3715876
3704965 3754616 3681609 3630424
3934060 3965183 3917978 3913276
3884468 3895756 3767106 3753776
3715587 3826939 3849903 3799827
3794644 3843802 3859261 3784566
3821066 3905320 3946395 3878029
3966415 3896152 3931900 3885165
3658219 3755796 3759113 3670835
3783356 3747619 3790940 3707634
3857155 3857850 3884513 3875355
3975918 3880568 3882661 3888490
3844072 3844315 3873231 3780236
3907944 3727317 3921095 4044961
3913185 3967725 3991466 3844933
3878576 3828293 3943613 3986541
3717774 3746906 3799717 3581036
3745040 3617031 3732397 3910594
3865554 3897575 3936607 3924338
3963027 3893944 3916968 4064846
4132176 4014721 3916261 4035164
3970195 4036601 3833343 3868405
4019744 3963450 3794517 3919988
3886057 3958955 3908080 3908897
4016040 3862960 3783064 3903368
3868930 3884303 3794230 3855703
3967773 3892673 3676952 3924170
3846114 3882581 3816332 3881237
4037553 3863422 3866671 3958256
3890005 3887616 3991930 3959882
4054697 3808515 3894385 3912831
3769628 3794675 3817122 3799319
4049438 3842819 3810425 3896760
3778635 3848419 3817171 3861657
3982155 3791020 3780450 3905209
3763572 3822524 3877607 3780519
3985772 4022335 3959148 3982092
4072772 4080048 3987733 3886274
3883029 3983319 3950589 3985039
4001949 3984628 3864372 3842017
3924758 4003704 3912248 4035460
3994546 3961010 3849554 3838855
3885458 3963079 3920676 3970042
3927568 3960767 3818937 3829642
3973661 4082319 3858936 3861200
3863529 4054386 3875371 3774330
3890474 4062122 3835659 3896778
3866076 3947607 3795687 3820946
3968285 4008388 3878383 3914292
3797128 3896046 3791012 3763773
3786054 3916261 3841529 3850254
3864235 3910476 3820368 3742270
3856652 3996469 3909313 3796056
4016790 3993274 3968826 3801017
3765664 3859067 3873022 3762311
3964306 3975487 3920226 3866575
3774552 3901172 3875866 3780766
3950275 3930823 3798939 3813077
3856881 3860565 3914662 3788842
3934938 3895758 3931820 3904484
4005403 4013556 3935379 3840920
3885555 3905299 4096958 4101365
3906181 4026288 3997521 3890400
3937833 3995603 3952598 4021505
3829341 3885617 3933333 3889762
3903973 3864152 3872020 3956418
3809120 3963367 3992592 3871773
3852011 3873928 3916685 3969824
3965536 3833432 3780793 3935870
3746680 3846825 3792823 3803954
4058188 3904258 3845922 3940437
3971527 3971476 3851505 3887851
3937127 3828324 3741503 3850053
3824851 3818817 3770375 3778277
3971518 3963714 3768195 3831963
3801048 3798070 3749033 3843350
3913530 3784664 3711498 3807608
3724370 3845039 3830353 3805622
4004536 3841751 3779253 3883577
3773520 3796163 3840102 3797478
4006405 3776079 3734435 3825697
3712706 3788379 3817352 3770635
3950623 3803595 3639405 3800949
3740745 3793081 3809653 3675395
3853194 3953569 3895758 3881196
3786157 3968238 3793084 3844646
3905000 4058757 3873581 3999748
3976152 4071489 3718040 3844859
3924844 3929094 3850455 3947006
3926380 3918642 3812568 3740155
3789844 3914151 3840180 3895580
3938918 3894137 3750881 3759593
3901848 3979316 3827004 3876000
3739382 3891350 3744277 3734914
3894057 3965840 3827562 3923790
3764298 3882192 3821838 3692129
3949530 3954925 3715034 3871525
3742745 3980804 3782736 3669464
3899796 3924045 3743279 3909601
3678591 3879886 3757002 3690380
3811161 3882850 3869547 3746778
3912989 3878301 3883996 3771467
3799180 3893757 3856781 3866006
3947942 4000673 3954813 3782170
3782507 3820714 3864459 3709975
3898743 3857806 3939088 3769028
3642632 3830916 3802919 3692417
3891780 3827559 3790849 3738129
3808545 3961121 3973146 3771193
3911846 3828428 3909436 3911555
3906278 4008054 3848634 3898947
3929285 3810314 3876744 4006230
3756553 3924752 3840170 3846047
3839158 3781521 3777684 4028498
3823581 3901855 3901888 3765299
3834740 3845949 3840534 3904240
3616597 3946316 3794235 3795711
3907047 3871213 3751706 3685392
3717049 3880267 3890146 3822667
3875231 3852694 3734520 3736342
3810130 3983227 3807093 3941130
3884709 3843800 3864342 3792626
3661383 3893187 3746098 3784086
3855144 3855021 3773097 3692451
3910784 3855380 3910354 3768045
3811326 3767989 3748318 3765968
3854744 3824898 3896506 3743419
3853552 3798625 3815616 3784151
3936255 3980979 4055708 3876580
3898000 3937463 3876482 3933884
3803688 3869563 3950632 3819288
3880829 3729986 3784934 3782988
3796594 3702943 3851984 3785836
3759077 3871122 3818588 3675693
3840570 3740477 3800986 3787915
3801026 3967379 3847514 3619875
3826805 3832437 3912775 3863962
3770929 4025237 3892285 3699344
3815307 3730747 3855341 3823274
3796985 3964096 3770121 3687427
3755574 3801277 3792461 3707353
3642293 3830518 3799862 3899264
3763271 3790237 3806484 3735097
3689177 3848776 3862942 3912548
3855486 3907374 3848581 3761055
3833820 3926414 3913215 3991903
3812095 3861103 3773191 3691870
3707275 3835941 3853239 3933413
3811849 3844279 3863637 3731275
3989293 3829072 3766243 3824731
3819362 3830906 3792789 3795851
3868944 3845288 3752346 3765512
3951700 3905707 3866191 3880411
4010188 4011928 3790436 3881336
3950873 3862663 3821023 3843547
3996364 3841426 3668112 3831019
3661264 3756941 3732349 3776307
3850207 3677348 3820373 3753528
3753623 3695763 3738664 3806264
3903037 3711468 3951711 3766384
3816760 3853510 3751336 3817438
4026771 3750960 4067802 3903866
3754547 3761855 3705694 3890222
3934054 3698544 3917060 3802573
3782411 4018099 3830027 3870660
3955281 3922919 3781336 3812933
3824171 4047199 3889843 3928519
3971541 3983053 3818124 3773473
3721666 3856385 3737768 3832528
3859649 3770329 3697791 3701553
3778961 3999346 3795672 3881138
3950689 3951259 3822260 3824802
3914365 3937128 4066271 3858860
3836385 3841890 3875056 3905345
3958667 3943509 4165434 3928204
3971803 3883515 3949848 3961937
3806380 3801744 3885606 3714340
3792789 3756471 3774485 3707324
3910802 3894483 4032858 3864682
3927729 3917335 3897636 3919593
3910666 3721228 3919544 3897394
3833968 4024643 3884921 3676457
3948026 3856354 3998882 3949462
3915614 4108621 4004626 3698135
3664361 3656560 3765377 3799376
3717872 3895715 3785923 3626527
3876298 3758733 3979140 3899236
3845072 4055314 3909777 3693281
3883221 3833517 3835695 3758613
3818848 3876783 3872809 4028550
3948284 3937270 4003112 3895141
3957291 3996732 3942297 3978040
3742814 3831711 3753526 3681832
3739394 3850701 3780706 3929466
3829385 3771922 3885562 3789948
3806177 3861571 3898329 4002600
4017983 3822034 3915989 3869273
4054625 3931667 3801334 3913759
4033261 3949718 3980259 3976217
4042355 4034538 3863279 3930608
3883546 3764184 3777088 3815000
3901222 3757294 3707285 3807675
3971951 3864352 3937236 3905242
4063175 3921938 3704332 3886920
3796038 3886008 3767458 3845831
4017845 3733133 3951002 3878092
3865501 3932183 3866677 3903209
3993389 3858512 4066625 3939915
3624947 3729199 3728493 3743734
3905283 3635268 3806843 3778189
3796864 3919013 3784231 3872055
3966591 3760240 3969082 3872970
3738993 3914847 3918145 3818114
3780328 3759557 3795103 3717872
3808812 4022425 3916630 3969689
3971770 3979939 3856260 3845611
3670411 3937861 3920011 3802411
3861935 3880588 3804646 3764996
3718162 4001425 3918098 3838948
3903200 3884095 3861549 3818516
3918720 3938440 3945063 3902440
3831177 3799892 3911844 3812775
3986176 4044561 4012256 3906957
3978096 3960554 3918565 3961891
3898496 3856872 4051093 3837975
3827132 3845317 3771732 3867717
3984639 3909525 4025444 3881817
3879540 3870466 3830222 3903491
3757208 3755223 3835128 3863600
3884670 3960940 3894716 3772150
3889550 3849476 3952951 3953423
3983441 3997717 3958650 3793553
3800401 3755339 3880759 3876146
3747598 3912659 3888142 3710918
3844395 3751185 3932869 3857072
3903327 3993680 3854995 3764575
3759897 3806831 3791489 3753501
3746202 3940986 3844318 3993273
3884523 3911351 3894932 3851199
3882263 4028273 3902700 4127254
3845333 3820819 3783402 3738409
3840613 3904608 3889340 3904757
3853238 3881266 3866753 3836639
3769273 3986960 3876367 4029055
3918219 3847324 3941330 3807087
3991042 3800473 3790647 3864994
4009847 3886454 3951801 3963662
4055820 4084560 3843383 3973196
3901478 3841653 3876317 3850332
3926106 3861657 3723132 3799268
3906684 3839818 3892013 3894700
3888380 3972999 3804935 3929209
3709425 3816801 3699201 3811976
3911218 3763373 3853324 3806999
3802006 3865790 3848082 3927616
4063183 3736278 4015629 3878218
3780253 3798806 3728055 3816247
3900351 3747948 3935738 3738249
3754624 3804671 3829006 3875780
3981345 3776732 3956845 3898590
3671024 3915378 3815249 3819646
3838253 3885783 3729865 3769356
3800276 3992918 3862525 3909730
3916156 3823646 3761724 3807794
3830351 4087593 4037556 3928761
3907342 3993235 3799130 3853554
3686592 3912872 3713823 3816802
3822183 3829049 3786282 3771981
3865155 3880809 3983587 3896430
3871889 3784269 3781929 3807884
3884314 3990830 4005512 3804978
3839141 3846779 3872623 3906777
4094572 3947911 4037909 3943299
3951584 3952101 4018912 3972041
3843264 3804987 3893629 3796631
3787282 3762727 3709814 3805492
3877845 3736905 3818247 3843868
3762726 3946939 3918177 3721546
3845800 3812315 3860542 3876071
3822453 4000546 3883476 3735461
3940218 3910351 4031338 3946879
3933035 4004244 3897057 3897391
3755805 3687268 3803850 3757028
3787970 3843809 3762799 3655934
3866528 3822150 3776998 3757637
3753941 3956988 3851471 3981223
3903285 3902091 3833358 3787826
3745410 3888191 3901525 3967784
3958642 3942592 3966059 3835124
3935994 4053113 3895856 4039218
3778594 3705146 3776815 3722319
3735901 3882167 3772855 3888034
3948998 3874581 3883838 3825305
3859541 3925247 3734412 3818489
3924245 3864966 3885410 3891477
4004178 3916669 3811056 3862316
4061533 3898755 3972210 3906008
4000861 4019614 3928354 4035395
3933773 3791520 3813393 3775812
3910393 3807818 3698349 3804073
3704661 3839595 3738105 3829354
3888460 3675603 3987187 3800666
3791447 3847739 3765303 3892818
3943907 3738132 3906520 3848651
3860744 3894689 3924418 4028957
4121224 3927744 4116488 3950305
3641343 3733172 3623738 3786179
4004107 3646585 3881406 3706188
3768580 3968063 3939966 3853608
3892571 3880001 3784983 3790011
3719827 3922463 3845940 3727816
3879028 3856915 3804643 3711898
3750164 4030797 3874424 3863818
3893103 3933642 3820379 3857453
3704382 3951939 3896534 3821443
3823028 3812399 3726727 3730647
3879475 3975494 3997022 3965064
3905424 3840591 3796511 3876146
3839914 3925887 3942505 3744794
3816297 3781313 3817081 3887983
3966692 3952498 4060728 3910515
3913819 3782853 3802258 3909129
3879050 3889193 4015215 3814191
3863389 3813296 3811668 3867478
3921127 3742834 3914109 3886645
3866914 4013426 3873717 3770079
3836132 3674435 3869374 3758789
3804775 3953076 3888305 3663811
3966460 3841876 3947742 3946496
3887566 4084850 3885915 3735584
3887203 3712344 3889025 3821586
3840474 3978745 3748719 3655119
3841104 3924006 3864169 3825264
3823724 3949186 3832729 4030002
3905590 3813498 3877351 3711165
3768187 3886502 3821090 3913555
3847720 3876625 3871555 3825593
3826076 3978703 3868716 4121353
3840602 3778491 3769808 3748498
3706029 3916668 3838777 3936883
3950845 3950149 3903363 3926083
4026070 3970262 3846246 3897074
3966808 3806224 3910838 3869014
4041389 3863766 3809572 3829659
3999824 3916044 3976987 3868620
3948758 3939521 3880264 3899561
3931585 3841057 3890744 3803215
3955185 3894162 3803675 3806939
3780753 3757053 3809085 3869750
4027159 3806766 4023875 3875261
3814778 3774157 3784908 3841248
3908888 3788041 3990817 3848175
3806250 3896000 3801347 3928338
3982342 3707201 4029513 3904961
3790892 3743677 3764957 3801162
4000486 3748666 3935720 3742545
3920386 4151459 3999601 3972197
4070665 3946344 4037564 3905621
3734794 3969123 3857451 3880177
3853632 3913724 3874863 3871819
3754019 4056938 4036963 3926757
3972940 4023797 3849542 3888172
3692973 3971707 3852224 3826692
3794394 3833625 3726631 3767287
4050306 4075044 4221563 3972756
3945483 4022582 3997579 4084252
3834725 3826021 4005237 3832613
3836627 3987962 3874436 3849829
3992509 4004867 4095882 3962725
3992399 3866207 3903760 3984350
3786693 3882225 3930114 3790207
3841659 3786810 3832679 3837937
4047858 3850372 4061874 4066737
3986845 4135662 4045780 3779386
3878074 3797399 3893166 3959508
3870150 4052429 3949658 3761459
3951963 3766809 3886762 3985130
3880279 4037309 3981100 3815254
3802255 3739499 3896649 3743854
3729437 3925245 3787491 3760780
3944659 4103790 4039283 3910508
3877904 4074409 3921347 4201551
3859164 3910281 3832651 3830992
3774574 3930625 3896781 3987190
3842543 3958040 3942575 3917081
3853066 4001442 4022301 4083647
3735624 3787153 3745895 3722842
3763939 3812107 3874695 3978689
4050359 4080683 4073941 4050786
4143202 4040473 4011629 4091045
3970079 3926335 3917873 3919869
4044603 3959007 3922533 3822546
3981419 3906721 3956504 3965382
3979619 3997421 3818979 4006410
3917890 3841529 3846093 3763906
3895883 3924443 3836438 3821706
3882314 4026515 3823031 4028317
4115514 3869296 4022258 3968557
3727122 3782444 3805925 3867726
3966518 3776466 3973094 3862923
3872361 3949755 3809693 4024435
4026723 3804262 4043449 3904663
3710480 3819183 3667425 3855991
3890836 3631856 3918885 3704376
3687830 3986776 3921345 3870288
3814632 3874687 3782328 3724217
3923847 4092427 3950149 4016884
4002006 4032845 3933632 3894580
3784696 4013685 3866470 3934000
4052810 3923024 3929976 3806630
3639175 3861863 3847944 3792382
3813266 3807684 3717195 3695556
3850901 3812884 3964970 3847201
3879492 3876591 3846699 3877671
4108670 4121209 4140577 4039962
4007118 3980931 4041858 3956522
3928546 4014768 4052464 3868812
4035318 3897611 3840604 3897749
3821876 3910727 3892145 3790364
3829740 3748490 3748804 3817374
3762350 3797162 3881589 3849233
3785495 4006077 3902298 3701591
3988378 3896149 4032002 3934006
3989553 4098234 4013932 3792213
3930359 3835237 3954038 3917785
3921834 4022985 4003118 3727181
3872709 3742061 3789937 3817861
3748381 3998692 3797907 3653437
3787938 3922160 3876699 3762910
3787540 3891608 3866938 4000093
4001079 3968643 3930243 3886539
3969398 4064534 3975370 4202684
3893901 3939800 3997877 3867084
3798117 3975745 3987336 4061267
3870855 3830355 3750984 3704234
3699390 3807801 3838990 3958014
3926194 3870333 3881808 3795751
3955536 3982380 3707053 3900551
4068694 3948845 3998820 4009365
4144588 4013188 3931904 4003453
4009204 3953239 4011398 3921506
4000388 3951463 3835588 3910101
3900659 3824095 3795094 3762017
3931162 3861904 3752838 3791874
3695897 3774287 3734435 3822621
3934103 3761132 3977759 3809256
3856792 3986603 3835591 3961153
4133822 3884406 4091639 4032888
3899432 3909182 3804578 3975697
4028374 3788824 4016292 3900380
3701189 3760193 3676274 3757074
3910448 3729599 3905999 3830248
3998367 4181909 4061440 4089051
4085437 4034695 4076580 4033563
3897647 4156853 3992661 3944960
4030728 3893239 3884796 3833903
3598853 3877498 3829640 3838037
3943113 3787631 3767574 3774088
3703795 3898910 3842062 3901540
3748364 3832576 3732285 3780762
4110169 4072358 4201482 4159577
4145332 4146972 4117809 4063634
3987608 3988810 4050053 3890986
3998008 3921420 3883276 3961610
3913130 3907695 3912599 3809916
3816895 3774763 3858421 3762958
3861072 3837863 3968117 3813285
3779651 3719017 3841055 3795166
4085422 3986691 4156729 4076100
4016067 4272020 4121851 3989107
3886967 3812111 3929792 3957502
3896883 4035542 4014635 3814231
3902651 3763858 3814963 3801493
3749745 3942533 3857009 3688925
3780390 3735588 3763463 3784341
3704863 3999324 3854799 3753249
4177382 4102019 4137237 3970112
4018126 4175123 4093308 4164464
3952546 4005309 3933387 3882956
3910447 4031752 3914397 4110155
3806492 3824397 3838252 3828922
3768422 3970622 3874785 3897962
3759092 3866297 3820673 3765145
3741742 3893279 3822687 3901954
4188470 4129920 4155765 4124629
4133135 4148183 3975909 4060706
4025182 3905575 4022375 3996082
4100150 3961470 3914701 3957772
3941542 3872349 3806949 3821636
3954723 3921259 3763767 3830543
3842691 3795419 3861580 3771044
3988229 3947089 3811696 3718482
4019431 4033218 3951486 4104750
4183977 3906722 4236024 4077569
3931576 3856884 3848047 3914734
4123807 3757104 4086292 3878315
3726165 3772202 3761517 3788582
3968233 3751187 3929138 3760968
3733862 3801063 3697331 3730793
3874774 3684559 3933166 3751590
3806046 4043782 3898323 3899019
3958011 3950718 3840668 3820226
3762753 4096637 3855914 3914043
3794809 3892905 3823647 3836357
3763673 3941577 3923096 3870340
3891270 3876251 3826414 3825439
3627741 3927697 3784588 3749535
3767792 3788342 3721784 3635746
3883782 3944834 4024522 3920725
3905283 3792368 3928868 3961957
3898065 3873700 4063181 3877188
3802301 3782312 3787789 3816454
3928229 3921640 3930073 3769069
3864543 3785080 3885899 3872347
3797358 3784056 3956148 3744741
3885370 3676771 3802390 3759588
3837991 3859722 3953485 3859389
3853382 4002652 3966589 3783274
3905142 3682017 3878111 3828638
3865977 3996716 3895395 3687300
3831753 3763499 3848987 3833424
3896860 4045316 3921110 3728823
3811862 3639038 3809806 3803453
3764474 3919411 3790612 3611300
3760115 3806697 3869530 3778880
3837035 3983472 3787572 4065103
3837160 3930473 3858626 3764730
3813517 3925556 3871441 3968420
3846653 3877038 3835365 3758179
3858817 3913501 3917230 4031196
3703101 3824583 3774531 3685614
3704115 3750625 3774239 3917181
3979979 3904314 3989874 3927842
4040071 4044647 3917834 3885037
3965561 3849821 3875795 3866256
3893370 3868835 3798542 3850272
3999903 3917785 3894041 3881017
3945103 3927409 3776572 3949002
3813720 3775385 3810161 3731786
3877172 3785152 3705833 3781910
3819228 3801175 3817489 3771021
4015804 3765963 3994914 3883460
3721290 3814986 3624607 3920913
3969970 3726050 3941389 3886783
3818126 3799994 3723829 3899378
4074407 3820193 3938969 3884204
3694689 3748034 3766888 3805703
3778338 3574481 3860260 3808658
3713461 4021392 3901724 3902886
3979803 3923458 3895305 3821632
3851084 4145834 4086029 3944763
4093825 3994734 3832707 3997335
3702103 3969172 3783680 3820470
3750555 3917833 3663699 3746618
3906854 4042925 3979056 3937661
3917337 3981658 3903916 3910901
3881039 3913199 4111850 3934485
3934971 3913647 3947732 3922232
3993332 4007317 4145232 4052986
3982496 3983629 4012398 3999336
3811307 3883373 4014621 3759883
3800648 3699830 3765597 3809699
3994367 4020693 4156457 3925796
3944488 3981781 3924659 3919336
3971768 3779061 3969453 3898584
3891553 4071364 3919678 3801193
3999086 3878845 3913939 4032386
3970069 4056489 4047677 3822936
3919506 3689969 3806387 3834908
3770042 3952257 3792409 3623848
4050253 3817247 3968137 3915027
3800276 4107451 4054487 3851330
3930990 3846654 3822356 3906460
3813138 3954504 3916818 4010992
3988110 4005079 3979961 3885899
3859880 4128701 3967447 4144334
3814621 3777162 3779413 3775074
3753459 3873170 3817062 3985636
4027508 3917195 3865033 3859594
3796340 3999376 4000759 4061716
3985511 3868245 3952522 3912583
3958449 3920944 3803763 3899130
4124987 3983182 4024853 4062281
4142124 4064858 3894508 3934296
3826674 3807524 3861564 3795326
3868088 3806001 3688970 3784329
4035156 3951219 4066839 3989955
4046790 4083912 3897313 3956168
3767841 3819107 3791950 3865988
4060248 3728012 4032624 3867706
3877739 3933445 3868591 4018171
4103168 3827899 4151072 4070768
3776711 3746291 3709361 3827510
3928955 3637363 3888808 3725055
3922520 3937317 3850347 4037971
4160046 3796710 4044369 3921251
3827628 3971648 3824543 3838393
3936937 3904301 3787021 3818875
3712042 4030572 3845867 3993934
3906740 3873189 3868800 3875338
3807169 4049411 3908340 3881083
3930572 3940640 3834363 3830152
3716798 4127314 3903887 3822939
3836273 3808109 3835725 3792991
3903585 3932324 3918097 3881299
3834863 3749584 3899959 3845143
3974402 3932598 4046371 3786866
3933485 3927351 3952163 3935916
3922842 3984071 4056041 3874330
3913281 3811206 3976067 3982491
3942157 3905491 4066281 3864552
3892769 3801510 3892163 3881231
3912739 3705744 3896364 3940378
3833958 3951163 3959974 3776748
3881162 3701952 3978314 3916861
3917846 4044062 3974280 3725586
3939688 3780945 3973636 3945199
3966523 4048748 3928409 3793508
3943617 3751213 3912416 3813898
3743249 3971407 3825135 3703552
3803925 3854619 3941156 3770094
3800202 3967027 3870913 3973596
3860007 3947723 3893753 3775417
3817699 4001171 4001676 3985521
3914700 3893525 3905062 3817356
3860566 4052079 3964033 4062771
3828690 3935491 3805248 3848386
3811612 3919258 3921198 3935704
3980917 3891904 3962219 3837807
3963685 3958505 3869426 3879916
4061865 3878655 3963844 3914350
4058090 3994724 3815464 4036563
4009515 3976760 3989417 3871389
4025264 3989725 3881440 3931868
3983583 3897438 3891406 3778671
3951694 3914546 3860413 3859073
3783631 3850754 3764542 3781662
3973858 3838792 3959311 3913003
3858686 3864098 3890359 3951660
4095250 3778663 3936337 3884239
3848565 3899529 3834574 3898110
4027383 3883055 4068646 3887866
3748065 3857947 3768865 3813078
3929858 3726934 3976976 3749593
3641574 3888190 3822696 3819417
3749236 3888618 3810841 3737252
3747150 4082839 3948367 3922525
3900100 3924881 3772831 3815002
3770833 4007158 3915412 3905888
3904486 3907231 3868382 3872777
3722231 3966070 3731039 3789707
3844921 3770626 3712237 3749102
3793170 3869629 3983070 3833638
3837193 3839191 3790941 3853691
3919343 3901259 4124398 3898542
3896108 3953550 3871497 3981859
3937042 4013127 4072211 3881813
3929442 3879618 3853950 3906542
3872594 3854131 3989863 3864393
3776100 3784194 3806529 3851975
3793398 3697074 3785768 3812109
3793601 3993322 3858684 3736942
3860167 3717765 3896469 3837839
3834828 4060429 3925182 3752366
3940527 3719676 3979156 3934946
3735743 3982545 3919823 3789934
3778914 3710315 3802897 3779012
3736796 3960178 3840670 3609730
3714218 3766723 3703929 3705164
3823950 3873020 3796934 3966330
3857653 3917271 3879910 3769815
3843400 3966578 3974872 3985975
3847618 3910341 3816759 3871722
3860293 4045431 3893395 4013276
3779040 3780462 3833932 3678973
3707400 3939292 3818166 3990242
3918959 3940840 3805604 3852180
3923378 3851285 3784719 3801617
3979604 3875746 3955155 3983514
3946695 3924665 3848941 3896178
3957740 3855250 3946055 3923779
4029469 3997623 3851224 3994199
3880077 3818573 3891954 3764314
3951659 3868304 3802036 3818665
3685791 3744184 3725139 3803043
3808564 3642091 3897735 3749612
3786328 3833301 3759180 3883507
3973800 3769418 4031415 3921990
3747947 3830473 3801082 3936441
4039084 3774819 4023379 3915625
3710167 3787146 3783911 3789892
3907754 3671589 3947254 3852089
4079995 4125753 4123904 3963376
3999532 4039917 4023307 4038236
3777931 3887041 3793685 3628384
3722194 3806515 3716258 3638729
3891260 3990169 3939866 3770919
3874994 3858419 3878898 3878813
3724393 3863312 3793314 3692327
3768393 3814582 3777078 3770966
4099121 4015395 4055611 4113983
4078986 4048198 4083449 4082008
3755580 3616508 3608801 3809453
3785697 3741289 3717042 3663856
4000614 3834585 3921985 3919852
3983524 3907963 3958876 3864767
3882352 3682417 3735569 3815321
3876921 3752198 3774782 3759962
4067204 4049266 3918988 4120261
3953644 4054529 4184149 4117503
3715167 3720923 3695955 3911328
3763303 3792282 3843580 3862700
3890868 3915325 3843983 3985278
3848901 3982470 4013417 3951958
3824236 3765606 3772309 3862043
3794178 3876755 3951006 3865231
4021470 3978175 4040209 4013429
4201841 3900947 4014804 3925926
3644540 3686780 3791810 3625289
3805552 3687914 3768585 3664918
3869123 3840522 3963304 3891730
3892062 3803588 4017926 3865395
3803916 3761379 3817043 3694788
3835457 3751215 3821599 3772717
3942115 4183602 4144665 4121905
4059595 4081772 4209548 4189684
3569861 3913571 3823479 3793835
3841914 3797322 3806356 3917229
3771393 3989607 4030877 3978891
3910470 3950273 4108575 4047289
3700535 3928583 3897852 3828551
3913138 3919270 3953726 3974984
4069670 4017946 4021408 3927673
3959386 4137375 4051999 4196231
3790797 3675488 3704632 3701039
3670859 3794095 3695082 3922138
3993811 3878039 3944771 3887721
3817135 3935143 3911287 4087735
3804267 3841962 3797884 3713725
3776735 3893397 3782814 3906882
3803892 3975107 3894457 3738231
3819859 3791527 3854999 3818361
3782654 3788159 3779091 3736323
3853584 3837596 3779766 3807478
3887775 3851660 3901146 3729089
3810829 3852561 3830122 3859320
4006397 3936121 3936327 3835045
3829739 3896472 3902025 3828961
3930859 3812932 3781502 3938862
3848677 3783416 3847216 3844230
3895855 3652136 3781096 3789788
3807330 3807403 3733689 3742153
3904386 3713827 3762507 3894495
3897803 3794221 3895762 3785142
4014712 3827036 3818922 3838023
3915510 3949529 3900051 3823152
3852339 3897316 3707287 3887696
3766999 3889306 3991696 3954459
3829796 3856938 3803832 3867523
3822834 3855496 3923853 3885462
3848661 3856699 3775949 3895306
3818810 3875040 4028227 3899988
3914583 3912666 3904247 4062428
3892544 3869111 4033198 3981784
3790507 3764526 3888975 3783306
3860377 3723760 3786767 3792390
3795706 3851946 3882660 3673120
3859685 3704219 3812292 3660048
3832740 3736841 3864687 3753588
3945401 3812832 3900402 3724132
3956213 3910180 3940771 3879777
3964317 3779350 3932668 3735764
3748211 3866610 3931696 3859751
3842356 3895618 3936295 4056194
3664129 3875850 3912135 3871246
3784049 3831302 3892038 3926773
3759380 3945394 3938138 3866685
3837690 3996390 3878051 3982505
3772755 4092311 3955220 3921304
3941897 3999822 3908600 4011650
3898695 3759215 3887814 3728036
3751033 3956555 3931514 3937230
3825047 3739338 3790927 3637119
3670983 3909473 3794513 3995284
3874917 3830929 3834056 3682361
3791812 3940513 3806507 4016347
3957828 3853460 3955229 3832751
3762192 4008252 3863729 4076052
3880346 3936939 3839765 3745762
3745896 3844351 3804913 3808324
3823258 3858957 3784051 3702819
3720871 3885732 3814074 3814343
3766778 3842276 3838626 3818400
3705900 3733159 3806146 3707775
3946376 4008660 3913206 3865564
3731701 3881317 3868223 3826704
3985531 3832314 3788270 3942689
3888431 3792590 3849865 3889396
3898113 3637088 3787104 3832279
3872328 3749246 3783912 3853043
3846632 3655652 3799942 3851148
3825294 3760803 3659805 3760498
4000532 3846374 3881874 4032947
3950586 3846945 3872925 3907536
3893541 3830498 3755111 3910757
3844952 3827110 3952921 3881140
3755886 3772773 3730092 3850015
3814273 3859889 3942131 3876577
3772024 3757338 3698587 3861426
3704960 3832721 3902952 3848466
3882028 3927284 3882048 3947027
3813395 3959104 4020046 4005339
3863766 3809183 3868197 3821485
3876970 3800865 3836701 3704234
3798424 3754896 3795079 3746343
3796965 3739624 3784616 3692014
3729806 3705517 3784917 3735941
3836995 3729546 3758977 3778429
3961496 3934409 3929430 3827160
4034012 3898935 3943397 3876363
3669149 3988118 4002845 3913460
3797484 3918018 4014998 4011405
3641389 3890859 3883542 3744420
3862153 3944108 3865773 3863132
3653950 3984033 3796337 3782182
3792356 3791547 3849802 3930309
3824013 4031414 3964903 3954588
3957793 4017666 3967765 4028057
3942876 3819928 3862216 3700130
3792608 3998636 3911406 3971730
3895881 3796164 3814365 3717915
3653100 3928775 3826578 3980451
3818452 3681801 3776115 3676000
3651414 3847525 3841636 3890915
4045013 3868227 3900312 3794470
3825618 4046748 3983731 3996945
3820863 3885734 3836206 3758636
3769355 3765416 3860193 3764330
3876887 3952534 3974386 3821292
3813072 3940793 3963124 3848419
3899736 3847246 3837120 3748017
3816696 3856546 3834383 3818039
4052471 3990905 4078564 3900532
3787706 3972680 3886842 4022823
3855574 3710286 3765353 3858079
3846904 3812119 3798307 3798390
3943869 3754514 3842234 3994233
3900911 3898585 3851617 3855227
3849811 3825135 3742619 3884833
3932713 3816972 3792755 3804468
3949196 3962193 3964693 4108471
4038644 3957912 4042862 4014101
3863312 3770002 3798058 3888373
3888039 3798598 3994201 3859252
3928356 3951722 3870471 3963579
3933308 3951696 4011874 3994494
3827201 3900015 3720581 3951978
3725886 3884604 4027654 3937317
3974271 3970375 3869782 3981836
3969611 4036260 4149236 4051553
3872547 3813834 3890926 3811670
3904197 3742097 3916389 3700175
3908843 3801386 3901988 3933081
3982771 3790226 3884381 3777013
3808472 3833901 3859925 3875769
3898624 3771429 3936130 3659379
3884088 4013150 4047565 4038575
4056632 3812320 4059592 3857184
3726715 3976623 3897932 3889021
3882271 3934313 3860969 3887738
3776318 4032763 3950600 3975982
3862730 3942435 3973233 3995020
3786423 3960784 3854396 3900046
3870712 3864115 3860752 3959506
3834497 4107386 4055616 4008036
4003732 4041878 4085843 4103477
3855293 3836282 3775425 3779714
3726526 3955211 3819807 3978873
3982822 3931074 3916016 3747020
3803695 4019695 3905325 3930660
3905554 3800983 3805297 3739721
3719314 3928135 3908117 4003870
4070769 3935111 3999174 3794626
3965935 4092922 3954361 4152877
3820230 3839416 3855196 3745656
3704139 3797472 3808867 3812523
3898926 3968094 4002748 3880077
3887901 3889432 3881182 3937245
3890747 3969450 3876138 3775341
3755623 3906752 3921497 3775591
3868151 3974354 3988219 3857879
3838124 3924172 3923254 3890483
3841238 3668314 3691552 3821402
3785893 3797392 3736148 3847129
4048900 3851115 3945005 3970913
3944562 3837092 3905455 3931926
3878122 3780290 3796476 3888848
3982337 3862962 3829471 3837872
3968081 3832244 3871542 3894477
3948716 3980082 3911257 3846155
3823975 3668446 3778284 3827669
3746238 3764731 3923542 3852937
3919875 3943748 3926543 3996131
3883723 3956210 4050891 3948243
3899560 3874226 3894405 3921134
3753406 3906312 3981263 3953030
3913420 3854425 3855608 3959555
3767539 3976887 4051263 3961199
3738702 3788167 3794641 3736869
3864214 3679036 3885434 3728327
3890866 3910110 3945274 3970234
4038764 3844425 3908906 3808015
3905727 3940969 3839607 3775342
3925576 3754046 3876502 3833590
3901050 3886773 3877061 3881704
3970916 3694437 3972065 3774308
3712517 3880708 3809917 3821753
3791564 3853113 3847042 3905284
3851143 4074279 3928761 3991101
3959585 4020506 4049112 4064595
3777935 3948956 3969990 3942188
3912833 3892085 3973151 4094585
3849076 3962879 3997933 3921230
3911916 3994089 4047209 4004859
3794334 3754765 3749972 3739321
3664492 3912795 3865606 3962887
4026373 3872240 3932238 3916123
3769464 3924608 3936828 4065944
3980097 3789189 3835992 3680294
3739234 3905760 3845549 4042646
3898756 3839075 3972512 3781835
3802445 4049235 3930401 4126219
3911863 3919014 3958198 3748180
3769351 3871083 3796773 3821276
3966065 4051064 3986126 3924154
3821867 4035871 3960449 3949536
3949152 4017105 4052307 3906287
3854047 3861027 3842981 3901605
3928173 3869493 3894394 3713730
3783225 3921707 3886896 3819742
3922598 3667264 3827662 3919517
3876397 3773377 3833991 3837320
3871162 3902949 3955085 4042437
3955344 3934871 3926417 3951887
4026927 3814124 3919381 3964931
3944060 3961016 3939433 3904868
3973848 3719609 3818334 3884925
3860654 3910175 3838926 3767459
3855561 3867312 3745854 3883448
3936633 3884813 4069450 3934681
3929761 3992540 3917445 4024902
3871473 3969270 4095915 3971995
3961236 4034348 3868707 3968458
3897416 4061350 4110885 3994198
3771683 3817380 3792897 3913558
3801392 3930927 4008179 3915109
3936785 3798845 3865685 3814300
3984845 3798160 3946576 3836368
3990977 3916726 4022695 3936005
4019685 3829878 3994841 3840400
3928322 3935926 4039250 3908427
4002370 3835206 3998591 3816001
3884345 3889860 3865927 3797565
3872425 3863989 3828176 3730892
3751620 3974768 3887183 3912279
3908532 3945615 3961508 4039814
3855913 4035693 4080927 3988940
3975859 4043205 4042228 4062501
3879925 4008346 4005554 4011528
3951094 4073092 4039406 4110548
3709065 3981997 3927702 3934803
3869864 3960125 3992275 3997518
3840002 3856044 3809421 3787737
3722515 3950156 3881897 3991149
4058360 3943126 4064050 3878509
3850390 4013679 3986310 4049292
4016161 3970357 4010175 3881895
3798873 3962440 4004114 4070107
3926401 3786997 3826139 3678368
3737439 3912229 3886105 4057745
4017641 4019528 4037503 3895295
3937875 3986606 4028322 4032204
3769073 3823129 3837676 3642235
3763139 3688502 3737922 3802944
3738583 3802786 3822345 3731077
3757168 3849237 3677995 3803307
3909717 3943664 3820144 3708299
3704071 3780716 3780970 3727983
4053499 3863260 3967087 4031636
4048525 3964693 3875504 3952587
3788264 3652801 3707017 3809797
3742175 3766033 3746028 3693148
3904343 3688338 3738775 3863663
3844569 3779323 3734485 3796355
3922587 3714591 3718516 3836727
3802762 3774303 3778678 3830051
4054816 4033099 3958411 4081570
4041961 4040026 4120457 4137305
3752898 3716469 3726948 3858495
3656480 3761035 3845649 3765415
3735998 3834619 3775301 3766542
3757400 3767698 3957596 3833093
3735908 3784341 3784273 3853838
3749007 3797843 3892786 3958973
3938984 4003429 4020911 4037194
4038518 3904210 3908370 3846498
3810111 3716818 3804420 3708096
3811275 3646940 3805017 3622415
3767505 3742777 3801112 3747693
3846534 3713625 3747323 3750228
3745928 3802145 3863890 3736570
3862248 3769720 3819611 3684010
3916688 4155417 4055648 4086952
4054971 4055392 4106216 4153727
3624620 3824005 3797908 3798730
3769917 3806974 3848301 3968966
3734277 3908569 3830822 3840785
3773590 3812658 3923902 3956264
3690351 3877799 3886809 3818389
3827894 3958307 3861724 3978148
4034709 3981593 4011439 3963106
3956697 4101732 4014407 4209578
3809552 3711114 3712363 3686550
3676871 3870223 3808581 3867505
3875188 3761889 3784334 3741347
3648662 3938469 3777395 3904471
3886112 3773172 3783428 3746422
3735647 3883990 3825355 3904816
3853816 3926358 3828727 3780356
3776587 3875093 3832465 3834432
3799081 3804747 3777866 3687842
3694383 3719425 3808254 3741275
3992125 4032563 3928992 3933824
3899468 3946555 3921673 3965907
3891136 3877064 3909732 3799273
3746025 3895518 3985003 3856530
3917562 3722925 3832832 3861916
3831952 3832794 3832474 3840053
3808019 3713781 3765082 3819222
3766971 3807271 3735960 3790375
4040184 3838835 3950484 4003139
4021073 3949582 3939438 3927039
3958577 3778469 3874427 3951290
3898929 3865422 3817994 3892352
3859917 3843302 3722229 3937720
3867185 3936569 4009134 4012719
3739994 3738572 3661724 3792008
3726670 3767445 3911438 3742104
3856978 3972277 3997182 4100652
3908893 3951398 4159499 4059924
3856564 3914456 3888351 3902478
3850499 3881669 4022289 4044748
3835969 3769819 3933212 3802442
3845516 3846315 3848794 3735353
3709509 3745821 3747254 3642603
3837653 3709118 3867885 3686348
3903805 3844727 3982690 3889943
4059838 3865184 4032273 3881523
3907098 3875699 3976116 3776105
3995632 3814904 3878711 3815165
3706857 3903678 3969943 3843144
3888936 3910347 3920953 3984832
3602762 3864066 3814388 3730984
3766316 3836406 3835996 3793215
3912059 4051484 4034161 4060296
4038444 4088093 4033539 4138418
3723897 4025752 3993781 3949216
3908109 4035045 3992338 3969238
3865519 3763019 3916652 3783936
3716977 3919160 3814875 4019627
3783768 3764482 3749400 3679676
3644383 3796379 3700399 3865280
4043561 3922187 3993942 3884445
3855475 4097339 3965629 4137184
3943466 3896037 3924416 3756084
3807406 3983621 3917300 4056305
3784479 3855471 3839384 3672592
3731645 3715663 3709300 3733769
3891344 3872907 3894918 3677998
3763482 3836731 3787712 3851440
3900349 3928517 3896718 3806498
3715063 3856211 3859716 3789546
3983043 3982317 3904262 3815561
3839333 3869201 3954740 3852432
3818078 3605177 3746561 3739915
3743101 3727796 3749875 3633485
3799029 3790786 3788238 3874085
3837806 3754637 3781022 3764181
3892826 3717849 3753262 3874821
3899607 3831883 3844901 3787103
3924877 3789469 3803418 3968758
3906063 3921754 3833168 3843354
3727184 3756197 3706136 3842030
3713876 3858446 3908327 3749197
3834542 3786534 3741600 3941016
3808101 3814914 3989569 3856569
3825109 3921140 3772251 3996866
3805908 3899616 4010431 3906817
3914396 3905585 3803885 3958785
3865874 3854614 4001031 3959883
3773032 3788115 3797659 3685672
3799234 3685999 3858463 3685680
3852245 3813059 3904734 3876720
3855046 3785970 3802464 3705292
3949577 3792894 3928887 3877463
3994281 3741285 3985445 3708504
3902890 3902151 3915980 3912204
3915744 3817892 3908844 3747887
3670367 3913013 3807636 3714961
3786067 3800318 3763770 3953892
3704323 3904164 3893565 3827390
3831454 3875790 3928298 3983332
3815781 3955512 3908379 3846316
3923531 3863089 3925708 4023527
3749582 3995102 4066491 3931285
3944380 3943555 3991352 3994831
3781232 3714188 3764287 3617881
3641401 3785487 3760554 3894666
3962113 3719039 3784885 3681548
3767989 3931683 3857371 3991533
3923440 3812616 3863658 3750270
3834431 4003708 3838183 4005696
3924517 3834856 3886614 3817671
3735573 4081471 3831185 4073148
3966705 4004244 3972810 3933012
3898155 3920433 3982260 4035334
3847401 3868559 3899870 3636116
3725152 3760572 3812880 3851315
3661415 3746696 3746016 3564700
3666581 3714078 3728155 3722322
3960719 4024885 3973108 3845805
3817196 3943296 3943806 3881943
3944979 3891715 3872171 3887787
3964127 3935405 3951726 3928882
3794984 3692578 3752160 3816629
3825871 3770746 3734805 3796318
3777538 3621033 3667821 3827057
3754135 3638470 3698297 3664102
3999269 3888345 3882522 3979344
3863839 3924559 3882676 3933114
3955520 3973493 3974432 4078983
3918610 4029644 4128166 3966600
3782136 3792433 3719852 3906513
3637131 3784897 3924030 3906176
3715593 3713389 3666327 3735498
3698243 3721336 3825040 3830447
3920131 3897440 3870826 3931914
3880326 4004709 4112995 4053087
3923148 3883322 4010176 3911779
3957013 3863694 3974438 3821372
3762377 3865506 3774049 3754231
3808882 3636242 3763777 3678530
3701431 3738992 3750995 3685076
3756019 3575819 3756995 3679722
3840405 3992100 3987538 3906989
3969785 3864359 3896727 3881019
3859296 4043619 4008376 4002175
3997968 3986838 4048552 4141666
3776339 3841903 3830671 3819150
3788064 3902143 3875122 3927133
3641174 3800914 3701024 3680564
3754046 3715894 3838353 3910528
3876516 3987112 3988186 3949524
3906482 3972997 4070391 4052410
3988908 3916028 4012273 3813310
3828128 4095329 3977668 4137350
3859261 3732959 3812142 3692043
3683166 3909247 3737483 3994608
3712343 3749515 3713883 3579263
3616383 3844551 3669999 3817222
3995780 3894160 3989905 3757417
3812331 4131060 3922825 4099459
3960315 4013556 4006388 3942170
3987082 4026581 4013745 3989037
3874248 4013840 4028031 3882414
3945677 3914826 4020554 3973681
3765539 3909180 3944279 3723202
3698694 3821616 3769287 3775706
3865660 3904089 3978303 3830054
3846437 3898006 3934249 3912212
4019091 3949532 3973966 4058348
3967335 3955157 3905455 3878743
4039064 3828451 3836881 3979353
3946133 3927009 3920252 3898707
3873921 3719459 3738018 3844400
3860345 3797731 3810907 3815175
3984093 3811981 3866394 3930678
3985645 3900361 3878819 3860741
3978655 3952556 3857355 4065804
3906775 4033597 4103369 4040457
3950702 3972682 3947608 3973738
3923940 3921114 4174904 4056698
3814911 3817388 3759406 3798954
3792994 3831840 3923953 3868439
3890834 3852592 3910566 4046215
3911468 3981173 4078052 3981545
3947013 3878276 4081772 3901445
4057253 3824125 3972787 3832911
4004140 3973529 3972576 3959246
3969616 3830721 3999038 3796238
3786091 3827706 3959756 3775937
3933739 3857032 3828932 3699782
3904511 3857952 3911755 3941824
3907180 3834172 3992314 3801931
3813256 4062927 4018493 4067366
3984176 4064329 4080807 4141884
3829477 4032627 4070856 3919174
4003969 4108972 3986773 4050714
3768114 3917211 3894954 3814543
3807281 3907728 3942606 3913029
3829669 3973411 3963425 3920166
3918938 4005462 3971689 4032687
4039477 3969632 3985102 3841781
3793811 4071196 3865998 4183971
4024263 3992314 3944353 3924412
3854634 4067027 4031680 4143796
3839864 3789053 3814261 3738623
3766882 3954291 3780217 4018626
3951393 3910671 3924476 3857371
3765906 4007310 3945475 4077086
4012092 4043485 4006971 3857593
3867541 3972999 3975829 3945292
3919942 3959191 3941903 3802834
3755804 3933093 3901714 3887851
3922460 3913269 3886078 3736286
3774537 3912965 3822989 3818945
3847047 3867646 3844056 3707691
3721279 3733475 3812675 3828431
4015974 3878884 3822862 3940925
3992967 3947634 3910895 3919828
3960611 3826393 3867108 3914970
3930231 3847359 3833543 3934365
3860909 3759038 3831405 3927920
3878316 3893977 3861082 3905996
3783358 3659774 3828848 3818528
3818967 3833435 3781044 3877723
3963449 3971109 3908869 4064308
3940039 3988642 4080666 4012555
3938715 3914008 3924901 4029247
3874247 3917789 4019786 3950506
3865863 3947714 3881820 3920454
3787938 3856229 4024422 3970278
3794162 3761837 3854971 3869435
3787498 3857894 3954200 3893059
3936533 4044057 4049468 3857028
4024174 3936178 3849839 3859387
3879850 3929526 3934806 3882017
3983922 3905492 3900786 3820195
3991411 3829031 3898191 3920264
3865525 3798237 3848122 3755751
3777021 3778104 3866340 3734449
3868232 3758561 3846119 3694207
3860610 4017691 4071863 3944438
3942255 4093570 4046636 4016461
3822756 4042995 3869907 3902588
3944285 3933696 4043389 4062166
3792479 3992402 3977470 3934071
3916981 3915036 3950258 3982078
3692086 3882230 3822105 3852245
3774594 3905378 3911011 3959417
3961248 3885967 4045777 3893669
3881895 4020980 3998010 4151503
3915964 3916938 3931474 3800971
3890917 4038375 3954476 4117098
3983567 3874449 3878292 3771940
3828378 3888219 3890308 4005410
3823205 3788797 3915724 3650498
3740442 3919070 3816343 3881155
