4184757 3910469 4008032 4109957
3917084 3899032 3943545 4068426
3946885 3804654 3908900 3843522
3851216 3806697 3762596 3898220
3990354 3767494 3911446 3944016
3895728 3897759 3842078 3891245
4082099 3948534 4051966 4058660
3991705 3939033 3918728 3922237
3877148 4091476 3945341 3957875
4099442 4008462 4026858 4116301
3806530 3782985 3798340 3813632
3893684 3863316 3779119 3943423
3828357 3836356 3813570 3913243
3917338 3960587 3886504 3905933
3886777 3973112 3869641 3916107
4013585 4011750 3938394 4113742
3964797 3959956 4030201 3960051
3998020 4032841 3990234 3893398
3804963 3822962 3868921 3805034
3773003 3880142 3790260 3698691
3840224 3877360 3880053 3835139
3819529 3948923 3781277 3749524
3963329 3964175 3912510 3893887
4021728 3996825 3931502 3847858
3947680 4158314 4019330 4031284
4148778 3995769 4012522 3841697
3808447 3858885 3852441 3753941
3908879 3849122 3899799 3766677
3815932 3934935 3895024 3850513
3979104 3844464 3828476 3885404
3912055 3931025 3993581 3905232
4125357 4017190 3966883 3902584
3992816 3969201 3875518 3976941
3985514 3977790 3991174 4030410
3744005 3873907 3693442 3766859
3856058 3859948 3871776 3843258
3786498 3891740 3778648 3842299
3925433 3897642 3868182 4014268
3843740 4014682 3855139 3991504
4013891 3870263 3976227 4018489
4048626 3800096 3973957 4097945
3775126 3964703 4083449 3961870
3867725 3743728 3832735 3787637
3675177 3767851 3838533 3811711
3939902 3748044 3834909 3934702
3685941 3838357 3894506 3779044
4049843 3782054 3949825 4022037
3790176 3888626 3985179 3945022
4040216 3839501 3881707 3933132
3790308 3797425 3823489 3865246
3999030 3766913 3970744 3944503
3843846 3881556 3792172 3881497
4037120 3905139 4040692 4003198
3932190 3934224 3804373 3924767
3935738 3835431 3926361 3961205
3913070 3792188 3891003 3846447
3773238 3840515 3709576 3837935
3904939 3916644 3828190 3925987
3862479 3967126 3775082 3889695
3862394 3878463 3894296 3996403
3879368 3945530 3845662 3895113
4012993 3897198 3945128 4084218
3833180 3899112 3780435 3811854
3939958 3840221 3849690 3944448
3761305 3811575 3869209 3829454
3890917 3879592 3787447 3732845
3833162 3837157 3907640 3837775
3833535 3816503 3741730 3700032
3904738 3809913 3937280 3865905
3922938 3866856 3909791 3800940
3806421 3839297 3847522 3838708
3927774 3926032 3733065 3748267
3829214 3798086 3812439 3823113
4002538 3926664 3886596 3712985
3820872 3804742 3819500 3867229
3899622 3959250 3837160 3713841
3923834 4011577 3924523 3859442
4062740 3962882 3940193 3826376
3875088 3869659 3907569 3842143
3974934 3952985 3910272 3778937
3776121 3856379 3762504 3860203
3853762 3855529 3806313 3941046
3805467 3850766 3713294 3778484
3894970 3884966 3829019 3908875
3940159 3922183 3862590 3935049
3941191 3975865 3890397 3881823
3768054 3859577 3767090 3851934
3916274 3867159 3886100 3977853
3977358 3772242 3866101 3989340
3717922 3807761 3905981 3740517
3991492 3752051 3777128 3906793
3674986 3822389 3884091 3755469
3937675 3747471 3902915 3973402
3772842 3834272 3925914 3987813
3996340 3793957 3867239 3928994
3712026 3831105 3973418 3837128
4003560 3979230 3912522 4011094
3900746 4020324 3868416 3855714
4064251 3895929 4000866 4065712
4006485 3941464 3979971 4041149
3950915 3852094 3910054 4008140
3831879 3898458 3883779 3899981
3951495 3752009 3920185 3922301
3842524 3790281 3787304 3851166
3835403 3915170 3825281 3921100
4017673 3939310 3873236 3957895
4025454 4002743 3903326 3999315
4060471 4056166 4019781 4054473
3821372 3926784 3792235 3901695
4010102 3849114 3869145 3866362
3763981 3848927 3747626 3870061
3866994 3941984 3859284 3922489
3831790 3881525 3898391 3894044
4002292 3936231 3835784 3783497
3968374 3943812 4137433 3921921
3945663 4023966 4003857 3906200
3815809 3852359 3886725 3825367
3871406 3922683 3781506 3717178
3699011 3785678 3725794 3862366
3800221 3863248 3748392 3743391
3877457 3901861 3929403 3965703
4029351 3966106 3929104 3716065
4056911 3980007 3992523 4002883
4090604 4012456 3942278 3929173
3875950 3932078 3921882 3901933
3888875 3865058 3845992 3824717
3801743 3826570 3835033 3861581
3897845 3883267 3845769 3779410
3924216 3954385 3818501 3900014
3908679 3956217 3849706 3931793
3919805 4055362 3955109 3964718
4058184 4017893 3962711 4040967
3872625 3894019 3855588 3788813
3848041 3805457 3888754 3969680
3754756 3864672 3661197 3824672
3881506 3845147 3799281 3890690
4015112 3889068 3851723 4079803
3808624 3863821 4004262 3947020
4161624 3827662 4043690 4039692
3677483 3922723 4017159 3970879
3902344 3731694 3829424 3925175
3726245 3808502 3885824 3788599
3901302 3772280 3899063 3901132
3660475 3833311 3857267 3881520
4002089 3850985 3925430 3984703
3853505 3814174 3793853 3958136
4031647 3888651 3899218 3977053
3848137 3848037 3854712 3905570
3850881 3705669 3803555 3796810
3630970 3782718 3648278 3697983
3987720 3830194 3816326 3965114
3843240 3852943 3846182 3801894
3803157 3914103 3762261 3852408
3855384 3878167 3894868 3938248
3880396 3977653 3771808 3841278
4031137 3881380 3817883 3945121
3666692 3720537 3597118 3716536
3756277 3748330 3731241 3776642
3771561 3881847 3621249 3791138
3862804 3878227 3798218 3917984
3849162 3887372 3884031 3801388
3913805 3845299 3862611 3699355
3868741 3873719 3888798 3789060
3935006 3847947 3857844 3790523
3590491 3670069 3647197 3807876
3764646 3727631 3663286 3641956
3783023 3754430 3908140 3811425
3853843 3867343 3769283 3670144
3876491 3944075 3886774 3977918
4007368 3854716 3874792 3829020
3965949 3940969 3886210 3902094
3930542 3957214 3899197 3734447
3795278 3804068 3677317 3744978
3791073 3665904 3635462 3600058
3856974 3833771 3821023 3759311
3929707 3864862 3843984 3736143
3766222 3911719 3776712 3873079
3927444 3910183 3883209 3994378
3827061 3986515 3827040 3901547
3911196 3848523 3893333 3890489
3689038 3757916 3656992 3756674
3792988 3702861 3738183 3767185
3852541 3897139 3740593 3738284
3894063 3753132 3770731 3883695
3966209 3731054 3895801 4018473
3752451 3852983 3980703 3917917
3931586 3731774 3854281 3942392
3693964 3825877 3969318 3994583
3799888 3586959 3712578 3761528
3569852 3682926 3781015 3660247
3915189 3657569 3804076 3882036
3650479 3743387 3786174 3802851
4174777 3931382 4072244 4128904
4027269 4081993 3987468 4055549
4090691 3940061 3973377 3994095
3982918 3876954 3905070 4002709
4116433 3943727 4030424 3978569
3948683 3977391 3868001 3948714
3997069 3766146 3917898 3899536
3817569 3816281 3788400 3823287
4034110 4113082 3979854 4014301
4165567 4152467 4064748 4141880
3902918 3939098 3793920 4002824
4005565 3977632 3870807 4013622
3931886 3918017 3874702 3976265
3956208 3990612 4001829 4000393
3771877 3883908 3736695 3879708
3923293 3953207 3852081 3931052
3949561 4012550 4123540 3876215
4038308 4024396 4100426 3971700
3827219 3918727 3959278 3932364
3890986 3856327 3956504 3854163
3904176 3972687 4018558 3944197
4000069 4038137 3922302 3851528
3778906 3834135 3929861 3804840
3852970 3802731 3846456 3713690
4047824 4100767 4021196 4022682
4170980 4147293 4091739 3968208
3857283 3972386 3924914 3889617
3993099 3970911 3975717 3799519
3975164 3955317 3968806 3876077
4041756 3923164 3968454 3822649
3810600 3916108 3908517 3827655
3831608 3802678 3895389 3679669
4022475 4109395 4006139 3942300
4009977 4068803 4021596 4147364
3856165 3961029 3754666 4037629
4047533 3976168 3894952 4042113
3945126 3984929 3858997 3960484
3999572 3905377 3969028 3972112
3731673 3940181 3738906 3796848
3848226 3796961 3800863 3820940
4173700 3905861 4054665 4106053
3892447 4094996 4095285 3958339
3991738 3746551 3927479 4009786
3650847 3914728 3939050 3999663
4046439 3822110 3879887 4032614
3799124 3890355 3944351 3922265
3917777 3782270 3962512 3893946
3681086 3788255 3869886 3852957
4065481 3960719 4040512 4013459
3914428 4079862 3955309 3929788
4166203 3956116 4009946 4074884
3983565 4008699 3910876 4081676
3967948 3889512 3984592 4012901
3877360 3861352 3890071 3949316
4322864 4029983 4142297 4153435
4129754 4078475 4108514 4071896
3942581 3943540 3960010 3943300
4060034 4063913 4006013 4110705
4045575 4010252 3872963 3945093
4037760 4044714 3984533 4050455
3814753 3930912 3742553 3862660
3949003 3903039 3957770 4069183
4046982 4185160 4073836 4099448
4162254 4131323 4059236 4174797
3991705 3928553 3978750 4004464
3992644 4000313 3884638 3915727
3911757 3974158 3957837 3965418
4068543 3978798 3942765 3866315
3842688 3825729 3888586 3876192
3937178 3926717 3833358 3799131
4054988 4070242 4072488 4059002
4111275 4057357 4043307 4001249
3941815 4041656 4022772 4047965
4083766 4053768 3977881 3905315
3940625 4021122 4062549 4023991
4109130 4007403 3996496 3885159
3893656 3978493 3925158 3813950
3924727 3893607 3895183 3769020
4083682 4178869 4138523 4077697
4194985 4151518 4202387 4009296
3891711 3973605 3950709 3936180
4050658 4077348 3910501 4054762
3913665 3995833 3905316 4038262
4046553 4004678 4015275 4048995
3828064 3961875 3809064 3940330
3906035 3874168 3872419 3933753
3969211 4119746 4000736 4219732
4177723 4145608 4072000 4168124
4044888 3841629 3977698 4066597
3795340 3941939 4064274 3968193
4145781 3936449 4012680 4135598
3775640 3935955 4077432 3975361
3855920 3755228 3901596 3904461
3667450 3882131 3886262 3887864
4253232 4022221 4136068 4177590
3943137 4025358 4103628 4079003
3925933 3842318 3864758 3959600
3820477 3875779 3842964 3932699
4023106 3715517 3884642 3864700
3865167 3870300 3811824 3903597
4015555 3811151 3951292 3923153
3805557 3904589 3853544 3866643
4015897 3806126 3901151 3860557
3797693 3795354 3824006 3828606
3870620 3900975 3786074 3898685
3954272 3894883 3821487 3927543
3792890 3956847 3805835 3874508
3950908 3872284 3877508 3892475
3854601 3772220 3762010 3933686
3849838 3884856 3835280 3923999
3798398 3956543 3740874 3792816
3946171 3895230 3846462 3906020
3856909 3799764 3858169 3854602
3909979 3897727 3756007 3759234
3832172 3809377 3892759 3885516
3884245 3851290 3828659 3771011
3802233 3862452 3824594 3836724
3800846 3887262 3767077 3685347
3738659 3903806 3817007 3777781
3860151 3838757 3840599 3728423
3903262 3890125 3872094 3825477
3965160 3922065 3790013 3691666
3895410 3905026 3826651 3818543
3986357 3883286 3885619 3684145
3897776 4015645 3869557 3912651
3950447 3882700 3786716 3862867
3842296 3855804 3931766 3869399
3869138 3882265 3794420 3770174
3778747 3876378 3798523 3846167
3914194 3892459 3868094 3873263
3808820 3965106 3820986 3872530
3892811 3877547 3911741 3988368
3778071 3842177 3762592 3859730
3818544 3850532 3886470 3966534
3788770 3761250 3710713 3796831
3870576 3799174 3778436 3866098
4015830 3713375 3836843 3963581
3759574 3748679 3936068 3876591
3973768 3680359 3879685 3932378
3729139 3815816 3921829 3827706
3956895 3683623 3819581 3958018
3679590 3852919 3920774 3802082
3920164 3652047 3778097 3898339
3592909 3731724 3909026 3831872
4021207 3929635 3965852 3940977
3892811 3851278 3861433 3945690
4105445 4148953 4159256 4172393
4038018 4055639 4072138 4060014
4094575 3963525 4053251 4005712
3914042 3953226 3884303 4090947
4056129 3980085 4062784 3988879
3953102 3889896 3881187 4036478
3860286 3981579 3787140 3884923
3971631 3905609 3909673 3967979
3936261 4026814 4043228 4112289
4139222 4066141 4033389 4173448
3916844 4023116 3897548 3902558
4039804 3920790 3948372 4077505
3853685 3975743 3885726 3923710
4064686 3965955 3963122 4081262
3866846 3783200 3981697 3819404
3931807 3822755 3894341 3766841
3980517 4063353 4096810 3982480
4034613 4004931 4091008 3989661
3890597 3928859 3990625 3975615
4047936 4018814 3927970 3880653
3879287 3940628 3946659 3978663
4007811 3918567 3993724 3799703
4012684 3962791 3872110 3899889
3937280 3970213 3947256 3776052
4126340 4125709 4060946 4051694
4180352 4049910 4015014 3979317
3906096 4005452 3937212 3999316
3968998 4060864 3945238 3902614
3956148 3940266 3967554 3938612
4044834 3905333 3953855 3836359
3930767 3926123 3780205 3941274
3975259 3906859 3922588 3916511
3978378 4094595 4022865 3993284
4104585 4071498 4094122 4153851
3880177 3967222 3946382 4002498
4007001 3971294 4008007 3990511
3906585 3989552 3881317 3989831
4053137 4000130 3937852 4057950
3967306 3758814 3911576 3989905
3674039 3898053 4041523 3915513
4050533 3936844 4063430 4145847
3832865 4040466 4099565 3987507
4065317 3854435 3879864 4134765
3756321 3933926 4028612 3957205
4013693 3865042 3945115 4014620
3692993 3829938 4075185 3966903
3964508 3754537 3820780 3835240
3827844 3805322 3755391 3738729
3941348 3786144 3903144 3943519
3813874 3849722 3824805 3862591
3975980 3944991 3956281 3943394
3853222 3917359 3825702 3969819
3872613 3689511 3826524 3803733
3695352 3706657 3787209 3818980
3743528 3798038 3722652 3798305
3944529 3822530 3800509 3888332
3832090 3930323 3784888 3803051
3947431 3935489 3922666 3876326
3867629 3926109 3795573 3909117
3914567 3937523 3878545 3993055
3625728 3727427 3663024 3729906
3757632 3727481 3727655 3894067
3756835 3756797 3880414 3819583
3808784 3827764 3780381 3673776
3809686 3836907 3847480 3804392
3860523 3800696 3785907 3680001
3740743 3823590 3916183 3936618
3833313 3828371 3806321 3679968
3743589 3760417 3766770 3733333
3798329 3798716 3795594 3610248
3819138 3837855 3777838 3739521
3814943 3761504 3786517 3728575
3921425 3957947 3811026 3816903
3910237 3926979 3805791 3728680
3922988 3950995 3836569 3801215
3962433 3939365 3860618 3771872
3836593 3811777 3740716 3789478
3836238 3706722 3805852 3660845
3733826 3768361 3708246 3787977
3824739 3696507 3770933 3732388
3734830 3838672 3747040 3865031
3901257 3925506 3906031 3822881
3844760 3971977 3764575 3946758
3957859 3883933 3811835 3871808
3704036 3743532 3687175 3789763
3779473 3769906 3704886 3814625
3949002 3667620 3782101 3871266
3601927 3725353 3821023 3902546
3952037 3717143 3851779 3938465
3674000 3772197 3880150 3845729
3933828 3780527 3965694 4012553
3632037 3897027 3827191 3789217
3788653 3614159 3774077 3800546
3559335 3750453 3785719 3722249
4096987 3795437 3949487 3960280
3791587 3932984 3808700 3966487
4003795 3821841 3943482 3943078
3819828 3870680 3865307 3883756
4066296 3912213 3987295 4029364
3967213 3971348 3978116 3976173
3904497 3875184 3903686 3966939
3866284 3893481 3878221 3898887
3908121 3965327 3847952 3882583
3965708 3876027 3883523 4013900
3845475 3887381 3756207 3873800
3974084 3928363 3883973 3950276
3950735 3990764 3879333 3962565
4036908 4032873 3939565 4009077
3900556 3878812 3784797 3865134
3898941 3927100 3791134 3899499
3872432 3770249 3896259 3922298
3918349 3931578 3880825 3776376
3788288 3874699 3902399 3834776
3864877 3882284 3925914 3740267
3899594 3884470 3968592 4079593
4005733 4038739 3926937 3831026
3762992 3808391 3822283 3817843
3890227 3897240 3843768 3745635
3895314 3859006 3832441 3864979
3996060 3931007 3830410 3819089
3849667 3938875 3909843 3830184
3940101 3851702 3927333 3721567
3926457 3963128 3994551 3946181
4003598 4125092 3925830 3817966
3859474 3893454 3838199 3787967
3874199 3819524 3782335 3778384
3804019 3897853 3839046 3909562
3908962 3912120 3846095 3941949
3779358 3900606 3848912 3888544
4001267 3820538 3847902 3935507
3906366 4080331 3910480 3934812
3961135 3970320 3889313 4006040
3748173 3852295 3781957 3879252
3919981 3888313 3826957 3865886
3927832 3701975 3812703 3973007
3597894 3896028 3931758 3861609
3926982 3755229 3826026 3922272
3654062 3786113 3914963 3939467
4075407 3831546 4031740 4071498
3760980 3910434 4076088 4039376
3912159 3706134 3868377 3972342
3739355 3837628 3930162 3816241
3833492 3705311 3753086 3810929
3730881 3645012 3680325 3726594
4039156 3789756 3974522 3942148
3893533 3911077 3859939 3880704
4063443 3812929 3910446 4048652
3848785 3856047 3849868 3997361
4051954 3895263 4033728 3945431
3901384 3852828 3876658 3957839
3724814 3732272 3647050 3695032
3797904 3704914 3734629 3756934
3861690 3923211 3757506 3844887
3868881 3891489 3860108 3975509
3907267 3947306 3873617 3861893
3962072 3975093 3832352 4016430
3855906 3896893 3883556 3890758
3938240 3902552 3871142 3985038
3643200 3646737 3751776 3677537
3708953 3663774 3656598 3570843
3787120 3821911 3940543 3825565
3927013 3814912 3872218 3797729
3797836 3802444 3986846 3875955
3892867 3806438 3912658 3779577
3902452 3793242 3949637 3845133
3934998 3916814 3911579 3690088
3765087 3741262 3669515 3697416
3753127 3770824 3732942 3649193
3892368 3906388 3818096 3827740
3940514 3860378 3876838 3778988
3932720 3981501 3969817 3861134
3998740 3994445 3932820 3807755
3912250 3844029 3955955 3851620
4028790 3900307 3931670 3855467
3696790 3727098 3643894 3617089
3731482 3706000 3712126 3816083
3813730 3902404 3829633 3889997
3973129 3911919 3871185 3888398
3830208 3892341 3847260 3911919
3953110 3882046 3903896 4042510
3815620 3907426 3843128 3890227
3860677 3935384 3898119 3951043
3872256 3666618 3716966 3807581
3534864 3671946 3836503 3704350
4045870 3794842 3898031 3987893
3622793 3833130 3895412 3922764
4026797 3774440 3967648 3964126
3691357 3880150 3889931 3884093
3934534 3756543 3841179 3996762
3682620 3853443 3994514 3923634
3962162 3755049 3943155 3938965
3843031 3861693 3853112 3873683
3926603 3839326 3912875 3911871
3871334 3805361 3869779 3846844
4112871 3955742 3933879 3979536
3959333 3901910 3895681 3994650
4037397 3846776 4039916 4032387
3978577 3895243 3927190 3973396
3750321 3889767 3892529 3821600
3974296 3922352 3910949 3974709
3833425 3815398 3711833 3784466
3929187 3873347 3863837 3945100
3909871 4009782 3832044 3905293
3980848 3992404 3897374 3975946
3827432 3977958 3880529 3880093
3990127 3908990 3966180 4050022
3782385 3876978 3829866 3827256
3905457 3890989 3931786 3762338
3727151 3858503 3812665 3840967
3890204 3851697 3839063 3681750
3828802 3943621 3952192 3906021
3944039 3900158 3938663 3832161
3823686 3846451 3938350 3952394
3966871 3936048 3910486 3806253
3917019 3954842 3882196 3893860
4005620 3962004 3900130 3725782
3864687 3874277 3730467 3847821
3928362 3846154 3893569 3764041
3907758 4073502 3937091 3935164
3954294 3966669 3907895 3953399
3884270 4011321 3951021 3928950
3978014 3981875 3917763 3850411
3795342 3830664 3787513 3830437
3878661 3903452 3830267 3910789
3769281 3831709 3770966 3859975
3875328 3764690 3837236 3908441
3895181 4008810 3926883 3930979
4037969 3898442 3926923 4022056
3863018 3979984 3908622 3901524
3971383 3992962 3828548 3922112
3895695 3727832 3890939 3978686
3663669 3849916 3956761 3824280
3904750 3716360 3785518 3893951
3636557 3797754 3866790 3885383
4056761 3826914 3980526 3942081
3737031 3831862 4020325 3928618
3987384 3807279 3934564 3964342
3675164 3930773 4072415 3918962
3824949 3719241 3795118 3967084
3830558 3816365 3850682 3827023
3844229 3698847 3782816 3905488
3843023 3844547 3792781 3790945
3965472 3803428 3889152 3994017
3823699 3867364 3914310 3861566
3825944 3674014 3793508 3884177
3669824 3730152 3811103 3674305
3802385 3916677 3818713 3958558
3854759 3847555 3888756 3655078
3848390 3854568 3808083 3840504
3783531 3657230 3805805 3674125
3772949 3913073 3918530 3881521
3853241 3898789 3954231 3711524
3780821 3801116 3801523 3801196
3729290 3770485 3819617 3632876
3893849 3981966 3804897 3689776
3813328 3739043 3760805 3972828
3919602 3927663 3853082 3665615
3753087 3862733 3695662 3862637
3959512 3998272 3834815 3758680
3893379 3872665 3881263 3944965
3845876 3876040 3776503 3671282
3683602 3713320 3783460 3806796
3787969 3783072 3956392 3925966
3850208 4046670 3797570 3958778
3724488 3707851 3840178 3844873
3826666 4002251 3762194 3943671
3792744 3873907 3972874 3915883
3748686 4089494 3972064 4028576
3708742 3649493 3890182 3796912
3702064 3930380 3713259 3886709
3827812 3808458 3944316 3723678
4000807 3801911 3799857 3849878
3841976 3832179 3959678 3822143
3948392 3754452 3824621 3891835
3982970 3867382 3977407 3854066
4011291 3853584 3956008 4038849
3774936 3721837 3828686 3739121
3843251 3809769 3741884 3753518
3832007 3833965 3887117 3881968
3842591 3689538 3750635 3792682
3726751 3735758 3891733 3762029
3903705 3631806 3721015 3862969
3769752 3852515 4021984 3887946
3891604 3724776 3829625 3823836
3724285 3836698 3859455 3655659
3811796 3565799 3679135 3754350
3843038 3764324 3825935 3985042
3774529 3826521 3781368 3905688
3816075 3770731 3823352 4011240
3740097 3824709 3889374 3828739
3927091 3831284 3836750 4002354
3867831 3864521 3908193 3851768
3818177 3712777 3743252 3900696
3780317 3826800 3814387 3840889
3815060 3916621 3841600 3837420
3759781 3894338 3833233 3690921
3790012 3793673 3819229 3808849
3809909 3757943 3868079 3683916
3851419 3890369 3902041 3799000
3832664 3962422 3937035 3757469
3747817 3800619 3798378 3849318
3717998 3749234 3810936 3663799
3933265 3943899 3836833 3738551
3737813 3831894 3761447 3894762
3902485 3902778 3792791 3692894
3748440 3748867 3770735 3950983
3972222 4019923 3911077 3748266
3842060 3843123 3765515 3880953
3886906 4062307 3740221 3647132
3747531 3748285 3684179 3893602
3722946 3736506 3953735 3881318
3792554 3987093 3780480 3945142
3688269 3731726 3899377 3802437
3853806 4010556 3825035 3828903
3771681 3852584 3974272 3870103
3793664 4059148 3813437 3988216
3797537 3803536 3952912 3867989
3719627 3969675 3815456 3864431
3751994 3832144 3837790 3717777
3926284 3798080 3789480 3894598
3805613 3815212 3918731 3823615
3935012 3805341 3786587 3866369
3838413 3812626 3964100 3867353
3947081 3796905 3906013 3945675
3759597 3741018 3843691 3755994
3996185 3741961 3738074 3736866
3690942 3878636 3992866 3899524
3804111 3610958 3740554 3876720
3722433 3725983 3925514 3822339
3785011 3624699 3722696 3873130
3771973 3835724 4004727 3897992
3840467 3747919 3911004 3818008
3677470 3782553 3934792 3806178
3735099 3547664 3788749 3756563
3841795 3808483 3928481 3961277
3899165 3932668 3946576 3866193
3917939 3755404 3759113 3967513
3767126 3774235 3842441 3871319
3946489 3834497 3798962 4048495
3829945 3926330 3915600 3919878
3781639 3661342 3806370 3871013
3744433 3793467 3806839 3731323
3858958 3941785 3962062 3845702
3889871 3906218 3966687 3747092
3758938 3823255 3795107 3878166
3704985 3827808 3871539 3640979
3808596 3933888 3886057 3893897
3805731 3855287 3953867 3774410
3739871 3759595 3774538 3780398
3654738 3638740 3738941 3598765
3897686 4017126 3919206 3714318
3747541 3863216 3823279 4028494
3900374 4003581 3816282 3681925
3826273 3812734 3756711 3866589
3953884 3991280 3897760 3735869
3791573 3822117 3935857 3972640
3707274 3848528 3809284 3584082
3727147 3713374 3723453 3883216
3703711 3825260 4020261 3975181
3812623 4112143 3848747 3867996
3751140 3767820 3854203 3864856
3793422 4032070 3734067 3863841
3864537 3897676 3883819 3916704
3874884 4101682 3867360 4050151
3650923 3718999 3806838 3774827
3671188 3872369 3731812 3911305
3841855 3850510 3925785 3813681
3964660 3866316 3866807 3890404
3798039 3810525 3911984 3740430
3866884 3788651 3831261 3803477
3891336 3836768 4024566 3824967
3954353 3819029 3895633 3942765
3724074 3741783 3940362 3700409
3895304 3787344 3689405 3854671
3871327 3863030 4011953 3794008
3888737 3711211 3777204 3836735
3633059 3799013 3862893 3831444
3802730 3696802 3770083 3739578
3752257 3912477 4077473 3966314
3946809 3761363 3864209 3901449
3720500 3801068 3828466 3766540
3822308 3659102 3697609 3709773
3869053 3824993 3861803 3943725
3820289 3884594 3907200 3753275
3954435 3828133 3911707 4039196
3914892 3931928 3890777 3852899
3811787 3727035 3886825 3910307
3796436 3859418 3900720 3876087
4009529 3895285 3946878 4119428
3956350 4086135 4006775 3952386
3837528 3868538 3860693 3875273
3775222 3864997 3815883 3761648
3861539 3897827 3829264 3959986
3874157 3886772 3889009 3790611
3859437 3885466 3862872 3831769
3819575 3894197 3863734 3719778
4006035 3985934 3915142 4037214
4024928 3933159 4024392 3813966
3856904 3939075 3815473 3685722
3804549 3731420 3766941 3917714
4002049 4093133 3941817 3791845
3896322 3827516 3780593 4013076
3985705 3953984 3912373 3699393
3792533 3782050 3794980 3997201
3983769 4123217 4007004 3868210
3973851 3872761 3916683 4047641
3688394 3731712 3925271 3820679
3744895 4014343 3840907 3820488
3835230 3811166 4027422 3896263
3911877 4084043 3997067 3963256
3672800 3828196 3895632 3854402
3904671 4046700 3797717 3882155
3896344 3896080 4083254 4013663
3981975 4205180 3916203 4059009
3810218 3704035 3878402 3782692
3997593 3818749 3749570 3806695
3876301 3887967 3949952 3818748
3997360 3915018 3898545 3937111
3842267 3858445 3844116 3740456
3971366 3817887 3911553 3950394
3954373 3911024 4002870 3951877
4103756 3903206 3963186 4027234
3769856 3877579 3900326 3753696
3888482 3696856 3790071 3871519
3816627 3941200 4046832 3866436
3978983 3742428 3824948 3843616
3789416 3817869 4063360 3828724
3852255 3678889 3838553 3837953
3922080 3952139 4129030 3996990
4047285 3819984 3915601 3991525
3897662 3701114 3782890 3920386
3761479 3824121 3885950 3817982
3918294 3923611 3957741 4064357
3917258 3892919 3955400 3928734
3993430 3899766 3946253 4081263
3955694 3924473 3898568 3959830
3938610 3891736 3903506 4022307
3954626 3965658 3993510 3922669
3820075 3783076 3834979 3832810
3775453 3814754 3924095 3651435
3863694 3979094 3981930 3941672
3853266 3954337 4018290 3844955
3966561 3990780 4001203 3986901
3935680 3979638 3942180 3787643
3821252 3883608 3957173 3929077
3835483 3888854 3928577 3705740
3960784 3923273 3841924 3654023
3818273 3790891 3806185 3860639
3989131 4080924 4007208 3820216
3796028 3875861 3905411 4074885
4110830 4118213 3953993 3799811
3893506 3931908 3971141 4031935
3932993 4087881 3941873 3712424
3795703 3953980 3834744 4008503
3708866 3820565 3892020 3895097
3848461 3920935 3770961 3912209
3842948 3838357 3973707 3942060
3896744 4185427 3874539 3976467
3888780 3869521 4032847 4053912
3965529 4156493 3926392 4102690
3791178 3881593 4060922 3837555
3891144 4201090 3834868 4006201
3783192 3757141 3902367 3810887
3951258 3758938 3891677 3846390
3872508 3917166 4108392 3878119
4003176 3916511 3880927 3954585
3926905 3955321 4068469 3878829
4096601 4027352 3881068 4000556
3843420 3876524 4011262 3906619
4018363 3871253 3932926 4000619
3700673 3789632 3892707 3819204
3869008 3641969 3653230 3823273
3895680 3853691 4012994 3973506
3995424 3705242 3875943 3957194
3889336 4012204 4118288 3940838
4029356 3839907 3910145 3980461
3736985 3884713 4038357 3975668
4004889 3717619 3759016 3933665
4117982 3904006 4032915 4201241
4035938 4127344 4070369 4045036
3957068 3890907 3885168 4005531
3905948 3981041 3996158 3916370
3805554 3748635 3855280 3928554
3817922 3954617 3851558 3828691
3854344 3805416 3852262 3995499
3952982 3954308 3875430 3901875
4006665 4049510 3994954 4116435
4029233 4036311 4102147 3822239
3882210 4003350 3981933 3917482
3817219 3882124 3999012 3819518
3765104 3804895 3746076 3832154
3719910 3856207 3839715 3725787
3844036 3821430 3883208 3912835
3780564 3738791 3979015 3733245
4144039 4175261 4049951 3875599
3956002 4033757 3968068 4095499
4038254 4116526 4032746 3743449
3929429 3918802 3936968 4015187
3904409 4007457 3799751 3700517
3747850 3776565 3754386 3895406
3907302 3992025 3890174 3669957
3831993 3787214 3896379 3973213
3883139 3947784 4163806 4007146
3973777 4195006 4004434 4189154
3870502 3861655 3993304 3955946
3874399 4220209 3912398 4114609
3675695 3748273 3886507 3804714
3803814 4021984 3763611 3825064
3738440 3835272 3922622 3854947
3855998 4062482 3867986 3898613
3955177 4011452 4178599 4085926
4191775 3989883 4021501 4110047
3912063 3944732 4052380 3840623
4049728 3930182 3977569 3928460
3805299 3836692 3948589 3794459
3952079 3774412 3753905 3946727
3870580 3856463 3983212 3839822
3962046 3801190 3909440 3953102
3893153 4007123 4121082 4106588
4079070 3855360 4011749 4012526
3910298 3820229 4036728 3971395
3942724 3827263 3873289 3946046
3740456 3772600 3988303 3878991
3878235 3626956 3655551 3889350
3816064 3828099 3926563 3926067
3977905 3689840 3865821 3857503
3972549 3857462 3929356 3957383
3940819 3963541 3996953 3882708
3926663 3763148 3914941 3890320
3847147 3937332 3858047 3841642
3847701 3799677 3747890 3934113
3872286 3849261 3890824 3775802
3828496 3770847 3693057 3886616
3715420 3845404 3762198 3835152
3923625 3946827 3900275 3911113
3809815 3977442 3996834 3926472
3832312 3933419 3902208 3929491
3874160 3847389 3850716 3769969
3835886 3782226 3808975 3806706
3756191 3757299 3947463 3594613
3720456 3832733 3818341 3749900
3742569 3749455 3781533 3610806
3988835 4071639 3915594 3812344
3885134 3950322 3925475 4012018
3965935 4021707 3923194 3701649
3891241 3875037 3917366 3958695
3811979 3949824 3786611 3650770
3737785 3765121 3770289 3921424
3850682 3912727 3790245 3633205
3766628 3736712 3775931 3818713
3830369 3886936 4050984 3927270
3834689 4133592 3942154 3937763
3788665 3802620 3936468 3976178
3848313 4067587 3772669 4059519
3730843 3806146 3860667 3834369
3772715 3969795 3787947 3901566
3593136 3694935 3938188 3824484
3690719 3916306 3750180 3958159
3837319 3934839 4035756 3861453
3974617 3941828 3969988 3973687
3871717 3870858 3914981 3800749
3938709 3798998 3915564 3912084
3865926 3722981 3856249 3745624
3861216 3803126 3739804 3849892
3784036 3792827 3831204 3693581
3902914 3753674 3763169 3867063
3946500 3949731 4040508 3965052
3881252 3842707 3948404 3907916
3805191 3931435 4035160 3986306
3884448 3754449 3794134 3871511
3741537 3855049 3905244 3756313
3796891 3571654 3667296 3699617
3740722 3681273 3879821 3813256
3785692 3531664 3726506 3755762
3910548 3818578 3942647 4011089
3867704 3934899 3911294 3905206
3880039 3767379 3916637 4017998
3814471 3929944 3903202 3938986
3951874 3855847 3893724 4075672
3960757 3989538 3925037 3892520
3947193 3844993 3883763 4061599
3883726 3901322 3902239 3916288
3845200 3915884 3903791 3873041
3853279 3860081 3969713 3780234
3929057 3942586 3923182 3931985
3912586 3839960 3918339 3758646
3844480 3887659 3950597 4006777
3834384 3906942 3996021 3725287
3945774 3927855 3925755 3908245
3867307 3878692 3921053 3704260
3950279 4068808 3865887 3710816
3853997 3866788 3815319 3949487
3973867 4077567 3919906 3748696
3857288 3940467 3811589 3987777
3916575 4141839 3892336 3802131
3880222 3854150 3836724 4066554
3912208 4025890 3932426 3817989
3802766 3827979 3841749 3933945
3801256 3904356 3936715 3946264
3873083 4058372 3914009 3978340
3773650 3851967 3946799 3951175
3828228 4120702 3879956 3944297
3811584 3756515 3978093 3903553
3914348 4129901 3881724 4063027
3817828 3850653 3966994 3941684
3783955 4098149 3825739 4051080
3791530 3885719 3963758 3844705
3977024 3872841 3805465 3979105
3878539 3880894 3977346 3851455
4052353 3951304 3872124 3889842
3862415 3892717 3983255 3906072
4084934 3893935 3890247 3931586
3898989 3889260 3958838 3835374
4001127 3891970 3892534 3982792
3839416 3826338 3919613 3948657
3925389 3751755 3796884 3908132
3883068 3918058 4004805 3912211
3930266 3752407 3773159 3913172
3828338 3881268 3999797 3908397
3900191 3742341 3858296 3948434
3757975 3967623 3995271 3876390
3906422 3636372 3823629 3905372
3820340 3750743 3780187 3880819
3805652 3762375 3903810 3836448
3911274 3857319 3836227 3926970
3835509 3872944 3826385 3904718
3939747 3835791 3836352 3998264
3919567 3914520 3930299 3881159
3937795 3729441 3891847 3994733
3875580 3931688 3943052 3924328
3815961 3882592 3789742 3853663
3763892 3797769 3887026 3695710
3896615 3891154 3880349 3905549
3827074 3828717 3914048 3741830
3946190 3921021 3824691 3944395
3837404 3900577 3889509 3809440
3812706 3870163 3944242 3880588
3777792 3880546 3979996 3758146
3875937 3946506 3910528 3720900
3755940 3716960 3894500 3894169
3926450 3970328 3847340 3747391
3803334 3793610 3848905 3936143
3900495 3960915 3972348 3814959
3818600 3868997 3870505 3948303
3955119 4021696 3943848 3705447
3845741 3808766 3832230 3922534
3695779 3767073 4000332 3844868
3750841 4012778 3794563 3872589
3725103 3794596 3898904 3847895
3862322 4054847 3871096 3915992
3834117 3853012 4005068 4001782
3861458 4106142 3923205 3990224
3785420 3918938 4053139 3878042
3834625 4070475 3903486 3958416
3806633 3715660 3882981 3868206
3918757 3824992 3758737 3867979
3851764 3844184 3937693 3803715
3965390 3846942 3905042 3915541
3865945 3831749 3952316 3896567
4071878 3927172 3836934 3973507
3809879 3862352 3968305 3844140
4050309 3864182 3835464 3994720
3815174 3914317 3878150 3778708
3823401 3609121 3732081 3833751
3869901 3897261 3999750 3865130
3892867 3686689 3867180 3863411
3806616 3910136 4012382 3862982
3955401 3713420 3752177 3858427
3757200 3883360 4142569 3913193
3888138 3696051 3860414 3911935
3978811 3853118 3977174 4078080
3906860 3864166 4067562 3963518
3810200 3729042 3835527 3944334
3880271 3933145 3909532 3823732
3955694 3899843 3978924 4126136
3987769 3957396 4031847 3937740
3826726 3762032 3832013 3855917
3819839 3774900 3884687 3953957
3914590 4022066 3977486 3983658
3876105 3910520 3978391 3855400
3883590 3915383 3849939 3869724
3825686 3753031 3887859 3676303
3971054 3985644 4010725 3954286
3927149 3934390 4088087 3846381
3811633 3851055 3829673 3845765
3718838 3795917 3872776 3699317
4004206 4106432 3954539 3875438
3928852 3946861 3856599 4091776
3796976 3966352 3787541 3659444
3814159 3807595 3792610 3968524
4014031 4087527 4018375 3791147
3950838 3972185 3886561 4154593
3898539 3964375 3812512 3727102
3745067 3706661 3747442 3897575
3945074 3960141 4127455 4050950
3912908 4174671 3991973 4035126
3810392 3826915 3919019 3868574
3868273 4015549 3798245 3923319
3891362 3915103 4018249 4070644
3843698 4119264 3961822 4060502
3691755 3773333 3870818 3857123
3763707 3956945 3804778 3933931
3891094 3923184 4022368 3931907
4133853 3945338 4050921 3951988
3872156 3762342 3940962 3798359
3928399 3860083 3861697 3842348
3969638 3988885 4043926 3980187
4057068 3984742 3968452 3981871
3771862 3837977 3879015 3859892
3949250 3735514 3856845 3823662
3951528 3976874 4086302 3950733
3993504 3797094 3900397 3962945
3782836 3819197 4014427 3875135
3927434 3693819 3766084 3844026
3899124 3948147 4101045 3984030
3978832 3784871 3871273 4019861
3735492 3686666 3851913 3839577
3835407 3730681 3701077 3780799
3995813 3904996 3927082 4111659
3866420 3995592 3911313 4008215
3831484 3819844 3873477 3954377
3891102 3855144 3894733 3809914
3914042 3857208 3807123 3943725
3840015 3866417 3876890 3850346
3986309 3858732 3826124 3966003
3832485 3773329 3901013 3831934
3892155 4000511 4063114 3992824
3891865 3920246 3989393 3806413
3833932 3928145 3869602 3872104
3859406 3876837 3915423 3711883
3810239 3888630 3873751 3848242
3831110 3868890 3880169 3757598
3959006 3854192 3884340 3836323
3813117 3849834 3927901 3781139
3944194 4171790 3974718 3861215
3903546 3911572 3918364 4046251
3921111 4001709 3840649 3696292
3776073 3856384 3796035 3976306
3923280 3937354 3907679 3676869
3870294 3903400 3766234 3939020
3919335 4025531 3883348 3673672
3841928 3811065 3817167 3997001
3902857 3884334 4052389 3986609
3850804 4188420 3891255 4060243
3785523 3901668 4012738 3856754
3752075 4074767 3840926 3907085
3687415 3877496 3946631 3914142
3775758 4030192 3879805 3954638
3637124 3786742 4007853 3846699
3830590 4011783 3791228 4013772
3889232 4028996 4007636 3968103
4040635 3881534 4017872 3984742
3863501 3800076 3972340 3848726
3984932 3843085 3952857 3900034
3838299 3795368 3960752 3933728
3977218 3809919 3764608 3947799
3910131 3857802 3962019 3849216
3935970 3822488 3862331 3891104
3840658 3959754 4135349 3947477
3952351 3659204 3905753 3935114
3830845 3873624 3929161 3815037
3923063 3715744 3835871 3805822
3740071 3749933 3923190 3854512
3888905 3662059 3736231 3850436
3809305 3824751 3976093 3873180
3832227 3719038 3874713 3880540
3832838 3846818 3873698 3924685
3841811 3891395 3822826 3865564
3975167 3863623 4014264 4084522
3911602 3924367 3846507 3851697
3947453 3824407 3852805 3985734
3919130 3900005 3939588 3945879
3851775 3793540 3862774 3857207
3807142 3910018 3884934 3852026
3853240 3906444 3931283 3936395
3795932 3809476 3842284 3683925
3943886 3909181 4007867 3946950
3929676 3889299 3914883 3832991
3858477 3994632 3930328 3954640
3897210 3877021 3876159 3726838
3814817 3825749 3862207 3862761
3788919 3867315 3858661 3675354
3949008 3954315 3929015 3765768
3826675 3822335 3836704 3998944
4019074 4080895 3896265 3812695
3857909 3829413 3860196 4047152
3982518 3984800 3939950 3729690
3910863 3778819 3853705 3932721
3926352 4031988 3918285 3711119
3795224 3851198 3803491 3917217
3819680 3788243 3981191 3810956
3796386 4117921 3834955 3924546
3828449 3917511 3981411 3927630
3852111 4086328 3861342 3987747
3791344 3892857 3955701 3952546
3858089 4105786 3911118 4041275
3735980 3785997 3902613 3929772
3794536 4042504 3749536 3996671
3849568 3837735 3959333 3817315
3949148 3870882 3838639 3821724
3906358 3991362 4025028 3831432
4053889 3890414 3994522 3847799
3868267 3895775 4007298 3837003
3996886 3855428 3905539 3892333
3730792 3847755 3951366 3813572
4004936 3815056 3845521 3895324
3737975 3897230 3970947 3830423
3871615 3736989 3921184 3889967
3876209 3937583 4120177 3901221
3947332 3782381 3841664 3914298
3820090 3904681 4000914 3937965
3977728 3698434 3786707 3882515
3814990 3787614 3992758 3832624
3806437 3683655 3788315 3893788
3648232 3783849 3686721 3798602
3774857 3879126 3654036 3814820
3740893 3816521 3823101 3879120
3819743 4084280 3754253 3889601
3706599 3748951 3710006 3812758
3811171 3973845 3592369 3873425
3703479 3850416 3739619 3866459
3770307 3995600 3645396 3804544
3674008 3655063 3898950 3694645
3649607 3585300 3728898 3758077
3795658 3811519 4008102 3826986
3849664 3797027 3901881 3881573
3770215 3730288 3898756 3738023
3771082 3713079 3714244 3794801
3735470 3812143 3959062 3721564
3689449 3779026 3839456 3798438
3585146 3728668 3730442 3599017
3787197 3762435 3729663 3711088
3761952 3822055 3842075 3748113
3957659 3904021 3824874 3711910
3708477 3672124 3762440 3681177
3806240 3729561 3813565 3581773
3590271 3714718 3739469 3696247
3909735 3796915 3826631 3599440
3727345 3706958 3788032 3791097
3927504 3722154 3777405 3693526
3784879 3852019 3870040 3863621
4149172 3841328 4015461 3879028
3729082 3808905 3821710 3855976
3926053 3812802 3815109 3765819
3742347 3875229 3816345 3834233
3991285 3801416 3848962 3730798
3705494 3742015 3878809 3591076
3799111 3765775 3728690 3826048
3759033 3852956 3942596 3703400
3931238 3915940 3854042 3933170
3856794 3742113 3915642 3667194
3829766 3834222 3862086 3830526
3760824 3777451 3866834 3652934
3823492 3902607 3851401 3916546
3766848 3842241 3731753 3813055
3803630 3757470 3749521 3773640
3888335 3965168 3816030 3964886
3851504 3863037 3882699 3795458
3766296 3904985 3828224 3821839
3908481 3830849 3778908 3729100
3774105 3910909 3809247 3867763
3890242 3793219 3825355 3738609
3780507 3872395 3845847 3950389
3834728 4109253 3689521 3862575
3718168 3829854 3702236 3882614
3783434 3973777 3663473 3842884
3677539 3745855 3670969 3863633
3720287 4015215 3725654 3809594
3745499 3857761 3802422 3893653
3854580 4103204 3673621 3945586
3831126 3774862 4074623 3785552
3675764 3823489 3942853 3961172
3662250 3747865 3946356 3861202
3733909 3720848 3828790 3831098
3712729 3704460 3980366 3648958
3624468 3706850 3677606 3768838
3785141 3821833 3989281 3800617
3708447 3794225 3824463 3981273
3701492 3767364 3801965 3857471
3918428 3907954 3833021 3805821
3599308 3631964 3747062 3698654
3885150 3876546 3775126 3712942
3599473 3671147 3731221 3754663
3886054 3845451 3734151 3598187
3632570 3712816 3804794 3755095
3897248 3890451 3796865 3697636
3904758 3885550 3944326 3958091
4105610 3799651 4015880 3862059
3783611 3858607 3783539 3902685
4091942 3809418 3834992 3770406
3778243 3773707 3711993 3908716
3960078 3712798 3782924 3775957
3904129 3924396 3858787 3927531
4138985 3872136 3926639 3753075
3858000 3878708 3950535 3695387
3905573 3923996 3801213 3904286
3867731 3744267 3859090 3696498
3807070 3908873 3850247 3917453
3690999 3855257 3783386 3727138
3797171 3806706 3811078 3902862
3912856 3864759 3869316 3733626
3896094 3935686 3890429 3965013
3867780 3969432 3840578 3888559
3922125 3906511 3868746 3952123
3836833 3976977 3767169 3905400
3910140 3910095 3846196 3832330
3804132 3915327 3780605 3779164
3807381 3773423 3727841 3796147
3891790 3984610 3897188 3855207
3867488 3857175 3851132 3855087
3688638 3795464 3707227 3831684
3719686 3924560 3607451 3827364
3779409 3837819 3827287 3983873
3796193 4041599 3730420 3839979
3794863 3757578 3798844 3925505
3872399 4057944 3685850 3883188
3734731 3842497 3733840 3878864
3766434 3982887 3735749 3922638
3715812 3710907 3841885 3769151
3647866 3680874 3764682 3810179
3879567 3876573 3977926 3818159
3727089 3776414 3823181 3951889
3853102 3774774 3957714 3725752
3798072 3756451 3854078 3928839
3830076 3803285 3947371 3761958
3684343 3698552 3830230 3917809
3618652 3682972 3751626 3738014
3851114 3787369 3820141 3641945
3694177 3636898 3871379 3814909
3853110 3843077 3806611 3777051
3683072 3840665 3822708 3742605
3908829 3901285 3866703 3732798
3553334 3646281 3872745 3779203
3854455 3914374 3776635 3675140
3759243 3791023 3780309 3865287
3987075 3817760 3901330 3708257
3928743 3889746 3846705 3915062
4075879 3943222 4077860 3825162
3837157 3847422 3839396 3969073
4069863 3858984 3918650 3821275
3836473 3830128 3813248 3888524
4076234 3843651 3933925 3825538
3748000 3724091 3812492 3700563
3764769 3876640 3703445 3885105
3931939 3837404 3903368 3777012
3930607 3991187 3908080 4035599
3831210 3874927 3901646 3727527
3899526 3856270 3818037 3892820
3821973 3781634 3845923 3775002
3860504 3909283 3772966 3905949
3740522 3955483 3733061 3727624
3944845 3892635 3782445 3828084
3889857 3985314 3890385 3874369
3965585 3953670 3946291 3865619
3865922 3975892 3814358 3881391
3927212 3883769 3931975 3785152
3952245 3945336 3803553 3822514
3911167 3843762 3841541 3826279
3774093 3870319 3812026 3886030
3828861 4069982 3735507 3972971
3834844 3930608 3894705 3955885
3909977 4171545 3775507 3953953
3844314 3885896 3838665 4040770
3947926 4110431 3772755 3840344
3681091 3701511 3659315 3787362
3774838 3903941 3561369 3787845
3810337 3831780 3925603 3785669
3778457 3784657 3862543 3929061
3926325 3895420 4165085 3871542
3862092 3896723 3928123 4021187
3941434 3869299 4088700 3922092
3882422 3834706 3876674 3945519
3692810 3625384 3907131 3749259
3639810 3689485 3727892 3791690
3689107 3763857 3849321 3788213
3924361 3857504 3851572 3692182
3803235 3901535 3922342 3872814
4007547 3880151 3931643 3774646
3675194 3849477 3867634 3868831
3978461 3889027 3965926 3837949
3584667 3750471 3700700 3699190
3801159 3710526 3685452 3606560
3850362 3878455 3863862 3907530
4119981 3850640 3891597 3847278
3990876 4043301 3950433 4114665
4159048 3994426 4049584 3891876
3954480 3994050 3923730 4041228
4176143 3973131 3968972 3910168
3703300 3703315 3827528 3834550
3981279 3819114 3772273 3695858
3913039 3855859 3864582 3702893
3804558 3863358 3855793 3973143
3918657 3976669 3998807 3819061
3991133 3952063 3903054 4054172
3882789 3856941 3944862 3757160
3931057 4056866 3934264 4022621
3655433 3713888 3876368 3592104
3785900 3750207 3737169 3779463
3925110 4003243 3748515 3779066
3902022 3896705 3918737 3793647
4019317 3937080 3914971 3968273
3965826 3958143 3927937 3986995
3948462 3983952 3912274 3908857
4003713 3945084 3910621 4020218
3731512 3827786 3758139 3705485
3727067 3778782 3799668 3739327
3714630 3775027 3867589 3925852
3791895 4070998 3807145 3884393
3816114 3760330 3858212 3851655
3831084 3972102 3623074 3873638
3865370 3880438 3893119 4054888
3960642 4120546 3834104 3897295
3674170 3845537 3855137 3874575
3876950 3972503 3767604 3873713
3901881 3902971 4004671 3848592
3825598 3837352 3866351 4037999
3835993 3811377 3941023 3832741
3723314 3747736 3754661 3901331
3945198 3799275 4152744 3838953
3946151 3866325 3912980 4093838
3762532 3677779 3963292 3767291
3685572 3676582 3770241 3867655
3742903 3836291 3922017 3914951
3958477 3886611 3953491 3833519
3715194 3739295 3766804 3769800
3903568 3905961 3851650 3587786
3754068 3836088 3866136 3849439
4009799 3956875 3908968 3831419
3601365 3739472 3788005 3784010
3918324 3815355 3852580 3700491
3892878 3865895 3832534 4036949
4134054 4039706 3892318 3887489
3862516 3855754 3853855 3881394
4009650 3931086 3909991 3792533
4024415 4028224 3971828 4093309
4229562 4003479 3953543 3914200
3837538 3779009 3768563 3996618
4047405 3813027 3890536 3797669
3857582 3857404 3938134 3779537
3934209 3968221 3949626 4009240
3865858 3814805 3852952 3678439
3842855 3897036 3867322 3918553
3983986 3865953 3985449 3917647
3935521 4071003 3935322 4040372
3844855 3755430 3815285 3694835
3858687 3940133 3759415 3898004
3959164 4017579 3917856 3962566
3980288 3967318 3959576 3909630
3802294 3879999 3844963 3838343
3910716 3835993 3868416 3842975
4035393 4033016 3943973 3964765
4083535 4029560 3968665 3935131
3873214 3928456 3832936 3895136
3826159 3907051 3825701 3833894
3666715 3693149 3679325 3844905
3791363 3917008 3652341 3833422
3797207 3896437 3929341 4025708
3952796 4046883 3765249 3976451
3772309 3759264 3799811 3960945
3787343 3971330 3689889 3772817
3654605 3744077 3788973 3842496
3834102 3927105 3618825 3848816
3697045 3666492 3796188 3666700
3707429 3630586 3789711 3852131
3926817 3931943 4075422 3879634
3908343 3934297 3867125 3989218
3829872 3794331 3922911 3727006
3847031 3807074 3844763 3839500
3795941 3632590 3919326 3781999
3674816 3741056 3706393 3835411
3561408 3706212 3704661 3773394
3838622 3756268 3754493 3691736
3742857 3816856 3856163 3847131
3972174 3942270 3872776 3872240
3735032 3710906 3807551 3735623
3899229 3847684 3789297 3730174
3635782 3712231 3731077 3718833
3813759 3725906 3696582 3649369
3762670 3775110 3849415 3930505
4006199 3831178 3883546 3693886
3973205 3970457 3877170 4006959
4142202 3963906 3967216 3919205
3820641 3789365 3817246 3897324
4067977 3842657 3889251 3760813
3763301 3806488 3754623 4007724
3931573 3877042 3906760 3748233
3796970 3774279 3833269 3617151
3773574 3841888 3828153 3910248
3888006 3880026 4062325 3751528
3952489 4002299 3848327 3969167
3818029 3829319 3874684 3706800
3833961 3922744 3859038 4003908
3778032 3792047 3783051 3723681
3876540 3815577 3739159 3903273
3767417 3967325 3787880 3813561
3852221 3837651 3843089 3745625
4027561 4088194 3952122 4028370
4016172 3980479 4032741 4010065
3872715 3965861 3838586 3844207
3878702 3869772 3891378 3812878
3842832 3870771 3779441 3840443
3883849 3830235 3820987 3834469
3842907 3918518 3875865 3998695
3869186 4032876 3829500 3965072
3760647 3873372 3712682 3829670
3812906 3951134 3728504 3768435
3793490 3845708 3799194 3875698
3929835 4017503 3722587 3803356
3744403 3840774 3799811 3949674
3823666 3994087 3683285 3810984
3833382 3857092 3986612 3887043
3899127 3845518 3941803 4055540
3771146 3781185 3860229 3668263
3718355 3691672 3774079 3893401
3810672 3670340 3973707 3759885
3712227 3860519 3840431 3944359
3737641 3809350 4015541 3904206
3753347 3777158 3728520 3866453
3745531 3869530 3939692 3823194
3954429 3960845 3864189 3821823
3667647 3689278 3805598 3718687
3852352 3807709 3779302 3652272
3677653 3765219 3798083 3793612
3939317 3889305 3794673 3729684
3685603 3727449 3825594 3765750
3912303 3945517 3898671 3741497
3901679 3911417 3947672 4033902
4195109 3990653 4105169 3915790
3837548 3721948 3835800 3863603
3973016 3860924 3946350 3803613
3867791 3840882 3825921 3921787
4153855 3894140 4002865 3851906
3871038 3861033 3867283 3986876
4051159 3890384 3929895 3835652
3895679 3946425 3954690 3878329
3952461 3940012 3961620 4020429
3785016 3758501 3918347 3638825
3794848 3901976 3819870 3877872
3860760 3857865 3941348 3680004
3860489 3780547 3853229 3970177
3849926 3833130 3949985 3709692
3878479 3982447 3923826 3914417
3909173 4029861 3868249 3928053
3998725 3944705 3925651 3892534
3873115 3826414 3775264 3833090
3853467 3818117 3903430 3740912
3929842 3976291 3832370 3872682
4037156 3919846 3834463 3838403
3845219 3973196 3834423 3889267
3934118 3860094 3865949 3876737
3823895 3838418 3885812 3986283
3923252 4154955 3762678 3966579
3863262 4072924 3899884 4155290
3960284 4193865 3873276 4039263
3828815 3807257 3863531 3965398
3930557 4102070 3847477 3952486
3790296 3891094 3759533 3928988
3861334 4089781 3797126 3832472
3889693 3801556 4020592 3879016
3869100 3894419 3863418 3979955
3970817 3913179 4128586 3932656
4037222 3914198 3950419 4074255
3916155 3833636 4023403 3870094
3875750 3912145 3948375 3993562
3799881 3855530 4090734 3794784
3802480 3748254 3898793 3985301
3682732 3896593 3876741 3797848
3969363 3963473 3858809 3781931
3899071 3820858 3960811 3920703
4103847 4065888 3980915 3916995
3754123 3842820 3921705 3856796
3987007 3869056 3859873 3837723
3798229 3817359 3931730 3799408
3910704 3906950 3864347 3751417
3913040 3981651 3922265 4129013
4143829 3913100 4004661 3865462
3954843 3947238 4004110 4049234
4121674 4004910 4060845 3964547
3911626 3989693 4005021 4000749
4173698 4002719 3947435 3886708
3885825 3888604 3846817 3972157
4146427 3930784 3997905 3887972
3874430 3774677 3973090 3910857
3922327 4027986 3905791 3980312
3995163 3999210 4031439 3802049
4037486 3995891 4003263 4081561
3931626 3957594 3954981 3741356
3955043 4036474 3921109 4071540
3872319 3888568 3889836 3736170
3899160 3943294 3893588 3941284
3973352 3967698 3894567 3870828
3960224 3874875 3982499 3986480
4031908 4074093 3981011 4004820
4033977 4086512 4079085 4041575
3883636 4022532 3884043 3915648
4022125 3964748 3918633 3920326
3888335 4042601 3910294 3922644
3986513 3923803 3944344 3867827
3901418 3925795 3855840 4050907
3951298 4204445 3877687 3983451
3663008 3766367 3779533 3809167
3843917 4056201 3696034 3868942
3688026 3854053 3731168 3829670
3882699 3982750 3689474 3869817
3860319 3800347 3799077 3923655
3880879 4054112 3781717 3871933
3910928 3901264 4115125 3989247
3907061 3899019 3997338 4048205
3684748 3717467 3959939 3860014
3861724 3758717 3818233 3942992
3792759 3716940 4037656 3728938
3778791 3731860 3770397 3852129
3853981 3823383 4029678 3849458
3789671 3822717 3889804 3999826
3854457 3911256 3996256 3915168
4038801 4004383 3985375 3892951
3726733 3732924 3836887 3780334
3864943 3849827 3835456 3724220
3696199 3713228 3753383 3714860
3911137 3855479 3920090 3766851
3731599 3827818 3783205 3904841
4010256 3860262 3757627 3749375
3951973 4023068 4032325 4002561
4198424 4043875 4109664 3889332
3846456 3837065 3854935 3953772
4083364 3852482 3829028 3884035
3816248 3785309 3910961 3912113
4111078 3844204 3893133 3865408
3890464 3842036 3902351 4028535
4060552 3951336 3961365 3812506
4030724 3994045 4089569 3840188
4017139 4052825 4007756 4094876
3842105 3836901 3939051 3704795
3884127 3984739 3863105 4016073
3796635 3847369 3904639 3650530
3871998 3917637 3776631 3853772
3835943 3902235 3997850 3642262
3862155 3922716 3826181 3959842
4031923 4143990 4086566 4043403
4039363 4050593 4079854 3931590
3917929 3930815 3871407 3849520
3852291 3872827 3861124 3859658
3821564 3894023 3878592 3839134
3832314 3898023 3849674 3816507
4001766 3987158 3876965 3845952
3861823 3892966 3949604 3869731
3762605 3777799 3884746 3911316
3859328 3975431 3697732 3843113
3844226 3905213 3939882 4036340
3921374 4146901 3893160 4004326
3809083 3867867 3863350 3975321
3903699 4109186 3771324 3942186
3701642 3787149 3799566 3911876
3749763 4007640 3767255 3805619
3773506 3814504 3938219 3803009
3813388 3831588 3744208 3949382
3955644 3887650 4033016 4008212
3833073 3903892 3930521 4029142
3885244 3831075 4036004 3789204
3930579 3827253 3840481 3960380
3818954 3845642 4020158 3822866
3810825 3758486 3787832 3934305
3676588 3735089 3786623 3671684
3908198 3762927 3898586 3666373
3786235 3911655 3896418 3894177
3979125 3989583 3902880 3806079
3715225 3854904 3868761 3851065
3978189 3849024 3925118 3819673
3707049 3681274 3791204 3795159
3931303 3832276 3796457 3767431
3834274 3803620 3873739 3933098
4055385 3846883 3905391 3760080
3905092 3994897 3899245 4050720
4144331 4011715 4094988 3922620
3900061 3925674 3975604 3986481
4149925 3931605 3979339 3899544
3879636 3843027 3854450 3940074
4090420 3893597 3963461 3831146
3917124 3791017 3872897 3761943
3801720 3895309 3798698 3864867
3886389 3966491 3955536 3874380
3892947 3999590 3877809 4035688
3938836 3957085 3935183 3707986
4015517 3929299 3922780 4020904
3858571 3876697 3872026 3711987
3925827 3951146 3870146 3951268
3930699 4009777 3867198 3925390
3849117 3865735 3846300 3885746
4033011 4045106 3903356 3926924
4044153 4023133 3959586 3953771
4000071 3976060 3875657 3948440
3957448 3914292 3881938 3867107
3928389 4034847 3874692 3850048
3883661 3895787 3882824 3898147
3765815 3887973 3758939 3963224
3835324 3993813 3795846 3848622
3770794 3945829 3838085 3994547
3937267 4143013 3787708 3977969
3823091 3908655 3897231 4032984
3913260 4056144 3796636 3897312
3606926 3707041 3737848 3866436
3678971 3899508 3568785 3753066
3755798 3833376 3933217 3874121
3716968 3768839 3810254 3892915
3919782 3807624 4071384 3872162
3839705 3835542 3931578 3962548
3888626 3838519 4034722 3890416
3871444 3782772 3878703 3951625
3771357 3647875 3870915 3747337
3715532 3734227 3683354 3749739
3725117 3760843 3848299 3754509
3926223 3886360 3813724 3799690
3818819 3849545 3941364 3755553
3973893 4035379 3999826 3796511
3691677 3844006 3803179 3800607
3957511 3942873 3924536 3841324
3645054 3672404 3709115 3745414
3821764 3811250 3791372 3622514
3891670 3888655 3871247 3930888
4039443 3932616 3970544 3936894
3923783 3925828 3936708 4025541
4170852 3944462 4096992 3887160
3872674 3969571 3941826 3953119
4132714 3893717 4006400 3857263
3747275 3893655 3753309 3787701
3948759 3726066 3807433 3694072
3823231 3813911 3916942 3722474
3922032 3964634 3787829 3896259
3961593 3926651 4000078 3821055
4040078 3995074 3979264 4022952
3898394 3859760 3962527 3773441
3885990 3958773 3960883 4094584
3719060 3756046 3813328 3566958
3720438 3869743 3702100 3859941
3935014 3963672 3846659 3890811
3905033 3905771 3878694 3830526
3938516 4043042 3954702 3934649
4016189 3989171 3944015 3959779
3953455 3984738 3879899 3983181
3964767 3974850 3860026 3904748
3786691 3839603 3699407 3771970
3821426 3739929 3789430 3771984
3809622 3846613 3844084 3870405
3848878 4014759 3775276 3881013
3749830 3922903 3860565 3923853
3930367 4042798 3633577 3912994
3715658 3825115 3660276 3881337
3786149 3991962 3696708 3747620
3864748 3974388 3952427 3999248
4040169 4222908 3817086 4024213
3904348 3838836 4027783 3799983
3781850 3834404 3815184 4036125
3827914 3848466 3991609 3838661
3870598 3918953 3860340 3924303
3693214 3726218 3866891 3707491
3718369 3748970 3781873 3887275
3902205 3912693 4100132 3937869
3840604 3905631 3928242 4012886
3695078 3760276 3840049 3833346
3864725 3946507 3947252 3781405
3705360 3837951 3907388 3733235
3956077 3952341 3903839 3800133
3684798 3664739 3737274 3750457
3795799 3820631 3866416 3702001
3739224 3961902 3910428 3824959
4037876 4021436 3971203 3854647
3914592 3961483 3931373 4019245
4123876 3924178 4006810 3873545
3936163 3855949 3869609 3999103
4031450 3924678 3972018 3841802
3780713 3834016 3710321 3895900
4048563 3856131 3852576 3730650
3954276 4041141 4020116 4046813
4222673 3972366 4058214 3908742
3916240 3804782 3973511 3765780
3892261 3935156 3851597 3914066
3864041 3889006 3923397 3690237
3940587 3996496 3888087 3990236
3784050 3743422 3892708 3694412
3916132 3844044 3783196 3847644
4049233 3951386 3976030 3824449
3973649 4012778 3981531 4087929
3924706 3922394 3847412 3868247
4018739 3963732 3872233 3929272
3915181 4032480 3962419 3908861
3931822 3960150 3970992 3905311
3758253 3905092 3785053 3852901
3938817 3828245 3788980 3745154
4046469 4045238 3991041 3968577
4059252 4008678 3975990 4047646
3656289 3768353 3825239 3878240
3779442 3911951 3671726 3795362
3858103 3915347 3902933 3972822
3976795 4119417 3856290 3843139
3838748 3932982 4029345 3910216
3860900 4074752 3718416 3815350
3782537 3837547 3887920 3899232
3888154 3999831 3646752 3683948
3841907 3755341 3681158 3710206
3747795 3907850 3908653 3769212
3970557 3907540 3837262 3863656
3887005 4020800 3994904 3910248
3959465 3905459 3870548 3906785
3883147 4069308 3869959 3893415
3871017 3814386 3713346 3777554
3787829 3975162 3904592 3754748
3878886 3757623 3815759 3800076
3748708 3675694 3664976 4039014
3962246 3889733 3886543 3972428
3939610 3847831 3767330 4095653
3924555 3934699 3910634 3953509
3894226 3796803 3911178 4149010
3869688 3792896 3809090 3828356
3773785 3741330 3660621 4025293
3716816 3780089 3844153 3654457
3785335 3851921 3950717 3906879
3868535 3891702 3932708 3828004
3958697 3975391 4100353 4067775
3804547 3995713 3949727 3861694
3893290 4007259 4054515 3991558
3798788 3818308 3847240 3769058
3749520 3861713 3954889 3971588
3735380 3876389 3839870 3795704
3742196 3765023 3726513 3690301
3827866 3977210 3921366 3906809
3829671 3975815 3847800 3878607
3897448 3991503 3876844 3821166
3817901 3857615 3847826 3905289
3766567 3910050 3806920 3780122
3766965 3839745 3751987 3781033
3751194 3857832 3870002 3854117
3948571 3881723 3914619 3709855
3892448 3919899 3998310 4039271
4017954 3923655 4024461 3791145
3803378 3870954 3918226 3917283
4083732 3960734 4003448 3844113
3800789 3817780 3829851 3866224
3914015 3916336 3891795 3758191
3888426 3914373 3944110 3893082
3973999 4074863 3845577 3737743
3908686 3941324 3993933 4048385
4011561 4037947 3759222 3821099
3810564 3870472 3877928 3857522
3913620 3998602 3721847 3666182
3803850 3900788 3968421 3871404
3837991 3999551 3801221 3769888
3931485 3832178 3724127 3848544
3889870 4027973 3946655 3955457
4013272 3941470 3884881 3863433
3922746 4101508 3957231 3999287
3957916 3772576 3735146 3774336
3782766 3951219 3859241 3767150
3929026 3875442 3751863 3806756
3856705 3951061 3882125 3879913
3923775 3917042 3846587 3881203
3981600 3785997 3850896 4002978
3988152 3968558 3911529 4054790
4017937 3916313 3859954 4133075
3853770 3885149 3765273 3876120
3776697 3738506 3700548 3999705
3937979 3869692 3836910 3919389
3932218 3799597 3805950 4078825
3930936 3884378 3952029 3783263
3969853 3939190 4052207 4056279
3868941 4045187 3993622 3915599
4007623 4004577 4048609 4174201
3748216 3782449 3868675 3769812
3864696 3928641 3884693 3899328
3868756 3842206 3921781 3845532
3898528 3915627 4037333 4036185
3956328 3949616 3928164 3923822
3968994 3941412 3793179 3761386
3931949 4115605 3970156 3932846
3977484 3988221 3864115 3919873
3790998 3915174 3865796 3778320
3712967 3803626 3692561 3831825
3919524 3934145 3861687 3877827
3864817 3867840 3788471 3827043
3821783 3929771 3944320 3978150
4062347 3937357 4105262 3817915
3846382 4013408 3945549 4003042
4055088 4024940 4034766 3853263
3734640 3873055 3916627 3911175
3922449 3822571 3912570 3673492
3810768 3976065 3885024 4043254
4058254 4014696 4049748 3773996
3662904 3741971 3837514 3890563
3807195 3938770 3758623 3764712
3993216 3989879 4115128 4015550
4026551 4169427 3819147 3957438
3859997 3806270 3965455 3887071
3890970 4049736 3699330 3747201
3755507 3737422 3931118 3934956
3886984 3982292 3616143 3757923
3864884 3806516 3755381 3785012
3814288 3885808 3929987 3779372
4154758 4032481 3915210 3931498
4013894 4220195 4137150 4019254
3865353 3927498 3689686 3830595
3938212 4041071 3814691 3789497
3822934 3803516 3733765 3685868
3813345 3974747 3805108 3808853
3838261 3727708 3823619 3846518
3737653 3751558 3692719 4026922
4113701 3956126 3983102 4032153
4038881 3927397 3862660 4131681
3890796 3891643 3856788 3900029
3864764 3743510 3747473 4019516
3862658 3965437 3811269 3836508
3738630 3722104 3752540 3951811
3756907 3743048 3879578 3809315
3784621 3900627 3909630 3951426
4050266 4041892 4032954 3944511
3958774 4044789 4135699 4136458
3866255 3878364 3876127 3815480
3818477 3936575 3915649 3961912
3806091 3835713 3810517 3687622
3920714 3886500 3901533 3907008
3823685 3887660 3837898 3710641
3779412 3808870 3794125 3758885
3979416 4101045 3948555 4056471
3990213 3973763 3903633 3949899
3762836 3987460 3890266 3758852
3784222 3868614 3808797 3894681
3780958 3825213 3863312 3752229
3793654 3833021 3761034 3728564
3696941 3790519 3826970 3855944
3882134 3855845 3878820 3668436
3841674 4051077 4059977 4122747
4137004 4004487 4094094 3951536
3809895 3897285 3911502 3878781
3945823 3941107 3977667 3748593
3723581 3792084 3858464 3795022
3892987 3930821 3903158 3736767
3885568 4009307 3936241 3898612
3965801 4076145 3794393 3804544
3681996 3767025 3780177 3749019
3845083 3929568 3693026 3630173
3807872 3841189 3974573 3760379
3890940 3980370 3754687 3793394
3720197 3759541 3863772 3821474
3841325 3992804 3698551 3653490
3992895 3925260 3837583 3915646
3907745 4084923 4007974 3950068
3823498 3709128 3684678 3796179
3801524 3875148 3869562 3754914
3878428 3752345 3816270 3847000
3779704 3974912 3874768 3799713
3799464 3801778 3596880 3739518
3786575 3924586 3734230 3759239
4029796 3982634 3937773 3974611
3887353 3813120 3805654 4123039
3808604 3739364 3754672 3731854
3729235 3713400 3640464 3838715
3899053 3911483 3868035 3838035
3836842 3790758 3716979 3976179
3844246 3761992 3801125 3819634
3855806 3655899 3764109 3901374
3852658 3972040 3943897 3889031
3937783 4038036 4086139 4056121
3642655 3800960 3818888 3697119
3829040 3824228 3883220 3849836
3827645 3905950 3874530 3753565
3810064 3909295 3963814 3964045
3755965 3760024 3879860 3735460
3777226 3898055 3809883 3866298
3948088 4013863 3894246 3911505
3879881 3982153 3823652 3967948
3749919 3917107 3815763 3758298
3769124 3748071 3741216 3785868
3800487 3886250 3943546 3868151
3755814 3824408 3814204 3805841
3776271 3839768 3801797 3738212
3775226 3801167 3716146 3779285
3818869 3953022 3999314 3972426
4075996 3976012 3942098 3909739
3695217 3752012 3740731 3851818
3916166 3878134 3865807 3665563
3773025 3900913 3896799 3870424
3910702 3842481 3944598 3756786
3719228 3758373 3916194 3841177
3880964 3776073 3859367 3710825
3664260 3816722 3929890 3929861
3889314 4044675 3717942 3678770
3685088 3730085 3854548 3772347
3759721 3851107 3680240 3673856
3823901 3924022 4048073 3937298
3991738 4073974 3852563 3782040
3864836 3951213 3936466 3888760
3935853 4095720 3848844 3782145
3912254 3900941 3727031 3826189
3803040 3975901 3884224 3837918
3754757 3729794 3698477 3711771
3670826 3888372 3829423 3765056
4011086 4004179 3852599 3841435
3957247 4046804 4040398 3896242
3993193 3813571 3742684 3818454
3848180 4037445 3995476 3909487
3883208 3811309 3843288 3846330
3864528 3779912 3736182 3970342
3823633 3713396 3770309 3704621
3699126 3721482 3615838 3863168
4038204 3947226 3884601 3977787
3928570 3841377 3829031 4102930
3953708 3946751 3895372 4005216
3881607 3864352 3868941 4131213
3678264 3884664 3965548 3873107
3855847 3931485 3939220 3931134
3688481 3753063 3790162 3659853
3729483 3823498 3805554 3839176
3931269 4002292 4048224 3896859
3983037 4086011 4004898 4072521
3836163 3953921 3949175 3759540
3943826 3963210 3992986 3937722
3804750 3917375 3770768 3769726
3766159 3829550 3840992 3797932
3666853 3804848 3777029 3683650
3747699 3761044 3670545 3677109
3937822 4012496 3979107 3940416
3947877 3935931 3840118 3817469
3841060 3938728 3892589 3843105
3857328 3936387 3770707 3933549
3819452 3916842 3841614 3947702
3905952 4029793 3897972 3793192
3646732 3758949 3837147 3760735
3873743 3794499 3838691 3612648
3781686 3934399 3970039 3949482
4075944 4006555 4057276 3867870
3762702 3986075 3925805 3976745
4052929 4038065 4039462 3895449
3697261 3762129 3842486 3749837
3830826 3893983 3728374 3638317
3839748 3829573 3965009 3870393
3955408 4076357 3767226 3833533
3869302 3852657 4013491 3879113
3910391 3961372 3744326 3813708
3715754 3873164 3807444 3807973
3813235 3987268 3689055 3656548
3854972 3718098 3664004 3699622
3720341 3862936 3826919 3706985
3854817 3765853 3715506 3871217
3867469 3957305 3928137 3875856
3985562 3905901 3761102 3829248
3858278 4065001 3988933 3935081
3889162 3773894 3679884 3805742
3801225 3894568 3867113 3801937
3910636 3809392 3664636 3757103
3674070 3691433 3663037 3896559
3881237 3872194 3795882 3892058
3944617 3789793 3813498 4021406
3963990 3892603 3950045 3997596
3933333 3874907 3886530 4034198
3866138 3788127 3812066 3892659
3738616 3734645 3662231 3859776
3644616 3728606 3831514 3688180
3747849 3807775 3840779 3828961
3848149 3814861 3901277 3752699
3919857 3962064 3967288 4005116
3873379 3933157 3925719 3794104
3905642 3960376 4025644 4002613
3710512 3791563 3772291 3729423
3788144 3902308 3868151 3975633
3690011 3821253 3712035 3770069
3724784 3766058 3683818 3673887
3848605 3883896 3894109 3874758
3748448 3773757 3779535 3827660
3861421 3991328 3975143 3917919
3909988 3894168 3813939 3854798
3751575 3869157 3797145 3694170
3729805 3778229 3748401 3750339
3720624 3786921 3818673 3795720
3887467 3861802 3864996 3612492
3822147 3875710 3859515 3968946
3923740 3911669 3986322 3872697
3878262 3985966 4016044 3971598
4050741 3922971 4099386 3790678
3700811 3874755 3864475 3872948
3862480 3866157 3913304 3774810
3878468 3826818 3957841 3901964
3935882 3989402 3789589 3734760
3744453 3780594 3871966 3851324
3865561 3932089 3740142 3724553
3729471 3782398 3822414 3755875
3821265 3937762 3709965 3661636
3828692 3835707 3950579 3948880
3897881 4110347 3765947 3779267
3904751 3816095 3855095 3848382
3800316 3984692 3922956 3731571
3866391 3793121 3703566 3775171
3848165 4007197 3875774 3816557
3900086 3829927 3714281 3709632
3690263 3943283 3788858 3812491
3917676 3874228 3829391 3865379
3787914 4050725 3999073 3796292
3990341 3845825 3883420 3925680
3885188 3775543 3753462 3993888
3915084 3832606 3887128 3862209
3815649 3695895 3759357 3920548
3809714 3754231 3706869 3751893
3873214 3599046 3806158 3961635
3951044 3854695 3789355 3941762
3904223 3776250 3874866 4119475
3800599 3872681 3844708 3834904
3889241 3927417 3991995 3992801
3804153 3765524 3883191 3770840
3789914 3871776 3985750 3910673
3788402 3777923 3863691 3752050
3808910 3849971 3855306 3861386
3861845 3914128 3943818 3846361
3828329 3962544 4023800 4011570
3746645 3946743 3829241 3913856
3815386 3906533 3771270 3837293
3783784 3892878 3820714 3760050
3860546 3816921 3747291 3756636
3746717 3886926 3787710 3743074
3736782 3743703 3628207 3713565
3719600 3953609 3909358 3825207
3872542 3882978 3873521 3745589
3740460 3834607 3891323 3894294
3912409 3915886 3934685 3757086
3758467 3823156 3885762 3870824
3938869 3888064 3899448 3814754
3713456 3836979 3883164 3872690
3877270 3781289 3822204 3703727
3784719 3967064 3943778 4033257
4009774 3917193 3939327 3839444
3709366 3767314 3743770 3805203
3770960 3969870 3664889 3709484
3873035 4014012 3951750 3935694
3997639 4187922 3912746 3821686
3866730 3938084 3947508 3929005
3880662 4074379 3818348 3820771
3776496 3765725 3888617 3947133
3916826 3983987 3791147 3755966
3864856 3780635 3638424 3804139
3780932 3940917 3766328 3763180
3963057 3906507 3812973 3971900
3952192 4060644 3972923 3909657
4026894 3933213 3800176 3874211
3873242 4049060 3981273 3916095
3951745 3814048 3770277 3852258
3753188 3950396 3925156 3832255
3853687 3688629 3709012 3763974
3751850 3736301 3659906 3937035
4002972 4061689 3941701 4017921
4066633 3828044 3919132 4211502
3967833 4000422 3798760 3909909
3936179 3784699 3816945 4070565
3927113 3795412 3876755 3839320
3815622 3714326 3788933 4022148
3780040 3720633 3845278 3636074
3814477 3851384 3827574 3981634
3908725 3939732 3932900 3954384
4004231 4079180 4113308 4077982
3870809 3896531 3952593 3863907
3882465 3935771 3952860 4085045
3783121 3832026 3913937 3796432
3866229 3940281 3897845 3981718
3779184 3805557 3693680 3715750
3726435 3714695 3750413 3703196
3967041 4058637 4057561 3954951
3905486 4002559 3854414 3925926
3863095 4015582 3915089 3889966
3906271 3951331 3805468 3848429
3867410 4009770 3879582 3849597
3858950 3848786 3792835 3884067
3699729 3855481 3832361 3842577
3896787 3811531 3778353 3654728
3934158 3945249 4050325 4017361
4135890 3959491 4089609 3895958
3780580 3956199 3914256 4034081
3995091 3957727 3995006 3881182
3731518 3817869 3798759 3828458
3950165 3872996 3936789 3717836
3750960 3831196 3849851 3792853
3833135 3883814 3685249 3739548
3780621 3768137 3861159 3767297
3808632 3990060 3704215 3632330
3664114 3742544 3669673 3650686
3692342 3817973 3576803 3624046
3779406 3822656 3847488 3817950
3813987 4098665 3658680 3755639
3892127 3704598 3677930 3776935
3807978 3893078 3782797 3802025
3867409 3824068 3603155 3722056
3759116 3957078 3863059 3833412
3660882 3637926 3585276 3655032
3674527 3815107 3741240 3742738
3867057 3854370 3777179 3695101
3738145 3955747 3834942 3728883
3817697 3778753 3734821 3849634
3871928 3745201 3702680 3943692
3887524 3864261 3781024 3880142
3861703 3734179 3705811 3943729
3789446 3659699 3614296 3739603
3625954 3604472 3500147 3772274
3932051 3780522 3748595 3847326
3807189 3700681 3716604 3967889
3800438 3786460 3874233 3697772
3723903 3835410 3912469 3915126
3770727 3781835 3798922 3804187
3761205 3902666 3861169 3921770
3600544 3705596 3713791 3605586
3672298 3823795 3820739 3832171
3743636 3834571 3804405 3718366
3836255 3938613 3883212 3853172
3796953 3829809 3760490 3735543
3771949 3816300 3762928 3802221
3815976 3881948 3738140 3854649
3674987 3853889 3772439 3714606
3615661 3841869 3718857 3653227
3666869 3680361 3604739 3678474
3774408 3816146 3805715 3747700
3831528 3890916 3748181 3707574
3678192 3820631 3781893 3857845
3909610 3767981 3846989 3744407
3715858 3837239 3929494 3933838
3874052 3885449 3875801 3738787
3653448 3655277 3764139 3760371
3734140 3712397 3747916 3660995
3839323 3855044 3941771 3852003
3913604 3913614 3856025 3772004
3862470 3819946 3882725 3899120
3871854 4016107 3790741 3755693
3875187 3910348 4011125 3961341
3999530 4184854 3840853 3892985
3757409 3713476 3785102 3822796
3796062 3967198 3702253 3667218
3684947 3634430 3780126 3732857
3796288 3960094 3642340 3600852
3910552 3894694 3764251 3782775
3832287 3977148 3894107 3891368
4022129 3916303 3839299 3943676
4004177 4085614 4034803 3998548
3762778 3785192 3656512 3729992
3732256 3930595 3823506 3752779
3800422 3751725 3569250 3671636
3782312 3904014 3770535 3711112
3919337 3921677 3843381 3907817
3839324 3778884 3756938 4098558
4047733 3917945 4002845 4035543
4040201 3897975 3803963 4094933
3851926 3764502 3780917 3858873
3731602 3684518 3705855 3815610
3702829 3797273 3636922 3812335
3847513 3621941 3686213 3900855
3813499 3912885 3964996 3774846
3938104 3887533 3882343 3985749
3949489 4005613 4018206 3913462
3983883 4027649 4109398 4114204
3723328 3823146 3801744 3668470
3778198 3844686 3825164 3859250
3704675 3750072 3785245 3723298
3731798 3917606 3809302 3793039
3850797 3944958 3860653 3902383
3781261 3902348 3848953 3804539
3896676 3993847 3976055 3913412
3976315 3965033 3900332 3977685
3689087 3793094 3716362 3823112
3769256 3774213 3670640 3718937
3713419 3837703 3755144 3745518
3684778 3728627 3628472 3673937
3793230 3913938 3888859 3938123
4011097 3884875 3946327 3822314
3949430 4023028 4006471 3998227
4108076 4010535 3961826 3931896
3641304 3697316 3884894 3800442
3877499 3854168 3847732 3641000
3639340 3734408 3827762 3848363
3866627 3808166 3857767 3701871
3863212 3803556 3968864 3927284
3874975 4007842 3757694 3792619
3741303 3714837 3904799 3873164
3805441 4034739 3686791 3704884
3746333 3708254 3813586 3772867
3759367 3938000 3700118 3674817
3694332 3897680 3880090 3781559
3849790 4013815 3692129 3731977
3855425 3841496 3810257 3837628
3946209 3971580 3984542 3816084
3835072 3798664 3690022 3786651
3779625 4003191 3891766 3738887
3727379 3703141 3577771 3716214
3662333 3873634 3802535 3775015
3843755 3824664 3715766 3767368
3792972 3966371 3898673 3866899
3886518 3845762 3907678 3991969
3856306 3810239 3780667 4059546
3908110 3751197 3720745 3860811
3766289 3730242 3692106 3971194
3789804 3698377 3720256 3695914
3684149 3642512 3643225 3956986
4000591 3815844 3768719 3819856
3818904 3757125 3654103 3987029
3835870 3869030 3945245 3837541
3853945 3852856 3943958 3978901
3854102 3910685 3856721 3749470
3804495 3894251 3906326 3957713
3737260 3694147 3811101 3629752
3783191 3813084 3797150 3880436
3837332 3814337 3899157 3762921
3794902 3932251 3922021 3898197
3786657 3973822 3940181 3887123
3890788 3967002 3845855 3836810
3823633 3908046 3838658 3825350
3775484 3831577 3713073 3755253
3732358 3803168 3814667 3757288
3751722 3747464 3711465 3672617
3812749 3895174 3833166 3800946
3764748 3827948 3627148 3818411
3830386 3893268 3885829 3907546
3961099 3951700 3923224 3811100
3718313 3845485 3867730 3842642
3925993 3859837 3860801 3816512
3659780 3839209 3783426 3867471
3759813 3758090 3794124 3654616
3809999 3906813 3983195 3947644
3941907 3849674 3902720 3708569
3863537 4092424 4009022 4029282
4023513 4110547 3816300 3875271
3721089 3799144 3823626 3812607
3907250 3949058 3689133 3750989
3726226 3774549 3768853 3803773
3762839 3963232 3704573 3692857
3889541 3839970 3926134 3899814
4002052 4146245 3771169 3913019
4017686 4025696 3843776 3897332
3965130 4167488 4112952 3961478
3929862 3733306 3668304 3800343
3775822 3892617 3819742 3858899
3807930 3700775 3647951 3721101
3771090 4031282 3784327 3786124
3900391 3863667 3848733 3923749
3821997 4029204 3906294 3842262
4052792 4052618 3938264 4030874
4043679 3890781 3995401 4110760
3828659 3791132 3826494 3876307
3728826 3703794 3657292 3967316
3772996 3828050 3836502 3814458
3813689 3673248 3693211 3930959
3905051 4045197 3999771 3960036
3933076 3848316 3848555 4036217
3910521 3958175 4093148 3965595
4043782 4143865 4069997 4159543
3730731 3800427 3817065 3665381
3852044 3905585 3869466 3947709
3787995 3812381 3787563 3687096
3775773 3890922 3932470 3954184
3953552 3897407 3955478 3831452
3946136 3940747 4053572 4047611
3987299 4010342 3955870 4005143
3962577 3997513 3927101 3965593
3755934 3915323 3812526 3909860
3771395 3756890 3743291 3692971
3722069 3840530 3818648 3704468
3753837 3743546 3710436 3814378
3904545 3933041 3915637 3848212
3921511 3849350 3759986 3940519
3859028 4055619 4064239 4102730
4108226 4031520 4055150 3957204
3710365 3873090 3879482 3873707
3867375 3872187 3929289 3738798
3764332 3788528 3818640 3811164
3947198 3778294 3871070 3718201
3800772 3966484 3986436 3942785
4027120 3988830 3992935 3871494
