3949879 3740785 3880739 3900233
4073996 4004805 4086804 3961001
3709444 3665350 3770472 3835990
3898234 3876577 3761533 3761302
3744700 3705695 3818127 3813358
4003499 3827921 3894583 3943536
3910970 3792023 3845855 3852567
4032890 4021085 3903822 3867556
4028890 3889064 4044308 4092559
4009194 4038337 3794796 3924525
3820982 3791484 3868138 3953351
3819478 3857454 3628508 3807079
3933721 3781140 3890762 3963690
3791203 3980611 3656133 3829362
3953700 3931762 4018630 4114967
3922067 3913013 3822414 3906742
3881893 3904129 3839264 3918077
3849886 3949668 4011286 3894271
3673315 3817698 3683980 3727687
3729501 3702623 3922720 3679003
3757969 3895489 3742618 3909439
3800769 3723988 3937975 3823907
3920091 3922105 3843336 3945676
3868105 3704796 3917757 3823702
3858585 4125647 3906987 3987747
4061418 3886213 3874033 4054122
3708998 3909334 3867733 3835231
3950817 3767633 3648019 3825208
3785459 3961927 3755783 3908111
3955570 3833841 3727403 3873385
3801010 4131286 3920232 3913861
4028142 3835231 3836298 4034957
4023441 3930347 3937933 3989913
3970796 3976191 4068136 4150492
3812012 3806061 3693563 3756122
3804950 3840382 3836824 3878032
3821447 3883368 3669329 3804638
3864884 3897719 3811879 3893062
3959377 3867177 3820144 3913276
3971173 3924082 3841397 4029797
3936648 3910963 3876957 3941602
3939254 4039434 3926264 4031685
3808235 3839488 3701397 3764005
3790405 3840161 3727747 3852372
3806733 3810202 3761569 3813764
3703347 3808120 3801011 3973947
3862549 3890223 3819768 3861710
3939300 3898330 3925201 4032651
3724115 3676721 3730000 3763943
3864978 3780411 3833921 3859721
3684903 3698229 3711120 3735135
3943712 3923403 3753135 3880893
3802602 3731626 3826180 3864794
4016411 3890316 3806386 3885318
3763448 3728991 3880030 3821511
3872116 3882917 3860967 3882113
3830719 3800008 3874334 3846535
3764207 3865415 3707204 3788665
3876328 3822180 3960153 4001398
3798889 3831946 3704220 3821928
3876228 3859726 3945416 4003254
3886246 3971682 3836558 3895306
3888591 3745969 3948101 4023069
3821396 3920233 3711187 3840610
3645074 3844546 3684305 3687266
3783377 3730382 3843730 3701150
3756874 3881065 3664364 3851425
3742740 3713640 3813779 3726932
3800713 3830410 3771587 3872909
3848221 3804151 3910558 3780434
3790752 3861645 3757385 3756522
3749823 3706451 3950930 3795994
3715661 3969668 3691091 3860136
3979500 3753832 3687968 3900939
3633864 3913287 3782725 3863816
3945465 3796187 3737548 3958215
3766915 4009316 3895760 3872606
4091425 3851837 3754968 3935944
3739555 3949936 3803437 3783156
4002131 3802043 3717237 3940340
3829259 3745420 3714694 3772111
3903638 3932815 3747705 3900763
3896606 3790600 3771362 3742911
3845467 3879692 3790272 3940849
3873400 3820647 3821889 3799124
3900601 3907997 3823703 4012053
3798207 3748147 3846650 3794450
3833618 3836322 3884109 3925942
3777921 3712667 3754094 3721190
3700817 3840938 3776028 3975998
3833203 3845417 3744257 3777136
3764487 3890746 3756849 3938108
3871236 3816152 3742082 3864114
3736907 3984893 3793578 4047321
3873897 3772992 3726008 3853705
3668079 3887366 3812882 3917649
3779337 3729603 3884113 3874552
3973465 3944255 3911816 3989813
3837329 3832087 3911431 3942843
4005985 4001110 3987352 4006157
3728088 3709735 3783867 3803148
3913794 3928232 3914592 3798078
3842632 3642437 3700926 3817330
3916841 3740746 3810110 3875460
3935469 3838774 3969232 4044285
3896956 3984683 3772298 3900847
4036220 3907380 4043119 4055175
4053088 4037891 3729948 3925689
3863509 3768314 3890812 3902611
3833639 3936915 3685405 3822226
3790788 3743683 3824520 3880104
3824296 3863638 3719469 3792476
3783573 3913616 3701406 3835371
3879009 3799018 3888317 3863828
3839732 3972909 3895055 3880029
3991976 3900167 4053325 3879876
3735785 3822727 3772311 3755045
3799689 3679300 3920941 3799177
3727362 3764393 3720092 3736957
3799363 3734226 3785893 3662939
3884594 4038413 3879842 3913432
4063840 3875362 3759961 3993476
3897305 4135246 3967557 3894779
4037088 3903960 3870222 4133406
3769624 3927505 3842445 3856691
3947718 3836101 3734875 3956860
3769039 3856986 3716550 3791053
3910369 3731096 3744139 3800843
3933104 3914477 3899489 3879130
3885113 3875970 3874617 3937516
4041771 3897580 3845682 3863653
3977752 3977860 3919508 4055792
3856301 3753627 3697185 3767396
3805024 3802277 3844119 3910089
3748226 3740733 3722503 3863637
3893354 3841080 3747141 3889348
3946826 3854946 3805735 3878058
3758272 3978071 3855734 3955309
3975825 3949583 3872696 3946652
3831644 3965004 3911469 4073968
3833847 3752430 3687214 3770162
3615865 3864426 3830422 3944208
3853877 3798345 3705422 3758896
3646585 3693225 3821807 3963477
3698732 3715636 3839688 3859990
4007579 3889483 3851287 3884053
3796769 3665911 3828846 3833906
3973659 3936201 3932310 3963967
3596166 3526595 3587623 3683948
3639909 3730734 3738059 3738731
3728887 3633167 3673096 3751712
3838581 3829935 3783301 3796459
3888910 3836101 3928534 4066853
3795060 3899158 3770636 3886825
3917583 3780095 3899684 3995950
3768782 3853739 3750619 3825316
3681652 3652526 3767608 3814684
3646360 3745642 3485271 3671027
3843973 3790896 3939061 3869966
3739830 3842214 3701913 3738698
3852894 3914174 3720690 3744141
3822781 3737071 3854063 3734792
3755252 3895987 3754190 3766989
3808669 3718803 3825458 3718290
3620698 3665885 3597135 3604065
3687202 3674499 3678136 3613895
3791196 3767065 3698227 3757495
3833217 3663335 3782281 3744514
3772835 3997825 3778006 3813539
3949924 3783144 3741409 3904268
3779315 4014514 3878143 3820935
3998427 3819552 3757965 3942005
3589543 3803035 3690154 3599300
3893074 3653474 3577121 3696320
3704132 3876483 3803473 3775328
3927054 3775228 3692927 3860942
3843792 3830642 3757208 3779893
3909118 3851258 3837141 3976001
3844839 3778745 3814629 3797718
3877703 3894114 3852675 3935274
3688468 3589485 3613770 3674155
3759894 3773167 3639010 3788489
3777017 3673022 3733581 3632777
3847358 3870444 3774647 3869514
3905837 3833620 3741597 3745289
3802585 3868142 3843976 4030025
3759217 3751410 3754948 3722345
3653041 3768185 3835111 3933063
3749021 3631330 3617461 3638118
3604265 3724976 3702794 3931662
3821941 3727265 3670840 3708388
3725526 3813002 3764867 3845087
3928740 3879995 3916816 3968280
4037104 4067708 4033707 4070244
3911590 3728829 3857258 3923706
3986281 4046229 3896367 3911244
3945029 3866756 3841366 3949294
3948339 3969219 4098267 3928414
3788006 3652390 3775257 3773743
3919503 3868860 3885313 3806221
4089043 3990072 4137577 4205227
4088349 4102055 3883755 3958652
3987443 3887503 3959765 4089813
3929747 3998886 3801835 3878375
3911501 3817474 4021418 4052230
3959953 4002824 3825203 3896009
3846858 3793882 3921584 3959057
3830729 3867628 3649454 3805456
4013267 4019602 3888317 4012625
3996415 3927649 4121817 3980189
3818313 3899737 3902634 3900236
3926009 3813398 3991812 3824857
3862350 3866248 3779770 3912165
3875164 3916919 3991527 3781238
3788495 3809221 3741129 3783891
3789170 3713754 3886518 3783950
3954878 4089592 3986331 4040182
4129192 4015713 3892310 4055042
3843457 4061479 3970559 3949124
4046756 3911511 3738449 4000349
3812066 4062788 3904401 3968864
4067113 3886328 3811109 4014394
3752895 3940775 3747451 3724100
4018690 3778051 3653829 3825809
3939547 3927598 3933728 4007855
4049245 4079856 4010828 4121233
3945406 3811374 3817310 3800597
3935576 3850168 3955179 3984658
3875279 3749395 3877297 3903618
3969603 3937322 3943811 3985586
3799503 3767261 3781377 3853309
3862633 3855810 3843646 3888934
3966517 3960163 3875625 3995030
3979817 4006594 3931887 4127671
3853300 3912018 3831688 3911248
3786773 3977503 3880479 4069044
3866132 3929613 3854141 3908978
3825564 3943755 3848816 4079854
3818459 3783618 3684991 3726974
3633754 3830679 3850343 3899424
3885005 3829236 3900694 3943794
4050157 4049977 4002678 3980094
3922147 3834229 3969881 3930717
4054763 4055016 3991861 4042815
3814304 3709033 3839214 3852167
3970250 3875285 3890355 3870377
4074700 3965077 3918489 4071280
4090316 4152246 4081752 4144034
4017675 3969998 4112861 4140363
3970392 4114633 3798722 3994500
4101759 3896032 4065817 4140421
3967887 4119915 3837578 3933237
3828391 3863402 4010904 3901629
3887358 3942429 3745649 3835115
4123995 3990734 4179928 4207404
3996067 4025501 3934219 4059369
3885424 4007752 3863316 3941326
3919814 3881862 4028590 3809450
3882086 4046767 3916925 3942415
3869533 3887391 4003336 3852665
3752555 3832237 3788447 3895688
3850334 3747843 3972596 3782246
4010146 4060461 4024082 3991326
3996418 3929323 4088634 3955104
3898011 4089161 3898411 4016585
4128483 3910965 3925756 4084168
3902668 4100309 3979856 3982789
4136512 3954948 3901086 3966151
3795051 4039078 3817098 3893297
3981899 3825132 3814999 3994752
4020117 4197613 4035233 4053637
4169668 4075344 3876700 4162727
3949186 3949734 3855283 3940868
4012023 3989568 3968498 4070699
3993694 3876965 3890763 3936680
4012292 4012944 3935479 4080069
3885945 3737006 3819727 3784296
3859618 3857795 3861895 3960885
4050277 4037405 4069030 4004481
4112468 4035579 4048827 4261848
4003146 3858139 3820632 3997054
3887622 4026980 3846494 4072747
3973150 3907793 3900130 3935006
3846475 4012572 3980446 4113876
3828205 3855180 3752791 3857184
3778408 3832901 3854237 3942503
4087447 3930457 3964799 4054292
3981551 4009036 4070076 4231032
3792653 3762031 3876327 3804721
3883677 3928033 3894316 3938942
3824432 3720917 3867334 3867972
3914006 3808824 3827243 3915886
3773927 3737980 3790204 3780948
3823538 3927608 3892451 3851529
3767901 3706998 3740939 3738691
3872962 3917371 3819225 3823044
3910684 3839456 3920042 3986540
3874129 3911313 3708295 3874122
3854844 3751018 3977112 4047011
3873978 3916810 3718770 3800431
3900733 3770352 3928516 3958164
3783471 3866669 3670356 3825273
3814408 3772194 3953771 3919171
3831074 3863429 3608968 3759505
3747582 3856933 3769969 3794384
3765171 3687076 3837833 3714073
3761129 3807387 3815729 3772770
3772447 3784341 3829037 3673846
3783879 3782593 3709671 3787807
3827175 3769133 3933736 3821459
3720945 3832467 3716243 3786883
3814520 3775606 3875685 3711881
3714640 3992217 3771141 3804274
3900846 3824676 3814709 3922594
3805695 3930073 3831641 3892649
4013859 3894557 3713264 3935003
3711952 4022420 3841731 3847018
4020123 3806310 3784104 3895270
3763802 3937549 3755632 3781420
3894830 3773231 3720302 3888583
3847470 3754650 3787739 3840176
3951910 3808310 3863005 3922149
3863010 3737613 3779970 3816614
3922326 3853464 3780903 3955212
3803889 3861143 3669413 3751188
3852699 3889826 3840111 3939586
3805921 3759963 3773357 3801573
3853446 3761075 3749345 3955585
3808390 3824069 3772453 3828155
3786126 3837705 3807739 3982907
3850016 3844708 3707653 3745152
3753051 3846147 3732311 4036717
3912151 3828720 3666849 3754585
3703852 3823181 3805039 3956635
3799001 3762654 3654598 3818490
3728271 3832929 3726011 4005941
3816953 3692911 3901566 3870012
3931964 3934703 3915925 3884317
3981256 3870583 3942257 3983282
4150357 4030213 4093282 4021155
3846989 3757776 3861580 3948504
3975569 4059521 3891349 4026033
3932640 3727499 3846851 3870374
3972220 3964122 3949167 4012514
3883168 3843833 4006028 4065073
3969299 3940085 3794684 3825454
4119762 4018461 4127863 4180787
4049892 4150549 3905502 4038970
3998118 3878257 4042550 4101715
3994935 3991992 3873025 3938604
4002327 3907983 4025049 4035846
3949867 3990827 3778252 3902728
3813939 3856838 3737186 3848723
3825541 3778783 3866763 3792791
3916580 4043044 3911457 4002418
3961156 3910529 4076243 3916650
3895077 3873668 3846091 3915843
3893547 3746811 3933726 3833554
3821425 3942852 3841693 3922084
3891680 3792276 4008763 3854947
3777176 3994302 3905773 3894859
3984941 3817101 3851552 4007286
3894975 4085076 4001003 4058220
4197858 4030605 3978298 4046449
3806725 4009289 3892723 3981921
4061098 3942657 3907283 4045277
3849634 4115212 3956290 3916273
4080692 3938821 3839941 4026625
3875018 3852068 3818143 3862572
3932253 3893915 3870564 3914448
4079105 3953931 3974008 3967142
4074161 4024467 4021175 4155548
3898981 3868762 3853851 3922192
3917926 3919698 3953420 4020224
3944033 3910723 3920603 3911219
3932019 3982576 3944422 4045969
3783012 3853738 3878036 3858273
3760055 3904959 3840288 4013955
4015415 4036995 3845387 4029463
3992436 4067978 4045810 4140740
3918729 3882644 3831030 3891355
3879058 3988422 3886646 4086041
3906349 3893463 3818224 3854830
3865892 3961813 4004836 3994145
3708928 3629816 3701067 3701503
3841761 3796225 3821285 3821934
3680134 3623635 3785297 3786903
3869550 3888394 3883616 3820806
3814385 3719624 3837612 3778261
3979882 3876173 3876271 3827372
3675450 3616529 3643357 3658320
3767967 3761678 3704670 3763651
3768283 3689899 3844379 3948104
3836896 3798981 3713750 3763408
3907255 3835879 3981906 3945916
3866984 3966963 3723685 3775265
3860022 3825398 3956775 3991145
3930662 3935602 3841091 3843523
3750781 3629343 3675961 3816817
3704613 3779571 3612833 3743523
3656772 3852645 3694035 3750249
3763546 3591346 3757523 3593823
3806464 3833779 3685924 3852574
3814486 3730862 3796733 3731761
3792949 3853443 3737104 3803650
3875815 3691201 3922005 3795511
3660721 3754806 3591506 3672120
3659106 3634070 3723111 3630137
3699994 3928108 3701004 3717561
3941396 3821099 3639963 3762270
3697805 3963145 3828540 3779226
3970506 3865684 3722366 3896602
3834322 3972796 3849793 3902781
4016568 3796031 3769437 3965243
3732137 3833918 3669158 3728180
3865303 3701914 3665247 3856314
3751823 3704386 3676056 3667801
3765785 3846109 3827860 3806355
3759346 3766429 3716703 3673201
3866962 3828452 3767050 3910621
3841850 3879650 3802066 3849237
3915341 3890336 3776932 3927330
3726241 3667698 3601334 3715954
3763486 3661337 3702640 3745544
3768845 3626833 3715709 3730752
3637211 3711219 3853214 4030165
3783745 3782799 3735865 3810349
3649588 3802468 3895136 3923104
3855785 3766751 3809958 3763128
3781062 3860134 3743384 4019361
3738928 3751576 3597693 3693233
3681075 3782285 3714086 3866715
3766540 3753764 3691386 3754555
3970474 3921035 3966212 3949664
3823063 3773747 3710694 3809486
3873887 3911051 3968671 3950233
3860771 3760963 3816373 3869242
3991551 3981322 4009668 3973203
3850808 3796780 3783423 3792464
3843126 3840809 3811452 3905782
3990107 3765719 3993231 3993769
3882359 3930885 3706680 3806348
3922116 3850584 3888759 3940322
3826988 3959241 3747085 3838329
4009937 3836408 3996701 4050750
3978318 4011053 3775713 3857409
3857787 3788998 3963928 3964767
3789213 3904084 3705550 3838945
3796210 3806650 3683765 3820507
3834159 3764698 3892765 3785582
3786526 3742649 3796563 3763115
3809790 3754942 3919161 3778671
3858806 3928430 3857210 3881202
3981360 3842439 3998961 3845377
3718580 3798932 3687271 3768919
3801609 3753179 3897039 3732142
3809606 3985581 3896907 3938169
4036006 3854432 3821578 3943959
3732872 3959589 3882208 3843517
3960352 3811954 3748710 3948410
3790542 4019294 3950849 3966457
4154014 4006744 3859859 4018571
3818394 3949482 3825752 3766016
3956795 3756465 3778219 3907604
3870204 3858945 3796171 3824956
3861235 3894858 3834621 3958150
3815133 3719237 3731691 3843530
3803923 3831798 3890271 3905123
3969362 3856637 3889737 3885191
3948093 3949389 3966774 4028278
3810406 3672208 3688801 3759976
3872321 3968188 3845330 3905888
3805857 3830332 3763621 3821480
3762356 3856861 3751905 3993327
3783024 3781839 3726860 3799836
3864421 3848452 3804193 3988807
3902359 3875591 3900131 3874487
3836974 3847599 3910002 4051907
3753134 3741083 3740927 3844834
3739517 3818992 3780971 3993529
3639346 3614237 3598916 3610231
3802561 3682269 3655149 3643869
3775778 3750176 3758400 3867974
3906473 3880973 3868937 3956738
3872516 3734513 3884454 3782413
3933938 3914558 3932459 3877789
3775418 3711310 3830260 3843978
3957624 3989878 3953136 3887251
3783658 3674674 3803526 3862438
3723476 3730140 3524537 3564103
3906040 3799694 4000112 3971276
3817266 3888213 3738299 3882150
3978468 3829296 3985744 3945492
3925443 3832857 3769248 3911058
3956878 3753309 3935958 3942943
3952362 3943761 3796372 3827176
3643413 3802769 3574047 3587475
3641956 3546810 3733503 3584698
3809789 3889346 3788535 3873104
3846231 3723681 3922786 3847584
3846380 3904542 3783286 3785507
3891508 3749989 3961698 3832817
3838189 3847035 3731376 3855069
3795647 3802052 3938745 3840940
3653609 3870467 3682682 3677176
3878599 3672178 3576518 3793306
3761597 3977345 3804194 3831201
3990579 3832675 3711052 3905396
3756664 3952290 3862137 3933244
3996294 3772401 3712752 3940473
3797535 4058636 3872854 3848237
4059035 3859478 3801248 3985160
3718354 3659973 3612191 3588206
3685287 3659564 3633356 3834632
3840880 3732470 3816509 3771150
3871437 3830900 3817313 3945539
3922788 3771276 3796281 3923092
3942353 3900450 3858025 4054592
3886064 3763537 3788812 3794975
3877199 3846677 3944915 4008957
3613089 3584330 3569875 3659812
3639406 3678021 3627963 3854018
3782351 3789279 3773052 3843813
3845587 3872532 3876102 3994161
3845459 3800292 3751351 3938764
3772928 3829006 3889725 3971506
3878448 3863408 3755047 3836835
3818859 3860093 3862455 3984315
3784489 3679523 3828588 3809977
3849746 3940466 3931489 3851027
3816244 3665882 3732065 3770848
3866820 3935944 3882186 3848485
3888123 3764018 3755788 3900345
3996887 3962586 3973730 4001652
3824844 3765100 3842994 3864818
3984714 3962472 3906653 3916662
3894980 3841863 3962428 3982533
3818040 3892936 3709698 3883182
3949934 3768435 3873515 3993594
3845827 3795173 3708178 3775255
3974591 3828983 4038518 4022485
3912326 3951983 3742920 3889445
3889155 3925401 4015020 4073099
3952812 3894323 3817268 3841133
3713076 3873674 3798732 3753352
3812521 3743165 3843353 3779034
3747229 3801085 3785534 3731974
3785942 3630234 3923089 3716707
3948885 3932237 3733226 3828125
3830543 3764037 3957162 3900223
3917158 3952312 3916535 3848691
3887874 3825840 4010382 3738159
3739803 3910488 3839113 3874851
4062347 3856345 3690362 3986739
3713732 3989358 3753153 3870610
3964289 3779900 3675223 3898494
3858079 4058470 3862859 3909112
4015761 3897631 3735205 4108920
3832181 4017297 3883578 3873481
4051352 3931567 3743781 4065282
3858510 3783072 3832506 3809939
3869757 3896452 3840227 3960016
3812298 3693198 3780630 3656882
3813812 3857559 3816923 3912234
3922991 3866078 3876964 3904032
3875011 3914220 3900743 3959122
3907229 3846210 3844795 3857274
3869339 3905987 3837931 4039689
3795987 3847281 3679740 3878497
3663650 3899084 3773327 3975188
3844482 3844728 3630884 3742560
3740845 3899749 3837539 3917764
3794355 3872662 3843018 3879120
3877862 3878109 3850624 4009973
3860629 3857379 3823921 3869572
3795165 3877333 3881544 4001762
3878236 3779705 3811993 3889043
3731975 4052738 3926222 3897248
3844035 3812432 3786473 3854016
3736474 3993360 3945231 3919990
3930270 3866142 3821818 3944522
3762471 3986390 3982522 3970425
3799385 3730825 3751991 3860323
3671343 3971248 3801643 3801703
3946206 3738562 3923502 3898626
3742236 3856200 3814285 3837411
3866107 3741576 3986999 3940435
3777329 3899485 3837703 3868489
4058957 3886374 3949491 4013955
3853617 4000842 3951719 3887676
3822315 3686609 3816719 3805884
3632797 3901463 3652210 3718135
3760068 3843492 3801627 3901867
3806423 3967828 3934633 3692273
3773419 3692289 3854471 3848183
3749606 3850025 3872617 3694038
3959186 3811634 3882117 3945232
3829644 3924907 3949921 3799677
3692715 3688306 3797504 3732607
3667268 3790258 3872800 3633267
3787928 3775230 3760731 3779318
3843910 3819483 3704340 4056097
3725917 3692464 3716556 3829900
3876176 3838326 3750723 3941584
3847416 3858701 3776207 3863587
3834127 3951447 3836571 4058397
3652002 3634155 3685613 3700643
3775883 3830404 3613352 3840491
3843938 3755265 3925150 3848281
3797786 3899623 3831378 3826925
3820753 3694039 3930371 3879560
3787854 3940397 3721153 3739951
3912209 3732745 4056701 3982898
3815475 3955201 3840228 3834963
3808537 3680406 3876182 3859564
3636098 3827493 3700947 3648486
3855161 3929895 3774490 3711570
3829284 3845370 3810815 3858223
3853992 3887396 3832561 3619976
3811564 3730646 3829061 3811905
3872794 4005316 3929671 3804362
3901061 3835058 3835959 3933988
3830551 3852067 3697759 3602173
3719113 3693043 3659813 3811094
3911828 3787602 3881061 3903768
3817552 4052338 3906128 3884729
3828243 3758829 3772033 3882221
3688853 3996303 3881450 3839352
3940261 3795298 3826130 3884660
3785560 4061287 3971037 4006887
3822154 3726633 3741213 3862534
3655325 3938932 3851489 3944676
3921751 3759783 3949199 3938997
3688092 3920713 3954531 3831678
3889717 3797711 3963989 3930687
3714703 3841478 3883498 3802340
3998190 3845188 4027512 4024880
3840984 3917741 3891862 3890360
3930565 3688861 3949191 3876805
3707639 3821861 3785118 3827208
3878839 3728743 3837509 3833396
3775027 3869303 3932689 3700476
3806279 3799143 3757452 3827768
3711322 3843682 3969987 3698943
3810247 3789452 3798899 3859456
3844503 3847703 4001390 3776947
3750100 3741409 3764375 3763188
3800403 3809386 3867480 3738709
3763360 3785531 3704562 3721325
3868937 3888609 3776054 3951194
3807971 3714990 3757473 3781707
3819537 3859002 3710172 3897260
3840059 3788359 3769016 3770829
3841730 3877243 3760114 4000064
3757025 3832192 3697012 3694853
3727953 3777801 3729377 3888699
3955072 3785783 3906704 3925860
3761496 3890778 3802128 3808652
3871760 3700663 3901248 3926912
3731476 3996631 3780977 3701489
3905882 3808017 3951201 3993245
3799360 3965146 3821606 3889736
3821405 3616819 3937312 3871013
3732919 3880512 3852476 3760229
3778157 3946139 3867631 3749602
3839562 3843788 3844265 3829554
3854372 3879415 3804066 3714413
3739812 3796841 3781721 3784824
3846892 3988632 3958166 3805756
3909426 3889164 3869825 3924761
3801213 3930342 3820312 3686881
3849363 3726611 3800887 3837747
3907936 3794752 3842563 3951824
3856809 4079096 3914311 4019419
3850389 3817932 3762414 3948872
3733794 3918913 3917007 3918621
3925278 3820102 3877145 3946684
3809651 4116094 3991718 3949420
3830823 3730300 3646447 3753186
3701120 3993614 3878076 3821757
3831580 3817088 4102330 3964136
3826304 3947966 3914262 3915291
3880874 3703403 3901182 3983914
3750192 3924196 3826774 3816079
4037952 3832415 3993399 4043057
3738923 4019381 3987408 3889826
3883041 3727478 3862251 3829940
3738672 3831656 3801814 3768406
3906065 3779015 3866547 3871422
3784617 3866201 3940795 3751988
3781543 3728150 3823957 3823837
3772243 3805639 3898737 3668228
3895989 3767561 3863836 3912096
3804221 3986727 3966541 3818821
3719005 3719874 3720757 3848200
3714491 3822315 3834356 3644976
3838927 3905627 3840039 3854023
3894929 3899589 3762205 4082906
3797814 3741117 3730562 3801699
3833097 3846544 3747129 3923074
3902849 3936483 3790294 3714061
3909038 3965765 3864732 3927413
3749530 3632979 3675723 3660079
3701332 3833481 3699215 3868400
3904514 3769630 4011051 3948548
3816130 3948630 3829834 3838572
3840402 3679644 3965217 3935597
3820104 3970263 3748546 3786292
3903522 3788107 4044140 3977748
3839280 3997948 3905912 3828371
3785088 3664532 3839232 3842375
3737890 3865274 3685158 3756060
3909475 3897278 3974300 3770948
3863295 3855904 3841707 3880900
3812089 3952411 3849220 3760954
3778536 3687412 3840448 3800815
3832744 4037703 3949280 3789741
3792984 3904930 3929955 3901776
3697309 3821514 3789873 3653435
3713706 3735532 3723307 3823672
3802314 3814744 3896422 3916926
3682076 4022937 3921047 3931016
3985463 3962317 3859071 3968008
3791115 4109850 4044182 4030059
3965296 3758495 3817380 3827398
3755443 3962769 3963372 3991815
3941514 3835215 4030983 4087900
3955825 4098155 4006008 4069216
3907928 3753741 4033827 3945946
3832628 3895016 3878056 3883733
3945844 3909360 4015021 3968129
3919011 3987672 3916553 3860124
3876024 3794228 3895581 4044491
3765651 3886296 3918634 3825872
3965162 3929569 4103625 3993007
3977376 3955220 4049244 3998695
3890951 3769112 3900854 3927980
3761115 3798038 3909617 3725032
3899673 3875424 3958639 3851986
3810439 4005710 3988223 3761782
3872723 3787941 3857431 3881965
3822580 3888013 3872070 3797426
3991206 3892894 3995229 3979435
3907622 3989260 4092684 3820029
3724802 3779155 3706774 3812884
3807508 3887313 3836506 3936794
3841952 3867261 3842425 3825029
3879605 3948085 3786463 4007262
3824770 3758223 3684525 3738065
3871620 3931576 3731290 3940451
3910789 3923600 3875799 3886468
3970048 3977748 3915891 4079980
3917313 3760268 3965419 3981821
3754776 3902006 3776824 3856163
3937618 3741570 4029583 4000766
3840790 3982030 3882911 3782362
3873802 3734842 3982196 4008260
3815966 4018389 3840760 3863382
4005847 3923398 4089588 4084015
3884905 4168316 4037866 3955862
3860254 3947051 3855923 3759054
3791891 3833392 3842267 3821248
3947132 4040817 3869750 3811381
3829709 3896203 3893102 3956154
3833361 4001059 3823180 3832562
3833215 3850494 3800540 3844592
3978199 4042744 3964662 3930783
3935504 3891210 4025114 3940203
3879962 3821043 3796265 3918970
3843256 3959385 3862717 3997377
3973584 3844743 3899442 3999526
3807840 4130453 4056234 4035632
4046197 3886763 3851021 3945232
3929880 4116366 4090504 3934150
3859568 3854031 3863184 3975742
3793891 4123921 4011616 4010690
3829398 3795327 3926131 4024448
3774840 3927235 3857335 3812619
4043173 3854635 4064063 4033637
3895314 4047742 3974706 3905319
4095049 3935156 4050361 4065166
3928502 4091044 3958374 3936888
3950886 3857753 3972241 4008698
3906082 4030947 3918060 3910243
3853864 3790454 3798620 3807808
3808936 3812919 3906891 3652827
3915337 3860785 3877278 3929902
3890084 3940883 4058400 3821458
3914750 3962888 3946201 3983951
3941283 3936037 4083962 3818146
3852685 3857669 3856860 3867957
3843505 3974801 4030139 3772115
3806093 3777057 3738219 3704039
3808637 3801068 3770956 3914813
3965438 3854393 3849286 3928775
3968948 3921031 3863827 3977501
3917972 3862740 3908566 3938821
3900544 4024832 3825904 4122074
3886920 3760231 3801095 3874732
3938235 3990157 3833039 4073880
3939509 3673047 3886255 3881111
3685777 3940953 3778905 3752368
4043162 3884234 4066104 4036302
3862498 4058950 3972828 3906302
3928934 3921365 4054143 3983616
3890841 4129117 3937667 3933674
3934066 3836192 4030544 3956790
3884462 4107853 3895736 3858700
3783508 3855222 3894327 3716618
3792545 3750226 3813761 3845818
3868144 4068631 3983411 3870287
3914091 3887982 3922636 3971784
3987796 4122836 3995379 3839358
4018448 3964869 3966054 4031593
3936041 4073956 3994702 3871338
3991686 3873306 3960315 3990383
4007379 4066166 3911569 4007289
3997281 4264399 4071528 4132038
4020984 3935767 3913739 3992840
3828340 4124038 4026986 4106562
3836120 3717776 3718723 3817062
3730867 3925576 3863147 3909445
3876554 3743638 3853898 3988599
3815461 4154139 4011245 3992867
4068368 3996482 4184370 4057024
3960322 4127227 4103658 4018415
4044200 3873772 4031013 4029088
3876517 3997410 3963225 3992532
3834433 3779965 3858978 3877588
3722437 3797369 3832569 3770862
3997280 3819490 3968285 4030057
3835328 3972823 3940701 3878774
4033418 4015110 4048943 4025580
3995214 4005630 4182827 3938367
3973174 3899446 3935034 3998912
3986989 3994286 4074428 3799593
3773599 3711845 3816410 3887929
3688340 3764402 3852691 3727561
3855710 3845328 3898620 3835237
3880122 3830089 3938624 3740772
3960534 3959712 3953520 3986942
3975570 4177751 3946834 4210735
3898173 3899968 3907176 3832514
3897172 3973030 3825977 3984236
3720896 3777962 3696159 3760614
3791641 3867041 3729013 3966506
3849272 3843003 3787914 3871476
3910569 3905639 3811948 3983189
3994900 3886116 4137557 4082760
4026453 4165709 4010857 4049991
4003351 3906909 3972874 4038115
3882979 4059587 3903095 3936544
3819423 3721284 3911972 3877191
3772893 3925192 3818576 3724084
3886666 3776792 3984974 3910330
3812889 3996859 3796575 3831032
4101273 4141682 4035164 3890343
3964520 4027601 4001574 3998196
3974833 4057313 3982991 3890560
3936429 3823828 3941105 3994553
3807548 3894066 3749403 3719380
3744402 3747416 3872642 3766733
3848262 3962460 4026414 3830041
3839903 3802877 3866281 3833198
3971670 3873796 3917807 3999154
3805283 4206125 4035156 3958036
3889815 3853609 3814412 3845727
3812287 4016889 3977879 3934061
3834405 3750164 3770878 3926164
3644724 3947880 3845388 3888625
3791581 3785358 3748612 3908123
3796301 3954364 3898792 3793144
3949541 3850106 4075309 4060740
3903188 3977853 3945109 3929588
3933513 3865338 4022030 3931020
3911314 3883945 3912794 3873280
3850642 3732913 3859731 3964455
3790957 3846690 3763173 3850625
3845077 3679629 3856936 3860191
3745864 3861131 3735202 3825252
3940425 3846206 3963318 3970514
3841655 3974343 4049640 3831653
3920059 3864238 3887280 3918942
3807501 3883347 3985620 3768104
3835142 3680495 3799213 3857650
3746109 3869799 3858772 3682545
3798438 3726284 3750233 3757428
3767575 3707516 3854143 3637357
3862917 3917802 3851104 3898795
4000458 3934285 3833526 4052190
3875566 3853955 3823864 3870475
3896042 3902498 3752035 4008226
3758034 3755146 3783931 3715321
3774341 3855650 3747296 3851246
3697096 3662207 3669810 3780927
3814687 3780145 3700090 3911602
3994734 3872490 4039888 3947508
3917146 4044823 3924054 3911651
3899069 3928453 3969680 3906800
3818208 3950578 3789451 3845074
3869594 3771808 3905119 3892510
3777588 3916405 3774228 3715469
3809840 3783743 3855982 3830449
3691461 3869634 3756026 3747217
3991000 4132277 3951860 3798476
3857998 3828590 4008985 3925031
3943593 3970337 3947528 3724658
3805959 3851128 3905009 3909763
3773887 3868071 3769159 3707135
3744114 3794475 3795638 3828170
3797317 3823545 3779821 3707553
3709539 3692057 3682555 3805517
3926922 3864867 3789914 3928664
3823633 4061188 3928862 3952182
3938911 3850559 3880333 3928170
3847853 4123092 4039419 3967364
3903664 3808812 3893414 3947915
3827643 4084597 3992205 4003033
3942497 3895255 3883267 3959842
3860370 4052558 3977165 3941212
4023490 3780048 3976258 3981775
3813495 3972275 3883837 3932993
4034333 3856168 4028768 3993550
3820914 3997305 3841395 3921138
3979878 3883558 4021130 4023507
3882989 4004347 3971601 3878892
3985267 3797166 3992821 3987095
3833720 3993009 3944364 3890957
3830326 3791368 3848628 3924089
3812183 3872653 3936060 3739385
3854557 3866760 3938562 3913864
3839341 3931512 3948872 3740316
3890176 3879823 3971168 3874420
3857726 3907863 4027281 3835594
3853923 3837184 3908825 3954959
3786230 3930755 4013603 3776423
3755601 3814459 3783745 3870826
3931610 3894480 3764165 3975596
3838923 3898646 3903693 3813964
3945814 3858044 3865062 4065046
3882665 3844536 3848994 3946115
3860565 3964458 3808153 4128449
3827264 3804462 3751453 3845414
3878593 3895316 3795405 3996413
3820155 3734188 4032064 3950647
3850179 4085707 3802711 3843624
3916947 3804331 4026984 4011427
3798118 4030317 3782643 3883593
3932430 3870400 3953291 3962349
3890284 4022654 3884048 3922859
3922311 3786381 3997328 4019842
3863989 4026231 3871544 3787015
3875451 4047802 3877157 3762177
3821624 3904204 3885964 3825822
3906297 3999419 3929045 3750469
3831390 3790164 3932446 3928045
3936824 3990861 3955999 3793374
3863272 3810634 3957146 3916143
3841995 3976869 3812927 3792467
3862465 3871068 3841313 3950036
3831815 3766322 3708850 3778116
3739330 3987535 3850765 3902572
3889566 3818610 3882524 3979135
3831063 4091168 3960946 3988759
3885579 3867331 3878956 3979384
3851450 4060720 4004376 4075472
3906389 3875157 3794691 3944595
3827949 4074153 3941730 3996660
3917943 3745349 3970053 3883425
3717105 3896997 3773565 3814672
3990123 3855894 3942719 3978023
3776113 3943766 3945347 4027349
3965268 3890414 4006978 3978076
3839202 3956625 3966734 3861703
3895978 3754849 4012686 4023937
3812292 4103706 3969192 3905035
3832452 3718907 3765767 3814879
3784794 3799345 3879534 3655336
3862918 3797320 3943899 3806509
3883329 3917322 3968740 3744589
3883523 3778933 3848581 3920051
3828828 3960826 4009398 3764802
3934013 3801333 3844776 3895380
3848585 3916863 3962411 3720795
3734023 3819197 3630585 3730341
3890403 3930288 3700066 3884562
3750334 3839343 3866718 3840371
3923966 3971296 3813805 4031334
3982985 3806336 3860513 3776736
3889032 3984130 3805582 3992495
3812272 3754230 3766617 3853169
3922879 3967887 3816499 3942929
3900534 3721270 3986840 3907818
3762606 3893341 3821793 3750332
3940559 3822344 3947767 3989049
3855217 3995405 3787758 3842385
3921247 3779506 4059384 3997705
3900871 4004031 3871578 3862521
3874303 3771441 3966719 3921470
3724888 4000546 3862671 3872364
3853920 3914893 3782068 3653578
3803171 3808448 3836875 3846239
3874112 3957075 3956042 3784480
3750485 3822934 3895191 3895717
3859413 3964715 3909316 3786463
3885348 3811887 3875852 3940153
3793749 3996627 3931039 3786592
3880544 3804380 3891469 3886408
4006294 3866308 3986723 4020762
3908458 4074803 4045775 4089994
3916233 3759622 3758993 3897264
3886157 3973890 3933117 3987732
3981947 3956965 3963038 4052548
3854619 4189172 4079628 4053701
3915587 3764409 3772184 3815371
3741663 3970484 3917546 3980720
4144471 3916752 4125627 4085445
3865316 4079767 4060160 4033887
3893543 3732529 3989523 4009360
3789354 3913480 3870359 3800554
4093654 3859151 4082417 4000154
3958119 3986479 4033974 3893775
3795387 3803129 3923488 3909648
3788865 3826868 3897473 3829760
3957411 3846018 4003410 3938129
3876262 4038487 3958263 3861218
3857486 3729063 3838472 3751643
3866182 3903677 3914583 3714712
3998974 3994984 3993412 3992220
3973372 3958914 4017169 3882539
3788310 3804723 3809239 3833471
3752598 3763373 3861172 3694447
3983684 3879070 3952377 3855092
3957548 4026619 3910813 4033134
3801758 3879172 3777121 3827093
3777965 4009879 3737134 4001793
3959557 3872964 3908316 3921300
3932723 4047339 3837845 4070225
3797986 3781377 3655558 3729594
3788351 3828769 3700259 3963779
4044931 3862414 4081869 4075654
3901721 4066230 3920335 3981528
3906620 3755425 3968498 3866389
3803580 3971848 3841295 3866057
4037060 3875433 4076703 4081393
3905921 4103529 3878323 3904888
3792078 3732275 3945820 3794007
3787721 3974424 3780935 3771170
3999508 4064081 3968151 3883145
3944392 4015979 3916216 3955108
3894382 4003104 3896759 3646792
3773812 3784746 3808720 3843853
3967146 4049678 3970267 3908858
3938173 3873218 4032754 4023242
3879996 3923263 3896706 3660580
3769498 3787266 3841543 3853126
3989337 3953184 3956524 4027669
3878485 4131058 4003328 3943756
3852471 3789074 3848991 3891213
3834642 4043468 3986531 3996325
4005677 3810711 3805808 3897051
3784370 4032426 3976394 3975112
3951738 3780586 3886232 4021883
3847645 3972796 3948747 3973654
4012462 3906980 4199706 4071711
3883898 3963074 3960341 3876666
3851968 3709276 4006665 3986181
3820263 3913239 3795251 3873789
3883069 3758605 4002309 3917147
3754327 3883245 3927061 3933928
3963719 3870071 3981758 3915054
3760307 3957115 3887863 3793142
3926372 3874293 3943876 4033041
3968666 3929587 4023749 3938575
3901371 3766382 3874040 3873454
3868143 3868662 3907860 3779053
3750891 3756108 3844469 3876074
3817132 3836928 3953444 3761657
3870786 3836750 3834332 3832397
3815294 3866955 4006311 3783565
4015241 3877155 3957563 3906852
3940190 3968847 3891291 4118646
3874967 3856298 3795482 3868948
3737958 3901397 3777435 3971507
3802842 3796260 3764371 3735102
3771176 3924051 3792038 3966819
3816415 3722890 3832622 3821160
3923653 3956348 3816875 3873588
4031425 3929606 4114368 4022509
3930591 4010741 3949431 3861933
3952531 3764290 3933585 3922863
3808407 3982764 3797881 3808836
3890240 3722425 3937105 3914671
3769541 4036762 3824495 3830545
3927282 3817884 4005492 3970510
3805147 3897714 3752168 3762450
3975076 3982031 4002197 3929595
3971947 3876236 3993874 3927459
3889118 3888996 3855685 3790466
3869459 3773814 3784026 3867272
3806789 3901659 3835451 3808475
3796696 3860616 3792358 3911006
3899674 3963030 3895120 3788751
3821796 3792721 3862347 3939502
3975778 3804582 3853757 3899583
3898479 4025212 4017980 4027227
3992161 3847958 3910615 4041235
3845135 4141546 4000932 4084502
3935210 3839245 3880017 3901831
3885954 4181888 3992995 4054148
3843641 3810733 3807188 3922078
3831900 3892717 3940549 3939955
3943683 3784733 4014042 3968931
3927880 3983379 3930743 3788804
4009898 3878390 4062051 3996875
3854364 4033206 3922414 3884692
3996424 3794736 4018537 3906044
3787157 3998083 3969027 3856159
3916442 3786264 3988190 3957479
3749910 3851836 3856173 3871784
3862744 3849794 3850370 3851180
3858878 3811438 3986455 3671869
3917552 3826863 3864236 3902146
3821291 3926997 4024853 3654277
3878634 3865427 3983856 3980951
3807377 3888967 4024566 3758952
3791743 3814952 3801088 3863235
3781469 3890921 3954606 3805796
3829009 3774721 3807805 3794232
3821853 3875085 3805336 3969558
3975355 3880213 3822237 3881871
3874833 3900341 3855861 4040201
3775401 3881899 3852951 3903783
3827993 3934542 3803187 4019128
3773573 3830251 3833138 3768812
3892010 3872394 3800017 4010591
3974075 3802711 3935286 3907763
3841595 3950025 3859297 3907257
3992991 3846585 3965550 3978264
3824672 4052826 3898700 3810958
3912177 3808621 4029505 3921792
3847905 3998704 3787111 3810585
3932102 3800693 4016192 3854287
3778018 3907762 3837713 3863887
3801601 3962411 3882795 3752610
3853999 3763692 3851983 3931330
3992613 4016572 3952957 3822477
3904368 3825178 3952525 3933627
3937860 4012028 3923689 3826306
3825007 3790528 3846750 3872316
3917399 3912860 3851899 3751403
3843123 3865026 3886366 3787480
3801612 3666684 3798192 3733623
3687889 3793830 3681047 3814000
3881272 3867560 3937864 3873841
3797442 3821927 3884508 3983221
3938403 3762492 3784780 3870276
3751345 3739356 3780802 3824135
3829524 3826446 3886270 3776062
3729551 3796582 3742744 3772015
3803715 3890042 3690231 3781689
3804967 3660463 3860062 3809639
3847773 3954785 3721514 3975462
3871525 3750483 3941200 3857769
3829217 3895935 3677773 3884241
3891597 3695422 3845134 3757626
3811759 3795580 3726439 3903844
3882639 3705530 3889843 3816966
3722825 3855022 3831599 3787417
3944924 3718223 3788044 3750734
3827282 3939166 3839073 3948492
3942131 3840937 3923315 3903339
3808177 3886715 3782202 3857593
3837324 3662367 3871699 3866888
3768146 3849430 3753661 3881659
3874900 3677827 3859960 3817076
3801565 3719330 3975437 3772955
3739803 3750276 3858912 3803644
3820665 3851619 4075610 3781818
3823896 3948429 3912109 3932310
3836175 3747565 3924144 3769080
3815019 3910688 3849355 3813735
3778842 3769774 3992404 3725334
3815783 3900233 3821551 3814286
3747748 3705055 3798274 3926297
3634027 3773524 4028386 3703674
3849498 3781104 3890212 3992704
3775656 3847785 4089681 3745164
3772187 3673318 3869416 3939387
3766383 3749772 4039784 3667225
3782916 3752464 3851255 3942608
3699823 3712532 3919108 3735712
3610648 3672285 3695185 3807812
3590685 3767248 3743203 3859381
3699634 3756739 3789781 3835645
3687695 3731549 3895930 3950047
3628317 3670301 3723373 3772095
3654542 3770977 3826438 3903097
3592909 3709436 3807336 3839617
3714745 3783166 3770779 3874711
3985235 3918590 3864534 3809769
3768030 3819500 3879883 4007504
3860405 3788574 3836881 3879771
3647334 3778974 3899297 3877766
3836689 3794844 3838048 3764316
3689805 3743905 3832315 3850175
3915201 3851582 3902885 3853223
3753078 3777690 3797857 3979725
3880954 3910298 3704377 3876693
3894259 3767488 3934521 3902919
3865461 3909923 3635386 3829308
3816645 3798074 3938871 3763555
3784869 3883542 3657953 3793877
3868674 3717952 3844507 3715983
3833048 3940377 3777516 3848033
3859520 3763561 4021322 3877998
3857496 3918356 3835388 4058345
4010849 3781959 3899419 3920262
3823884 3885274 3853816 3863678
3925667 3788193 3918639 3888821
3783651 3755798 3709332 3917060
3901368 3699766 3864436 3905289
3878027 3938234 3862589 4016810
4021318 3782425 3957744 3917901
3855618 3895249 4020797 3918069
3898594 3961801 3807790 3895639
3846451 3824865 3902254 3827411
3786254 3857196 3927650 3933503
3767781 3732452 3847767 3821498
3748920 3879375 3724468 3786200
3912518 3894787 4037995 3878354
3818683 3863573 3862282 3845399
3788869 3870731 3976681 4006261
3745686 3839529 4023111 3823348
3827399 3733026 3912392 3945969
3681880 3797473 4024314 3830325
3702877 3717101 3830723 3928081
3693414 3800781 3947210 3754746
3861956 3825775 3847407 3907974
3748928 3776286 4020904 3790159
3758850 3853649 3822229 3852054
3731332 3935601 3908584 3948801
3628968 3752416 3745704 3794934
3663709 3832570 3900578 3884632
3528018 3691079 3716915 3777391
3587034 3752487 3793072 3893554
3663804 3872742 3829283 3823624
3652911 3806597 3876780 4028765
3839891 3802645 3802026 3807324
3717168 3787110 3766110 3843603
3992540 3843319 3977750 3898712
3865038 3888505 3888324 3974266
3944652 3765367 3881767 3907825
3836306 3849975 3935816 3946613
3863544 3862364 3896986 3789576
3693158 3741261 3887027 3900990
3722149 3788589 3649613 3961013
3810262 3751876 3861278 3784177
3804401 4009101 3755112 3957659
3909840 3852350 3840455 3885749
3881874 3965531 3730737 3916376
3913864 3750051 3873007 3818758
3808077 3947541 3676776 3894087
3892672 3689201 3822463 3825448
3786963 3805870 3758441 3854952
3862707 3642247 3817412 3855945
3891916 3992723 3890657 3995178
3975064 3742053 4059989 3906648
3820650 3894954 3862344 3930034
3977640 3809863 4008945 3833634
3831551 3855335 3777600 3939099
3897013 3883891 3904629 3896890
3776686 3819798 3925464 3771207
3756059 3812960 3797381 3820913
4006808 3952471 4091044 3968407
3893331 3933738 3952654 3930112
3810245 3830807 3934641 3846143
3902439 3900687 3837472 3905277
3824908 3823680 4024621 3845338
3801718 3909981 3903117 3865435
3746838 3718735 3943655 3895982
3645172 3714496 3956495 3723488
3836789 3840031 3995314 3978366
3803135 3861036 3991374 3796064
3792475 3686213 3897508 3921684
3764554 3867527 4048886 3783007
3883230 3825004 3914144 3912997
3720146 3772246 4006538 3772522
3564296 3708116 3747684 3848338
3714613 3716286 3768483 3906860
3685985 3857643 3795996 3932411
3738528 3831013 3904722 4071223
3677565 3792622 3792714 3903742
3713814 3913726 3848553 4050584
3678600 3741360 3760739 3891359
3674574 3785253 3813526 3948713
3889673 3796091 3928976 3780110
3706330 3876494 3900101 3860934
4053800 3921375 4018952 3985565
3951823 3940852 3920180 3968128
3966723 3945238 4043274 3885183
3818652 3901282 3894585 4000549
3734174 3717709 3832481 3788333
3663726 3780230 3710975 3796379
3840537 4028738 3773809 3872512
3890458 3811472 3906083 3791633
3931454 3948238 3827401 4080457
4000112 3843340 4093856 3928162
3974246 4132541 3810453 3946787
3894917 3810032 3960600 3977111
3763045 3861502 3606458 3828416
3885731 3562087 3699354 3731242
3876682 3925722 3935096 3984800
3921306 3793545 3881309 3956071
3990689 4053444 3935370 4038857
4028614 3883372 4074497 3960443
3897186 3953779 3953815 3960862
3947995 3833357 4067134 3993173
3735381 3774039 3667562 3798910
3809493 3689279 3795696 3769582
3906233 3862943 4026779 3856745
3865222 3913141 3878531 3885228
3919310 3941689 4086883 3896329
3986144 4010750 4039798 3971931
3994785 3933615 4125664 3959208
3945088 4036864 3906876 4012756
3772067 3750501 3885064 3787941
3773922 3860131 3832843 3812023
3954194 3767699 3903425 3921366
3828343 3753070 4084826 3750633
4018392 3899466 3952532 4044336
3849439 3856947 4110775 3876599
3916671 3918373 3964357 4049832
3789978 3943899 3998847 3892122
3752751 3701657 3837280 3811005
3619536 3630782 3992848 3652551
3664542 3690889 3847209 3921042
3646886 3876719 3859616 3982972
3776920 3889725 3901139 3931299
3790028 4012925 3898552 4045951
3673369 3863053 3865915 3989377
3761644 3996191 3915830 3957341
3616831 3638589 3657765 3760031
3620600 3821943 3685240 3809123
3937974 3961621 3982568 3992377
3852942 3895508 3935382 4022354
3934011 3811896 3903601 3882815
3779246 3841187 3797949 3947861
4047432 3954162 3978955 3941293
3838889 3948635 3982911 4011029
3903855 3819200 3949570 3879488
3715925 3817197 3802884 3812916
3867468 4047155 3826905 4111939
4013414 3787786 3956042 3966990
3911959 3869616 3778603 3893773
3846438 3721476 3842848 3828305
3886054 4077665 3849476 4045048
3922599 3814685 3993106 4022065
3838749 3892236 3818223 3838576
3744754 3766706 3908840 3737638
3984351 3948479 3875929 4011395
3986332 3880861 4016626 4062934
3778472 3912884 3868466 3886548
3865653 3679449 3838158 3862365
4010116 4027477 3929093 4089147
4095361 3938604 4069983 3934071
3830346 3911435 3811402 3949233
3927360 3734024 3943841 3800835
3859704 3915933 4061290 3966406
3910154 4001415 3927364 3999045
3892463 3836828 3993992 3764064
3715664 3842569 3860565 3782873
4052762 3958120 4113770 3953504
3924265 3984207 3996344 3959766
3885758 3844202 4023385 3859970
3819565 3835332 3861094 3789223
3965780 3886004 3924072 4119701
3785743 3930377 4144871 3841703
3864717 3679569 3816268 3922754
3807315 3782471 4003813 3810271
3983717 3911445 4063652 4024241
3766585 3969900 4120883 3939033
3899258 3775773 3928917 3951476
3742862 3772797 3997325 3772867
3742965 3890136 3954386 3954994
3717177 3894133 3944873 4040613
3653309 3809208 3840631 3929865
3713397 3810556 3876603 3858059
3800853 3865466 3870452 3956189
3820968 3948622 3908506 4147287
3743907 3727941 3774381 3828250
3691849 3809877 3707727 3950650
3892697 3695650 3803796 3804316
3685953 3750203 3746220 3856901
4034108 3933700 4013184 3878016
3861848 3960546 3989311 4053861
3905457 3818720 4028478 3860568
3777417 3859283 3836827 3931691
3851038 3764447 3840868 3799203
3758747 3827457 3753932 3908590
3851038 3851096 3759084 3781160
3854206 3550725 3849106 3807793
3897223 4094580 3784566 3948014
4028692 3864912 4003464 3973824
3769160 3927994 3826408 3924710
3848238 3770465 3912658 3738142
3867364 3881990 3730415 3857674
3829984 3734530 3881608 3792892
3786741 3856325 3792192 3882299
3835498 3702994 3867676 3813354
3959944 3986383 3996438 4118516
4036991 3909217 3988135 4024181
3875739 3924630 3881290 3933228
3893687 3864363 4032505 3878284
3762056 3917251 3767294 3826017
3877816 3728797 3880270 3800592
3795429 3803451 3940897 3816209
3742911 3995394 3835852 3920458
3967600 3926885 4105325 3922437
3928569 4098180 3979884 3999404
3908838 3820999 4016042 3809705
3749338 3934018 3900214 3902267
3848823 3798990 3994439 3865440
3775687 3826950 3799780 3806725
3724953 3774162 3847031 3893058
3641768 3794142 4015359 3786527
3887473 3782464 4001665 4131441
3898846 4002423 4140191 3867498
3818567 3717260 3926172 3933479
3847854 3839256 4038621 3820742
3782845 3710110 3831758 3909324
3722644 3740173 3912658 3764257
3646900 3694758 3704714 3782605
3685084 3802322 3781133 3897233
3798479 3857584 3914349 4006474
3791264 4021509 3936941 4064548
3690246 3801624 3776250 3826303
3653635 3816643 3886531 3947018
3619479 3716765 3726407 3833317
3697895 3897901 3838125 3936311
4006367 3933519 4011556 3988976
3896735 3871356 3880354 4027130
3869580 3775545 3908432 3805800
3707536 3809914 3741075 3849756
3826109 3837351 3930738 3899244
3820226 3797844 3858725 3927949
3941121 3885620 3918258 3893841
3774232 3824156 3817452 3945485
3958678 4047277 3774049 3910911
3963219 3867975 3984446 3949855
3829158 3839679 3619244 3879269
3758558 3794588 3806154 3787250
3830070 3984858 3745184 3866531
3927378 3778374 3920367 3863498
3837095 3928884 3765871 3958079
3811906 3696067 3855274 3873702
3875855 3989716 3966470 4062297
4060844 3907649 4064010 4038739
3792863 3834008 3785591 3889342
3877654 3731853 3898061 3856158
3801571 3876875 3803978 3989364
3943227 3766863 3948906 3954810
3829537 3902304 3852459 3953412
3876157 3841378 3859462 3881947
3880443 3913377 4072431 3932836
3877650 4014858 3900831 3977970
3897570 3761413 4039005 3798139
3780276 3841162 3854069 3802857
3867486 3819757 4059244 3869846
3829035 3904896 3933410 3899770
3939452 3827736 3992380 3837640
3789119 3918605 3928412 3940829
3958054 3825279 3987220 4063556
3770946 3826994 4079241 3816974
3762478 3739698 3850673 3867893
3682563 3764386 3899513 3716845
3879069 3872144 3968955 4025363
3767720 3755675 4037589 3793241
3798460 3815441 3957540 3974831
3723735 3763894 3964720 3799294
3772628 3869359 3878622 3892605
3755714 3938631 3880008 4121642
3633110 3807917 3764129 3881071
3588403 3829474 3771889 3911154
3650040 3816371 3735019 3798129
3704976 3884378 3872766 4016326
3639823 3859527 3829249 3840016
3703800 3832712 3851885 3899964
3959076 3891466 4071715 3913755
3832603 3925349 3954210 3976714
3997890 3922854 4071637 3975524
4023959 4002874 4048830 4041977
3966747 3976709 3988460 3954686
3849410 3881531 3952152 4010318
3944553 3800138 3959306 3974287
3841721 3827703 3878280 3945983
3851942 4055722 3829168 4039792
3921209 3827399 3899020 3939760
4091866 4082706 3862762 4050867
4070672 3877029 4070389 3998022
4039321 3969719 3767388 3970204
3956063 3753237 4058961 3978612
3933966 3981182 3785072 3970845
3897892 3814727 4002351 3817599
3931433 4007612 3861307 4090466
3978749 3905919 3935976 3968968
3950923 4038336 3963038 4188588
4087092 3843427 4034192 4035539
3876171 3922766 3929260 4052991
3994769 3848474 3958109 4019731
3864470 3922412 3934777 3977763
3981936 3862510 4005043 3853838
3917224 3885927 4030232 3930544
3883160 4003907 3969346 4035376
3932384 3948541 4140990 4023313
4042645 4106589 4074924 4052242
3911992 3940194 4105745 3977482
3948004 4104826 3990600 3968188
3888977 3927538 4176377 3840344
3930348 3986325 3918601 3924067
3962028 3888832 3899679 4126235
3813667 3828667 4020700 3817611
3974212 3958955 3995313 4113436
3887432 3977815 4217497 3918299
3917697 3826743 3927657 4034262
3932869 3804145 4161549 3909463
3904159 3874416 3951495 4070693
3743044 3885974 4095703 3815294
3776567 3842698 3861873 3950878
3796024 3915144 3876548 4068620
3891277 3870820 3972978 4006043
3813855 3986360 3991515 4112808
3821208 3844112 3863184 3969623
3771897 3896721 3932623 4073299
3712710 3799725 3817820 3904558
3722877 3876754 3821052 4053777
4100679 4081830 4073424 4029566
3916316 4005724 3976067 4033489
3908853 3814845 3859500 3887427
3811677 3827563 3905003 3963354
3936957 3751286 3892615 3871844
3725161 3763366 3846805 3878142
3950664 3875938 3934580 3875555
3763926 3921949 3886144 3998299
3926924 4122117 3828356 4064336
4051780 3871365 3982248 4030080
3817403 3939001 3685735 3889089
3832284 3699102 3888251 3822810
3909304 3945529 3769573 3816114
3861258 3790687 3917034 3858884
3857209 3944149 3717284 3933358
3904470 3800569 3930580 3848735
3975278 4089069 3990927 4155055
4041007 3913516 4110126 4114737
3814903 3863936 3818324 3968925
3965468 3828590 3949905 3883446
3804685 3903309 3797944 3915142
3935612 3748600 3878706 3812449
3844568 3990225 3821045 3952071
3969166 3815533 3870424 3941201
3985714 3991327 4213529 3995438
3919270 4086445 4005152 4030758
3832887 3884681 4039672 3798806
3835835 4070846 3863043 3837757
3841867 3852141 3963789 3819767
3825276 3939996 3956450 3826648
3952737 3915827 4042917 3882861
3875113 3945132 3949057 3958062
4042038 3941755 4134775 4140612
3945624 3946893 4212831 3897621
3860908 3784442 3864132 3960599
3702194 3786882 4045794 3745248
3834743 3821549 3929211 3983138
3667293 3804686 4059831 3792819
3857111 3729744 3922936 3922317
3749640 3890432 4132590 3770470
3836516 3945935 3982055 4031300
3829341 4041852 4043318 4127631
3668572 3809565 3782180 3818752
3668644 3817526 3847293 3913928
3696829 3697976 3778026 3823525
3675096 3827543 3874263 3977499
3682964 3741732 3853694 4002537
3755022 3833531 3896145 4020199
3825210 3800530 3910426 3831730
3760901 3844925 3829390 3897116
4031028 3980198 4008082 3945708
3895006 3913902 4023799 4000322
4051309 3895776 3948586 3915759
3800265 3856776 3927695 3978211
3900250 3884636 3902241 3862209
3718882 3865907 3924344 3903912
3825537 3969842 3708488 3997673
3941756 3728923 3900945 3845264
4017657 3992062 3847272 3986884
4025145 3872246 4027697 3847263
3886334 3924900 3830286 3962636
3908833 3857177 3965815 3818678
3898846 3932516 3816656 3874419
3968098 3832632 3942923 3908278
3859187 3920534 3830534 3962393
4012029 3795832 4021755 3913069
3903965 4109371 3943718 4090041
4036615 3894462 4020768 3940235
3820420 3987897 3900534 4096286
3997017 3852047 4025060 3926764
3865757 4006819 3838841 3963715
4030290 3806744 3968594 3931900
3931687 3872929 4022903 3881496
3845921 3967144 3807311 3954886
3920100 3904669 4140175 4024117
3904488 4052302 3995100 3915395
3825205 3904633 4142862 3957523
3917928 4041379 4019104 3976166
3953206 3857139 4040932 3889373
3886564 4017588 3912412 3921279
3895581 3748706 3918756 3884373
3817231 3769565 4084230 3847265
4006631 3951846 4054864 4115124
3802723 3873666 4108764 3899426
3892725 3894757 3993508 4025862
3827109 3859713 4122168 3908744
3855359 3775571 3981458 3951402
3772341 3801964 4049704 3833228
3663376 3828440 3813661 3948936
3727048 3774734 3903217 3980627
3826001 3875154 3868182 3970286
3815848 3960914 3899123 4032343
3772336 3876688 3857144 3963939
3784755 3851664 3918002 4001873
3798049 3796016 3754885 3833291
3727441 3905154 3824088 3910627
3966155 3834107 3940112 3914721
3776023 3920585 3846965 3906664
3954494 3870581 4031267 4044540
3883702 3864479 3911078 4001060
4009144 3925648 3980809 3952230
3815005 3891778 3936230 4058506
3870243 3773019 3859417 3764068
3691555 3762478 3759658 3768774
3894865 4047883 3726373 3904699
4041809 3753494 3907903 3906695
3868753 3962077 3820161 3997169
3910756 3794872 3962832 3900064
3919903 4049025 3820873 4050183
3958693 3765888 4015518 3956102
3772822 3862343 3626398 3794729
3762006 3685228 3763191 3826141
3855401 3986096 3867372 4042850
3958170 3797969 3942836 3876374
3984535 4039725 3938686 3976624
3947109 3849408 3983408 3933888
3887609 3959981 3898293 4045225
4004747 3818837 3955863 3953908
3761389 3868467 3761341 3820997
3844455 3680154 3918063 3836635
3865321 3910147 4091762 3829179
3842377 3947818 3908623 3946787
3902515 3943475 4043313 3925685
3970842 4001170 4042581 3963421
3897586 3927768 4074022 3977017
3892404 4092485 3992824 3945906
3757886 3751207 3912232 3801059
3737193 3848762 3814193 3824995
3890843 3794795 4001644 3988530
3749709 3804188 4058172 3773352
3995830 3874976 3995829 4101110
3891892 3852186 4107052 3874215
3869719 3884693 3963077 3927375
3767684 3925912 4079450 3882853
3834718 3671437 3860134 3893375
3633055 3705762 3977082 3679131
3762926 3867405 3832580 3924346
3787687 3899448 3901260 4058132
3758171 3845966 3852562 3958855
3806144 3893777 3945986 4062672
3727843 3809217 3791189 3896108
3811352 3890513 3906820 4056080
3574165 3745416 3772895 3704033
3624450 3659925 3794717 3842123
3894859 3811827 3913806 3836290
3774428 3933341 3923711 4006473
3903310 3813425 3950508 3919701
3882976 3855807 3873467 3997837
3865958 3823457 3845553 3805198
3692220 3770565 3763261 3813981
3976784 3994445 4100392 4034704
3851362 3957012 3986097 4063105
3869858 4016430 3790657 3871384
3969721 3803236 3986498 3840208
3913860 3934676 3831722 3935839
3963320 3774268 4022177 3903631
3788661 3864789 3676198 3903351
3886867 3777550 3848112 3722018
3964305 4081672 3826087 4054179
4011626 3909747 4066380 4029187
3880475 3911520 3861549 4009636
3959871 3735921 3957394 3928218
3831414 4021111 3936440 4061343
3954027 3816090 4012080 3944174
3799653 3884818 3784513 3890880
3843825 3691344 3894849 3823313
3923998 4095975 4025109 4122219
4087554 3969964 4041549 4086618
3928248 3853932 4040043 3835893
3969164 3994037 3873373 3950253
3951881 3909579 4183281 3903765
3883107 4014809 3991284 3960756
3768829 3786445 3918930 3836480
3714565 3871975 3836821 3805316
4033024 4064246 4195836 3985464
3953705 4038303 4107626 4058009
3908196 3843634 3996275 4031767
3777196 3877808 4136874 3839723
3962325 3838729 3993346 4024662
3808451 3897497 4028364 3838032
3801010 3663891 3913403 3894643
3710682 3714254 3873599 3635413
4024432 3929263 4056830 4082353
3873188 3957570 4180098 3956519
3764560 3789655 3884610 3914086
3780627 3874685 3916170 4022059
3721650 3816227 3889412 3932430
3698452 3920115 3956809 3919732
3705870 3702228 3705432 3770211
3605931 3768624 3767376 3852052
3807021 3901406 3957364 4028071
3906677 4011712 3964598 4089758
3777398 3739149 3790434 3952963
3686710 3762306 3744358 3686237
3924379 3914201 3928173 4153639
3857964 3945740 3840371 3891236
3966599 3838232 3929907 4106380
3813615 3934979 3807281 4011066
3914466 3683988 3820025 4027545
3793293 3801905 3739014 3766202
3803857 3776210 3661090 3627952
3951055 3910255 3703996 3805866
3874783 3938379 3755310 3820292
4047780 4053546 3890371 3871442
3895345 3860293 3827242 3793630
4052054 3979200 3884143 3916480
3860130 3827138 3722228 3725001
4004401 3932696 3779223 3814519
3775619 3747473 3812663 3816868
3762918 3854302 3771169 3864981
3820676 3905887 3942009 3885984
4001601 3936901 3926908 4018710
3849970 3867067 3924468 3979332
3935932 3813595 3856505 3955946
3818872 3807623 3878423 3848793
3850330 3855197 3869988 3897649
3838989 3743367 3887083 3862950
3853826 3699363 3789454 3670656
3869567 3957269 3948217 3965163
3972231 3981708 3902375 3985548
3806379 3819254 3903899 3870136
3979515 3887664 4000423 3893065
3730285 3825930 3749189 3847430
3850113 3840436 3742724 3748292
3986492 3798414 3927819 3716662
3893600 3830504 3813239 3788750
4101865 3903669 3886864 3886896
3963154 3847683 3975390 3836205
4087465 3970807 3957085 3878131
3937970 3812558 3891273 3952659
4008171 3867675 3874179 3773642
3813756 3757961 3838441 3878751
3838573 3721998 3813266 3892719
3994732 3871590 3852942 3646778
3968437 3833547 3907580 4074209
4153535 3931661 3998370 3822974
3912454 3721447 3934084 4034982
4115594 3906535 4036967 3693027
3879862 3682230 3822941 3938640
3980431 3909024 3958586 3777051
3970354 3800251 3887370 4045717
3827478 3864866 3864059 3949030
3933074 3838878 3962961 4192986
3853381 3918082 3891295 4033604
3841958 3753337 3821717 3995311
3763184 3832584 3681264 3846921
3902753 3812725 3858741 4023445
3830632 3924609 3737372 3892358
3973987 3772214 3808235 3793196
4056431 4004630 3913948 3897353
3964849 3938470 3820999 3917236
4118845 4033818 3975629 3959501
3863966 3776883 3696491 3694362
3933998 3826823 3708806 3742068
3911201 3887387 3880802 3827056
4079479 3934639 3887677 3947133
3792852 3923910 3966877 3947701
3958626 3946940 3902007 3908327
3908742 3912808 4018116 3957998
3953711 3965070 3918136 4004704
3850220 3803686 3866962 3922498
3834283 3815008 3758488 3892154
3819466 3916977 3896847 3927203
3901638 3843404 3879664 4030100
3853669 3880703 3958356 3898979
4060089 3944837 3962539 3869103
3814937 3922606 4042454 3913681
3990759 4009797 4065204 3942273
3794391 3822697 3885590 3815309
3886832 3830383 3760843 3784933
3795950 3965702 3867437 3921293
3889283 3923206 3937506 3838002
4150420 3933434 4033596 3818483
4113741 3969430 3917026 3881866
4195327 3995102 4051570 3926579
4048934 3972346 3907910 3970317
3967827 3856972 3886995 3745343
3836547 3829760 3883987 3792819
4134654 3790683 3959703 3873323
3982259 3961055 3894199 3888233
3919166 3788485 3987230 4027954
4085558 4041465 4033931 3843746
3968113 3793808 4014991 4000943
4049310 4055528 3999795 3897617
3809194 3744146 3776440 3885306
3977867 3833615 3896401 3667103
3944693 3795833 3903610 3985672
4068588 4048735 3963191 3779871
3875783 3754105 3805275 4014859
3744249 3864739 3716137 3847085
4051198 3989550 4051712 4127953
3974326 4059142 3899768 4010512
3973433 3754429 3882862 3979920
3759730 3913445 3734820 3855845
3879020 3616136 3816474 3970691
3649762 3803764 3723298 3881861
3752434 3759094 3686810 3665839
3992267 3785677 3796161 3817531
4084984 3987330 3858747 3940254
4121597 4066484 3936751 4000134
3880283 3867117 3810096 3738182
3992023 3949735 3897253 3909663
3783632 3814665 3752524 3837205
4021020 3910914 3740338 3807869
3746622 3863777 3846216 3827333
3858731 3798378 3830029 3929688
3963853 3993373 4038977 4015419
4103613 3956086 4038231 4211009
3853729 3923805 3941288 3840638
3894115 3852812 3860915 3954447
3766101 3793642 3819097 3868188
3885994 3819884 3784303 3868132
3754254 3811983 3854310 3858030
3908134 3773450 3808653 3709861
3888614 3999103 4036056 4028515
4134639 3993723 4025860 3846335
3767076 3934740 3856786 3897028
3865235 3910771 3861349 3807598
3784973 3755325 3879802 3775747
3914589 3910653 3858421 3773488
4020339 3945216 3945021 3756070
3898052 3778401 3766271 3774769
4251399 4076384 4111319 3916109
4004467 4005338 4035250 4041271
4057095 3897779 3916025 3827027
3871979 3873336 3843914 3776648
4070744 3825996 3832423 3715228
3809350 3790622 3824619 3764376
3835048 3746653 3802815 3938974
3904442 3813880 3914698 3695641
3956957 3849592 4000565 4162000
4112612 4071600 4139182 3941678
3875109 3713864 3877934 3990067
4024155 3996760 3940006 3778587
3777744 3650500 3812138 3934081
3944067 3830181 3864977 3724452
3948026 3868346 3984052 4098947
3843311 3942576 3887419 3938565
3794010 3699244 3703230 3998092
3702192 3721160 3653400 3848128
3833619 3745837 3814626 4012280
3786116 3916812 3716396 3810932
3770897 3676112 3766612 3911102
3666766 3852413 3697078 3790921
3910163 3897490 3896478 3906099
4093948 4013720 3917848 3928300
3802876 3711848 3591528 3650991
3892533 3862912 3728945 3695268
3900509 3812084 3727595 3722059
4019651 3901645 3832977 3868832
3754560 3733326 3678947 3641020
3851433 3848123 3775901 3847286
3929622 3904512 3931474 3922456
3890854 3980287 3946359 4030050
3740474 3776980 3716982 3727714
3775265 3682327 3816023 3869080
3813673 3774220 3842717 3878163
3822458 3767987 3789646 3934752
3789323 3781352 3898839 3801103
3858303 3754463 3699218 3789478
3868426 3884157 3957272 3901503
3948254 3972201 3949435 3849382
3744327 3749793 3824577 3735752
3759935 3774105 3732441 3742046
3825782 3859079 3810966 3883280
3907079 3894377 3921370 3797282
3725685 3780556 3806063 3742091
3845889 3787074 3663365 3672564
4197521 4016789 3998901 3908117
4010662 3944640 4013641 3952711
3952180 3762300 3828927 3683438
3879384 3809513 3746445 3726264
3993826 3870983 3954732 3795004
3905208 3843441 3766505 3778191
3926165 3836923 3782178 3665168
3841019 3713899 3685175 3657915
3950361 3866129 3894652 4091156
4131890 3976533 4041448 3804647
3796571 3690505 3754409 3839579
3934871 3841294 3865465 3670017
3858085 3754673 3783840 3982404
3997253 3905332 3900082 3758182
3838464 3761471 3776819 3819966
3891399 3829297 3776947 3749528
3816638 3769273 3843126 4053412
3757626 3873495 3744926 3816471
3765446 3653012 3716755 3907924
3635800 3828696 3632340 3774288
4030191 3817094 3904540 4109431
3829297 3985918 3881611 4027325
3885424 3739453 3913645 4107242
3791973 3948391 3758009 3954601
3745034 3795870 3679470 3764973
3917868 3903205 3899955 3805348
3872796 3796949 3592801 3648439
3904475 3708521 3735459 3661898
3893177 3898163 3851603 3835215
4043956 3992311 3906476 3964386
3848958 3889920 3697192 3915373
4020528 3959896 3890655 3919012
3851579 3889961 3798509 3874945
3821903 3859067 3841483 3968004
3687937 3701462 3753111 3725221
3700039 3717086 3719267 3827781
3955657 3873172 4010851 3967610
3950815 3910795 3894836 4112798
3874603 3867483 3923146 3898945
3941020 3892606 3876962 3972407
3733216 3902157 3877581 3895668
3931539 3830742 3902325 3790182
3704832 3796044 3730526 3775456
3796496 3728371 3763951 3654436
3892101 3925353 3992004 3975909
3922381 4021710 4006442 3769354
3845500 3873019 3960972 3914525
3957455 3898806 3937274 3867237
4090169 3861582 3972205 3849522
3942802 3810134 3841748 3786624
3890239 3809648 3849093 3712597
3732657 3736983 3659861 3675249
4184243 3884910 3917306 3874841
3996431 3931257 3963047 3863191
4105212 3955073 3955201 3943179
3940045 3988771 3860946 3865288
3835312 3721631 3834749 3916818
4003313 3867237 3946190 3746182
3711675 3648308 3758691 3928961
3939335 3776875 3842036 3712775
3926087 3876757 3970251 4013187
4079210 3955867 4018657 3792439
3967918 3801720 3922638 3972883
4034591 4006434 4024667 3694939
3853634 3610126 3833057 3903503
3672466 3731857 3634808 3802840
3837489 3836105 3942376 4079316
3762728 3831318 3732760 3808426
3973480 3793422 3936412 4112805
3859929 3813197 3796845 3926703
3776942 3695834 3807763 3923538
3637122 3783111 3680673 3756500
3786625 3721857 3604737 3687802
3864364 3766496 3695414 3789310
3862294 3857280 3729464 3811893
3993203 3905033 3828689 3908982
3854435 3918355 3856779 3892970
4124226 3972491 3941381 3906124
3784322 3763214 3668696 3742879
3938807 3871871 3748474 3763122
3633948 3686575 3802031 3803023
3693079 3760130 3696792 3784829
3718145 3950991 3804655 3921310
3903017 3823446 3760646 3921916
3843816 3750739 3990587 3965899
3970730 3988492 3890595 3981606
3726260 3792133 3812902 3835184
3834835 3855017 3721805 3845260
3669439 3712446 3776179 3766887
3858406 3715584 3765052 3721920
3815743 3900723 3894685 3781076
3943341 3866232 3873304 3909188
3827165 3944430 3910337 3943647
3932613 3944093 3912947 3823925
3732437 3771444 3800645 3645102
3826833 3768618 3829637 3714060
3917284 3757693 3786462 3677833
3844194 3739721 3752274 3672127
4081009 3926633 3946066 3841497
3942975 3808100 3860784 3827200
4188426 3976065 3972098 3966764
3968057 3911565 3826122 3901642
3889596 3711137 3883059 3724794
3899969 3762970 3773115 3803523
3750877 3579713 3720764 3866892
3948549 3783731 3852227 3672109
3967205 3768372 3896488 4030322
4033223 3965273 3914124 3797830
3931941 3848931 3923196 4038878
4124471 3896636 4004179 3839314
3788338 3653502 3819647 3895198
3947222 3863928 3907610 3672058
3936972 3855707 3876818 4009626
3786283 3845499 3732174 3874027
3833892 3701743 3829308 3949336
3787777 3836121 3642804 3843644
3841740 3625829 3721546 3921980
3687083 3814847 3588796 3828026
3887926 3784239 3871642 4132048
3738439 3860855 3858055 3967066
3863878 3776120 3792306 3772534
3923407 3845502 3859670 3857639
3803497 3816493 3766376 3790365
3957382 3861233 3831964 3864300
3755039 3794940 3662394 3766635
3919450 3860418 3814302 3736453
3803545 3891724 3843371 3855626
4015238 4018924 3939633 3925738
3828022 3847249 3860898 3893362
3896593 3881698 3851141 3963834
3747726 3816489 3889909 3849393
3819207 3844911 3841070 3886968
3765242 3752372 3779198 3870081
3805560 3770890 3784774 3841400
3849886 3885191 3965406 3903778
3921860 3874438 3822093 3963564
3889851 3832641 3778747 3932199
3994154 3806829 3877607 3794032
3804310 3803105 3867981 3812321
3857173 3899948 3865170 3729033
3675947 3778487 3833593 3766682
3828928 3887927 3844324 3700209
3832953 3737711 3923020 3901486
3913128 3949840 3878088 3883815
4031908 3865823 3943626 3811536
3942539 3912707 3895037 3884903
4014145 3935732 3811903 3731361
3917823 3771708 3850364 3772256
4074341 3803147 3808727 3734099
3838475 3810389 3842640 3684725
4111648 3876283 4048663 3859388
3945612 3908432 3874312 3849137
3834064 3726792 3946242 3960536
3994806 3893741 3987845 3796381
3825035 3737110 3831705 3838724
4050373 3849680 3940071 3764341
3748353 3662890 3801358 3966912
3973254 3829522 3898699 3668794
3882410 3724036 3872262 3992017
3988651 3961642 3952960 3833516
3829496 3599195 3752367 3874594
3722476 3741716 3688588 3751409
4000546 3826037 3960720 4093544
3838933 4038865 3865650 3911241
3937508 3889538 3994137 4084529
3835170 3855587 3801710 3929824
3792259 3801432 3835577 3967341
3719597 3806506 3817543 3863952
3770332 3728746 3692873 3637586
3848448 3786538 3729147 3668189
3921062 3922146 3856908 3887217
4189970 4122806 3903752 3947606
3900147 3893519 3866850 3869968
4098235 3914873 3838610 3961166
3849689 3798567 3697483 3755167
3914454 3879054 3835687 3865592
3711913 3794535 3798606 3788349
3803242 3735606 3800551 3750027
3832526 4023835 3984344 3973221
3932880 4046739 3911211 4047358
3812413 3903833 3989974 3977264
3942608 3888650 3867000 4038980
3739161 3744852 3881320 3870024
3891019 3805493 3832178 3867354
3706879 3732041 3678082 3762838
3817329 3787172 3835807 3659745
3965794 3930790 3975685 4023550
4089822 3961619 3999040 3939957
3844271 3916481 3930794 3944013
4043853 3877999 3847639 3874519
3775243 3844040 3820555 3906371
3981623 3885660 3911869 3778240
3966742 3792724 3851240 3779811
3866313 3795909 3745035 3729222
4178108 3985531 4038973 3968441
4049020 3998791 3932909 3924310
4138434 3943788 3938824 3835063
3996058 3877099 3877708 3898513
4017164 3892270 3919991 3774343
3902625 3805734 3800883 3810371
3827998 3601777 3826992 3861717
3982258 3863099 3862770 3612284
4056893 3871472 4011386 4085747
4227218 4018200 4116559 3891039
3957044 3752831 3916746 3950825
4127553 4007901 4088173 3860604
3893370 3801051 3828096 4047874
3964032 3815967 4017244 3798786
3777017 3723862 3768258 3945394
3699069 3769838 3615390 3753686
3894322 3776765 3827187 3935620
3677288 3790028 3732996 3804174
3714344 3552873 3762558 3882269
3622367 3748018 3517290 3717708
3847934 3649512 3831466 4005292
3713298 3798814 3726218 3876478
3810359 3847303 3744810 3669406
3939802 3883060 3830444 3791825
3759352 3738881 3679771 3748405
4031476 3804769 3697400 3727980
3661522 3711874 3612618 3574774
3746509 3749093 3704243 3663116
3783021 3764073 3739335 3725677
3925053 3866545 3738334 3803635
3691830 3740650 3817672 3852771
3844692 3873028 3736143 3953941
3723035 3747630 3872648 3783707
3888126 3808373 3804109 3924413
3607803 3761898 3666251 3721417
3637760 3669027 3665971 3763976
3812591 3800721 3814506 3863552
3780264 3798673 3794994 3946596
3746009 3763296 3741445 3779386
3844015 3807043 3747795 3690650
3708529 3758205 3799357 3822907
3830100 3769419 3865164 3700388
3651949 3628017 3740420 3712476
3855997 3706310 3634507 3646415
3765722 3823078 3804977 3768026
3880161 3695653 3826290 3760233
4009691 3811136 3926107 3724489
3859821 3720765 3758386 3663534
3972317 3859210 3820534 3713938
3804795 3835751 3809168 3711857
3912273 3678165 3738587 3587839
3821446 3694134 3703184 3647705
3957088 3881085 3898485 3745258
3899788 3799402 3755264 3771913
3908137 3732967 3805749 3911058
3984563 3790366 3925586 3797158
3827611 3713684 3843815 3925361
3992849 3818503 3894446 3700093
3648278 3573646 3731509 3748371
3828868 3675636 3819137 3533794
3812759 3685329 3806410 3968303
3908702 3857037 3929486 3690670
3801336 3744667 3878354 4018086
3781733 3880631 3738253 3921803
4024929 3879629 4010554 4052332
3885864 3957724 3745630 3938917
3741311 3740963 3700988 3958529
3697492 3808258 3651663 3784265
3694611 3685956 3780597 3895295
3661176 3754392 3682164 3762226
3847654 3886191 3815340 3828583
4047089 3841127 3749002 3840082
3974000 3956231 3758972 3881466
4073378 4016857 3931843 3970548
3739814 3730709 3748313 3742512
3903924 3878966 3717348 3819951
3719752 3704482 3648691 3715798
3927185 3830553 3706230 3737591
3787925 3829177 3857126 3878210
3881244 3895542 3835516 3986113
3931238 4012003 3985777 3967288
3919603 3928358 4012806 4004374
3732401 3704314 3865379 3864782
3761839 3802879 3731207 3767254
3678987 3741443 3771097 3798767
3714893 3825598 3707443 3785698
3730133 3856469 3857996 3847055
3978033 3876520 3926067 3810075
3805331 3954148 3937726 3974505
4027802 4008964 4025917 3909718
3713205 3756847 3825567 3864766
3881485 3790756 3726535 3696829
3654750 3697716 3784216 3783596
3843570 3730561 3763436 3717720
4042698 3829032 3873325 3852770
3932111 3776600 3876672 3842743
4192734 3986033 4011802 3906468
4064767 3909409 3970471 3914287
3875038 3797925 3801761 3778456
3735754 3726426 3776795 3721261
3913131 3729142 3759552 3688520
3819994 3691934 3721499 3683561
3841583 3737912 3914109 4018220
3995862 3912722 3993505 3761944
3928482 3863443 3965772 4050617
4213999 3973801 4142797 3882830
3801772 3653265 3812369 3919046
3936945 3974293 3839708 3674423
3708376 3643472 3708804 3888941
3901086 3753502 3828244 3655750
3880609 3826155 3924411 4005870
3796971 3889088 3765986 3890944
3813943 3772223 3830624 3980579
3763948 3801199 3706252 3811900
3771575 3685453 3748139 3904683
3725481 3748720 3642313 3765000
3858663 3715867 3887920 3929408
3741323 3789982 3739523 3805222
3825586 3828913 3824060 3786396
3977533 3981498 3839078 3822033
3819461 3843759 3719935 3761230
3935555 3927479 3705155 3852990
3703055 3729899 3601291 3650508
3876725 3815780 3744090 3750491
3806575 3842921 3799289 3718796
3948401 3892714 3649695 3877961
3822996 3865281 3913564 3937006
3844871 3827834 3848081 3953487
3729367 3780167 3844899 3828016
3812877 3835044 3752145 3837864
3724569 3796167 3809718 3740044
3753406 3816765 3711687 3838541
3828434 3826143 3922387 3764121
3854766 3832933 3812325 3936033
3838131 3834456 3891957 3876664
3931794 3838957 3861453 3820171
3740966 3812542 3921467 3818186
3960672 3860946 3832815 3800315
3647857 3710185 3790052 3754277
3902373 3721067 3698453 3696301
3777554 3816905 3856269 3810998
3927567 3748962 3868481 3654988
4020558 3917547 3868202 3829860
3901558 3839319 3910551 3822880
4044272 3890090 3858494 3805467
3806799 3809034 3817387 3782944
3867492 3722806 3823201 3680140
3779631 3718680 3773805 3692249
4093270 3924431 3852657 3790358
3843015 3950351 3789791 3785732
3900687 3716382 3819877 4014099
3985129 3886955 3979018 3789158
3789381 3724242 3841640 3903695
3895057 3971210 3939083 3716474
3773420 3648019 3761335 3811723
3980381 3805939 3842100 3678418
3840136 3731937 3856525 3937408
4064756 3853006 3890510 3750139
3998006 3916903 4025986 4152214
3880412 3939904 3960925 3975968
3883826 3691932 3815821 3932402
3747494 3841667 3755651 3729008
3859907 3704639 3821353 3936504
3747123 3801141 3656145 3874179
3969782 3895811 3902798 4116089
3804606 3951233 3811690 3932314
3974123 3992249 3953869 3875677
4158082 4062152 3996844 3928280
3771830 3795447 3729514 3639667
3948279 3903684 3748376 3797267
3738754 3816542 3696166 3685716
3970623 3880190 3721274 3773153
3901023 3871155 3766266 3864824
4083229 4015760 3812495 3982882
3971610 3961533 3988236 3988250
3981182 4006178 3952961 4081396
3814263 3830742 3826501 3862106
3899344 3796843 3772550 3831942
3794064 3730071 3777429 3835636
3779064 3773364 3788692 3910782
3914045 3875247 3996512 3936200
3903326 3955615 3867598 3952865
3913049 3988792 4006488 4027941
4061424 4021309 3942886 3885593
3739861 3792261 3787330 3734301
3836700 3880882 3772320 3714330
3700376 3798697 3769553 3723038
3815842 3859318 3853931 3727454
3824474 3923031 3984132 3964642
3982687 3854578 4010212 3964455
4167078 4006658 4066607 3982950
4026762 4005736 3962695 3947322
3856699 3818714 3858665 3782160
3868877 3818225 3796772 3698731
3981474 3759596 3865840 3688802
3850238 3839802 3817070 3741026
4113488 4002837 3947740 3868632
4048335 3900723 3950500 3850539
3914405 3898690 4020401 4049430
4211173 4064869 4131440 3839382
3736037 3768048 3756509 3885445
3904897 3894834 3841465 3784301
3763336 3644772 3832283 3863755
3980363 3856304 3949297 3621242
3980063 3756103 3988057 3988675
4142755 3951616 4053232 3823882
