3882049 3879465 3896679 3859596
3853824 3770096 3898754 3909234
3903796 3877287 3924039 3902447
3849610 3888269 3926865 3903185
3902265 3893648 3912664 3927773
3829916 3840531 3931396 3894648
3817857 3998836 3992995 3991644
3862544 3947072 3918677 3965053
3936837 3893518 4005872 4050873
3904943 3841507 3996553 3878530
3999591 3878629 4111068 3979499
3961875 3964922 4008051 3930554
3943440 3809287 4105832 3954926
3856771 3869878 4010413 3919444
3935055 3934095 4075595 4047630
3936563 3943515 4020923 3926156
3900687 3966764 3734388 3910202
4010721 3937925 4013887 3930377
3913779 3976291 3799394 4008224
3995836 3918627 3989346 3989080
3925901 3945352 3765063 3893867
4008759 3762101 3973490 3892950
3886085 4008824 3801173 4039084
4095124 3913194 3950650 3931462
4059655 3859610 3883841 3822110
3751174 3927460 3876051 4013072
3971386 3903714 3939534 3851657
3751181 3908047 3911646 3982169
3878205 3810320 3877588 3873988
3744139 3887647 3896150 3877034
3958913 3901191 3983630 3831652
3884086 3936058 3943489 3906034
3992323 3947831 3974110 3975313
3894573 3912890 3911136 3969392
3933118 4062324 4025868 3963426
3955871 3944780 3948279 3983872
3982063 3970406 3911106 4036712
3896194 3875145 3907325 4018744
3928227 4052018 3925712 4092156
3973825 3928198 3904886 4045497
3961400 3993626 3903524 3917342
3985534 3854639 3920121 3811661
4011697 4003554 3947363 3926223
3974278 3897887 3946998 3851133
3833634 3971519 3900438 3930368
4029520 3862286 3907534 3859150
3892885 4019147 3974921 3952824
3997160 3849003 3946347 3881807
3806137 3867457 3825597 3877617
3771424 3814288 3858718 3806454
3795624 3850940 3914494 3809831
3751335 3870601 3904295 3901408
3881068 4013417 4006852 3948233
3981818 3998620 4004699 3961567
3770911 3828949 3825942 3791458
3794290 3778527 3807987 3855721
3891954 3758682 4050923 3861373
3786279 3816083 3892112 3868323
3932790 3828205 4026454 3970425
3852529 3849940 3969705 3914619
4027331 3948197 4106404 4021012
3896423 3944847 4164013 3980741
3899647 3784972 4002141 3866656
3822204 3749635 3949535 3883269
3850431 3902963 3779522 3921080
3899793 3764984 3924720 3862153
3858108 3939177 3786721 3846321
3950400 3792046 4004164 3926894
3949821 4059446 3939918 4044836
4142088 3931128 4013858 3999465
3852651 3901992 3739683 3846321
3961038 3723319 3921756 3872042
3902710 3873139 3889228 3659909
3720279 3835633 3792157 3866501
3946478 3769416 3919389 3809735
3753042 3898031 3884145 3899729
4061616 3820521 4013549 3914767
3892695 3948227 4043607 3953102
3908214 3665623 3825527 3768853
3640514 3813130 3845450 3917750
3963503 3989361 3917390 3942010
3837607 3789854 3868738 3938626
3880885 3943553 3927350 4033411
3898018 3883483 3849786 3922740
4031509 4081668 4002107 4045778
3978176 4005193 3990276 4052924
3952729 3972649 3857894 3919685
3867676 3884759 3798838 3904372
3870521 3981273 3907928 3890211
3949277 3860268 3910952 3743987
3878429 3930836 3920583 3885924
4005723 3905928 3896937 3801475
4049157 4123102 4007072 4031252
4090469 3950944 4014421 3896104
3942564 3847910 3916467 3794918
4000523 3828440 3876821 3769813
3750815 3839901 3840344 3797050
3782540 3758734 3843126 3780478
3831418 3819199 3937237 3868762
3810998 3885028 3972444 3901651
3724207 3695619 3705392 3761097
3715766 3787735 3793004 3749418
3889664 3958090 3937726 3970649
3979622 3960663 4053293 3935746
3951955 3797657 4030735 3886855
3836659 3772864 3947943 3808183
3914793 3847051 3999522 3971639
3905564 3848708 3995783 3864391
3781964 3673323 3971291 3842467
3723630 3642308 3824026 3749614
4037919 3944531 4121682 4030425
3924811 3975624 4028144 4014398
3761132 3965028 3715351 3878275
3889134 3763156 3882326 3844385
3838667 3963280 3815800 3903053
3917244 3810535 3932654 3932508
3775145 3778535 3578284 3852889
3884219 3735836 3809871 3793585
4016026 4055411 3801484 3982855
4101976 3987091 4003860 4031092
3878455 3782039 3852905 3653399
3695048 3801701 3672404 3812861
3924835 3813504 3868230 3744562
3746987 3894573 3898523 3923671
3722099 3684336 3764737 3682962
3591879 3707598 3706094 3761147
4087479 3867440 3878221 3839024
3870434 3902781 4025357 4063658
3845518 3827131 3971369 3938767
3842216 3829356 3786506 3880020
3921325 3932476 3817745 4009660
3819644 3828320 3863979 3917671
3752454 3842501 3757279 3867138
3745047 3754656 3751998 3801912
4029561 4032627 3973855 4057052
3894736 3887592 4010558 4013652
3819276 3961182 3903930 3876056
3954691 3863507 3906790 3776215
3868071 3953071 3930448 3941689
4036893 3919913 3926459 3841257
3805063 3748773 3807569 3771266
3810458 3775462 3717846 3719700
3963251 4106329 3974303 4028421
4079879 3967275 3997356 3921148
3802697 3800146 3901253 3924878
3730641 3717123 3901622 3833813
3806731 3723924 3845188 3778886
3740839 3781602 3831047 3814891
3756079 3794561 3788464 3801229
3738506 3819294 3744217 3883582
3909333 3863351 3922452 3895762
3929415 3912382 4009664 3944577
3861914 3820146 3954948 3834371
3761631 3855515 3820683 3864583
3863299 3686008 4070806 3889727
3824779 3821311 3891320 3842021
3956590 3779693 4025242 3876795
3829002 3816243 3857380 3820447
4005256 3942834 4203157 4060568
3936295 3863844 4062424 3906766
3842103 3888906 3729337 3844194
3927710 3838668 3951934 3775711
3813068 3913483 3658356 3867140
3925812 3782819 3880799 3896984
3884756 3947102 3711681 3840371
3970281 3716947 3817288 3877107
3921947 4032829 3777397 4020795
4018074 3860742 3975113 4021337
3895724 3716475 3826581 3718103
3751551 3838037 3809405 3900458
3873259 3820847 3782824 3721013
3650408 3789066 3738028 3793919
3913083 3825723 3791856 3757159
3720630 3809287 3759960 3856733
4092661 3863620 4019837 3892683
3747640 3945016 3980195 3975954
3894905 3920327 3911236 3937222
3845604 3868162 3831826 3880596
3792962 3933146 3871817 3840224
3775966 3809011 3816350 3833529
3921159 3935143 3948854 3931242
3867039 3875177 3875810 3908019
3953440 4000604 3937037 4005321
3908108 3957405 3950981 4080350
3824312 4017011 3880271 3907164
3927799 3811895 3858087 3762989
3822872 3918879 3876497 3825383
3885389 3865123 3856332 3797182
3804826 3923450 3835694 3815535
3904697 3847044 3871619 3667218
4003089 4025292 3959390 4024494
4030700 3964048 3934776 3875815
3824446 3910400 3866497 3858734
3903208 3808200 3988833 3933612
3887243 3970750 3921253 3838481
3865289 3901523 3994297 3964575
3669734 3729429 3705679 3747702
3796162 3776906 3856500 3765491
3744771 3750380 3806652 3719203
3683407 3720569 3799449 3634891
3980879 3918727 4058592 4068200
3870083 3843696 4016816 3972835
4043121 3856293 4055331 4053434
3927560 3914359 4050936 3935431
3793994 3750790 3923294 3913700
3649527 3693473 3807588 3763296
3821248 3756337 3945689 3874559
3637079 3830600 3871552 3866961
3834296 3923093 3784269 3923637
4006896 3783428 3995015 3938810
3893515 3909975 3747529 4029818
4042420 3793277 3892532 3938855
3830562 3875038 3584317 3844374
3882259 3659984 3812685 3832838
3778564 3839104 3634092 3779652
3922227 3658839 3826637 3793983
3984255 3810488 3758302 3771994
3786678 3896232 3917511 3992736
3915665 3846966 3874535 3889851
3918693 3890017 3926808 3925417
3812342 3704912 3689620 3691016
3665967 3840678 3695755 3806942
3867979 3701301 3769400 3684629
3721501 3724569 3640613 3811424
3972620 3983690 3932501 4027525
3891267 3938667 3823484 3940467
4082746 4075122 4006898 3931546
3880350 3886685 3976390 4017002
3814747 3815121 3816641 3938840
3778022 3741268 3781413 3906083
3770777 3833711 3706314 3831234
3794483 3752143 3771131 3808364
3910716 3966222 3996963 4039687
4033430 3840803 3928765 3812533
3960429 3945436 3953798 3891794
4102737 3922570 3945159 3875108
3780295 3890455 3772103 3805055
3872834 3755447 3706452 3670358
3812951 3850747 3747514 3804873
3924659 3754734 3725853 3766535
3710923 3709661 3666399 3709898
3663951 3741757 3735279 3725845
3684916 3693871 3732836 3756361
3675268 3648248 3720439 3755330
3840991 3865474 3894831 3893264
3847926 3808551 3920399 3944278
3704623 3759009 3798785 3769236
3713494 3687767 3761271 3825755
3842893 3683052 3918365 3845595
3716530 3681958 3785565 3770946
3803965 3710332 3873741 3844848
3771903 3695238 3832346 3764781
3971313 3933296 4070714 3955181
3788509 3864126 4028409 3895341
3828792 3791491 3907765 3858329
3745951 3703379 3840071 3753199
3713404 3786414 3570647 3786213
3773045 3626573 3719902 3820929
3678725 3821600 3573759 3808516
3857574 3683014 3840197 3661879
3902403 3979032 3815872 3877453
3987987 3876640 3986413 3956762
3750094 3853923 3656879 3789196
3873763 3784955 3878835 3850521
3812742 3636622 3734433 3687858
3604983 3745959 3670624 3886570
3721179 3665278 3663124 3593670
3726741 3714580 3716728 3716297
3937882 3790177 3890198 3813049
3762220 3840224 3925364 4035699
3831090 3744435 3737596 3640051
3682539 3857181 3723622 3783721
3849692 3885200 3830706 3766794
3743017 3743976 3817365 3777451
3727164 3770149 3830847 3764336
3749110 3690189 3758639 3792071
3950991 4059282 3924950 3968208
3890079 3941005 3861146 3934148
3768745 3893701 3743349 3815749
3724701 3764550 3806339 3772267
3779155 3779496 3769204 3727051
3848945 3681425 3747201 3687884
3784467 3854455 3784931 3783901
3870001 3771196 3781355 3668684
3953501 4049029 3912405 3871713
4012160 3855707 3929541 3808045
3804674 3801031 3759509 3842434
3871843 3830072 3767830 3737362
3755555 3623055 3717211 3742745
3704891 3737926 3737838 3708670
3839729 3977464 3982175 3939156
3855983 3908695 3902499 3935958
3672922 3857739 3825321 3886381
3849743 3867848 3887509 3877126
3716634 3743927 3778909 3685800
3835673 3775985 3798770 3752667
3815795 3722381 3887310 3848854
3669668 3697492 3880905 3784958
3943473 3821477 4016128 3945825
3915912 3948935 4030719 3956541
3989450 3755277 4118974 3955920
3876786 3807992 3965755 3832876
3843576 3760667 3966637 3873478
3738553 3778165 3859790 3712245
3735038 3823843 3638483 3748314
3878692 3669833 3687811 3799523
3934194 3983606 3793870 3913531
4048836 3758237 4007756 3976899
3828460 3984982 3838961 3872398
4019979 3825808 3887082 3977592
3768156 3853998 3622086 3813733
3789849 3684513 3887746 3780118
3760121 3724764 3747263 3649520
3588414 3747242 3645250 3745857
3977026 3858413 3923176 3834480
3774722 3888500 3984866 3945086
3883687 3788289 3838407 3821530
3710871 3861917 3886100 3910602
3839555 3688364 3777344 3619426
3694286 3757450 3725349 3845866
3751372 3750720 3789964 3809279
3761554 3689964 3857644 3818091
3879019 4023769 4013525 4041950
3925559 3818585 3957035 3986028
3928929 3974874 3927971 3939468
3907306 3829630 3882789 3927113
3831306 3857377 3831092 3866976
3874842 3842259 3733465 3818205
3820480 3849905 3745147 3783727
3822172 3725295 3697028 3735926
3930771 3988381 3968504 3966535
4103226 3948436 3953477 3802625
3852462 3985046 3876967 4005749
4025690 3901975 3849576 3887245
3844402 3890006 3807399 3886025
3876531 3830374 3798595 3746828
3780992 3761713 3805086 3774200
3725532 3822867 3835534 3809793
3911241 3856350 3941252 3904051
3840169 3884950 3994634 3944018
3895643 3833104 3839779 3824266
3838600 3774072 3940485 3957650
3735707 3830666 3799758 3829774
3788324 3801770 3787897 3830571
3807150 3728072 4030011 3976356
3795556 3791607 3938675 3867172
3963485 3811023 4014994 3982909
3926592 3895210 4005621 4001807
3934644 3729360 4079903 3962691
3896668 3796296 3982851 3907924
3863099 3686061 3949686 3944219
3768818 3765744 3972997 3842116
3767372 3908631 3738847 3885799
3997776 3736103 3808356 3812697
3874680 4012382 3867720 3966751
3958404 3852709 3910981 3941264
3892937 3987766 3811139 3853506
3991393 3777486 3904596 3945290
3755477 3885205 3662867 3794836
3962301 3702201 3863216 3772092
3847736 3700723 3829463 3741203
3725393 3893772 3850690 3951365
3972980 3821432 3945014 3800130
3797049 3904707 3877608 3983573
3935502 3891499 3826510 3844155
3712601 3847017 3933505 3854724
3774931 3721400 3797389 3748872
3680732 3871872 3792688 3837978
3737662 3863773 3842044 3895903
3764641 3853108 3749683 3860496
3960038 4040389 3880666 3928698
3946305 3858512 3931195 3994202
3943240 3980019 3925799 3971690
3938934 3898555 3863559 3891741
3891472 3870762 3885764 3858724
3676702 3758200 3806494 3867816
3843801 3884446 3790405 3908098
3959598 3808632 3738186 3763076
3979193 3975679 3964919 3938144
4007167 4042559 3955596 3911219
3940277 3971593 3927243 3881264
3951845 3849426 3927893 3807802
3792790 3923807 3908414 3883225
3903697 3813625 3806944 3771182
3741950 3797739 3878900 3838534
3873008 3843772 3799971 3856993
3916905 3872856 3979176 3874214
3867115 3924859 4005146 3932335
3810505 3873662 3906980 3947145
3884314 3765325 3875997 3794533
3778765 3792060 3830819 3821571
3752954 3745755 3843691 3784592
3913098 3757584 4054790 3850172
3829883 3803704 4006917 3855835
4027300 3817548 4063621 4015873
3842874 3877205 4020477 3912407
3951157 3792458 4082326 3949128
3838076 3811990 3938181 3891067
3885092 3802945 4035467 3833185
3738845 3778159 3956082 3831290
3771145 3828607 3811176 3876353
3925810 3722172 3798292 3840760
3863434 4047436 3859437 3948724
4070036 3868150 3966655 3986142
3816358 3992173 3827348 3952803
4046808 3777713 3907190 3905957
3841565 3937304 3755756 3798594
3855437 3727036 3886418 3849302
3849552 3760131 3817061 3726788
3674042 3782757 3909046 3870604
3942509 3928873 3966364 3772572
3813249 3899811 3859320 3967471
4003815 3887942 3898762 3796206
3794148 3903658 3853089 3969216
3805239 3795407 3762589 3667365
3658883 3779967 3740296 3769914
3891759 3915538 3925075 3939126
3746429 3894778 3886019 3945755
3864374 3985736 4011794 4044692
3949170 3943905 4011455 3993631
3893104 4042314 3895956 3957469
3848263 3816379 3874359 3897165
3879088 3953854 3907673 3893788
3696329 3766915 3849905 3808218
3841971 3839582 3886032 3812075
4018787 3866523 3922353 3738483
4002463 3998561 3913756 3969909
4106055 3967418 3976429 3858629
3980995 4014142 3870212 3870007
4056982 3891935 3915402 3825915
3851130 3899165 3885392 3791921
3991489 3819976 3865234 3759146
3835107 3897798 3865245 3923552
3860063 3879775 3940788 3878753
3737510 3772413 3762668 3735337
3712573 3720401 3760315 3772653
3611390 3785518 3771206 3746618
3691797 3743572 3758606 3898566
3989756 4008202 3994780 3996295
3955471 3980879 4055171 4036076
3936560 3854454 4112164 4031285
3751507 3835050 3996514 3968379
3784015 3679069 3915013 3814591
3713707 3708193 3790068 3866059
3736510 3717978 3928417 3823728
3739237 3745449 3873201 3748708
4084109 3974725 4134878 4112227
4076350 4040511 4143212 3974642
3866149 3939592 3844944 3916989
4020690 3842851 3941923 3919082
3715415 3813133 3659724 3732642
3858250 3719905 3779571 3809671
3766014 3831960 3634776 3786019
3850241 3625555 3821549 3796608
3996499 4092023 3966477 4115079
4099440 3936581 4082207 3987160
4003331 3770319 3961769 3806841
3774264 3891641 3883838 3918903
3722828 3715035 3708285 3658602
3619316 3767900 3642038 3748227
3770607 3683280 3714866 3573555
3618744 3767085 3673792 3776229
4056548 3886154 4010099 3902054
3870345 3998264 4001284 4046759
3993748 3965738 3955768 4004962
3918623 3829931 3901519 3986235
3831013 3849377 3746331 3831470
3737157 3719888 3726954 3778185
3769934 3884251 3751611 3851808
3709358 3696266 3766863 3886180
4045319 4128035 4012741 4152355
4006758 4047486 4057377 4113216
3889612 4053931 3916496 3895151
4017008 3939077 3868528 3874339
3770821 3803589 3787657 3723706
3861733 3776680 3760629 3693299
3800055 3833338 3750870 3790440
3882145 3835405 3859771 3701065
4071875 4141115 4037244 4077210
4095919 3961016 4060678 3992603
3788591 3885473 3864789 3868257
3786939 3875368 3928044 3788174
3706014 3763925 3885338 3864509
3885737 3815821 3835802 3853050
3977314 3990019 3987199 4009717
3873187 3959327 4015200 4060719
3958371 3898607 3985624 4012853
3999083 3996148 3988668 4083786
3923705 3763058 4019060 3959167
3861259 3956230 3986999 3918848
3777426 3785368 3959304 4009885
3803009 3804673 3968546 3861419
4056233 4000285 4225475 4099762
3953451 4045824 4125814 4019109
4014772 3979107 4208466 4076040
3874879 3965921 4087246 3987923
3879229 3974122 3789269 3953087
3923036 3819399 3900367 4051828
3847171 3905415 3754986 3940213
3938149 3738968 3934758 3923506
4012867 4170300 3901833 4105237
4065726 3888114 4051978 4105737
4053520 4085466 3903725 4073062
4148393 3909866 4029720 4018269
3946836 3869871 3825110 3791349
3669717 3871440 3870860 3868365
3862699 3761886 3887039 3781914
3657350 3889448 3879387 3799046
4054054 3954464 3983029 3845051
3911796 3957506 3991027 4067355
4118956 3861549 4010209 3885326
3959123 4000445 3993668 4076565
3837674 3958563 3993762 4054736
3887954 3917478 3911842 3867207
3807346 3948929 3905525 3974782
3875073 3852206 3904693 3879636
4064610 4056846 4046696 4193318
4024377 4036348 4119225 4055832
4068712 4060078 4016059 4031129
4000668 3991645 4049107 4044771
3926640 3989123 3895472 3886266
3994198 3971796 3901655 3804239
3875141 3858814 3909529 3905695
3962611 3823716 3867131 3795761
4008426 4174485 4041739 4056514
4125144 4072605 4036238 3964359
4010484 4076332 4056718 4094159
4085762 4015793 3992583 3962575
3818122 3868633 3858540 3897416
3836535 3803568 3887446 3884944
3800357 3769022 3880346 3774168
3799462 3808057 3854794 3863991
3798053 3889766 3948728 3983094
3922012 3895916 4027474 3902603
3794645 3825010 3848399 3855346
3825755 3797702 3870118 3893954
3948803 3931121 4011433 4050390
3805835 3868274 3990021 3906995
3929665 3756522 3977225 3924508
3779690 3813743 3969226 3817365
3931035 3896529 4109928 3999601
3877012 3878293 4067925 3911185
3931620 3811168 3914813 3944060
3859822 3800758 4020745 3846296
3800536 3934424 3709651 3780641
4010312 3767936 3868212 3935263
3810618 3910406 3722054 3839223
3880369 3693965 3885450 3827050
3985217 3995003 3855765 3955293
4041164 3819958 3954477 3988716
3862314 3940467 3754427 3905607
3984987 3808853 3822763 3912588
3935826 3781500 3890359 3754882
3743417 3838444 3891241 3992615
3852180 3729715 3853447 3720383
3698675 3776212 3800680 3849110
3868613 3874056 3935859 3839013
3758536 3888508 3944667 4003005
3906429 3781006 3928741 3725146
3636919 3853450 3839507 3915714
3931559 3954819 3895603 3967943
3820280 3914143 3800374 3958215
3828765 3823920 3886147 3860400
3767922 3856115 3804503 3946294
3994017 3964924 4026674 4022009
4012774 3827073 3962817 4087525
3920143 3994177 3861758 3941554
3884808 3930501 3830773 3948884
3900241 3995734 3935953 3880466
3945407 3833104 3824116 3792539
3842220 3922649 3803871 3849340
3911476 3872261 3854512 3716312
3940175 4076821 3954068 3995340
4048291 3915823 4003235 3906319
3893306 3949993 3911609 3906233
4005171 3921940 3891172 3767916
3761835 3753868 3732247 3649112
3731202 3676919 3666931 3769007
3948955 4087835 4006774 4017081
3987131 3807526 3841275 3987128
4037863 3981571 3995566 3923019
3962069 3847923 3920097 3968801
4009283 4008723 3991325 3948761
3978916 4009747 3891719 4015760
3717364 3574390 3635828 3718462
3622094 3770083 3688927 3636316
4029052 3817830 3909992 3998512
3953137 3957987 3913251 3907382
4041013 3919396 3875783 3923548
3941897 3984122 4013227 3975708
4047841 3923398 3908797 4045491
3880709 4142463 3929362 3939995
3847197 3807914 3800659 3708966
3679803 3613227 3659698 3616345
3919334 4026876 3981974 3843602
3884483 3817464 4000217 3777694
3938689 4078574 3968189 3863096
3877056 3871320 3900914 3855454
4058818 4013517 4064681 3962101
3936804 3861490 3918674 3909915
3624711 3785967 3677348 3795382
3782502 3570767 3660366 3774144
3806213 4054926 3864353 3953838
3990987 3795428 3940881 3984180
3828993 4028844 3914234 4097258
3982242 3806017 3900731 3965434
3894067 4004151 3872027 4099201
4051421 3803746 3971049 4043626
3699418 3738084 3811485 3667664
3639079 3707651 3719082 3725293
3895686 3982866 3956723 3869573
3807463 3882231 3879257 3898605
3945468 3972450 3931826 3879455
3854329 3828675 3981181 3898486
3993270 3974333 4040010 3837825
3883830 3911516 3960467 4017382
3629867 3767576 3773855 3625741
3716826 3745776 3800244 3640910
3830406 3918743 3944938 3874957
3968344 3940875 4006028 3782910
3813042 3992932 3884597 3844099
3965035 4054493 4108213 3923683
3892338 4019783 3970617 3923482
4059096 4100777 4082192 3938765
3843895 4002258 3822375 3780309
3899929 3800054 3779738 3880668
4090991 4080602 4117520 3918613
4127171 3919435 3887862 4041610
4016076 4205389 4163019 4035949
4051522 3994688 4027281 4035335
3761356 3956858 3805736 3761048
3793798 3664411 3793743 3829034
3908574 3758177 3827154 3956240
3837139 3989841 3839148 3704003
4018867 3867294 3932605 4001637
3931449 4030337 3893050 3872348
4247334 3988667 4005673 4062591
3975348 4083529 4040256 3888955
3881505 3733637 3731912 3844967
3762078 3832930 3752149 3677564
3861388 3968537 3890677 3779281
3854090 3736957 3747095 3815137
4046494 4089801 4045113 3992696
3873627 3902227 4047569 3896428
4158131 4175681 4071816 3943046
3947269 3986030 4027654 3934350
3771499 3806052 3856200 3769957
3798369 3699850 3815798 3713549
3653754 4025417 3776110 3889847
3985285 3703562 3867105 3834943
3882013 4090541 3897527 4026730
4117227 3889159 4059933 4035249
3922928 4113576 3978566 4126219
4124070 3833761 3999431 4072704
3712438 3910538 3754962 3843741
3908985 3736907 3825489 3923541
3867018 3825728 3978862 3749306
3745772 3788793 3806237 3878347
3962467 3949060 4034839 3957382
3904266 3991148 3950251 3943624
3981434 4092450 4090324 3958319
3916638 3973890 3968698 4030048
3879758 3789155 3838542 3716303
3713587 3755883 3780260 3813732
3772034 3906103 3936096 3773612
3832199 3931041 3861314 3779645
3908850 3994327 4077457 3920915
3955754 4116961 4073962 3961836
3919626 4027270 4042812 3960540
4089055 4063328 4116638 3853718
3695195 3899696 3754586 3698669
3887390 3779726 3868022 3726798
4012241 4095155 4067814 3921221
3928866 3849479 3953225 4085883
3879147 3904160 3929948 3793086
3870446 3759025 3768504 3866238
3897971 4089180 3926939 3908572
3952976 3858223 3854398 3993596
3939023 4092439 3942182 3909394
3959287 3771723 3874407 3957834
3988942 3873110 3830043 3967657
3976536 4081343 3875576 3925557
3908312 3741349 3829158 3936710
3800348 3912920 3763747 3785677
3984278 3760360 3969754 4021202
3918484 3979003 3834754 3825944
4040128 3785502 3841929 3956053
3822775 3963394 3923687 3938995
3982427 4054512 4035316 3900881
4014043 3933493 3911569 3920027
3900050 3957566 3876888 3807320
3702324 3711209 3901818 3745738
3968994 3963235 4009726 3960483
3869128 3893089 3923983 3813945
4032350 4055516 4004683 3879342
3834567 3826852 3869751 3866236
3924819 4142058 3925827 4055520
4117698 3825197 3968405 4036709
3781075 3968758 3780968 3924440
3913195 3719434 3801805 3897484
3799674 3975288 3848338 3970615
4000895 3842182 3911596 4013401
3844309 3964198 3899713 3990889
4089693 3872009 3883583 3965972
3965677 3929348 3998827 3853999
3881823 3934887 3910523 3957019
3754580 3909858 3870723 3813961
3732121 3813465 3776413 3805447
3972043 3851872 3957376 3845874
3848691 3855793 3829426 3947361
3863680 4003789 4047150 3806083
3849840 3908743 3978947 3836715
3863975 3963844 4009853 3917804
4062684 4029647 4012366 3881898
3825467 3856329 3875469 3760196
3990736 3858671 3825980 3772128
3762348 3925089 3910347 3831877
3993277 3898181 3927031 3835470
3861760 3949649 3925794 3925040
4010033 4063036 4019605 3874415
3821108 3973302 3876805 3812233
3868821 3710947 3646392 3840557
3920495 3984038 3891720 3830720
3880674 3807358 3790315 3849161
3961881 4023519 3966527 3863504
3888997 3797650 3875761 3831238
3939976 4020552 3948963 3922413
3867691 3787916 3887178 3982368
3930499 3753744 3760284 3806540
3730943 3837877 3766736 3744123
3957255 3726373 3824970 3833986
3804434 3890196 3829821 3764604
3964812 3828595 3758600 3882838
3818413 3926470 3848603 3857622
3973838 3828949 3880453 3958262
3849312 3942278 3842249 3850470
3802735 3961392 3824012 3679133
3746510 3641305 3752471 3768987
3931981 3921219 3905249 3897318
3702589 3733099 3744451 3706143
3882405 3952121 3915453 3803514
3846455 3815071 3885700 3765581
3906388 4012688 3997683 3878909
3804869 3870073 3938336 3837008
3727974 3981512 3681573 3874543
3933533 3623342 3779383 3857256
3722868 3930179 3752078 3927197
3899133 3674001 3861485 3891102
3752722 3967112 3838388 3935418
3961387 3720074 3915334 3996458
3829272 4015389 3785458 3972112
3995185 3825447 3900702 3991383
3758000 3765926 3848323 3698416
3720891 3741372 3842894 3778967
3900011 3866973 3957409 3764757
3781408 3794204 3802709 3758704
3914342 3862020 3924798 3830847
3792673 3881101 3973950 3815643
3867128 3877289 3972339 3863659
3860975 3891939 3916971 3910950
3725931 3849816 3872322 3727979
3786527 3972172 3886064 3723993
3635420 3831951 3832599 3712670
3824667 3896469 3888522 3763469
3808307 3843658 3940509 3769632
3899378 3905837 3903694 3803831
3787637 3851848 3967596 3801313
3928216 3952364 4051009 3885359
3863537 3908058 3835620 3780705
3844338 3754490 3850465 3835061
3942343 3997162 3913944 3870557
3966670 3864928 3786860 3988697
3874873 3930326 3833983 3776334
3855256 3731568 3783357 3839685
3863176 4033946 3938776 3889430
3925995 3742472 3783425 3882862
3804472 3748621 3772014 3834734
3804903 3881151 3743545 3748889
3992655 3855174 3878229 3928659
3913991 3985891 3878654 3847936
3885231 3695476 3701774 3815178
3806739 3920957 3779022 3752150
4010054 3769109 3852685 3838694
3869615 3859858 3925203 3831911
3935834 3973478 3781419 3840998
3712355 3771080 3851332 3736372
4011229 3910417 3956789 3876960
3757870 3817824 3856745 3828566
3813892 3851445 3841895 3740239
3763943 3700929 3752150 3720126
3956499 3961016 3850884 3891859
3830036 3794006 3900676 3734696
3783275 4000775 3706683 3905938
3940377 3623134 3779585 3949007
3835877 3974802 3896266 3938386
3939370 3689469 3900349 4028707
3657004 3887321 3774279 3890905
3968425 3680106 3841775 3903938
3715801 3926285 3783729 3949134
3973625 3770434 3955551 3922591
3828775 3854239 3847238 3712907
3796948 3867122 3836869 3815731
3939062 3933546 3939874 3750432
3856683 3871187 3897085 3866936
3704834 3812176 3855374 3709743
3704042 3831212 3856545 3795452
3821567 3836972 3889950 3791771
3778701 3763171 3862362 3819932
3672139 3878118 3829623 3742038
3887090 3906881 3939386 3771681
3887792 3975923 3851660 3799955
4013315 3898601 4044302 3790271
3727285 3839418 3845298 3734126
3931741 3880700 3824665 3737089
3823923 3918227 3861327 3831972
4018907 3867446 3983894 3745750
4006248 3894176 3909341 3950843
3914721 3735725 3797310 3817594
3959564 4127564 3854770 3955068
3914132 3826990 3883787 3915676
4011597 4064289 3908717 3902417
3963912 3832133 3838362 3975867
4043539 4118021 4103927 3999013
4023370 3926577 4007450 4097604
3985548 3783122 3785856 3887384
3789105 3919214 3846877 3769337
3994030 3744383 3801797 3904811
3786888 4072191 3885341 3813689
4110948 3846636 3914426 4020361
3941011 3996696 3924880 3922704
4142628 3889665 3960583 4048891
3993717 4056910 3927983 3958368
3903941 3959990 3941723 3828070
3838721 3842195 3873802 3814193
3916560 3921401 3898024 3863662
3837637 3757128 3815675 3728194
3912139 3980856 3996904 3956204
3920292 3755374 3932262 3809274
4042539 4164417 4051620 3914052
3999346 3961551 3945769 3955796
3784207 3955679 3817539 3972869
4015554 3776621 3837139 3922038
3786924 3928414 3909146 4015734
3979502 3827491 3847381 3965251
3875966 4037042 3857207 3993747
4018605 3856861 3908202 4026794
3828510 4052672 3957566 4060516
4143368 3881789 3947546 4069802
3830635 3894047 3909624 3852489
3759593 3868684 3895204 3826262
3819889 3930529 3924801 3810836
3730260 3833433 3912624 3895412
3877908 3837188 4000474 3954373
3903404 3976107 3897338 3974578
4011286 3955892 4046027 3857179
3956234 3995165 4005896 3891250
3700920 3900315 3867623 3795833
3961383 3912972 3950011 3783658
3737201 3923454 3897407 3819965
3936845 3937947 3937589 3847080
3772640 3982554 3965152 3841829
4024062 3953002 4030194 3926764
3830170 4103852 4041927 3884610
4034315 4030019 4148892 4015437
4016573 4077465 4037855 3992690
4033642 3982463 3979527 4060601
3839717 3992774 3837679 3859808
3894272 3735231 3757279 3847890
3828348 3935454 3859087 3760708
3783437 3717262 3811207 3832086
3836847 3958798 3891680 3817264
3918839 3743538 3713957 3748614
4224006 3835341 3931331 4010020
3944347 4097716 3917182 3925786
3959169 3747323 3713850 3812438
3815642 3867635 3792393 3641595
3858901 3733903 3739219 3850776
3737857 3849343 3756415 3706378
3975918 3779926 3758361 3796415
3804650 3849588 3799499 3767848
4084390 4133150 4012141 3909943
3963108 3909535 3923340 3996714
3775649 3916408 3833439 3753028
3735707 3749025 3867067 3731419
3817890 3814809 3854739 3721407
3713825 3668421 3768005 3775531
3904213 3936673 3917596 3779187
3722897 3717882 3741903 3802764
3919513 4080666 3912342 4182197
4031975 3845954 3961193 4052142
3717647 3852593 3797198 3940946
3874049 3675878 3868872 3852366
3656478 3908819 3756354 3855875
3902830 3709375 3767024 3810980
3763614 3905458 3795130 3870979
3890395 3675848 3751356 3901276
3979415 4046097 4064582 3953315
3936932 4104383 3934688 3946468
3804189 3798103 3878779 3830101
3757346 3757028 3732124 3821404
3715140 3771609 3850731 3784346
3752722 3746499 3667196 3782909
3866366 3765879 3824241 3787179
3887764 3800354 3813930 3836208
3892340 4018034 3936854 3923348
4106982 4092351 4052747 3921018
3725829 3849665 3833515 3778551
3861491 3884877 3832029 3728419
3793530 3799287 3827049 3798843
3850886 3856763 3875985 3773185
3684546 3922120 3914926 3779920
3890474 3923189 3820369 3773636
4009930 4087018 3998502 3960127
3970548 3931048 3944190 3985415
4033008 4045329 3976160 3941827
4026612 3933148 3948466 4020932
3939852 4017669 3876619 3890426
3860030 3841927 3850936 3975397
4011395 4071851 4003840 3870675
3956463 3862412 3878625 3966686
4083916 3856939 3905580 3992060
3953843 4053108 3915594 3882564
4077711 3878638 3881804 3926286
3898118 3991130 3875921 3812755
4000774 3824568 3845075 3924110
3872260 3883370 3890094 3781878
4029901 3918563 3952188 4047192
3921333 4036870 3881644 3879134
4041669 4076203 4078513 3852795
3884794 3867502 3946750 3896230
4069716 3985286 4026024 3904336
3948107 3828899 3901897 3842675
4001934 4007801 3969311 3838569
3800931 3865331 3874490 3847315
3983534 4015155 3974413 3888023
3804697 3844266 3957265 3833517
3907841 4130520 3915022 4030073
4071236 3839344 3937645 4057897
3749648 4002747 3857909 4025797
4040617 3803033 4003438 4073018
3725760 4022107 3809213 3959463
3965611 3804667 3891037 3916514
3857658 4017011 3878919 3971906
4073978 3804156 3968511 3924833
3974697 3935504 4026329 3824163
3934823 3924053 3942855 4028835
3954163 3961129 3995209 3823395
3922763 3961385 3918221 3962827
3875961 3830766 3899928 3787569
3761349 3819096 3910957 3907968
3995916 3929421 4038667 3819165
3926872 3873904 3934122 3991456
3872821 3889608 3916840 3951910
4008199 3980750 4030428 3954797
3869244 4008570 3968465 3931802
4046635 3985929 3971798 3891241
3822216 3914609 3893384 3783548
3990553 3929760 4009398 3840521
3844591 3951822 3954286 3901589
4068470 3982536 4010455 3836624
3890334 3958442 3843899 3865356
3896707 3886080 3839428 3832373
3922768 3931055 3883810 3851066
3907922 3677816 3778392 3907976
3957203 4011147 3954004 3850640
3882537 3860647 3886027 3890691
3822860 3920759 3929737 3823521
3777377 3705383 3741612 3872029
3926785 3770430 3787178 3837094
3780880 3895259 3836473 3665584
3876670 3731963 3717957 3811387
3770773 3901284 3759696 3722027
4023152 3826055 3836257 3859906
3869914 3990086 3839259 3797374
3960029 3712464 3780934 3763634
3785459 3823690 3746632 3744725
3869456 3962883 3909427 3827307
3803194 3782160 3806109 3810099
3815891 3928188 3791152 3800120
3834155 3744478 3748467 3640966
3942971 3953076 3965940 3883088
3783799 3868216 3909342 3818402
3864261 3848834 3825943 3745198
3723795 3759321 3738743 3737770
3771619 3951922 3839403 3993658
3905499 3671072 3825678 3882332
3696362 3954738 3849972 3885295
3896589 3708147 3844296 3890604
3876262 4039059 3930635 3935438
3957573 3755422 3921252 3897367
3767475 3919436 3715550 3883690
3964003 3748663 3894714 3824607
3853936 3837593 3879326 3724372
3811653 3824220 3770826 3940013
3929403 3695361 3806208 3755016
3756732 3711720 3869123 3868487
3932420 3881620 3954940 3862147
3832025 3875711 3870323 3922632
3747550 3834162 3778862 3766857
3711303 3763890 3849811 3766281
3716921 3890493 3907005 3800515
3885726 3945661 3886943 3804439
3765553 3837440 3849152 3813819
3857385 3846542 3893381 3757098
3805897 3900325 3922067 3896700
3998481 3990747 3933494 3873516
3681776 3905180 3892356 3746127
3850977 3826618 3882150 3752894
3829990 3925553 3922072 3799438
3860729 3684075 3881511 3913376
4073934 4084518 3892077 3955013
4061020 3835381 3840545 3927833
3813649 3913815 3770229 3764520
3736999 3730727 3738532 3781383
3995820 4028411 3950267 3933836
3973576 3867186 3936918 3995978
3915764 3804942 3704761 3925472
3798614 3953464 3833292 3756437
3950882 3791562 3896713 4000892
3900897 3972061 3824826 3846395
3868987 3695054 3658446 3693297
3644886 3859373 3704044 3578310
3993210 3817937 3779102 3910057
3871480 3891114 3884635 3812809
3967790 3912674 3862946 3822127
3782665 3783152 3736499 3753258
3981668 4043246 3980758 3931593
3864337 3798280 3905508 3899753
3818208 3797042 3711136 3745752
3690776 3650959 3723756 3652644
3927600 4037698 4006897 3891220
3855819 3805445 3856945 3883466
3775863 3888556 3786769 3922611
3925709 3687397 3849723 3841960
3797345 4026344 3902586 3933796
4042443 3802406 3929788 4015233
3627180 3772963 3629571 3856115
3744169 3537068 3679637 3797570
3740549 4049111 3761574 3889946
3939151 3781342 3919054 3976737
3870814 3781238 3840677 3784233
3822721 3756067 3837856 3809403
3992625 3969472 3997633 3870026
3819252 3964204 3869279 3926193
3740911 3739928 3813819 3660162
3604259 3726858 3792273 3679902
3796010 3867138 3983801 3910966
3829028 3846558 3863224 3798235
3760616 3879539 3967987 3862786
3908331 3910256 3885812 3738032
3848541 3929318 3938127 3905123
3965905 3993970 4020768 3916081
3630335 3702271 3765583 3726587
3815006 3759121 3771331 3694299
3789631 3941813 3876778 3855453
3961172 4015891 3943128 3814148
3974452 4073943 3990013 3956706
4014465 3869255 3872788 4002166
3975141 4022092 3995214 3894857
3975078 3795719 3828645 3982646
3919183 4025816 3996991 3793663
3926730 3852681 3793981 3894609
3911058 4001028 3883827 3939881
3922947 3777545 3846911 4007956
4085660 3842107 3918992 4007260
3878620 3980893 3888452 3916538
3935097 3794417 3822297 3938731
3857413 3994672 3883962 3830809
3920915 3804423 3895193 3901662
3847710 3953734 3807844 3825514
3973260 3870084 3827768 3968472
3814108 3952861 3864928 3732820
4014438 4122247 4059103 3950766
3951144 3888433 3919163 3877220
3927604 4042324 4015720 3859668
3842327 3888182 3904107 3910241
3936314 3918283 3912490 3895803
3841795 3819178 3866654 3831729
3959990 3968367 3924940 3888272
3906393 3832811 3912956 3797787
3847878 4077419 3958588 4105940
4099418 3865688 3946590 4019696
3874610 4038264 3879387 3987047
4032745 3794980 3875992 3981554
3733607 4009719 3783687 3938681
3971695 3739042 3881746 3974562
3782758 3895536 3858624 3920903
3990641 3738314 3876722 3941138
4051180 4028276 3978894 3925596
3964017 3972883 3935378 3943752
3881140 3947103 3987951 3854214
3838355 3872143 3943448 3940302
3950234 3882020 3932752 3817103
3835085 3848629 3911117 3871520
3948220 3950228 3967790 3767018
3825170 3888794 3902834 3867757
3894172 4079931 3914828 3980779
3993145 3994584 4061845 3850875
3831129 3981504 3893177 3774948
3946298 3983264 3952972 3754083
3849862 3874458 3907528 3733677
3967176 4002127 3912325 3894124
3883490 3960121 3914890 3842525
3974956 3886010 3942223 3740043
3929896 4022630 3949662 3735234
3906603 3820125 3783655 3849887
3962356 4094242 3898444 3905489
3988478 3776381 3834418 3973213
3884915 3987646 3840179 3789388
3847265 3710537 3791825 3865008
3871749 4023513 3934893 3834471
3924077 3808777 3837357 3827681
4027788 3785214 3829213 3878998
3848732 3889621 3745270 3770155
4102752 3719040 3859312 3923034
3918601 3965030 3838168 3880664
3930300 3761250 3816133 3861243
3844665 3958010 3813182 3819032
3873445 3751890 3787276 3855519
3787178 3947555 3821679 3731321
3875054 3939482 3825440 3852081
3801741 3709518 3855210 3729592
3942972 4045881 3937126 3917991
3819802 3775772 3935612 3853311
3854224 3923056 3878177 3863319
3815050 3710809 3789022 3799028
3934205 3887384 3899654 3729167
3718563 3742799 3803905 3813393
3724490 3933218 3844024 3921775
3964884 3634240 3823396 3843541
3719072 4042692 3852330 3953691
4033721 3792445 3923947 3961008
3702547 3922764 3822132 3915669
3909030 3782860 3827621 3927148
3714977 3973294 3748489 3880652
3959043 3751105 3841702 3917610
3833657 3881049 3864781 3722605
3757946 3812773 3875834 3870574
3810122 3868758 3987606 3789053
3896975 3834423 3880581 3850382
3897052 3820208 3875836 3723237
3796110 3762697 3884224 3811930
3903025 3815705 3916425 3781493
3808404 3726928 3792920 3859264
3865230 3845267 3788344 3775990
3906967 3887968 3878705 3797393
3800913 3903456 3974633 3814144
3980030 4012521 3992040 3872408
3739912 3881753 3810777 3882630
3971513 3839240 3855972 3808001
3769822 3908349 3762795 3885826
3891857 3897808 3873048 3800678
3918216 3772818 3852283 3784611
3787557 3801363 3722258 3818452
3931436 3675556 3863795 3731954
3792197 3816071 3690764 3864611
3996523 3870773 3987834 3804328
3856516 3931722 3787208 4016735
3852933 3724568 3875110 3790598
3784975 3823689 3720270 3807309
3805378 3721304 3698623 3824222
3668463 3681272 3656708 3812835
3901150 3788487 3748987 3811518
3799863 3772872 3634413 3827812
3934871 3803580 3845764 3883582
3775477 3884188 3743043 3858896
3760993 3860832 3818311 3785322
3747229 3782968 3621456 3743956
3759770 3876548 3652017 3976009
3775226 3722890 3689154 3755373
3738295 3915432 3614604 3974342
3744404 3785942 3702510 3794468
3867762 4032815 3661823 4122953
3904875 3903416 3769349 3815234
3818087 3850783 3645848 4000801
3716464 3633492 3669266 3806920
3684617 3840472 3713132 3753698
3790815 3744596 3832917 3790425
3789844 3729297 3664343 3776347
3750944 3847420 3993410 3837371
3884309 3845538 3845996 3851936
3875456 3889195 4011897 3830414
3849687 3810050 3791953 3771732
3689704 3763408 3876257 3680402
3747173 3623086 3740330 3748218
3774756 3732475 3778358 3724732
3822357 3614732 3846265 3742268
3710147 3710471 3798563 3709836
3894601 3779119 3894952 3833533
3878413 3875569 3847222 3763648
3864813 3626433 3764717 3791558
3889293 3675839 3792523 3744426
3733108 3716287 3815294 3841017
3750531 3898093 3868118 3835795
3758905 3725493 3801589 3808571
3704515 3889651 3947906 3839370
3925283 3838577 3960456 3933807
3919981 4034265 4010664 3859548
3788257 3724168 3853892 3826297
3749060 3893911 3878444 3856127
3856211 3835480 3915885 3783162
3871766 3841156 3724210 3864959
4024401 3879060 4055381 3990602
3915499 3972789 3885193 4013394
3895004 3725154 3800902 3715808
3696522 3772937 3636911 3805248
3945936 3841260 3900374 3837692
3864390 3907462 3779006 3892053
3832206 3796012 3808777 3881271
3829876 3880329 3730927 3835327
4034526 3940409 3820855 3958471
3904362 3915559 3760523 3913275
3873611 3764376 3727872 3716991
3747173 3687010 3564914 3850956
3952397 3843696 3893388 3935590
3828895 3846961 3706175 3919637
3870250 3904530 3705100 4057324
3850882 3811472 3737030 3864768
3872629 4045629 3806407 4112646
3942305 3812600 3837042 3933025
3689792 3889836 3625363 3893367
3771423 3762561 3629306 3755226
3864783 4015201 3751985 3995803
3889167 3829434 3729410 3864168
3921020 3890994 3869869 3856572
3883887 3831270 4004822 3912016
3907126 3892576 3833254 3954154
4016207 3895244 3957572 3923300
3706163 3755028 3720619 3736700
3725188 3763620 3883246 3749496
3834747 3981861 3842438 3925990
3859011 3827642 3989177 3881178
3947435 3815394 3927639 3793718
3827820 3750033 3840551 3811469
3919272 3796363 3901012 3879055
3968908 3901021 3924088 3845550
3725052 3605898 3710910 3680784
3734061 3610415 3762579 3600395
3858906 3760949 3941885 3772053
3885799 3828812 3867229 3851431
3969951 3734320 3811546 3920301
3854878 4040369 4013334 3825616
3917589 3900371 4011787 3916823
4049010 4061982 4026926 3979474
3812183 3651267 3821692 3764832
3788975 3870848 3825386 3824614
3955281 3833984 3923565 3888219
3905114 4026749 3986830 3870343
3853948 3843125 3870807 3891605
3822771 3831468 3820968 3925956
3992835 3896634 4006549 3909302
3919633 3955142 3822288 3973549
3923986 3889706 3867088 3918551
3836244 3749782 3755812 3886032
3923954 3868757 3975996 3845486
3859659 3864785 3823580 3828675
3887385 3701416 3718137 3857364
3713068 3797993 3638439 3875864
3972248 3752691 3864804 3981242
3861524 3893921 3785373 3937876
3836280 3827770 3915270 3894826
3837441 3764043 3628732 3795106
3978799 3825042 3882284 4022093
3789361 3767611 3704789 3842753
3778990 3957599 3666142 3943857
3803199 3832756 3674848 3867214
3850426 4040867 3812339 4100308
3802401 3893282 3895375 3927307
3778293 3919485 3617256 3970028
3845011 3809417 3764624 3764331
3883843 4025966 3753604 4048437
3799588 3835516 3834820 3921426
3736497 3826562 3710116 3792239
3788275 3840150 3905749 3911799
3859704 3959849 3855373 3960903
3867956 3879643 4040291 3922228
3859032 3776560 3757122 3866091
3765669 3783252 3858720 3845965
3851976 3882105 3828526 3769637
3938264 3860774 4019923 3943788
3835368 3712378 3789743 3739907
3826008 3834038 3828340 3768363
3921666 3812254 3908577 3815073
3932695 3858201 3885636 3872814
3830262 3685851 3838701 3768466
3858130 3698771 3772095 3720345
3837963 3811733 3927204 3843261
3854809 3795312 3883303 3771121
3875460 3799302 3875862 3876632
3797911 3998169 3932612 3839177
4001662 3936213 3967147 3954671
3867789 3998493 4003392 3968658
3883770 3810405 3852815 3838572
3799731 3909724 3916231 3794000
3963566 3742586 3922416 3878040
3906452 3999700 4014087 3899772
3818429 3741895 3836070 3838529
3845208 3883819 3724978 3825745
3991018 3804274 3867973 3897344
3895988 3859530 3738039 3939317
4061161 3889974 4013609 3913680
3930368 3968063 3832294 4044875
3811899 3754626 3811637 3838149
3808291 3815554 3759280 3833182
3966410 3753571 3761081 3868928
3753051 3786336 3698398 3826949
3982272 3810073 3806225 3842681
3817022 3777225 3683901 3920240
3980291 3875056 3796191 4037216
3850582 3831490 3760983 3996128
3846472 3675259 3706671 3863687
3765686 3775427 3612043 3783002
3801853 3923727 3756774 4006714
3763286 3808308 3740288 3809394
3828444 3918434 3737715 4012325
3872161 3849967 3760795 3840974
3917470 4050624 3777021 4125100
3889696 3911756 3829338 4029988
3853880 3836045 3633023 3964195
3701032 3718346 3723135 3753198
3766047 3835217 3730621 3819740
3842906 3790900 3946725 3736269
3769450 3840670 3781687 3798571
3808662 3887792 3937392 3823514
3907228 3940490 3856019 3925261
3944783 3878212 3972491 3825585
3765634 3775932 3704692 3690918
3749676 3722436 3947068 3730283
3756732 3722653 3840184 3788425
3885448 3775085 3788868 3650399
3853548 3805807 3904130 3776571
3956785 3884033 3795892 3799376
3985756 3829701 3926961 3916031
3936685 3888426 3926763 3903440
3783443 3750014 3707053 3802950
3809262 3727627 3701779 3702610
3849043 3735218 3883268 3865146
3871449 4005379 3964634 3842527
3952554 3684980 3821667 3885469
3794015 3993539 3969477 3867106
3960358 3856318 3956180 3947326
3897223 4075211 4045673 3993006
3765245 3718086 3851926 3800026
3778265 3913480 3892649 3810321
3947113 3876287 3916266 3823402
3906064 3799750 3803531 3908042
3898052 3783589 3851253 3788994
3766663 3850678 3730792 3859477
4022863 3951465 3981752 3931508
3950709 3922058 3794955 3925211
3881791 3762313 3797067 3791624
3802353 3801806 3698506 3940544
3942115 3807361 3853905 3958997
3805359 3841708 3741393 3836954
3923330 3768611 3711663 3905764
3808750 3755139 3688288 3858929
3981058 3823336 3853719 3915679
3792603 3847298 3769831 3921158
3875480 3716465 3864685 3864217
3770018 3803028 3639768 3797096
3844010 4059327 3680972 4070620
3822650 3816061 3782139 3911412
3818914 3902950 3715019 3995072
3768449 3735250 3703276 3886720
3824175 4031855 3834915 4066691
3820934 3843055 3720769 3849553
3818867 3873191 3670848 3995359
3803997 3764871 3671421 3773546
3849599 3965357 3814537 3824135
3884573 3815645 3993561 3872030
3773524 3936014 3823836 3775551
3782225 3891345 3881811 3842502
3915691 3944746 3827826 3915487
3968472 3814232 4040827 3895185
3842609 3872288 3745476 3765293
3790612 3794722 3903317 3826301
3818977 3764190 3894365 3864607
3837287 3776391 3893067 3808498
3781123 3671898 3820167 3819053
3880230 3754642 3794326 3759407
3846110 3804982 3895137 3828755
3889356 3864840 3837032 3856805
3805297 3682746 3857370 3850179
3808437 3773511 3767276 3659255
3885041 3880809 3858675 3907226
3916491 3994805 4028985 3871920
3782955 3776485 3938993 3841634
3729991 3940249 3950615 3866029
3976585 3845459 3873659 3941690
3904373 4046603 4024605 3932187
3900616 3752568 3739674 3897207
3867052 3928235 3989827 3866843
4079065 3931061 4065001 4060683
3938420 4029608 3928927 3958965
3953903 3755675 3969972 3838993
3870192 3938674 3880872 3908296
3999867 3940242 3980628 4012319
3907945 3916849 3904778 4007883
3932073 3796243 3823394 3725643
3793387 3760663 3675957 3823473
4038943 3907633 3921375 4039422
3966709 4040138 3784954 4060240
3970893 3771009 3806948 3885543
3812270 3833983 3680032 3889489
3941914 3853617 3874998 4003624
3855019 3870906 3777875 3866044
3837109 3787344 3752005 3837269
3732662 3765086 3700300 3799317
3945840 4004944 3834143 4201861
3944536 3953104 3830136 4038441
3867585 3927180 3759987 4085460
3822118 3853822 3775563 3911540
3915949 3972295 3842637 4094545
3879273 3823405 3880345 4014543
3776913 3914989 3600808 4132362
3792228 3751712 3671570 3794497
3917552 4026363 3930073 4010946
3883321 3949831 4059992 4043242
3786502 3900705 3845945 3899930
3856548 3833222 3973970 3876160
3867972 3869046 3845998 3909616
3937490 3848556 3971096 3901866
3729283 3802806 3758321 3871592
3866937 3807885 3913044 3738487
3950744 3875278 4055638 3956750
4005720 3897744 3993517 3932454
3867554 3785778 3872542 3773798
3898822 3885697 3885196 3787473
3851130 3771132 3955730 3846253
3866933 3913123 3891589 3814675
3805667 3657043 3835133 3778248
3774244 3752698 3763923 3750203
4015407 3989931 4106642 4092203
3940016 4156517 4119636 4107715
3936712 3723614 3863070 3913310
3881300 3970483 4051289 3844620
3966662 3940278 3993180 4051255
3816466 4125688 4058072 3868557
3790516 3724575 3791064 3825982
3775367 3947025 3969583 3757306
3955171 3786109 3905285 3772579
3815276 3907487 3786836 3879671
4136719 3905633 3990481 3952185
4036215 3966134 3948056 4109593
4042007 3884360 3921770 3920846
3895519 3929154 3774283 3969092
3908961 3788168 3776363 3759396
3833090 3788935 3713045 3926174
3895763 3770726 3870093 3881592
3747391 3793605 3692981 3785249
4114862 3900364 3973557 4063753
3910651 3971931 3897848 4070567
3994934 3869719 3845932 4009216
3911133 3905264 3838269 3903361
3783954 3759108 3716982 3777717
3726024 3840171 3735911 3811068
3792617 3950261 3737009 3989285
3843876 3839624 3741214 3789506
3989991 4055008 3797019 4176842
3992507 3918658 3900312 4032713
3888233 3915484 3728524 4083146
3843811 3886117 3814213 3812277
3764254 3812430 3612886 3999452
3777931 3755835 3685031 3846208
3780723 3806870 3723737 3822312
3788112 3700567 3896667 3812554
3971408 4020505 3973766 3990325
3983583 3979643 4053386 3988495
3818516 3932565 3842220 3950436
3914242 3876454 4007588 3896916
3741985 3803320 3733712 3775181
3809437 3758631 3849345 3752819
3783699 3693279 3893575 3747678
3801390 3796853 3818997 3671513
4043655 3857937 4011782 3934833
4071964 3961206 4013134 3913055
3899410 3809217 3979406 3789921
3941935 3848991 3919406 3894533
3784500 3613062 3808419 3750224
3886439 3835784 3787836 3702250
3842515 3832890 3903904 3870125
3819512 3965207 3857581 3893219
4021323 3898396 4028520 4014843
4012510 4212751 4095608 3904749
3904393 3908134 3941956 4010617
3786675 4119332 3975836 3982821
3807482 3729396 3793037 3834195
3718566 3913161 3870992 3881691
4171077 4076608 4218119 4144502
4081008 4117118 3958318 4101960
3996978 3999902 3991283 3945772
3948536 3945091 3891539 4022068
3898909 3796262 3893463 3836985
3753630 3878969 3720578 3832378
3914278 3834951 3907662 3839575
3694869 3794669 3710382 3904330
4091047 3939944 4104799 4141060
4026574 4074204 3922219 4115214
4005328 3868602 3878768 4008901
3927884 3916665 3852108 4000348
3874115 3732462 3860687 3835265
3795482 3730053 3661484 3752605
3864521 3696003 3789075 3785430
3717171 3689199 3656528 3872389
4087112 4188626 3909281 4240367
4141819 4058236 3951954 4069105
3953287 4063143 3726092 4127103
3955949 3934911 3838575 3937784
3758869 3844487 3672453 4008615
3706078 3757664 3775630 3815225
3821430 3933136 3642142 3991402
3818977 3765464 3678449 3738296
4064860 4096498 3966321 4063696
4073281 4068460 4217733 4106893
3933344 3997466 3864731 3956053
3920992 3958575 3928366 3888943
3815007 3822205 3822792 3815118
3785527 3727329 3953133 3837770
3877731 3757963 3753135 3811826
3851752 3782879 3859943 3818854
4085631 3908328 4041183 4008076
4121770 4006320 4051578 4021903
3852329 3863058 3956991 3867032
3925201 3912044 3920322 3885045
3751647 3714037 3822429 3696668
3734073 3829687 3834182 3779898
3815501 3661112 3861773 3770217
3781678 3795484 3793899 3772645
4135902 3938948 4142945 4165413
4100398 4165417 4171792 4113025
4022822 3865019 3973823 3984047
3974077 4071486 4123466 3957393
3839284 3745936 3901730 3819048
3784482 3879588 3892618 3813351
3846248 3635858 3831057 3816130
3829229 3966331 3966376 3790324
3976479 3943591 3972983 3896509
3878924 3912777 3845363 4022973
3951377 3741377 3907200 3842518
3856174 3873693 3838341 3844976
3896740 3882317 3893043 3842660
3825627 3893740 3745121 3844716
3855867 3779186 3776921 3753630
3787882 3751822 3695064 3791803
3867554 3803867 3740148 3924579
3736124 3847400 3718493 3865890
3916758 3856228 3766075 3805508
3826346 3798644 3776665 3891732
3873438 3778429 3825609 3898535
3803531 3843286 3797582 3936569
3850652 3651852 3750745 3779827
3701042 3682809 3607631 3792598
3934411 3972113 3671845 4118224
3813363 3928999 3754742 3906689
3873713 3961907 3754812 4033126
3823656 3858974 3831666 3891368
3853235 3953165 3692857 4093784
3799248 3786737 3754269 3841633
3698823 3783382 3667093 3920146
3734386 3732467 3686766 3830488
3838253 3926764 3855532 3895162
3939765 3803634 3974229 3815359
3841658 3842959 3792231 3811000
3815014 3805463 4008707 3803892
3728623 3896385 3767407 3770555
3882399 3853954 3924703 3873401
3710936 3783691 3692504 3741063
3735391 3724181 3841696 3681616
3868825 3745520 3940671 3892395
3942239 3841700 3956638 3804522
3891824 3742159 3788379 3744004
3850222 3815573 3802152 3757075
3828707 3667396 3903070 3767189
3897480 3814044 3883420 3911786
3734510 3629027 3755759 3732736
3753911 3690878 3690258 3652636
3832923 3910590 3921340 3898075
3956570 3951410 4050251 3950384
3882275 3806585 3905217 3917805
3872016 3883489 4004995 3881626
3901982 3778840 3841351 3915237
3846746 4045376 3936083 3889676
3767348 3657727 3803516 3781427
3730648 3844172 3853332 3797266
3984277 3895143 3986581 3847391
3838360 3962386 3844679 3962586
4047987 3956050 4039437 3971114
3972513 4055032 3841941 4091333
3841839 3769615 3865719 3780507
3814812 3823645 3738282 3839028
3954144 3898249 3983552 3926287
3913781 3976415 3841475 3929873
4002144 3803523 3873017 3934835
3926310 3907286 3750830 3923096
3982413 3937270 3947623 4107559
3936373 4000503 3845034 4048390
3809344 3692935 3784122 3820231
3761866 3772490 3674615 3775137
4034409 3955299 3979996 3984428
3892620 3953544 3783547 3910920
3900162 3995235 3718103 4054915
3840472 3944609 3787435 3924443
3998263 4108566 3846795 4210482
4006292 3950909 3835568 4038461
3732035 3835697 3707463 3977020
3767074 3761214 3718136 3730260
3887123 4070575 3868737 4144351
3981157 3986456 3841345 3923628
3919792 3872493 3818178 3907264
3879344 3872540 4000722 3903622
3896445 4016021 3934016 3994134
4030576 3982224 4061339 4002971
3699280 3786798 3739030 3754770
3740579 3781593 3911912 3794847
3977613 3875460 3956639 3997684
3962588 3923296 3973238 3922129
3848820 3750888 3896491 3912713
3885638 3851245 3908312 3778756
3940267 3841652 4035684 3964598
4042029 3953906 3959558 3915880
3753874 3658914 3797466 3735500
3757152 3791611 3765213 3696154
3991242 3850232 3951353 3926432
3953783 3886927 3853721 3791009
3905705 3875427 4002018 3923130
3851206 4070788 3929153 3954851
4075851 3971837 4056732 4064813
4033218 4212281 4068128 4047904
3905687 3708665 3834057 3814057
3797548 3959747 3925082 3766625
3999345 3880312 3962335 4011757
3909664 4076087 4109933 4006921
3940865 3854337 3983035 3815773
3830249 3954787 3828038 3964079
3940597 3877874 3959976 3925854
3877382 3971455 3751356 3948385
4062963 3915247 3965077 3951186
4012171 3979719 3838209 3998059
3948679 3852373 3892749 3844850
3882093 3855188 3768042 3948399
3913233 3770559 3870454 3916893
3843422 3786455 3698498 3897783
3940681 3874849 3832103 3991312
3901640 3913603 3717944 3856240
3945807 3917989 3945606 4001133
3882637 3932046 3803620 3919808
3865740 3780476 3876746 3882866
3808571 3797184 3659801 3802796
3811108 3978930 3717954 3988731
3860843 3890023 3793298 3841712
3896935 3998077 3740500 4086156
3879017 3883470 3794546 3925523
3969306 3987421 3766237 4109367
3925729 3863017 3825640 3986050
3770282 3970263 3634748 4081685
3782341 3827724 3735949 3839249
3814177 3937312 3852999 3886422
3847767 3829963 4076025 3872911
3858133 3932331 3849223 3849090
3850296 3877004 4086386 3868376
3910143 3956265 3845789 3881185
3880043 3888876 4014740 3978940
3789392 3862860 3752711 3858517
3853189 3829650 3996002 3871935
3864219 3717402 3922991 3831122
3936002 3802869 3875642 3796155
3870481 3861920 4005476 3810339
3896755 3837309 3958925 3806855
4016636 3784000 3942597 3814718
3992490 3837053 3909763 3851522
3805266 3771338 3846996 3790618
3852484 3835979 3778302 3805243
3906420 3795469 3909007 3975522
3877544 3959005 4025479 3953695
3956633 3772326 3976547 3854677
3902057 4011599 4003135 3913971
3973253 3863920 3920105 3938865
3916594 4014241 4060656 3887325
3855056 3733788 3939230 3912168
3852091 4018297 3983541 3917526
3834185 3743083 3902636 3839707
3796128 3828042 3725260 3857536
3951570 3815970 4002014 3828681
3904962 3879078 3756848 3922287
3998298 3849783 3922985 3892002
3921767 3913186 3811006 3922738
3906966 3667341 3904080 3879616
3739331 3845669 3712236 3815443
3880850 3698722 3746133 3824448
3769571 3767273 3675032 3764795
3932284 3857457 3827546 3918871
3801901 3876930 3724583 3882196
3902971 3826377 3912402 3944636
3860214 3855044 3746751 3862010
3825618 3725023 3694974 3832105
3747698 3828822 3579843 3755175
3837027 3794196 3708912 4048295
3803173 3785161 3755631 3732812
3917941 3968942 3735459 4028507
3838593 3861042 3762625 3883965
3900273 3949252 3741357 4038882
3956561 3858591 3745094 3840066
3772676 3942911 3671155 3980407
3811821 3759543 3654598 3840966
3807134 3762612 3791858 3774906
3725008 3778063 3914344 3767034
3869256 3900208 3864769 3798547
3916756 3841777 4013693 3960395
3876756 3956614 3841209 3836035
3863456 3848119 3956474 3896617
3767174 3786073 3801348 3764699
3745811 3846329 3914486 3901587
3757438 3703003 3810345 3746885
3832443 3756401 3837685 3728949
3843716 3745501 3903662 3778983
3938685 3733169 3842208 3756355
3811219 3773616 3952358 3839351
3925175 3819695 3943898 3814919
3829664 3620299 3795510 3721883
3842768 3731378 3806598 3740755
3781113 3717784 3847866 3811374
3833249 3943355 3931095 3765531
3886378 3797330 3823081 3956060
3792017 4001039 4004089 3965180
3843508 3817097 3887934 3852245
3929059 4045486 3948872 3922317
3852900 3715095 3869992 3821387
3860062 3897997 3909829 3814181
3880169 4025785 4005640 3839235
4148335 4102556 4199716 4035192
3594304 3730725 3638063 3569969
3879660 3723528 3773903 3744559
3781741 3945361 3942814 3736238
4078839 3936151 4040284 3958864
3762134 3792325 3831751 3664026
3943546 3943771 3838306 3921135
4104655 3899469 3997679 3991776
4009969 4054555 3939944 4078123
3794120 3668240 3701768 3763680
3684195 3694491 3585251 3753257
3989696 3862117 3880582 3868031
3868888 3936471 3795573 3875684
3893798 3816076 3776223 3809902
3659576 3807936 3702448 3809718
4058445 4032878 3974211 4062305
3887375 4120012 4066068 4030713
3723751 3705845 3756622 3751698
3705582 3782327 3793244 3672318
3939022 3957645 3777418 3973009
3858435 3913769 3894816 3769680
3890509 3796150 3789655 3762930
3719620 3848311 3842934 3750535
4152601 4000477 3972143 4025711
4023538 4033004 4056267 4113502
3812083 3737159 3671226 3756250
3672620 3723828 3819430 3812236
4053324 3939958 3729978 3899009
3950842 3867491 3959142 3937433
3850975 3705327 3697815 3824265
3835229 3792732 3763547 3815434
4074835 4131489 3947992 3982596
3986020 4086159 3997909 4024508
3666836 3775097 3718369 3756459
3630391 3620605 3708607 3669845
3839609 3966040 3875228 3923339
3822011 3913227 3882450 3833204
3707734 3830858 3758960 3784891
3679825 3756528 3851239 3677094
4097239 4095145 3962698 3990175
3978410 4192902 3948800 4080993
3790108 3720493 3614343 3688157
3669797 3768764 3673873 3713559
3933531 3970283 3816183 3880497
3747495 4026734 3842530 3988384
3834812 3721842 3739360 3831516
3735709 3917629 3706848 3849779
3762358 3894770 3825689 3654234
4021443 3890841 3906164 3871916
3756809 3789534 3732912 3715547
3979449 3854478 3927028 3816628
3775049 3825450 3854316 3685327
3945425 3813101 3936223 3904413
3737521 3949405 3882415 3722669
4010321 3959204 4095524 3879626
3847622 3822516 3788697 3844402
3734389 3911746 3692740 3872550
3889397 3685041 3750393 3747993
3763635 3793912 3682893 3760135
3898505 3801143 3740101 3762054
3781658 3798539 3745925 3859723
4020445 3846322 3895486 3782387
3870032 3893812 3791423 3940757
3876768 3902849 3814578 3745690
3717897 3912251 3878485 3698656
3773224 3751078 3780753 3715057
3699375 3826201 3763853 3676927
3927574 3816353 3835814 3894957
3630309 3901750 3819247 3733059
3956046 3905133 3937886 3857884
3756814 3956158 3943159 3860698
3999033 3715425 3708058 3794060
3856446 3820310 3886904 3846466
3870150 3814976 3761541 3782467
3790641 3769680 3791203 3846839
3929607 3783581 3678095 3870169
3820628 3819777 3787598 3859047
3966399 3880085 3834875 3869874
3866421 3943463 3843163 3934625
3929285 3925034 3801366 3925727
3812867 3802779 3754413 3859459
3685356 3874621 3731414 3839194
3716786 3666451 3830566 3831856
3758078 3859217 3780215 3855372
3756497 3804764 3784467 3795925
3882252 3994084 3858795 3888666
3779736 3889578 3897054 3926047
3913435 3801675 3722444 3794492
3723859 3933210 3702691 3907390
3851317 3788059 3708194 3743545
3628977 3830184 3685476 3730732
3922640 3877536 3751759 3806101
3759995 3980650 3728159 3883596
3956004 3897387 3845149 3827050
3776887 4006362 3786925 3935224
3693256 3815818 3808930 3676197
3969435 3840850 3935557 3825716
3631016 3823409 3795259 3648962
3870435 3806010 3858002 3848522
3622647 3750583 3666065 3670986
3896281 3872123 3862169 3777614
3706447 3920993 3796718 3798855
4032748 3963564 4028677 3934543
3917090 3751648 3840158 3799330
3839428 3871353 3807884 3869025
3822760 3617026 3696148 3791346
3653156 3782206 3651558 3745958
3859888 3722508 3735450 3677180
3776486 3777523 3670787 3821541
3979265 3847033 3899496 3815108
3857781 3851767 3732275 3930919
3848225 3868512 3729242 3849641
3738786 3939879 3792145 3793157
3833200 3822603 3779998 3865946
3765503 3894042 3807111 3731367
3862659 3792176 3764910 3778020
3675361 3808211 3732723 3675199
3993941 3942290 3945535 3919034
3757583 3935338 3917430 3890617
3919337 3692031 3741581 3919338
3855743 3823685 3785255 3882441
3848605 3834031 3743735 3704243
3759003 3764810 3811949 3836934
3901534 3770971 3721505 3785757
3782357 3679919 3857026 3866974
3987549 3964349 3844435 3907929
3890858 3903953 3896775 3989487
3877007 3849712 3707705 3891478
3775697 3765291 3801598 3806807
3752586 3862315 3752383 3793860
3679889 3728899 3730940 3768792
3754340 3852545 3772019 3779783
3668503 3776748 3796624 3800787
3833063 3984567 3816664 3893430
3839955 3829837 3875852 3927601
3912097 3765552 3709998 3766859
3719271 3919603 3752140 3994142
3891150 3844183 3714736 3833528
3658392 3838684 3725685 3734291
3785185 3768640 3604099 3727919
3683821 3851340 3740455 3823254
3918973 3907918 3776569 3866142
3886097 3965751 3844039 3956727
3702840 3755213 3793634 3718547
3962284 3902527 3900839 3833029
3760496 3882446 3932211 3801421
4003841 3960843 3995126 3903575
3666487 3843124 3780657 3642044
3963916 3901839 3895772 3840648
3852640 3957742 3985961 3864548
4170489 4028309 4091501 4043178
3904059 3727491 3811061 3765358
3818704 3766025 3723313 3829843
4010296 3776010 3853501 3879831
3804464 3865453 3706534 3976942
3902367 3767222 3802288 3834638
3801330 3815992 3739754 3818689
4063623 3875892 3923512 3931803
3869710 4017221 3880511 4010494
3887012 3775834 3754703 3781316
3696800 3786399 3860381 3665974
3840425 3881470 3836774 3881729
3813967 3951711 3931257 3714760
3880907 3832318 3794300 3904763
3754459 3881368 3810992 3717666
4098506 3945361 3934146 4034741
3854421 4061590 3995877 3947358
3921018 3825452 3706898 3891266
3840110 3733628 3763122 3863541
3985040 3872922 3795879 3899845
3901184 3878945 3951113 3914765
3871832 3808849 3768633 3890332
3674152 3809306 3813023 3856790
4083821 3963236 3835676 3996129
3901469 3923084 3941784 4078388
3866654 3939632 3856612 3881089
3709096 3762523 3829068 3756887
3857807 3935765 3839770 3838366
3824627 3883993 3845352 3889171
3744082 3900735 3788974 3846529
3733184 3829793 3813620 3777219
3984548 4046569 3963685 3994979
3880307 3890629 3931370 3956194
3926683 3826067 3710819 3806666
3696675 3998111 3745034 3830798
4055898 3865384 3749355 3899265
3802985 4007128 3856870 3913517
3979805 3875582 3709025 3821689
3683657 3861486 3735384 3837477
3984993 3979101 3894470 3906242
3839536 4041265 3896645 4075349
3709787 3804890 3729504 3657298
3980312 3762294 3864399 3818845
3788317 3918494 3860488 3756705
4169305 4062282 4045769 3978653
3778226 3862651 3882971 3677268
4002613 3962216 4073660 3811039
3825610 3883345 3902332 3743539
4062617 3907815 4053685 3885106
3818619 3699812 3726500 3720146
3774157 3903826 3637129 3833714
4006304 3866668 3892355 3893686
3886250 3931928 3842921 3936670
3933652 3828785 3858101 3821034
3836290 3869921 3731890 3850694
3917314 3859731 3931470 3798572
3751217 3921347 3812020 3929494
3863828 3748130 3728819 3804272
3636502 3810961 3755391 3713357
3966504 3937551 3960449 3950863
3833908 4001383 3850849 3790072
3911740 3884121 3754020 3820290
3718026 3917863 3774628 3750160
3919318 3927999 3828697 3872886
3803057 3893952 3929965 3828223
3816499 3800965 3645961 3780100
3804598 3724017 3711730 3821761
4067796 3874513 3807771 3863837
3867863 3894410 3964726 3946050
3983777 3924063 3755066 3855579
3773591 3796701 3820368 3942794
3911535 3848482 3761236 3937332
3832938 3782510 3894299 4006060
3815253 3847768 3736361 3841898
3741549 3722242 3712971 3769812
3931528 3973453 3873704 3889635
3798677 3810434 3916299 3877218
3823733 3925976 3851130 3849444
3784025 3835083 3856886 3753649
3895495 3986971 3845276 3911433
3820822 3807921 3860590 3863182
3836522 3775389 3708338 3768470
3760504 3881669 3638946 3902170
3946341 3916874 3842219 3929585
3805274 3992110 3855012 4012974
3947143 3851521 3762957 3798738
3752771 3915473 3771214 3928291
3911949 3881593 3736518 3800381
3821562 3974339 3871136 3952019
3786040 3864023 3836247 3674043
3912414 3942318 3966403 3854364
3788999 3984040 3974209 3835027
4140872 4002794 4078148 3945881
3751937 3913911 3918999 3763718
4112513 3918389 4022757 3987464
3737632 3904765 3882404 3714957
4014446 3887907 3944426 3817082
3900195 3782356 3807220 3827756
3837597 3812284 3670728 3917374
4045773 3935359 3933014 3939360
3920592 4053830 3863910 3987600
3941203 3900165 3907768 3872759
3826915 3906217 3821092 3957496
3851813 3805225 3817176 3800483
3855935 3879935 3788399 3810548
3988611 3805111 3857179 3810246
3771652 3866967 3897621 3737188
4036034 3947363 3858500 3901287
3885602 3999061 3977208 3890571
3939008 3869440 3882846 3912594
3922252 3948680 3959026 3901624
3855624 3850389 3756193 3835463
3782351 3897419 3871054 3850268
3885195 3866463 3826811 3779587
3861889 3867558 3868869 3844140
4068079 3916312 3867181 3906625
3963422 3898601 3998212 3982299
4022503 3936979 3865612 3928670
3918820 3941876 3909140 3960701
4043796 3815931 3742182 3825028
3739207 3744352 3856940 3917580
3822801 3924821 3876499 3857711
3781103 3761941 3802388 3863004
3965979 4050555 3898010 3970900
3849212 3992770 3987879 3955633
3940427 3934558 3906623 3976372
3826952 3835731 3895703 3925715
3848568 3939421 3805122 3861014
3718866 3893248 3843409 3779076
3874620 3926921 3770196 3902522
3764970 3916354 3810715 3905512
3976994 3940440 3841023 3874651
3894585 4147441 3926143 4032566
4049160 3920305 3794425 3924349
3841480 4048568 3737370 3954111
3881498 3867231 3753791 3831204
3740863 3957217 3757312 3887593
3960381 3981223 3916598 3833377
4093095 4088548 4081739 4030424
3679065 3749632 3725702 3689329
3966345 3783318 3864004 3775570
3577162 3744024 3752128 3564334
3893190 3769006 3917311 3785096
3656208 3854549 3789702 3678611
3899536 3882955 3895914 3726142
4022429 3849390 3951969 3919752
3954916 3993347 3830890 3983080
3779525 3704558 3708703 3640319
3721044 3772998 3632712 3740517
3903109 3734695 3726256 3706279
3738063 3874874 3675256 3825904
3878049 3742466 3755176 3786960
3749541 3782045 3713413 3824845
4005759 3993035 3867289 3935489
3881652 3950135 3919215 3933445
3874227 3774231 3653046 3789006
3677160 3753714 3709861 3649321
3885096 3810934 3757774 3819109
3647861 3870645 3676294 3740885
3831545 3809509 3709367 3773547
3681710 3877488 3795296 3787849
4044067 3907564 3898111 3954504
3944922 3973379 4040340 4003550
3828648 3779982 3626738 3772398
3745456 3752829 3749664 3819685
3798025 3735555 3719119 3768280
3671471 3821324 3798369 3830347
3855522 3797595 3704965 3795031
3804754 3818268 3832033 3852900
4092352 4104428 3922726 4026753
3896958 3976357 3925857 3957943
3736077 3728849 3709537 3759566
3679349 3688897 3762217 3730328
3712655 3889141 3755695 3819176
3730603 3752467 3785784 3776545
3817926 3910618 3720592 3758990
3742549 3767952 3826465 3765120
4033907 4054588 3873209 3956047
3847654 4110872 3858364 3984652
3795264 3711010 3633047 3719825
3691568 3875247 3655692 3796492
3734517 3796768 3618733 3705431
3658478 3863768 3741029 3712124
3811962 3770254 3663624 3805340
3728633 3888813 3688245 3800629
3620615 3846540 3785584 3788149
3956885 3867738 3945898 3815068
3610657 3732794 3722594 3552092
3895697 3749013 3882825 3829953
3851597 4022222 3916934 3793001
4104097 4013978 3981308 3973562
3792125 3837260 3863677 3696628
4034332 3833889 4084663 3905701
3886756 3745028 3742300 3830904
3793839 3841490 3712942 3950665
3772902 3677830 3690267 3697045
3657924 3737159 3626047 3752246
4061049 3865784 3835563 3899059
3881096 3991429 3938672 3946190
3934993 3794846 3843584 3805228
3814032 3832266 3774190 3954679
3851256 3849539 3823675 3864330
3729723 3880746 3820988 3783157
3834206 3711768 3720668 3737174
3636440 3762956 3814594 3635731
3894252 3978867 3987248 3939996
3935536 4013895 3976397 3921883
3962886 3910470 3824824 3903171
3726339 3993515 3947220 3813636
3909776 3842265 3626524 3848569
3729070 3857383 3824853 3896046
3815598 3704256 3626988 3701191
3705922 3691598 3727685 3771592
3981364 3885238 3842620 3947991
3968163 3891903 3912509 4045241
4026081 3840618 3763491 3876326
3807873 3973876 3872049 3927413
3843327 3906414 3834072 3829714
3726450 3714988 3793629 3762931
3850128 3822214 3636260 3860957
3634949 3689482 3750076 3720412
3987976 4055515 3933210 3993925
3854160 3911783 3950631 3904578
3866242 3936447 3810020 3902675
3868482 3849997 3897120 3867641
3880252 3840248 3769533 3780060
3778001 3942894 3782825 3854245
3864935 3691960 3650596 3652377
3694654 3832767 3651592 3875777
4003099 3883488 3804993 3922172
3860575 4143666 3900199 3996939
3921763 3940847 3756915 3896099
3743439 4032615 3843298 3944518
3722714 3716281 3792160 3592851
3970349 3846135 3916745 3790575
3801645 3781267 3750385 3752599
3978141 3855895 3982567 3896171
3770848 3820750 3878665 3694175
3920227 3930535 3989161 3918755
3715519 3837909 3786337 3674911
4046670 3974763 4034848 3857298
3818068 3744708 3640461 3772368
3652331 3691008 3646675 3851567
3842378 3713949 3804196 3763211
3789465 3806048 3761168 3828995
3899338 3791349 3802623 3827403
3811326 3894237 3715574 3847885
4011062 3783498 3824822 3866641
3912530 3878312 3802061 3877931
3791414 3703088 3755196 3674643
3677309 3813973 3777354 3697188
3902660 3769664 3812491 3825021
3700664 3819695 3711372 3775775
3903482 3831065 3829133 3927005
3787881 3821531 3918379 3776185
3844916 3871606 3812977 3829890
3854444 3894428 3943132 3795710
3912549 3791960 3674965 3749463
3709567 3739929 3658506 3755089
3935229 3826749 3669704 3789088
3733673 3750178 3856729 3878161
3859266 3833762 3765457 3745079
3858728 3820802 3813629 3904829
3982770 3832071 3780842 3879450
3839013 3841462 3894405 3901666
3718480 3773718 3692352 3756467
3669164 3705958 3705588 3733511
3802859 3854255 3691288 3799074
3793912 3847374 3785548 3788480
3850497 3861559 3815340 3902447
3813681 3867567 3915536 3910986
3879877 3950394 3835576 3895854
3814706 3820574 3846983 3864925
3791454 3728106 3680709 3726787
3664764 3912095 3695549 3814589
3838322 3835842 3737158 3817868
3699547 3910934 3775915 3902725
3883097 3868471 3721491 3874414
3762154 3938685 3751665 3951940
3924492 3896898 3776641 3830220
3761156 4058416 3821255 3923132
3777905 3882964 3938709 3808176
4082960 3978687 4026631 3967768
3728847 3699301 3794920 3619778
3842242 3767886 3884240 3771536
3622602 3740748 3666709 3564259
3835899 3785691 3755254 3743916
3854571 3965864 3954382 3761522
4072909 4034058 4042730 3917954
4031543 3798900 3951979 3921784
3962301 4019115 3865753 3957767
3875099 3675281 3775183 3764059
3774018 3859304 3653602 3847912
3828915 3634477 3688858 3689966
3685576 3749652 3533911 3734076
3962161 3776847 3875478 3860253
3901986 3907442 3825298 3951349
4003003 3913466 3907565 3933107
3884491 3989897 3977412 3887043
3912641 3848262 3732219 3814380
3707867 3845372 3790169 3789940
3773777 3645034 3694208 3680724
3536627 3773094 3671157 3615111
3958551 3945595 3875175 3965958
3848009 3949817 3932825 3891130
4098982 3921539 3870769 3941289
3922711 3924116 3901089 4059134
3892651 3755867 3654072 3732816
3780437 3779841 3831662 3870944
3813420 3663143 3669658 3700911
3717351 3674769 3757457 3760123
4029090 3923885 3814847 3911994
3929954 3863281 3981121 3988138
3901482 4038695 3900630 3978170
3881143 3933479 3910700 3861655
3816754 3931489 3763453 3866946
3742897 3728136 3817345 3779486
3621633 3769656 3710266 3741012
3645201 3659824 3707505 3706960
3879386 4025748 3847327 3951258
3943773 3901203 3891592 3837745
4001096 3952402 3789887 3837254
3872856 4069883 3879327 3911342
3789303 3877643 3652253 3791502
3635056 3887711 3732521 3847859
3721911 3760215 3564462 3702737
3574536 3787968 3697244 3770405
4030810 3872203 3878537 3993603
3874849 4007609 3773481 3997032
3935869 3995057 3923641 3794454
4105908 4065271 4052888 4023593
3868722 3908851 3961363 3778759
4049616 3994973 4125710 3969365
3732509 3839092 3887706 3732566
4018452 3934226 3918154 3836557
3740659 3854242 3878458 3816982
4010741 3968059 4076486 3890443
4012766 3892351 4008250 3973433
3936653 3989374 3895065 4018375
4023295 3877133 3893711 3839142
3867024 4004087 3870592 3988318
3912956 3763598 3872919 3745852
3781749 3860545 3715750 3893555
4015830 3851175 3887762 3844519
3899080 3940631 3794663 3991406
3972255 3963470 3982216 3952885
3790938 4059420 4044449 3835047
4038234 3939910 3977804 3916720
3833710 4019370 3975837 3870281
3844397 3871667 3681568 3807532
3746294 3910290 3815960 3792302
3964214 3888767 3895441 3858920
3865280 3924412 3886016 3847110
4003754 3978134 3845573 3945325
3932358 3846144 4015714 4104993
4009552 3988210 3822895 3928527
3914666 4002611 3898597 4040654
3823587 3807319 3790761 3782889
3839246 3889435 3847910 3859014
3992245 3869196 3736747 3932311
3856426 3848501 3892163 3936428
3943632 4054006 3940042 3957583
3917396 3892512 3898917 3917150
3941834 4007109 3942659 3965456
3913164 3900297 3891579 3949083
3802771 3843585 3815447 3831362
3776925 3841515 3757122 3829687
3947043 4062366 3809957 3892524
3851045 3899206 3961115 3964717
3996996 4028155 3875675 4027317
3927273 4149378 3884840 4048011
3932563 3953805 3828385 3893946
3827887 4074308 3859747 4036013
3893889 3861306 3693617 3823253
3672717 3877164 3764872 3863206
3870479 3874278 3821246 3866139
3809567 3933684 3844383 3857003
3763330 3933337 3905798 3805747
4113172 3963606 4067555 3940689
3791934 3955242 3881529 3758162
4033622 3916936 4128532 3912442
3737942 3850696 3894654 3790702
4038129 3902827 3942367 3833108
3755786 3894014 3889869 3686476
3864327 3799051 3881290 3756098
4006959 3902638 3958561 3881688
3954015 3949172 3864848 3992587
3945025 3841052 3842715 3883264
3899516 3942853 3810405 3989349
3950513 3799353 3884536 3787101
3796627 3839920 3682599 3826501
3866754 3661877 3748248 3668400
3789958 3881224 3603600 3842444
4027747 3918074 3970154 3951376
3882708 3986382 3944081 3936384
3950421 3970631 3851866 3866801
3781312 3937622 3843202 3759773
3943173 3817074 3774520 3848668
3731906 3910311 3793690 3844597
3823331 3834266 3726080 3713579
3714808 3847079 3769486 3702195
4043585 3941131 3865718 3965794
3970725 4060341 3905198 3963729
3979887 3886978 3835637 3826403
3891045 3866211 3977815 3965377
3929550 3817992 3780196 3880536
3847670 3831722 3827465 3909686
3871875 3748439 3653551 3736106
3842168 3811170 3741660 3875222
3966871 4010519 3881395 4029774
3851962 3926830 3979152 4004041
3930340 3974107 3821826 3959600
3800883 3786493 3840215 3890017
3932591 3895416 3773794 3879439
3680697 3772564 3756849 3848480
3761311 3844494 3688832 3797756
3721451 3768732 3751573 3739754
4030220 3908966 3857779 3904196
3804656 4114984 3867507 4073290
3853281 3992283 3760481 3908008
3813502 4015283 3790093 4032166
3937206 3927725 3789450 3863910
3795570 4010294 3720837 3826702
3889565 3778843 3728455 3819448
3790110 3948814 3728623 3862357
