3833276 3833653 3852612 3849979
3800383 3842296 3839691 3898615
3916048 3884366 4000950 4005794
3887455 3923949 3962549 3978709
3904616 3854965 3926682 3976884
3806033 3881969 3927034 3953875
3852885 3829155 3977629 3933600
3873690 3825409 3930655 3879251
3904858 3818632 4011845 3935591
3771714 3850661 3931328 3881059
4021022 3848684 4137211 4025153
3929841 3952496 4103486 3959640
3986426 3862731 4101263 3948049
3889617 3860377 3919335 3934638
3943883 3851409 3976906 3967005
3902703 3847676 4001452 3902986
3819763 3889114 3788962 3910002
3883784 3717824 3977465 3921649
3942558 4061469 3869598 3948236
4025811 3884110 4021479 3916095
3927850 3872907 3772422 3940424
3998127 3869254 3906446 3944594
3938477 3998302 3769321 3904195
4044076 3790441 4018966 3895158
3972839 3825588 3822389 3719337
3745589 3782851 3828075 3832301
3985972 3964567 3960462 3848193
3862200 3944930 3986938 3987297
3926447 3862725 3942591 3740705
3830013 3935208 3889735 3943949
3993718 3915263 3909274 3796634
3810173 3967486 3817049 3856238
3841196 3893980 3920835 3991244
3809852 3810627 3887206 3883948
4026702 4068261 3984914 4031470
3911937 4067532 3999179 4077882
3875481 3991080 3944003 4004921
3927872 3883820 3898597 3946367
3960621 3968970 3893021 3965675
3829076 3888674 3903157 3971581
3942779 3945412 3829306 3895554
3990952 3767659 3864385 3778873
3990742 3991729 3962552 3926687
4111041 3964856 3940804 3905851
4005008 3974212 3977990 3986271
3957172 3904112 3837183 3877167
3899162 3979164 3884507 3888651
4030778 3923736 3917018 3801862
3820553 3864807 3858067 3863859
3843064 3863666 3883923 3834393
3817588 3900572 3902067 3856339
3794374 3859261 3998293 3916010
3887128 3825282 3946501 3926505
3816874 3930433 3933807 3805580
3815858 3770009 3839317 3821086
3806184 3822763 3899216 3824140
3869434 3813887 4003266 3945032
3895147 3895828 3993068 3953101
3969305 3819448 4012813 3976894
3884996 3830429 3953849 3842846
3917315 3818431 3985777 3931693
3892253 3830364 4002820 3871340
3855121 3793545 3967124 3919470
3841806 3751910 3876014 3841043
3829356 3853114 3766509 3914804
3953420 3779324 3901016 3922656
3882789 3926028 3766701 3903611
4000948 3746553 3927845 3932185
3970044 3941599 3809899 3865131
3965031 3848712 3917485 3943392
3782978 3992089 3701214 3883670
3923463 3835496 3897383 3851933
3897251 3862352 3856280 3724017
3723440 3806641 3781498 3868843
3847588 3813784 3833174 3770889
3751516 3920147 3839776 3969420
3848296 3824098 3856256 3760454
3776557 3939516 3883477 3948961
3865440 3792025 3853078 3735061
3731971 3883605 3889690 3927986
3886545 3868127 3953765 3979964
3834377 3821239 3947672 4035301
3954761 3983290 3958622 4022657
3846010 3832874 3815576 3921519
3885549 3952969 3933164 3960675
3972526 3863279 3873116 4001639
3873452 3988838 3851818 3974371
3840817 3838511 3897811 3919023
3836107 3877893 3935217 3887087
4092268 3896378 3878335 3747784
3906352 3928417 3925202 3942083
3965913 3879290 3890509 3796615
3863908 4045653 3962482 3912346
3999648 3853878 3855651 3784561
3999516 3895883 3860372 3882800
4030837 3786696 3854741 3841555
3894715 3926355 3993339 3929263
3911574 3910397 3980025 3946608
3736439 3802280 3819518 3732940
3664569 3781868 3841265 3755274
3785950 3838014 3813131 3833920
3850290 3814915 3884126 3833967
3843364 3860337 3859612 3862936
3903508 3895906 3969339 3959326
4001660 3905072 4132840 4007659
3918724 3889802 4098792 3918874
3841972 3717497 3996166 3876688
3770561 3717008 3799843 3777983
3972648 3831412 4076081 3905801
3838587 3882222 3847251 3855042
3943834 3890404 4082772 4066493
3892527 3905438 4079470 3943408
3867234 4031310 3893547 3955285
4072947 3905461 3976302 3911368
3781133 3848577 3687778 3830637
3875764 3709355 3831334 3772358
3779430 3866118 3819590 3847352
3914852 3681321 3914006 3897802
3910402 4010038 3804527 4060026
3958563 3826246 3850465 3893918
4046513 3883284 3902557 3883090
3867127 3963493 3937561 3952163
3869174 3762910 3706709 3652537
3599918 3789697 3674228 3732903
3919017 3839065 3858294 3691063
3653646 3850480 3803544 3915522
3962356 3878770 3877741 3754130
3786979 3914688 3856849 3989222
3962882 4083090 3911401 3978475
3944534 3907684 3961089 4027369
3825867 3866762 3798227 3881727
3810762 3779040 3835345 3798254
3908290 3865014 3870734 3949609
3831261 3810393 3813463 3974973
4021443 4049230 3980820 3918389
3907551 3930987 3965828 4036809
3998636 3987305 4041926 4009314
4135410 3846502 3983375 3898820
3802399 3808724 3824229 3790598
3915171 3820855 3789352 3687987
3852716 3990412 3890883 3859827
4036737 3867710 3840123 3828766
3967942 4002337 3959520 3943054
4092442 3961113 3934465 3864696
3703519 3732442 3821169 3772567
3755657 3732851 3782825 3777584
3845421 3774249 3806184 3754832
3767252 3792830 3909326 3900213
3887367 3938133 3886779 4023780
3833705 3855514 3997214 3888279
3777615 3788304 3772472 3812635
3694285 3709205 3829570 3700384
3838569 3665174 3972987 3814603
3723781 3763930 3938316 3765832
3848181 3736106 3876358 3911861
3856882 3811898 3992607 3873831
3939462 3840840 4144596 4076567
3951031 3899834 4070238 3972223
3880773 3761296 4023507 3866509
3791260 3775575 3936845 3767884
3802261 3833754 3575534 3779372
3806171 3627774 3892535 3828021
3833133 3966302 3726108 3822769
3915319 3650033 3966300 3851578
3943759 4030774 3833454 4016789
3923395 3826528 3976230 3956587
3768922 3868786 3715183 3741492
3882209 3734646 3874035 3816323
3855238 3670434 3714089 3702115
3667737 3674361 3702349 3722138
3836463 3810746 3786153 3703206
3688513 3878631 3846440 3776491
3962210 3832724 3861260 3823848
3768475 3900471 3882991 3970858
3791700 3745501 3814755 3615790
3652173 3791132 3741034 3799456
3738199 3839478 3794130 3817321
3721216 3759149 3772063 3839406
3846657 3958378 3822018 3929402
3875454 3803565 3814913 3934946
3907223 4031742 3987351 4072214
3858799 3933862 3973177 3993879
3867789 3919917 3911695 3889526
3843556 3791586 3762964 3881012
3819117 3832052 3754519 3830172
3897098 3792287 3733758 3715294
3926375 3944117 3884445 3861503
4048922 3884913 3848438 3768596
4009571 3979577 3978810 3955316
3999136 3872850 3965448 3805280
3756043 3900356 3857492 3807200
3846182 3834609 3887813 3695880
3830958 3818245 4018075 3957593
3922134 3884054 3982889 3892708
3738893 3682691 3773592 3774473
3821657 3741068 3856840 3824076
3904291 3815896 3981123 3973999
3945288 3919830 3998970 3966001
3748587 3710974 3859370 3863434
3870028 3814005 3863725 3783385
3960116 3870381 4141294 4020419
3873905 3885546 4033257 3936985
3865225 3706413 4044739 3813645
3696137 3696156 3940861 3815336
4032840 3906202 4186477 4024372
3875321 3865758 4112786 3981354
3844516 3752588 4029949 3921521
3836070 3765538 3951974 3856482
3892647 4008256 3746684 3902132
3970485 3801291 3942462 3933127
3778571 3854243 3764598 3856363
3842255 3673445 3863177 3851932
3938514 4017521 3879537 4074361
4070043 3930771 3960643 3928393
3805730 3948193 3764671 3877229
3875171 3785732 3934429 3902951
3994284 3835693 3890474 3845656
3772686 3938835 3841876 3977238
3909671 3745506 3773948 3754474
3662534 3822997 3799706 3837245
4052872 3840402 3892471 3789974
3852013 3973369 3857631 3979452
3811625 3818104 3832613 3705583
3725436 3798027 3810626 3909292
3983976 3979218 4001747 3990082
3879619 3875267 3976072 4013629
3823866 3933781 3845439 3892915
3759156 3786607 3795669 3801741
4005084 4030370 3900400 4081158
4026496 3891695 3956399 4035400
3902818 3878660 3927994 3830243
3844246 3831364 3889549 3850957
3877280 4105859 3890671 3902064
3938834 3916246 3960197 3914391
3746459 3809925 3857443 3835520
3931228 3761270 3788495 3652913
3996740 4130588 4007401 3981923
4052477 4010512 4033186 3942293
3920723 3961182 3878626 3888350
3958948 3835133 3843252 3775321
3656380 3658905 3744037 3680915
3691218 3600775 3730648 3801029
3703209 3765963 3784561 3741834
3798562 3784529 3841048 3781659
3873232 3791173 3798869 3743600
3860726 3769624 3863162 3842781
3813778 3769707 3882667 3841454
3814692 3817408 3871318 3904389
3745049 3650654 3914106 3733096
3674832 3624116 3745868 3700720
3870094 3692757 3897416 3791624
3822918 3766306 3972075 3749697
3942208 3746562 4094163 3925704
3780648 3747825 3924795 3823226
3957197 3808215 3977262 3938222
3804796 3896573 4006365 3871812
3692506 3770762 3570748 3760846
3789820 3556705 3783581 3689642
3824310 3831725 3717138 3870988
3931345 3739054 3865367 3817302
3790572 3924487 3674714 3830374
3933264 3727760 3848438 3914172
3827296 3859771 3783409 3874893
3922257 3808531 3884596 3856991
3639415 3616468 3623369 3561883
3669753 3663051 3708624 3759777
3933690 3721199 3903015 3660183
3676376 3835673 3863298 3813837
3877170 3873507 3831996 3747381
3635317 3810377 3842193 3901779
3989253 3731260 3792448 3723992
3778136 3780577 3862425 3888230
3757860 3789368 3802868 3875537
3695339 3739067 3703641 3809073
3801074 3955391 3866178 3899968
3780040 3791237 3811647 3909900
3951207 3907688 3855276 3824888
3800831 3844321 3853285 3866034
3933509 3869338 3930523 3997344
3869179 3872007 3877406 3958471
3687013 3899222 3713633 3727759
3802193 3710572 3695122 3598483
3873204 3864698 3853770 3852396
3888944 3826066 3841530 3784605
3805763 3933174 3866937 3893826
3927250 3806559 3803146 3752102
3893997 3924681 3835800 3949752
4067807 3868518 3906958 3788041
3872741 3984906 3945677 3886510
3904882 3874504 3987218 3965923
3630970 3751570 3703842 3727754
3728779 3856105 3847222 3765315
3728227 3701400 3870358 3807552
3726122 3733932 3869511 3804571
3923203 3915893 3999375 3907175
3970789 3953154 3963635 3951744
4017110 3905683 4127784 3976279
3851139 3881223 4030014 3973075
3846941 3756110 3932415 3856452
3780425 3809365 3910027 3845695
3813483 3656089 3995555 3991610
3717847 3727695 3872312 3795112
4007862 3914728 4187506 4109927
3888229 3872896 3997291 4008069
3910273 4119964 3862662 3874326
4073318 3998984 3985806 3967162
3801158 3875107 3750845 3876033
3850104 3768950 3855663 3802918
3797789 3877610 3699386 3894173
3843394 3729825 3831143 3824285
3946316 4025465 3898893 3940288
4082242 3862819 4076085 4034777
4007137 3921118 3971428 3846387
3845553 3896582 3985126 3982837
3857043 3777633 3841900 3717874
3725753 3766604 3788918 3789985
3808313 3719910 3750651 3685808
3735302 3764956 3764533 3777903
3933089 3917671 3895175 3856956
3862669 3934301 3962432 3964102
3954976 4066373 4027409 4091160
3939159 3927175 4035120 3949397
3861950 3864594 3803664 3869285
3854897 3788737 3853597 3831663
3870041 3831884 3720979 3939720
3816467 3780482 3749972 3879093
4050874 4076390 3960183 4082397
3988527 3969453 3999793 4103841
3959936 4029223 3961673 4018033
4107583 3927977 3968664 3844242
3842917 3887711 3869224 3841889
3819333 3747830 3815860 3732917
3785651 3886842 3867425 3877542
3874671 3812679 3858236 3722094
4028436 4053905 4019595 3976927
4070098 3987112 3986833 3873757
3907355 3912451 3889509 4006229
3885563 4004012 3957747 3991295
3718636 3703228 3818051 3734129
3749962 3693653 3718061 3774175
3838277 3887278 3979245 3833186
3843208 3935202 3972670 3890876
3955266 3894058 4002052 4006313
3933094 3908478 4038519 4012494
3964128 3835221 4176008 4021346
3885858 3889431 4050256 3944307
3852142 3719892 3952794 3854009
3696276 3720804 3871112 3808287
3983319 3811109 4084093 4072808
3865255 3928294 3956927 3884476
4090177 3853173 4124147 4067614
3974225 3981514 4191475 4012714
3906339 4045266 3822333 4026437
3972719 3846220 4004093 3971744
3749966 3799654 3679867 3819898
3858690 3723859 3828655 3773201
3883230 3982942 3814891 4007641
4011546 3916906 3925133 3921279
3835291 4062078 3916464 3994872
4087543 3877214 3980219 4022705
4008244 3829848 4033651 3881580
3797499 3945959 3953150 3955345
3844226 3691911 3684137 3622985
3571509 3762267 3726871 3806132
3985697 3844582 3912058 3832929
3804587 3872464 3916936 3915560
4045239 3926868 3990693 3897823
3893533 3975460 4046931 4068655
4009146 4020782 4076199 4074228
4039948 3964324 3944337 4087872
3854720 3868899 3777222 3839835
3734543 3768474 3765007 3846085
3947310 3990477 3955636 4022643
3878744 3886140 3857365 3986844
4042285 4073373 4066880 4107831
4009196 3990861 3946512 4077325
3945114 4061611 4000230 3984288
4059658 3958133 3948258 3796029
3782012 3859875 3752647 3773975
3904580 3788613 3780821 3695663
3904669 4002423 3909398 3971960
4104264 3891229 3907669 3801264
4004811 4017764 4073485 4037609
4106741 3937624 4032522 3978265
3748714 3799591 3781328 3838190
3808055 3813972 3820416 3753523
3932469 3986488 3924169 3956445
3866054 3892038 3906520 3896114
3849382 3977298 3990449 3931588
3962692 3949565 4037898 4018660
3711522 3727013 3807122 3739983
3658013 3730281 3777865 3729220
3896180 3757731 3912539 3826839
3791011 3812582 3891541 3836437
3967677 3939164 4083143 3982248
3964153 3890159 4001772 3908145
4004393 3923677 4226571 4077999
3918547 3943609 4035954 3919784
3847886 3656407 3941436 3841148
3711107 3721099 3866862 3699902
3751906 3884657 3675770 3717662
3861301 3704079 3738255 3806733
3889167 4034851 3784745 3928745
4084660 3860491 4021602 4018546
3961916 4056878 3851806 4023613
4102674 3899046 4042402 4003718
3741564 3809926 3664089 3778241
3847959 3730906 3760333 3835676
3884182 3655312 3782105 3664895
3669807 3857095 3826399 3906635
3973257 3925727 3990001 3843718
3815788 3913902 3898853 4031970
3984312 3898829 3992900 3855045
3817705 3972976 3948845 4010847
3731714 3665645 3711819 3655456
3701449 3768831 3694701 3812567
3847956 3907232 3923235 3903712
3850736 3847566 3793669 3841172
4035592 4040653 3979033 4095571
3927384 3882671 3929835 3920198
4002289 4079217 4068864 4034792
4038314 3972153 3999281 4013066
3767157 3851084 3775460 3802324
3667362 3716489 3810015 3864844
3774993 3879838 3852869 3827193
3852645 3831634 3842360 3780647
3943060 4043973 4034451 3955937
4087412 3985642 3893934 3907709
4016689 4047829 3946922 4096047
4166596 3996788 3898454 3929072
3838359 3876172 3803839 3803410
3831093 3707716 3841220 3739862
3885398 3940862 3906941 3993122
3849524 3996040 3935906 3857248
3883566 3895048 3880464 3922719
3841489 3904775 3872418 3930475
3855567 3905086 3856955 3871234
3862553 3858526 3885935 3966074
3807849 3818764 3890479 3896413
3811471 3769575 3892465 3937047
4013786 3867558 4091070 3944290
3905650 3879741 4021036 3947899
3925673 3861903 3970770 3968454
3951895 3841304 4090311 3983111
3966147 3819404 4043179 4004231
3879079 3888089 3951511 3915513
3907513 3792593 4078974 3885424
3830671 3842647 3948775 3823116
3888590 3996435 3858682 3889873
4026622 3812040 3957700 3889611
3905980 3953812 3799423 3987565
4085759 3862711 3975630 3951222
3913395 3911497 3790100 3887850
3925624 3838666 3939414 3921525
3817149 3874865 3764720 3902596
3971397 3748390 3857884 3858706
4016027 3901781 3948558 3849966
3790160 3885873 3925505 4027462
3928350 3827433 3942190 3868724
3800651 3971947 3930993 3923890
3894259 3816244 3892005 3738931
3777786 3897790 3860317 3928125
3894137 3798075 3784495 3774418
3802617 3806948 3814664 3910796
3996560 4028966 4029570 4038994
3913663 3909633 3969608 4056251
3882471 4052811 4000602 4022209
3933482 3910603 3938424 4042804
3910009 3951091 3926988 3944425
3889877 3853192 3898277 3982677
3972443 3931066 3903806 3955442
3833727 3850862 3847068 3928467
3956031 3991202 3918302 3892715
4134822 3849662 3832700 3915460
3918593 4016315 3992519 3991014
4047638 3946010 3939246 3928146
3929727 4000828 3921371 3958183
3940934 3905494 3873773 3871434
3891272 3916291 3948766 3948386
3982333 3887217 3915522 3759735
3726549 3746412 3796009 3819150
3755392 3709017 3768572 3853801
3746615 3662922 3724929 3717139
3661420 3720462 3784520 3776971
3873998 3921303 3896206 3826913
3819315 3888520 3889521 3843512
3723262 3752248 3853397 3916951
3806106 3819493 3802170 3872254
3856677 3734752 3918712 3873555
3806572 3758277 3900586 3792116
3892519 3721093 3936594 3812513
3737372 3728749 3854801 3714734
3929729 3784617 3955289 3879966
3865458 3807990 3983968 3864858
3807994 3812499 3911766 3938920
3882513 3839006 3966723 3793014
3734100 3836336 3631090 3807463
3905704 3713106 3784922 3825857
3738149 3762644 3613011 3724255
3908945 3681791 3798546 3887792
3835092 3908381 3831302 3887607
4012808 3858212 3950125 3957888
3873560 3878711 3703718 3800897
3941057 3776353 3888063 3850170
3923408 3705978 3847764 3664338
3676619 3719439 3762658 3822989
3816630 3701583 3793460 3612616
3635557 3816497 3732570 3755178
3860152 3932409 3930941 3775746
3742708 3885030 3881664 3918803
3931691 3739310 3934347 3808175
3714510 3838070 3774075 3907241
3791912 3856421 3898032 3882218
3749985 3774075 3908582 3821372
3827839 3740081 3756211 3822312
3739913 3750317 3782453 3785219
3954533 3896923 3876651 3916414
3947558 3839544 3884693 3959392
3958341 3860750 3913674 4068455
3833037 3827373 3749630 3859176
3919033 3860451 3792086 3897610
3910390 3853309 3798067 3748630
3900888 3801753 3810660 3764391
3891534 3836313 3686766 3663877
3917514 4069268 3948055 3889503
3995289 3919411 3894450 3748730
3813826 4005773 3920371 3916197
3928343 3785842 3851034 3745475
3813630 3921990 3889648 3882007
3819116 3816819 3946902 3847441
3833057 3852602 3911330 3943814
3849124 3841874 3923733 3896393
3789728 3823994 3848815 3895229
3843824 3906138 3955248 3925659
3829608 3834278 3872825 3895266
3898824 3872939 3917577 3880275
3915195 3823090 4063675 4044214
3879299 3929664 3916293 3917183
3961596 3823766 4084072 4005449
3841385 3811571 3983333 3887411
3968914 3783885 4075826 3987180
3886078 3839843 4010668 3858562
3981362 3847284 4098121 3944699
3846694 3869414 3998706 3885773
3889033 3966472 3751549 3889473
3966207 3792249 3967601 3874828
3855707 4006498 3766319 4012477
4044903 3876307 3933988 3945516
3879023 3998292 3762238 3940484
3922156 3890313 3884533 3984285
3890821 3932016 3815295 3869575
4006337 3848311 3856444 3922023
3917959 3783756 3875080 3701348
3720917 3839954 3792629 3881677
3951850 3867347 3871397 3807053
3812389 3867004 3851477 3941039
3886748 3785883 3821097 3715777
3744380 3781710 3957143 3905053
3956515 3794071 3932909 3868992
3739680 3893627 3872281 3889686
3975410 4050972 3914802 3884529
3915022 3809828 3939309 3933411
3944180 3947159 3950744 3933480
3921755 3781655 3919128 3966609
3878325 4019356 3944776 3975118
3889461 3818006 3907940 3955834
3894968 3941661 3835673 3869798
3919569 3857615 3949513 3905911
3978819 4029661 3920165 3946629
4008357 3885905 3849525 3790545
3955318 3976924 3974770 3983614
4033201 3911830 3855449 3854525
3974924 3942497 3916098 3864209
4055556 3903147 3932155 3886716
3898513 3979649 3954876 3991289
3996710 3890009 3859955 3913865
4002574 4175060 4113878 3975097
4004461 3933450 3906957 4018306
3910378 3988316 3918810 3831961
3858868 3780627 3881843 3875287
3873990 3920501 3828595 3814787
3904299 3741969 3767828 3811199
4068228 4072001 3933121 3965667
3968331 3837373 3892185 3907647
4104485 3860475 3966227 3972417
3954832 4053304 3889175 3924971
4020523 3849502 3776649 3932189
3885985 3897764 3880423 3755207
3901705 3718908 3657414 3877608
3805273 3911315 3725697 3712514
4078604 3905674 3883029 3921535
3877403 4024848 3908827 3903994
3984988 4125656 4157669 3983906
3909776 3820550 3996683 3974548
3863118 4020334 3860922 3754123
3838383 3725241 3809298 3691162
3878134 3879929 3926720 3711885
3783808 3681851 3838175 3704290
4023714 4010437 3953912 3853079
3896131 3718640 3906255 3875586
3820917 4050427 3990154 4163328
4093870 3824898 4016271 4099864
3756726 3936532 3852725 3985129
3987625 3708393 3867157 3993029
3780126 3901091 3753284 3888133
3960527 3660865 3668603 3950994
3783211 4033028 3865204 3999580
3987988 3843788 3879672 3970131
3943788 4019469 4033932 4010018
3906183 3891808 3914565 4014350
3793125 3886833 3895178 3844040
3840336 3888850 3829321 3801446
3746393 3707876 3811778 3705480
3734721 3785536 3861906 3799523
3965592 3946541 3999968 3834608
3844082 3937967 3939402 3962761
3895819 3966843 4110643 3837092
4053045 4042776 4062166 3970224
3741029 3959694 3861364 3840147
3935009 3935913 3875201 3822148
3681127 3802573 3902403 3718325
3865414 3848065 3893195 3656926
3872531 3991907 3926320 3877309
3986598 3970720 4000005 3866916
3868526 3936396 3949713 3792460
3749993 3711445 3752296 3826595
3957117 3977647 3874995 3953416
3966811 3840426 3926588 3924446
3947772 4040335 3996563 3862527
4006106 3875353 3845903 3983023
3822949 3986546 3845985 3834319
3805482 3762285 3734121 3804787
3950619 3782706 3783614 3790935
3742742 3920408 3879580 3806164
4013366 3820606 3835989 3963481
3856562 3964843 3906183 3884850
3981761 3880873 3856867 3973457
3908377 3942290 3935262 3844316
3990328 3667773 3757862 3806833
3772326 3872342 3682461 3708681
3935943 3921926 4010368 3768077
3773998 3795309 3759257 3794415
4020205 4117790 4014004 3913897
3876058 3947578 3852165 3896399
4028078 3982514 4033657 3855571
3847258 3843835 3907168 3792492
3841712 3768172 3720117 3678811
3810946 3709899 3684651 3659934
3737530 3920378 3841686 3886524
3888831 3688153 3851086 3925026
3826215 4083636 3910661 4043239
4098519 3784908 3899896 4007679
3770087 3979373 3844640 3981815
3998895 3780026 3853483 4004373
3692413 3946223 3778473 3837139
3891451 3661672 3809596 3908205
3830674 3843116 3820104 3773912
3650242 3778724 3878103 3854654
3962510 3899473 3995123 3911654
3869488 3986366 3979770 3893663
3840945 3884914 3930625 3921867
3835258 3873422 3913410 3885233
3701588 3788154 3909339 3732441
3762021 3797506 3758595 3770697
3726104 3797015 3877855 3759465
3868460 3857129 3937236 3786210
3851051 4003471 4046828 3870388
4040794 3909860 3900574 3953526
3841971 3891485 3968997 3861463
4050397 3988911 4040026 3941444
3652981 3851035 3827701 3845325
3868890 3819764 3839704 3742064
3867222 3987475 3915154 3738822
3852136 3779271 3921742 3859687
3985679 4134902 3966336 3967369
4013082 3954456 3860139 4001022
3871526 3886016 3794736 3812589
3897154 3783208 3752162 3782108
3852959 3924725 3806162 3819450
3750811 3721647 3673247 3829979
3902896 3672707 3836323 3884115
3837849 3823149 3833152 3713398
4075795 3831340 3904718 4065067
3928272 4006656 3880835 3890461
3940348 3649311 3775576 3791562
3806078 3892063 3721690 3709212
3805368 3841398 3698244 3803974
3787317 3958459 3793847 3727259
3857181 3857379 3867006 3748658
3767016 3784587 3886007 3748955
3971078 4089374 4001654 4017447
3892031 3817995 3943760 3872941
3848601 3867280 3825088 3810625
3682293 3795607 3681232 3776013
3850030 3872710 3877520 3765048
3817929 3689788 3743942 3671988
3760070 3898632 3770718 3904030
3937545 3770475 3772440 3954102
3791582 4069762 3834443 4048657
4081513 3877182 3969423 4033497
3685549 3886954 3743305 3886962
3956699 3702974 3761084 3921361
3783606 3771547 3681366 3911648
3874331 3700856 3856732 3853867
3861533 3815388 3896631 3752787
3864619 3819502 3803825 3834993
3938944 3993395 3940206 3903728
3931330 3931617 3939969 4024450
3791941 3841117 3893493 3749256
3740337 3750866 3806304 3785983
3807897 3848431 3910202 3687496
3723092 3738091 3887322 3749001
3753612 3905049 3814551 3761836
3844397 3918220 3912393 3706490
3820127 4010841 4029553 3917862
3864020 4018909 3967994 3842550
3696391 3831490 3796041 3768802
3878013 3892937 3765187 3733770
3696943 3885947 3838995 3644501
3872393 3766175 3916042 3692207
3922446 3988786 3908673 3876554
3890921 3755837 3792210 3893177
3907689 3988741 3877192 3805313
3852243 3792071 3781033 3848811
4011943 4106074 4022583 3989610
3959089 3962868 3867676 4025179
4119264 4194617 4158182 4039116
4146866 4033440 3989437 4100234
4051195 3747315 3837528 3800358
3817898 3974204 3834498 3849748
3931948 3734271 3741923 3811314
3788143 3817447 3835582 3808604
4067882 3903435 3908355 3954855
3968233 4059780 3917830 3845584
4208914 4032577 4070781 4100548
4030025 4162269 4092935 4054462
3886723 3977343 3922165 3879686
3880397 3730511 3891476 3821342
3814984 3879662 3915049 3812764
3743368 3771114 3745912 3683753
3976374 4111396 3997060 3837087
3918199 3920928 3968691 3878007
4135607 4182116 4137373 4016589
4063701 3948301 4101562 3963522
3788501 3975489 3859966 4021881
4020472 3778632 3931819 3958708
3736103 3968222 3734423 3998788
4016578 3765081 3849186 3903053
3876829 4068607 3898881 4029946
4004778 3882287 3957784 4057203
3924125 4270058 3946115 4093276
4126858 4011434 4107105 4194936
3869940 3943610 3934353 3846194
3859717 3816763 3866953 3899194
3811286 3788719 3897895 3732409
3774592 3752241 3809409 3887275
4021569 4001687 3973421 3942652
3844994 3932118 3966140 3954732
3962331 4177507 4117576 4064596
4038921 4071377 4099921 4075166
3739507 3855263 3938429 3897044
3949903 3974700 3954320 3741497
3682346 3804792 3852652 3777594
3863094 3934982 3896169 3784689
3863545 4011695 3994491 3931776
4008800 4037699 3989304 3863247
3922473 4011745 4037719 4058529
4114164 4113141 4075579 4082712
3940722 3932104 3867731 3776907
3906259 3773826 3831494 3883971
3997984 4087725 3961726 3984329
4007689 3909311 3944188 3981868
3968471 4049885 4014375 3961503
3953214 3852612 3847781 3984452
3858033 3953723 3798179 3696651
3879648 3738565 3794267 3821164
3893824 3697405 3818777 3910656
3844105 3898145 3851636 3817668
4152533 3853544 3935429 4038010
3989700 4051901 3931793 3893467
3990722 3906227 3908717 3994958
3973368 3992709 3944513 3933714
3912182 3781762 3759448 3881475
3769858 3909414 3829161 3748801
3888907 3977066 3875013 3778988
3766579 3739919 3826705 3803870
4014259 4150892 4026822 3972689
3983643 3995465 4024453 3896821
4006394 4084666 3985216 3905005
3927413 3867196 3866749 3812102
3936207 3817894 3860225 3854172
3779700 3723624 3774980 3727818
3704093 3919150 3814171 3905568
3996813 3755546 3814010 3941403
3848855 4122985 3998717 4053606
4153180 3916528 3923579 4102132
3798112 4076940 3931054 4012011
4141956 3848770 3985108 4040551
3728826 3868094 3750234 3841046
3902915 3689438 3802919 3878919
3808821 3889678 3922175 3762342
3728078 3755883 3861602 3894388
4014922 3957007 4063574 3843930
3946821 3934729 4030835 3919717
4024721 3786416 4046329 3913662
3835113 3914229 3992919 3936241
3842087 3787318 3839681 3670185
3763824 3763998 3811876 3830154
3780216 3930126 3809361 3805969
3916448 3865733 3863766 3807722
3900089 3985710 4000466 3925476
4042965 4044716 4075711 3869872
3916501 4005041 3963018 3889357
4004402 4016277 4017252 3929792
3658835 3829345 3877154 3699474
3910891 3807664 3843099 3734509
3934086 4027517 3981361 3970422
3949979 3862814 3752135 3877393
3997507 4090705 4037920 3913104
3889419 3915918 3876558 3908607
3980338 4083471 3929425 3898634
3994791 3817956 3903030 3872630
3937145 4016393 3814216 3887966
3863868 3786894 3816040 3940882
4014724 3826551 3839404 3893778
3889433 4002186 3872963 3807024
3961853 3829805 3898063 3897215
3911268 3964300 3865205 3861846
3945216 3848765 3840675 3967308
3892245 4020016 3881802 3866419
3973981 3714417 3753459 3868954
3728415 3891841 3858887 3785003
3894461 3937447 3900275 3915205
3884400 3894755 3846483 3743203
3961070 4001239 3906024 3846663
3849264 3708753 3945846 3863107
3986759 4051569 3885164 3839288
3850843 3849936 3892863 3763147
3961916 3982027 3878929 3867542
3737800 3753676 3791067 3815619
3845356 3926003 3813812 3959662
3899528 3775609 3863565 3997239
3843281 4028358 3895402 3979614
4047746 3710339 3919318 3942626
3755929 4002775 3804167 4036037
3976890 3829564 3831025 4028416
3705890 3939635 3832299 3817655
3928104 3760818 3769110 3934614
3839432 3886394 3928180 3889059
3791121 3860377 3937179 3915384
3849525 3961226 4040259 3844211
3855088 3969012 3975585 3875714
3852857 3840467 3926346 3771999
3808194 3891218 3901429 3930147
3829730 3890721 3896312 3740781
3843586 3831108 3814519 3847973
3821299 3882514 3941500 3819822
3950816 3883404 4002698 3893626
3942132 3925733 3962714 3800937
3968051 3946277 4055827 3847257
3872876 3919977 3863451 3823829
4040260 3938664 3926038 3835802
3789446 3850856 3843289 3818055
3926861 3909434 3936006 3781074
3843529 4018919 3903675 3767182
3803575 3753805 3751808 3859749
3984109 4008865 3858750 3891807
3923365 3829336 3774338 3840196
3907468 4052719 3991138 3940489
3979009 3780150 3879016 3984226
3928957 4059304 3981480 3911707
3986698 3829785 3873622 3939678
3863718 3701209 3823146 3854730
3775677 3823250 3701267 3772869
3970507 3731332 3800369 3947634
3810600 3971739 3854006 3822944
3996672 3841352 3846454 3915411
3827419 4039425 3869596 3877465
3991459 3851257 3883170 3949342
3890290 3996207 3854974 3867738
3840186 3918018 3846927 3724808
3788202 3682936 3778598 3711083
3977537 3905958 3971836 3844438
3808880 3787566 3816696 3771577
3941554 4011993 3917309 3902760
3944376 3825724 3852142 3805568
3980645 4015202 3978636 3882663
3945598 3856305 3918693 3836178
3723562 3909183 3793751 3983405
3932357 3637160 3803856 3930604
3777755 3987559 3736935 4014432
3964498 3752151 3868783 3933141
3781919 3962618 3849853 3960787
4041430 3844417 3917375 4010898
3886334 3971613 3891601 3964091
4006899 3785611 3886909 3916917
3748838 3856048 3847554 3718894
3744456 3739650 3802162 3888294
3927774 3864523 3870063 3839743
3840284 3769286 3927216 3787159
3923179 3873595 4016915 3817286
3821651 3819663 4012688 3857886
3833609 3987031 3928773 3863398
3824953 3918079 3899506 3879303
3711753 3911713 3778827 3814255
3937033 3805016 3882986 3731340
3792354 3851837 3915632 3802375
3851390 3958172 3939759 3911814
3862567 3883126 3990338 3792501
3957220 3906196 3981391 3864794
3896618 4005265 3925483 3852161
4024584 4045817 3974109 3766112
4033132 4093275 3968032 4083767
4061527 3950787 3933532 4037675
4073004 4053920 4030933 3963796
3962723 3894503 3877885 4053079
4023275 4140864 3990000 3998041
3986145 3843242 3924446 3950430
4007117 4164615 4087287 3952285
4071911 3851912 3864690 4054835
4125618 3934021 3904296 4051285
3978427 4114922 3913217 3945438
3992132 3854786 3875481 3930388
3883820 4001943 3913392 3831712
4045607 3802616 4049257 4043910
3934224 4035200 3880832 3961028
4055704 3841067 3923045 4020455
3917433 4033943 3944047 3866439
4053091 4073528 4122965 3957759
4004188 3934801 4071932 3976464
3872919 4006046 3987292 3942202
3902365 3874907 3911344 3873814
3982824 4086996 4030219 3960115
3896009 3916670 3973312 3948147
4011787 4111798 3966737 3994318
3947909 3939133 3904531 3922785
3885363 4100230 3962408 4104532
4020027 3864536 3967768 4082075
3846312 4033881 3852687 4070919
4012783 3877545 3870072 3930727
3860939 4109990 3980296 3983201
4097209 3929913 3971645 4069083
3873942 4114409 3937719 4094402
4158082 3959435 3960130 4049450
3988433 3976988 4021447 3924446
3839712 3937758 3920580 3955119
3935103 3971120 3938687 3836944
3877109 3930155 3933018 3939663
4021091 3920219 4034823 3876475
3861417 4008142 3933712 4028654
3906542 3969434 4004169 3931024
3894377 3927512 4053736 3987714
3918195 4032486 4043503 3975176
4089312 4036297 4115306 3909375
3889706 3959787 3918290 3889723
4041233 4035272 3951199 3873454
3905137 3982756 3991599 3867084
4014194 4041763 4035173 3950318
3837802 4075264 3983106 3930224
4025156 4059029 3993055 3930524
3939707 4070465 3937717 3937617
3996404 3871125 3898132 3973617
3901155 4009934 3983893 3919099
3895294 3844972 3819647 3944933
4105756 4129413 3988323 3954130
4000308 3954902 3963253 4059145
4006657 4074964 4014543 3999017
3922280 3870985 3898715 3972835
4087056 3817557 3913341 3924144
3870487 4024176 3818508 3871583
3960435 3802963 3883409 3952094
3868069 3976678 3918223 3776880
4079582 3948687 3923087 4010719
3946806 4122773 4018989 3867877
4067426 3897089 3936234 4008336
3958779 4127602 3903446 3850623
4001612 4058660 3943098 3854308
3877054 3808159 3984673 3835615
3934831 3957586 3959584 3849967
3796539 3836960 3826328 3813347
3987413 4066306 4101699 3995703
3974225 3952404 3967169 3915220
3960706 4117964 4007908 3892332
3810399 3864520 3997038 3849271
3841833 3994899 3867430 4021950
4056219 3802843 3937957 3999639
3763584 3937384 3844838 3971739
4032472 3737525 3873056 3963891
3911858 4046637 3926904 4043218
4111400 3792369 3978486 4054155
3853182 4027529 3936465 4110675
3964451 3846562 3984058 3998881
3907461 3878859 3973829 3872482
3788578 3907935 3859680 3918541
3867511 3950965 3937240 3779765
3808568 3909509 3897251 3851297
3942583 4002950 4159159 3827121
3828760 3983275 4030859 3994301
3849918 4000592 4037837 3910332
3860602 3930703 3968184 4000032
3879816 3952125 3963473 3912071
4037714 3913437 3977898 3860621
3804966 3857143 3827364 3817084
3867653 3939545 4075916 3827247
3929761 4011209 3962208 3894771
4106169 4047395 4060768 3994533
3856347 3971218 3867863 3906602
4002655 3994479 4035296 3854696
3991818 4049842 4039488 3927457
3920644 3862339 3943538 3851316
3936061 4091172 3993139 3872585
4003442 3829289 3912237 4007058
3919064 3948786 3840331 3855542
3884260 3692870 3753952 3863182
4015600 4093319 3989923 3970940
3975489 3933601 3897511 4112415
4047894 3832997 3840637 3988813
3949284 4032275 3828996 3871519
4019814 3860467 3919224 3956857
3968100 4049951 3875555 3876052
3879408 3710136 3790220 3854111
3770222 3930056 3765747 3706870
4070974 3867997 3920481 4008294
3933575 4080441 4003391 3897601
4028789 4042666 4000110 3860598
3856181 3885216 3949462 3863597
3918884 4108615 4021406 3889089
3869201 3877889 3942320 3870616
3826792 3948070 3888348 3781133
3787345 3743412 3847708 3769150
4068961 4054995 4024891 3925002
3903901 3868806 3940717 3942948
3769272 3962075 3942534 4055463
4004399 3772321 3935124 4084819
3875922 4008513 3832511 4032552
4028044 3804492 3981329 3975263
3647860 3852923 3846053 3899722
3933159 3736945 3869237 3954051
3858218 4095409 3894622 3995273
3992942 3844749 4066310 4086942
3949125 3941075 4020892 3843715
3841737 3870179 3948685 3902470
3970450 3877087 3999922 3844723
3856082 3923155 3892511 3925269
3824705 3816549 3929891 3797694
3699083 3789439 3798607 3811767
3924593 4035240 3965744 3959682
3939924 3934051 3975187 3923602
3837925 3941673 3966632 3904223
3900211 4008948 3920247 3899688
3834521 3950489 3941637 3936841
3988653 4016102 4069683 3876983
3748795 3821282 3851094 3795846
3829221 3866257 3895099 3649612
3971264 4003667 3956783 3945946
3976508 4004677 4029739 3859804
3908380 3968975 3891376 3856176
3900869 3767759 3840823 3928016
3892497 4040166 3876029 3790894
3742813 3730690 3815595 3874892
3961217 4012203 3955464 3797987
3821639 3720049 3785832 3889167
3854213 3978846 3854160 3833932
3780013 3636324 3757799 3859857
3965502 3789017 3790579 3850937
3859999 3955447 3823261 3707990
3980728 3718230 3735259 3911664
3839905 3958626 3807263 3760091
3921216 3784723 3782001 3913164
3820500 3884191 3904457 3730958
3912612 3773791 3814079 3890106
3736077 3881145 3705090 3777444
3913925 4001577 3915342 3797464
3836272 3820275 3868701 3760083
3850565 3968784 3843941 3804108
3793864 3767039 3869479 3778240
3850026 3887722 3825102 3777108
3822004 3729193 3774515 3757994
3892122 3894905 3841712 3799925
3740931 3702167 3884598 3736448
3777923 3963993 3862838 3977930
3905130 3737923 3853676 3952720
3749526 3913039 3828574 3975264
3950566 3651718 3879467 3914874
3806820 4010048 3812998 3932426
3975466 3734586 3807197 3822278
3655375 3936626 3814263 3855419
3917296 3720584 3828674 3948589
3785209 3917974 3917347 3802542
3837071 3846201 3936026 3861881
3870193 3835547 3926392 3789735
3803887 3846522 3874885 3815904
3992708 3835900 3852691 3799699
3748940 3887483 3812808 3886569
3813574 3872488 3990719 3723922
3756920 3722614 3864827 3804756
3808416 3850392 3816113 3846234
3953692 3943310 3901745 3867376
3818553 3884470 3875289 3708975
3852259 3923524 3812399 3736038
3837188 3910738 3868439 3752123
3963731 3888639 3931956 3725440
3696537 3873323 3914831 3661004
3832636 3895582 3858306 3794776
3796385 4008639 3860883 3845780
3799783 3729427 3661723 3801226
3891599 4017859 3981607 3900761
3855578 3795475 3805010 3866897
4011055 3979730 3943409 3927441
3997326 3878942 3958332 3989271
4038508 4197303 4098005 4070714
3942246 4012255 4053637 4107670
3971904 3662855 3680705 3797666
3810330 3977079 3745685 3753497
3913153 3796693 3832187 3809681
3750038 3937907 3813046 3677864
4097741 3894519 3834938 3962699
3916393 3976028 3843250 3854488
4114425 3971354 4045679 3991355
4011516 4128941 4039348 3978165
3921135 3962922 3805138 3773832
3720111 3754973 3748722 3794178
3827407 3895897 3772921 3785519
3755087 3699552 3844451 3747927
3938504 4039034 3893927 3930142
3902378 3807407 3902655 3830686
4058880 4052899 4086037 3951970
4032164 3922342 4051583 4052310
3692327 3856802 3756163 3874472
3853571 3644702 3780468 3928079
3702060 3902572 3734011 3981028
3890840 3750509 3839972 3901000
3850931 3998119 3881283 4009576
4066169 3760193 3924382 3975379
3920383 4136688 4017527 4092124
4139827 3904180 4030471 4052853
3803041 3756462 3922414 3692258
3709261 3694301 3799839 3801792
3886300 3791965 3871002 3767283
3717630 3712306 3850016 3822798
3931212 3898015 3916678 3847359
3825330 3951251 3864375 3837798
4007061 4038673 4091469 3930107
4008128 3972743 3998627 4077043
3701960 3781846 3831159 3710607
3832486 3812403 3793252 3746233
3732545 3881410 3819074 3735399
3771852 3963179 3960126 3785222
3875610 4009175 3909274 3911611
4103401 4063494 3986176 3839056
3960817 4063869 4034910 4004878
4125306 4025775 4086108 3924993
3836342 3841646 3853333 3741890
3803969 3822787 3740148 3804979
4071106 3860009 3997183 3931719
3842738 3987117 3831133 4064956
3927662 3875123 3899658 3893216
3880435 3961114 3766300 3899501
3912405 3686416 3772397 3755276
3713623 3823041 3714727 3781269
3865341 3712021 3874754 3827475
3745247 3876712 3708278 3804341
3928338 3901100 3898465 3966064
3884430 3873199 3711917 3793737
3919217 3831848 3861316 3866247
3792513 3842289 3770172 3938124
3920519 3733294 3812268 3824345
3703746 3810210 3649025 3768556
3794471 3891428 3681623 4029915
3753746 3838196 3721728 3811439
3897485 3895189 3831615 4149147
3891530 3844174 3798894 3937006
3919202 3962278 3760469 4111589
3897692 3865355 3774976 3816137
3714822 3821734 3658359 3958339
3773586 3717301 3716028 3707510
3784157 3878491 3763051 3829162
3822884 3785756 3912087 3766060
3919017 3962634 3897651 3827267
3874612 3884663 3999783 3956420
3900594 3965040 3840975 3910587
3945230 3798618 4038748 3894556
3733106 3820470 3686429 3735876
3752113 3759569 3830232 3720050
3816744 3655965 3841666 3750880
3774289 3716581 3783979 3744505
3869839 3808680 3961527 3891340
3846048 3905209 3879912 3936931
3825057 3695920 3918579 3811409
3880085 3768062 3880653 3782360
3717739 3602128 3845467 3635339
3781489 3702638 3725611 3769179
3837797 3750993 3809166 3851854
3823288 3979109 4023782 3792678
3896296 3794481 4008034 3946971
3917189 4054668 3999998 3899371
3894159 3797295 3899817 3967885
3902011 4042636 3960568 3871815
3875870 3818030 3820545 3707503
3870183 3922111 3857829 3826476
4071425 3969210 4010141 3882058
3962264 3980201 3861140 4021596
4119924 3979765 3936796 3994089
4015104 4039733 3804899 4079635
3995392 3887170 3910176 3847560
3887297 3907119 3770594 3896933
4094919 3947453 3972016 3974380
4036816 4116072 3951577 4069144
4064199 3910633 3944290 4034244
3926555 3952355 3776976 4001691
4030982 3904183 3905716 3983079
3933630 3888049 3861306 3997857
3880969 3806812 3831938 3972463
3830103 3872663 3775231 3758832
4038451 3969519 4056742 4100380
3964439 3967753 3857348 4089005
3953219 4055373 3823617 4113910
3956687 3992977 3910447 4028349
3966637 4067178 3897438 4154046
3976434 3932532 3867104 4079210
3760676 3952111 3728580 3985687
3815863 3764011 3746908 3846780
4029205 4136822 3871092 4204852
4007536 3915731 3876719 3991252
3887848 3982959 3953594 3969137
3936778 3896324 4067085 3974550
3939033 3988440 3894791 3951380
4007560 3967550 4096703 4000272
3795189 3902065 3836153 3829267
3877858 3859375 3945201 3885219
3954322 4046881 3937773 4006784
4005212 4032034 4164023 4065079
3966945 3889088 4064057 3888787
3920823 3927983 3953147 3901906
3939085 3860130 3981269 3942911
3954341 3896180 4022244 3949502
3820895 3762208 3871685 3770307
3915020 3742372 3867970 3854775
4009832 3857447 4081653 3989344
4086548 3951127 3972643 4018709
4000792 3919177 3954633 4004200
3971955 4068428 4103960 4075371
4034079 3915571 4051969 4045246
3943122 4087715 4136514 3984108
3880883 3846720 3943302 3931007
3832237 3962948 4063365 3826855
3927011 3980421 4056402 4002283
3963990 4198711 4002243 4054469
3835570 3720284 3820535 3826532
3799509 3748610 3641233 3831314
4006457 3864404 4040762 3893092
3873685 3857511 3871029 3998599
3950094 3866341 3957567 3913519
3853396 3872654 3774351 3872732
3867756 3787178 3896904 3803671
3749893 3822608 3692541 3835231
3786614 3764932 3766931 3884456
3743172 3807179 3723253 3865335
3991327 3873528 3956317 3987230
3893942 3883917 3719141 4034569
3916489 3874464 3840395 3945030
3780475 3862022 3804935 3920295
3889386 3785207 3775807 3820552
3663801 3745119 3715966 3795105
3709432 3869902 3644639 3920214
3781946 3622913 3670804 3771360
3858763 3983624 3784725 4114429
3878993 3955926 3880062 3965237
3836636 3939398 3718222 4069728
3870021 3807228 3829716 3891429
3744764 3863526 3676717 3989025
3779089 3815861 3719984 3771604
3727639 3754148 3713259 3795600
3776053 3819614 3865204 3802139
3852425 3921228 3910312 3929504
3921027 3926689 3998255 3882867
3791276 3866568 3792803 3874790
3830483 3873542 3981388 3867338
3775706 3876101 3701085 3794910
3785988 3851136 3916177 3824200
3748695 3576734 3780782 3660316
3824185 3679451 3816751 3690382
3904777 3786316 4005747 3855259
3954791 3890360 3953635 3853441
3889560 3764351 3959490 3824468
3915041 3875166 3923750 3912873
3798430 3676371 3777068 3746044
3806124 3798071 3784454 3688375
3778415 3788094 3827186 3805417
3843120 3947658 3974203 3879846
3913636 3849242 3894723 3968069
3907136 4109546 3945495 3988674
3908644 3826842 3961037 3974687
3978147 4006764 4026268 3947346
3899484 3730275 3793358 3810495
3829664 3925214 3807452 3833146
3943291 3836414 3980522 3939457
3880820 3917955 3828981 4057188
3864449 3803090 3757955 3713698
3752549 3802293 3750201 3775913
3727003 3612633 3663549 3700174
3686270 3677163 3673152 3665082
3872620 3782748 3871583 3785921
3791592 3863432 3677655 3867004
3907984 3861612 3926244 4003901
3881217 3828249 3751458 3855749
3879079 3728381 3768515 3798914
3720746 3768022 3684720 3783772
3680965 3711263 3668238 3733951
3560193 3660100 3567875 3735529
3768445 3769742 3737694 3872765
3732737 3721710 3635912 3842474
3820402 3956420 3771657 4152818
3887833 3915814 3828728 3866316
3810267 3883531 3644957 4015831
3789060 3704724 3677038 3781556
3637802 3791101 3589479 3888830
3641097 3726196 3633904 3680311
3743323 3914837 3706961 3966181
3780439 3748873 3678896 3796477
3916281 3907088 3844293 3973907
3958316 3829624 4024828 3883001
3761835 3825980 3726208 3852579
3665212 3735360 3891825 3814150
3618297 3632735 3650724 3640429
3633690 3658910 3894295 3683381
3739086 3764617 3781439 3769727
3849156 3878691 3930686 3832031
3855320 3817919 3917342 3856727
3932714 3828569 3965508 3897691
3783964 3646092 3831108 3779567
3820830 3755302 3736530 3730699
3721331 3545824 3720211 3690378
3761748 3663226 3700330 3557993
3808770 3590517 3860597 3699522
3804264 3771410 3703344 3733655
3881304 3902906 4028353 3964208
3934916 4096730 4037503 3921335
3863198 3736685 3844490 3783614
3752911 3853363 3943707 3839478
3720988 3634735 3779399 3766674
3729867 3831058 3820773 3758642
3778466 3667006 3863942 3807236
3750865 3851290 3940070 3819649
3928646 3676027 3817275 3787018
3699738 3795082 3695576 3774238
3966353 3876328 3968802 3888548
3903940 3941092 3845038 4021863
4071755 3983178 4044343 4020069
3905487 4044235 3966380 3994413
3931887 3887109 3955141 3775493
3930021 3922014 3797087 3933389
3786970 3662354 3798904 3775445
3676972 3718895 3596305 3744786
3947079 3839690 3917854 3998159
3896754 4023585 3788557 3928245
4119300 3991694 3999366 4025221
4029399 3885645 3884802 4068800
4009970 3837312 3844934 3923013
3842953 3869405 3791846 3853320
3838383 3813876 3640433 3892684
3712588 3740552 3673405 3794574
3940182 4056456 3741892 4202219
4018241 3880300 3862214 3909288
3938911 4056441 3885186 4203869
3841434 3984616 3766788 3993020
3876662 3928625 3859080 4062786
3845860 3879059 3805639 3795461
3749777 3836070 3720625 3770320
3783939 3744874 3920334 3762808
3904746 3952787 3935140 3931795
3894698 3972905 4103610 3995517
3921243 3978704 3966390 3940427
3999579 4012323 4097188 3954344
3853901 3866476 3879241 3802396
3950093 3790031 4041738 3830000
3731496 3674484 3781420 3698392
3812297 3731945 3709160 3723406
3933987 3826992 4017779 3850924
3955562 3905257 3929587 3829977
4042418 3788061 4064096 3930632
4166866 3894437 3954168 3930335
3917967 3770772 3863059 3794696
3971012 3946073 3910096 3876712
3783266 3693270 3760781 3825013
3779748 3916883 3837117 3765463
4018881 3966330 3970240 3953940
3936869 4102185 4110179 4046480
4019642 3954397 4054549 4046799
3949250 4157963 4056303 4082397
3858117 3864174 3932711 3938867
3920507 4008455 4052200 3936304
3978493 3733396 3939505 3762123
3828628 3850373 3801628 3878577
3964446 3859023 3959148 3787076
3852109 3890454 3765097 4002416
4088365 3905784 3971832 3841545
3777981 3965264 3839416 3972988
4012770 3933575 4000980 3972105
3919032 4008594 3818302 4001922
3838331 3811555 3757531 3905481
3770217 3801779 3700899 3805985
3978254 3840402 3871906 3952497
3795939 3810258 3744954 3871552
3955077 3817613 3850074 3881070
3893040 3853939 3734302 3887956
4005670 3883428 3910155 3973969
3808132 3901775 3791715 3851310
3822748 3978263 3698230 3978690
3852925 3854401 3831151 3833700
3854321 3963472 3769185 4024751
3889817 3830676 3757886 3904030
3899182 4056090 3672723 4043106
3856243 3844973 3779812 3858468
3965621 4039640 3771161 4065541
3860586 3859443 3770395 3944800
3730254 3832778 3818738 3828337
3918387 3757123 3977087 3877143
3907494 3855650 3841103 3945742
3886239 3834815 3984143 3832034
3871881 3971258 3749258 3913770
3911823 3861011 3993734 3811604
3860373 3840352 3848433 3874155
4009317 3889430 4002080 3886425
3853979 3719394 3812456 3755565
3875935 3806942 3818865 3744722
3888371 3761715 3947867 3750763
3869452 3839950 3852531 3785091
3833597 3798910 3884188 3795154
3893405 3813482 3890062 3876725
3885704 3777617 3950203 3830685
3997041 3912818 3910762 3881972
3810922 3812045 3942434 3810748
3858171 4014323 3941848 3899290
3778587 3813573 3888744 3849047
3895612 4008884 4066202 3878893
3937606 3823901 3974196 3866443
3884322 3933926 4012025 3992143
4018367 3860276 3871251 3956872
3926721 4043691 4080790 3969221
3944957 3861645 3988026 3874996
3832632 3974556 3789062 3973287
3977403 3788726 3878392 3849613
3871082 3926202 3789146 3840199
3982469 3814893 3959003 3885490
3900952 3950992 3776025 3906062
3979481 3858775 3935025 3933721
3818798 3936794 3800939 3949134
3995990 3826600 3880871 3910566
3847631 3909070 3823239 3945389
3895588 3725084 3839306 3946413
3784660 3873291 3745741 3883491
4002604 3758692 3801756 3910654
3855372 3788496 3710305 3862604
3912506 3740294 3846663 3963174
3802242 3818682 3766769 3757828
3921754 4061995 3762528 4092025
3890700 3887031 3789581 3898702
3843007 3918429 3694828 4035635
3787223 3859367 3722545 3913967
3830905 3933260 3814493 4024065
3863999 3808045 3794820 3808108
3855262 3983644 3646418 4098715
3818861 3898446 3739124 3918328
3800091 3864912 3850733 3932655
3859234 3859686 3990543 3885984
3820056 3888066 3795564 3815197
3935229 3853755 4014781 3869566
3846288 3793889 3794172 3826614
3846340 3896458 3921755 3921752
3852716 3932532 3849692 3803274
3806229 3796839 3946050 3863914
3788287 3776697 3901907 3865240
3895865 3778622 3866263 3737927
3815610 3638244 3878078 3783543
3828038 3762687 3774150 3753248
3927938 3713029 3832557 3795593
3937498 3775118 3876854 3744152
3867047 3705530 3954725 3779926
3835091 3820178 3828231 3814925
3960848 3863693 3958485 3978490
3917837 4022084 4039586 3936832
3921238 3769268 3878508 3883097
3825895 3877534 3945173 3909674
3862835 3831187 3927018 3910493
3881593 3963959 3956566 3916333
3873295 3836506 3887541 3927014
3929643 4008126 4034241 3809537
3904038 3755048 3711657 3836867
3765927 3791093 3699613 3859259
3891608 3739838 3824954 3856188
3821149 3796005 3802379 3889669
4005899 3832162 3893142 3901713
3801826 3921909 3789177 3919557
3892777 3803423 3896725 3956731
3833167 3841876 3755214 3882689
3875346 3811989 3777462 3839528
3735862 3776671 3650124 3771628
3903396 3793329 3788456 3856075
3758179 3698742 3722257 3786754
3968925 3828608 3849582 3979646
3878914 3880914 3731237 3894850
3866154 3757581 3891639 3852733
3674818 3838108 3710505 3820916
3777484 3851225 3667579 3966891
3819016 3731823 3635120 3781203
3884215 3941996 3687591 4083363
3827319 3778387 3706315 3822556
3868607 3917720 3735336 4046890
3909188 3843082 3806385 3908252
3745652 3834744 3607983 4053126
3770255 3774863 3761613 3891689
3767385 3808621 3802974 3708411
3765028 3760178 3880312 3696565
3809651 3829178 3728877 3733524
3854038 3789442 3894671 3750956
3810872 3804766 3829264 3891343
3861921 3768692 3977433 3900382
3855635 3806985 3791313 3937006
3807211 3858302 3925159 3824939
3814397 3691476 3774744 3708272
3824303 3732791 3786191 3703385
3752150 3619483 3895154 3706083
3770581 3720992 3781242 3716006
3809431 3753663 3889952 3831647
3901396 3780068 3887755 3857538
3832292 3695370 3825679 3747000
3843064 3774398 3748011 3766779
3753513 3704805 3883295 3760974
3798328 3880839 3871712 3746106
3787583 3777066 3838235 3834717
3805776 3993993 3876968 3767233
3807769 3817881 3861317 3949345
3898256 4072394 3976225 3893366
3858154 3806630 3820429 3853915
3834387 3981087 3892229 3856247
3862389 3772366 3795867 3795601
3757732 3812857 3800092 3914906
3960704 3832846 3881829 3819189
3836281 3912296 3793420 3892627
3871229 3826267 3849517 3784745
3827569 3803441 3667786 3923455
3964407 3803686 3881900 3850145
3828505 3815036 3770453 3915958
3866654 3764100 3826415 3818105
3744648 3750385 3672670 3849089
3857342 3849933 3806140 3889122
3734201 3813785 3783794 3808955
3851976 3745183 3735550 3817890
3718890 3699127 3607039 3785073
3842582 3750283 3740603 3857223
3792868 3765326 3670029 3849520
3766558 3786920 3711108 3943099
3825179 3742456 3744339 3815447
3804422 3953273 3715669 3975708
3817618 3859962 3759447 3828527
3787056 3913679 3610961 3937969
3744370 3757157 3612130 3759480
3724026 3830314 3597999 3942466
3810080 3708978 3785339 3795786
3751666 3897740 3722768 3800378
3823882 3739413 3841361 3782458
3810017 3837313 3771222 3771186
3833243 3838372 3900125 3837963
3795767 3855469 3727059 3813259
3755102 3779933 3836512 3805371
3828816 3856443 3824553 3834965
3792670 3768860 3973557 3824040
3826142 3694054 3809289 3722861
3807889 3776429 3809059 3709621
3882605 3682421 3813257 3781552
3882591 3738028 3838838 3774243
3784281 3652597 3823810 3666161
3811662 3680454 3767165 3648904
3790857 3717291 3908005 3791315
3844289 3838748 3798875 3752389
3820301 3716571 3811670 3833207
3807334 3936056 3925186 3802110
3908393 3753623 3851794 3827604
3805250 3977281 3979245 3904138
3795556 3743756 3861464 3858762
3714089 3950961 3899640 3810008
3822134 3736873 3863529 3833867
3904187 3869102 3934660 3880852
4075575 3927120 4018711 3925836
3823358 3938397 3844132 4003362
3939757 3815743 3973549 3930201
3933902 3885630 3761642 3987163
3832117 3719819 3781330 3706789
3790199 3809785 3634198 3793020
3998229 3751351 3906385 3853504
3824828 3825020 3633610 3964665
3986110 3832946 3948090 3979053
3801645 3838105 3773859 3916037
3885454 3720327 3806622 3939235
3785259 3789957 3734748 3844197
3791862 3692070 3647371 3751167
3687680 3732728 3611159 3791231
3846895 3723497 3872593 3887308
3806565 3770832 3756620 3837660
3907727 4066575 3751672 4063717
3838835 3922712 3864743 3924180
3941639 3948054 3729350 3991329
3895113 3841570 3770980 3827135
3739200 3796326 3685614 3965991
3732514 3612000 3656061 3748394
3781774 3959082 3718238 4013244
3831990 3853851 3689524 3851777
3897732 3992739 3852433 3858748
3832230 3943830 4018467 3890462
3772629 3876668 3821561 3894008
3790807 3787260 3960968 3802980
3691969 3689803 3640872 3766821
3786300 3762574 3785073 3776278
3750918 3864094 3757559 3768010
3867073 3817962 3944930 3777714
3879824 3808289 3918515 3899214
3943326 3802327 3837521 3827342
3866247 3912371 3984002 3839649
3862504 3835939 3866014 3726851
3811404 3538489 3762543 3731247
3750260 3737393 3749931 3764337
3800242 3725435 3873414 3754379
3946515 3761236 3764076 3719157
3883344 3858457 3890693 3940806
3846280 4065054 4118776 3977501
3824494 3796437 4032485 3869533
3844628 3994857 4039472 3951843
3732396 3773764 3824250 3815436
3732963 3754955 3834642 3717679
3891462 3715452 3918309 3781979
3787357 3893923 4011191 3852534
3896068 3714172 3831666 3708666
3697852 3850824 3702122 3897363
4133678 3974069 3992290 4018312
4072474 4128033 3902065 4099419
4023805 3876311 3982664 3871439
4004392 3947888 3899834 4033952
3945259 3768797 3893848 3846604
3880986 3903245 3873042 3943815
3848470 3708914 3735903 3883236
3801558 3822045 3675141 3809523
4095825 4032038 3961513 4143277
3985790 4007550 3875800 4038252
3996563 3848581 3896855 3983354
3980102 3833411 3833117 3943384
3924261 3826235 3899890 3909074
3753749 3918765 3771213 3895029
3763847 3927375 3623730 4059958
3784123 3818427 3694092 3778785
3955408 4060512 3862791 4271557
4041901 4067538 3960595 3990976
3929918 4048296 3753692 4122809
3942041 3910165 3928299 3958386
3876260 3940096 3719241 4094521
3868869 3853550 3777957 3890277
3741269 3796328 3798112 3838191
3806332 3815750 3924110 3806788
4007813 4096345 4045687 4024084
4011219 3978029 4121517 4035012
3957916 4023522 3923517 3890488
3875576 3925635 4066099 3996957
3873057 3887223 3874711 3889618
3755291 3881773 3980164 3867326
3777519 3675850 3799706 3762371
3858653 3723028 3824897 3690547
4071652 3976723 4056779 4073554
4071797 3960843 4012298 3950633
3989008 3729355 3929102 3928423
3910841 3892247 3956740 3933722
3916391 3810814 3886518 3843250
3893461 3896058 3979450 3728075
3824213 3737222 3879206 3809859
3779656 3979139 3969128 3900451
4036738 3971542 4071696 4087281
4071815 4178532 4186413 4104948
3936470 3907960 4000688 3924031
3999037 4003110 4020332 3988626
3902512 3798282 3887777 3951071
3864846 4004112 3989036 3871160
3834195 3662631 3856356 3827508
3775953 3821255 3740567 3867974
3933032 3803634 3858281 3833304
3808580 3875575 3766163 3946603
3937835 3925990 3984916 3887926
3859822 3873315 3786303 3887540
4031603 3890999 3861264 3889820
3881059 3876449 3815952 3854133
3774720 3706134 3745896 3845659
3766653 3747943 3637839 3740565
3888604 3723308 3807849 3851260
3745099 3800667 3730896 3804925
3906902 3797968 3816905 3888398
3837138 3921033 3715725 3859827
3913316 3873873 3884460 3902816
3735107 3842980 3743529 3912995
3818249 3887904 3593637 4000176
3849934 3659152 3707964 3812997
3839326 3954082 3704632 3989936
3872910 3776043 3754566 3837516
3965014 4020370 3750051 4049130
3802129 3781335 3742602 3921949
3808040 4033897 3732508 4053081
3851049 3841145 3756932 3877555
3773254 3778589 3798773 3785123
3837422 3777102 3902155 3744840
3791806 3841720 3836709 3825120
3873103 3838511 3972515 3845754
3869656 3935318 3889883 3897629
3901674 3810810 3957766 3905472
3758715 3904226 3841813 3861197
3829940 3784669 4015727 3885209
3799069 3587204 3832037 3700091
3772065 3739768 3798512 3653372
3831577 3711765 3815049 3791860
3746242 3757673 3858026 3736313
3798940 3785826 3921668 3792882
3907661 3836380 3760587 3826732
3764099 3736725 3913234 3850802
3840559 3752559 3887580 3775360
3849834 3681595 3821526 3845443
3830610 3905678 3953267 3754923
3927812 3821060 3952213 3885603
3820306 3936406 3988894 3815914
3925293 3810125 3919403 3919090
3904849 4001857 4045294 3907183
3901267 3801926 3941252 3912752
3911902 4044616 3937912 3906914
3776999 3806445 3847460 3722308
4053808 3954184 4018216 3917471
3848111 3920836 3895507 3764231
4145891 3946728 4047162 3953136
3607809 3853181 3795622 3663014
3943513 3920903 3948155 3812061
3771692 3986964 4010602 3705036
4098888 4005508 4033257 4050498
3997127 3859087 3820540 3870525
3839682 3936001 3797736 3873396
3901746 3911735 3889671 3877671
3820774 3987606 3763864 3983912
3901735 3722219 3793123 3831985
3779216 3941911 3759872 3928266
3981609 3957360 3931009 3985873
3855896 4043330 3748954 3959014
3957844 3848872 3820293 3933572
3788656 3913429 3809406 3801871
3963050 3825546 3879429 3886074
3834648 3955612 3884383 3861501
3878670 3772344 3732821 3836572
3723659 3865294 3867737 3769024
4003330 3979714 3933099 3989767
3847069 3978510 3962911 3958083
3894254 3807218 3793877 3823810
3865900 3875063 3838404 3924178
4002956 3838178 3846789 3863395
3814501 3942694 3917402 3900571
3873768 3841272 3685422 3705765
3824836 3751936 3872314 3882552
4010718 4001727 3866259 3916516
3923829 3953398 3940254 4026640
3924419 3925771 3820857 3885898
3798078 3885520 3801293 3775622
3940778 3987558 3868127 3960739
3745082 3869810 3902493 3882378
3760590 3902022 3754171 3746707
3853177 3771109 3833557 3798965
3960178 4019206 3937679 3954396
3884122 4046960 3936610 3929832
3930140 3864492 3795383 3831619
3781739 3981828 3835625 3929860
4035943 3898572 3822418 3869325
3864125 4051425 3826951 3955823
3936585 3792288 3732907 3844588
3664022 3951658 3724047 3873633
4015163 3931824 3916081 3983872
3828264 4068734 3873593 3955523
3729074 3841955 3875303 3690281
4017992 3947189 4005778 3887417
3731315 3900251 3792899 3658639
3997443 3866457 3917798 3840849
3841849 4033078 3952480 3840665
4066618 4059532 4114373 4008500
3854746 3978468 3946130 3906752
4177760 4028292 4069146 3937202
3813226 3799603 3813572 3919292
3791635 3934084 3787064 3887738
3825860 3723395 3804168 3774369
3784866 3770789 3692961 3808793
4108204 3835642 4016109 3971008
4010550 4130316 3960531 4033101
4032573 3892955 3954943 3903346
3908319 3978123 3795856 3986892
3923256 3872385 3848148 3873588
3733970 3851525 3809027 3820857
3891974 3858794 3836898 3802070
3756523 3892740 3758626 3741426
4053326 3914496 4020298 3961337
3866850 4084788 4003051 3941987
4026378 3914284 3926323 3972184
3918016 3993712 3971784 3949155
4017395 3890481 3647414 3866524
3864870 3856182 3939217 3896136
3849049 3811007 3729790 3856315
3725956 3758556 3837212 3881019
4052686 3951773 3889025 3929916
4018213 4022423 4002959 4053576
4043520 3944316 3881657 3886527
3928622 3994014 3893782 3982106
3828782 3980781 3812556 3845866
3758731 3835080 3855956 3832014
3797668 3898983 3752385 3853274
3783767 3788575 3845784 3838300
4026712 4057190 3927981 3978808
3901061 3989686 3942232 4014864
3914451 4056360 3934351 3998207
3936772 3906599 3958536 3905769
3951596 3832011 3825295 3829096
3821614 3957926 3796038 3952895
3910466 3791713 3754541 3735367
3678415 3861236 3760973 3860193
4072335 4042400 3871938 3951398
3937751 4041320 3904699 3996774
4027290 4067995 3895146 3926246
3986238 4067185 3855202 4066303
3838217 3888279 3819377 3726833
4080738 3925938 3980453 3900528
3816904 3967151 3931989 3759975
4180443 3940187 4008985 3980458
3698148 3773129 3789124 3596179
3842018 3819386 3910268 3783484
3759801 3873812 3887465 3780004
4011546 3968357 3940975 3897569
4067036 3776548 3903212 3799716
3864686 3902083 3785779 3953816
4029864 3818912 3960806 3915861
3867696 4035811 3847257 4032108
3833918 3629228 3691636 3711057
3699769 3815686 3665740 3770573
3987544 3772424 3839145 3815408
3815400 3888396 3733810 3945538
3965533 3864424 3899703 3926849
3784834 3980414 3935012 3764473
3961070 3946339 3950566 3923247
3773324 4044222 3962414 3908287
3805666 3741662 3769627 3768726
3643697 3804850 3750955 3633238
3983398 3912615 3869588 3832902
3754071 3856036 3868502 3790363
3978427 3875003 3839656 3862707
3908375 3903681 3939787 3899634
4029275 3973628 3869562 3947902
3968930 3906196 3957681 3975567
3805162 3671288 3679242 3665312
3732169 3748041 3776566 3843888
4005427 3869193 3712749 3803057
3798226 3875575 3851277 3933983
3898475 3961459 3790913 3916926
3780095 3896562 3902553 3784267
3964554 4003417 3906882 3958624
3895107 3906409 3902459 3949424
3770853 3839575 3705580 3758402
3625955 3680142 3698192 3696308
3835760 3876168 3817306 3869151
3803127 3869103 3841353 3781533
3959444 3997272 3850862 3857329
3887815 4008468 3844713 4012026
3989163 3974947 3867828 3925160
3763568 4071049 3826081 3942046
3864710 3753833 3668502 3736638
3692120 3895916 3738410 3832245
3961617 3891883 3795615 3877836
3878628 3975711 3742831 3918498
3811788 3971030 3895661 3726640
4010891 4014410 3991131 3918270
3817147 3968293 3928659 3783490
4097764 3942090 3983362 3903366
3818600 3980037 3950507 3795822
4104097 4023672 4122516 3983988
3602314 3745758 3709922 3520001
3873678 3794050 3838575 3772964
3973978 3870297 3868692 3867696
3859487 3914993 3767519 3979211
3985296 3809812 3958998 3910276
3826597 3859207 3763070 3975705
4011963 3882273 3936521 3912061
3839646 3957370 3889850 3997128
3696799 3626336 3777564 3711111
3622152 3767299 3611409 3729369
3902357 3970156 3828104 3923166
3814747 3860852 3897488 3784085
3983623 3859186 3873679 3885952
3796014 3976108 3890844 3765067
4021647 3985330 3910481 3975858
3838232 3991519 3922783 3883266
3775732 3714389 3745420 3733191
3619512 3791747 3783121 3668934
4047043 3889803 3854829 3947347
3931097 3852043 3998580 3937510
3971427 3844074 3788963 3908840
3808279 3883827 3874998 3868317
4035692 3951277 3790152 3973446
3858007 3894809 3987162 4029305
3853247 3674338 3667735 3693402
3745235 3733469 3748224 3834901
3898279 3992605 3740466 3876115
3879939 3780147 3920954 3809461
3873756 3934749 3784844 3872291
3805264 3884042 3886932 3877964
3940068 4041319 3880665 3962890
3854341 3947150 3967467 3854190
3679374 3797215 3653655 3733680
3695497 3702912 3670224 3679068
3942021 3912820 3772603 3943791
3752454 4001823 3810089 3900669
3928723 3981078 3829434 3882781
3805978 3963832 3800585 3839576
3977961 3986730 3771573 3940692
3828534 4051816 3840583 3975829
3793787 3701346 3633158 3695534
3614074 3909071 3610121 3812980
3801698 3874718 3821490 3651539
4010505 3891143 3997333 3847747
3717427 3834450 3848403 3703040
3961470 3923147 3929938 3793889
3809988 3947097 3895406 3847488
4110967 3978139 4079981 3930485
3793880 3859185 3791245 3730218
3992205 3986813 4095392 3898702
3992174 3888860 3797012 3851739
3785468 3905576 3766928 3891249
3934296 3796344 3845026 3797928
3823427 3884857 3723673 3900991
3925855 3829688 3900258 3867894
3909875 3889370 3901205 3951251
3913724 3818180 3808182 3818172
3893465 3929868 3813597 3949895
4003939 4006993 3831484 3847145
3803469 3968248 3846583 3823504
3880648 3879659 3866434 3917912
3808535 3937982 3814050 3848779
4009073 3934468 3864318 3909070
3862209 3934532 3905623 3781525
3925452 3846273 3877246 3886877
3760267 3885431 3877650 3829672
3971150 3809287 3806675 3845776
3794633 3914452 3881955 3955425
3936552 3691193 3651709 3820844
3768402 3834987 3841860 3902337
3973128 3953210 3804175 3816742
3935654 3939637 3894591 3977183
3822792 3901000 3779295 3831906
3920814 3832979 3922607 3951925
3908976 3985473 3826494 3977256
3769880 3837307 3911379 3856108
3768616 3973818 3784233 3905755
3835642 3770957 3793554 3849975
3962339 3977898 3860988 3993786
3880889 3938076 3903230 3917199
3889972 3964963 3912898 3862242
3849070 3789995 3936935 3808820
3938916 3854522 3697640 3804201
3797937 3973403 3846809 3922433
3824911 3857509 3734030 3849447
3772961 3956328 3645820 3928285
3946583 3889741 3845876 3868232
3839527 4025554 3906617 3936484
3999002 3965138 3798210 3873787
3749332 3989340 3829283 3921648
3685273 3813940 3766922 3704757
3952006 3871570 3964756 3788624
3885612 3990525 3933028 3820936
4098136 3988802 3992649 3956758
3744103 3745316 3851577 3694135
3921094 3952544 3955991 3859049
3589678 3759030 3695559 3597514
3967501 3818489 3889325 3788696
3884310 3694252 3816481 3735169
3752411 3882925 3681622 3866353
3900793 3858485 3888151 3893531
3944118 3909181 3846792 3971977
3863697 3745251 3755358 3789862
3775198 3883026 3691189 3852196
3819118 3598979 3763829 3791382
3679343 3771275 3671486 3826000
3935528 3812078 3864487 3868973
3722601 3895380 3826873 3775405
3973735 3900123 3849901 3903208
3790764 3955968 3930225 3872583
3879256 3842948 3816135 3762108
3720153 3878735 3865563 3764554
3733625 3706184 3683965 3748920
3644501 3818301 3640863 3679648
3911678 3865734 3638677 3779442
3784855 3768330 3806811 3811491
4006218 3841790 3824329 3885320
3853533 3894343 3954175 3943994
3853976 3784006 3674187 3773421
3759607 3786232 3819070 3884321
3859947 3735588 3602435 3758446
3652057 3697841 3649301 3780609
3778853 3839376 3829492 3815634
3822652 3763500 3768115 3781756
3914150 4090530 3880997 3938944
3865832 3916773 3928548 3893107
3772799 3937080 3791773 3808956
3739194 3801056 3781604 3725818
3747713 3817800 3683600 3793971
3623568 3682127 3761774 3723674
3892345 3801077 3688819 3757527
3724119 3943767 3694541 3848216
3958732 4022693 3800541 3878635
3830150 4061059 3786439 4015358
3833602 3857477 3668756 3747707
3727073 3936282 3731851 3886892
3791537 3664280 3624548 3724914
3627716 3811333 3691100 3731501
3840309 3990559 3966206 3829267
4102428 4081270 4084320 3988191
3784549 3757296 3773697 3732428
3950440 3903706 4044140 3805181
3683965 3781482 3719702 3633077
4022801 3869945 3905245 3763090
3726654 3871335 3862957 3666927
4032856 3918887 4029682 3865363
3937206 3862196 3897751 3940065
3960416 3964126 3821355 3985840
3927838 3700699 3849633 3807689
3835714 3863365 3784994 3788499
3834125 3654291 3670445 3743194
3718793 3750359 3654883 3768581
3897175 3759825 3853722 3774781
3812838 3837135 3717772 3880171
4034866 3964940 3935601 3907237
3835616 3985925 4022640 3916620
3961701 3834203 3789499 3886557
3786634 3843507 3846706 3808314
3843906 3882435 3742848 3766966
3701440 3772244 3708589 3696754
3943716 3894659 3844820 3785818
3761482 3962341 3905031 3738078
3981802 3965755 3852700 3916458
3939768 4005689 3950903 3994197
3860443 3842938 3814423 3804311
3768899 3836774 3794503 3868788
3803878 3661396 3610337 3791778
3756565 3798865 3707842 3828394
3892422 3826632 3806714 3853292
3872722 3898609 3889876 3915402
3899840 4057721 3862744 3952858
3826700 3911072 3953286 3891350
3848862 3991226 3736697 3878474
3784629 3769680 3824700 3827226
3739272 3827655 3725776 3758328
3640779 3739913 3893036 3703041
3788550 3989118 3830819 3894644
3779090 3797539 3807845 3854658
3989437 4014958 3950994 3943074
3905738 4072337 3901514 4052491
3905817 3859280 3730024 3791214
3740498 3947587 3794164 3884504
3812438 3801139 3699756 3773658
3704561 3826368 3633795 3753967
3937749 3819390 3771710 3881177
3851727 3897638 3793801 3958933
3687223 3823893 3695862 3584594
3917507 3778013 3875314 3726476
3688635 3796385 3871074 3667649
3920370 3890320 3925674 3870394
3793037 3910832 3957661 3771623
4105482 3961210 4033411 3972316
3778237 3880312 4002938 3893381
4026739 4019203 4023150 4010681
3766053 3678754 3698464 3794690
3720962 3710342 3675333 3823343
3964585 3779467 3846655 3782297
3735525 3866776 3731452 3873432
4015532 3876525 3831183 3836009
3887000 3985366 3800215 3970799
3968167 3879158 3840638 3903565
3859153 3921892 3813217 3883380
3892710 3687162 3779098 3730353
3679295 3803926 3722891 3630565
3884578 3763431 3821975 3787320
3723936 3905335 3855191 3807788
3985085 3930384 3913420 3862467
3753340 4021002 3938107 3872349
4031730 3953121 3888247 3948309
3817550 4015064 3935362 3827555
3901389 3757454 3607563 3804101
3750850 3730940 3809674 3891612
3994116 3780965 3692368 3771848
3734576 3814420 3942306 3869741
4049762 3867634 3802688 3815432
3918680 3850808 3930210 3985002
3972237 3908426 3889581 3858456
3984576 3952262 4033803 3946038
3726377 3811219 3711079 3803314
3719911 3659166 3754102 3694014
3805140 3938335 3848516 3810237
3756398 3810744 3764946 3808152
3918203 3957102 3785953 3959155
3756479 3915692 3855910 3868038
3895007 4049987 3852023 3892892
3867521 3916032 3876272 3917426
3891206 3854703 3647898 3801843
3802311 3842864 3700421 3833479
3907860 3857312 3793448 3791954
3816863 4051276 3744920 3860339
3957184 3960392 3731376 3858196
3811734 4113689 3892993 3880855
3956008 3944238 3811291 3904639
3834600 4085452 3851512 3977166
3666289 3826315 3792833 3704399
3881384 3843458 3946543 3888183
3632559 3773479 3773693 3656620
3864052 3782657 3841093 3786615
3678014 3819768 3834194 3759515
4008174 3898346 3957449 3832417
3796590 3984557 3900183 3747279
4042315 4043937 3997137 3935124
3854915 3733436 3792500 3752532
3681791 3820542 3672128 3842108
3730246 3697515 3784794 3763390
3761256 3796149 3670667 3765841
3928657 3799464 3794858 3780406
3822578 3904772 3746564 3948873
3968259 3853819 3893296 3886910
3915537 3962496 3846059 3908358
3913974 3795040 3824265 3751696
3659292 3812809 3854804 3694781
3867575 3758890 3748330 3685663
3641494 3789383 3783264 3755417
3930622 3836603 3843171 3875453
3764181 3888855 3899527 3753844
3927779 3973641 3920827 3975658
3815175 3936608 3927531 3850514
3810423 3772194 3648740 3731205
3737869 3782218 3832026 3899311
3839022 3705558 3696066 3740890
3726898 3783556 3732899 3760336
3899965 3824678 3716938 3796797
3850561 3835373 3829111 3897246
4061103 3873498 3761343 3888249
3919706 3955687 3901019 4025368
3819619 3930090 3687169 3855769
3727314 3747021 3757605 3709473
3690386 3862435 3696315 3767948
3654038 3725705 3766084 3710821
3726440 3925820 3785611 3876545
3759094 3894376 3870564 3809801
3899800 4010107 3865704 3962081
3790151 3854113 3858024 3882344
3871218 3765503 3717651 3760656
3751767 3959932 3729010 3834285
3850216 3793875 3740363 3746362
3656017 3890021 3687390 3856669
3959456 3866218 3772290 3809476
3750511 3908988 3722325 3833312
3966719 3874153 3787446 3924129
3937091 4091817 3855384 4004725
3854757 3875604 3835530 3753018
4007338 3985276 3932321 3884237
3815163 3972001 3849165 3689646
4117966 3984672 4024578 3898075
3837446 3916148 3926824 3770642
4016285 3937237 4006881 3862282
3797867 3913447 3894984 3743838
4049006 4057666 4001380 3852855
3984996 3791457 3879585 3831024
3836805 3848793 3807924 3911660
3898432 3855363 3969422 3913499
3869678 3968198 3870222 3936859
4003223 3863228 3941435 3820602
3817002 3842814 3798055 3905281
4009215 3865545 3847691 3829701
3830700 3972036 3833226 3854551
3885049 3872668 3833161 3849996
3819516 3851228 3903273 3875382
3989228 3865542 3930237 3942385
3772875 3910913 3942813 3829395
4052506 3903835 3831242 3848782
3805914 3965329 3903980 3850035
3998065 3977010 3876401 3981777
3836459 3977829 3934605 3858149
3973701 3929707 3854306 3887925
3919475 3875845 3895828 3935356
3997325 3891629 3868859 3905231
3960897 3842313 3883056 3978170
4018842 3790570 3720020 3864325
3868137 3906496 3933654 3931434
4080277 3888656 3773177 3836125
3909064 3923869 3967596 3976647
3839901 3936865 3906338 3877733
3809448 3881462 3796174 3856829
3901567 3958054 3886127 3966122
3826871 3848959 3800581 3828607
3885199 3954570 3797185 3920936
3769070 3931620 3871374 3869371
3955580 3997683 3855557 3927162
3826010 3911771 3788130 3887958
3949647 3853908 3766342 3799272
3747688 3994852 3735344 3928790
3979590 3891787 3763952 3890392
3826709 4026275 3756540 3985803
3904697 3921963 3822050 3862141
3784716 3927946 3872103 3903486
3917275 3932541 3787688 3880186
3851054 3999884 3825797 4002488
3720907 3886379 3861021 3759295
4073219 3979705 4080029 3967578
3710508 3804141 3807539 3641443
4020891 3880951 3891305 3890221
3718227 3888700 3871915 3693669
3983944 3843264 3977141 3848537
3675324 3741388 3804085 3689852
3960720 3844882 3902063 3879434
3982114 3855613 3913125 3848073
3857666 3938050 3747723 3991308
4018269 3782741 3891184 3720387
3719466 3818196 3743401 3850358
3860071 3806613 3865614 3778896
3821488 3822923 3745515 3853819
3796120 3620217 3749918 3727818
3758222 3900546 3769009 3835704
3964056 3915941 3817294 3790237
3843597 4014299 3869005 3884259
3804704 3839796 3897956 3907550
3697458 3871724 3808779 3817911
3958372 3859172 3835878 3813413
3723524 3835619 3867032 3840610
3869682 3795017 3749010 3784250
3742567 3860505 3820135 3713516
3981359 3883361 3854548 3809220
3866838 3881516 3877552 3888174
3933378 3766947 3709335 3841960
3813099 3823398 3864595 3888457
3832505 3810739 3725978 3809573
3801682 3807341 3933512 3890520
3864896 3821525 3667496 3771375
3818436 3784192 3868376 3872376
3903718 3893629 3762583 3908950
3807664 3923449 3877262 3906185
3766512 3865793 3797966 3795455
3741201 3781921 3797989 3680263
3764461 3905073 3784095 3936852
3746834 3869611 3815709 3794781
3771759 3874745 3730723 3848787
3776970 3738861 3854207 3758319
3949953 3918655 3768851 3814431
3814873 3946733 3841680 4015032
3859445 3750874 3728088 3804391
3739499 3937851 3741000 3921692
3909408 3854187 3775039 3775139
3742188 3925234 3730919 3862615
3855055 3835426 3740587 3725599
3744264 3908399 3741837 3900819
3838986 3906086 3918685 3802075
4057666 3900999 4022734 3905371
3661411 3728533 3797202 3626170
3999664 3935316 3864604 3792770
3745474 3860695 3812278 3661645
4009260 3878290 3904956 3891236
3735273 3871418 3969662 3787920
4069719 4016848 3996982 3922859
4006853 3833835 3898601 3870210
3785644 3971530 3815973 3926502
3937066 3761456 3785954 3755773
3800533 3844895 3618996 3835363
3925970 3768824 3767937 3805145
3778963 3798988 3654557 3881279
3945888 3858366 3917249 3892030
3974946 3933831 3821668 3950328
4002268 3911989 3884799 3893474
3852612 4017188 3936973 3864893
3831841 3737437 3750111 3777850
3701615 3917196 3777992 3752129
3816511 3814022 3826588 3846551
3758419 3875686 3823141 3729516
3995997 3861926 3908210 3918437
3867242 3980713 3967266 3868723
4045576 3935587 3842319 3838434
3841011 3860729 3889498 3989167
3862474 3704785 3720077 3697234
3742901 3784981 3778381 3784151
3999410 3831398 3758362 3829197
3886438 3805177 3852474 3820872
3953856 3920780 3760485 3911968
3882951 3865517 3898724 3920183
3929961 4030623 3894577 3851965
3862596 3938969 3903469 3944660
3811186 3831171 3715054 3770759
3749227 3762848 3803572 3759412
3862869 3843224 3773732 3918234
3710373 3834542 3797406 3780155
3855844 4047654 3775302 3878421
3829002 3856552 3910641 3899647
3962083 3975578 3824654 3929150
3772670 3998527 3834775 3937832
3842281 3817095 3752675 3804222
3671064 3903379 3751952 3857608
3839750 3818830 3725249 3819831
3703368 3931778 3747809 3876947
4096174 3882463 3884477 3875103
3776284 4063025 3861629 3997036
