3844494 3776518 3745548 3862426
3885107 4093685 3936893 3969995
3902122 3830577 3892883 3875444
3998099 3994483 4006063 3986997
3833881 3728584 3866609 3845814
3991169 3984122 3946466 3926323
3909148 3834168 3895468 3886911
4009635 3973638 4050269 4045918
3908109 3867051 3989471 4041893
3916065 3967217 3779761 3940792
4007643 3888765 3996025 4077279
3886717 3999194 3755280 3942809
3964601 3868674 3970682 3946637
3886976 3910130 3738426 3893596
4006818 3935124 4033965 4057942
3945782 4016707 3914155 4012819
3941028 3897229 3887563 3778648
3892049 3738369 3929667 3807241
3847835 3865225 3857600 3943583
3892732 3850998 3984670 3837619
3787267 3916617 3785435 3835606
3891964 3765826 3929962 3838934
3941198 4003571 3770288 3864855
3971194 3834077 4017638 3882246
3799825 4090842 3854060 3886545
4067202 3910395 3781043 3909061
3805245 4046586 3937815 3960388
4039365 3899066 3868816 4025047
3811091 4037613 3935857 3964744
4006887 3872599 3790365 4053634
3851443 4118471 3893268 3885409
4076015 3913022 3843706 4097901
3889702 3789820 3837450 3837286
3897410 3992840 3812910 4046760
3904367 3922230 3941797 3928281
3910795 3962239 3972519 4087809
3953848 3842175 3832654 3839824
3981689 3963432 3939850 4018424
3943145 3960869 3893950 3955563
3912253 3961283 3907555 4020857
3835177 3929620 3831135 3945715
3820818 4032555 3920019 3967604
3865450 3900970 3800701 3930400
3790253 3949471 3881456 4032273
3827281 3826687 3786691 3858714
3796411 3917849 3842581 4030004
3943867 3876618 3842155 3931182
3912170 3920321 3965230 4065844
3822462 3744715 3759797 3838976
3914634 3890124 3937255 3881029
3855574 3678377 3720539 3855757
3867622 3896463 3909923 3906506
4027161 3893859 3922312 3918446
4096039 4030516 4060855 3984128
3820841 3529384 3764495 3825684
3899612 3934226 3862309 3919379
3925359 3798577 3948572 4054203
3909472 3937425 3752338 3861621
3859289 3738222 3940526 4069889
3869706 3924592 3743040 3854861
4044598 3910284 4158474 4116230
4031824 4005086 3895735 3923321
3901763 3798809 3929803 3885210
3849380 3791775 3735070 3707976
3810249 3838485 3812245 3827365
3796133 3823409 3864718 3765343
3753935 3919426 3765054 3799546
3820553 3799226 4012705 3744134
3961288 3972136 3858533 3995581
3923333 3814887 4010760 3860199
3780503 3837049 3822746 3834689
3776571 3725290 3900224 3644855
3791452 4008368 3902412 3809497
4065026 3853405 3679351 3927611
3763836 4044138 3796064 3987277
3970829 3804568 3756962 4017134
3937353 4146733 3985015 4044453
4093950 3942889 3897420 4082612
3739195 3960322 3771725 3798873
3946334 3819762 3737780 3994490
3804670 3748574 3764415 3804949
3908042 3889361 3874484 3938606
3838757 3751827 3796613 3862225
3908204 3980604 3893737 3927626
3976233 3905466 3875887 3972525
3947550 4071592 4029244 4066185
3839986 3750250 3730835 3740146
3872906 3831758 3766734 3949630
3854161 3771630 3707339 3853193
3680556 3889123 3882695 4055012
3853726 3862142 3811731 3851170
3731041 3845843 3871212 4034297
3944230 3948184 3909931 4026487
3965371 3952433 3923024 4158671
3767364 3776992 3694793 3785033
3729924 3775700 3816240 3965186
3773073 3769893 3754243 3887421
3843066 3948822 3902655 3912588
3819707 3738893 3812227 3898612
4033266 4032496 3952790 3948526
3732706 3632870 3753696 3681676
3869935 3797953 3852556 3805397
3919908 3836552 3972787 3927429
4087340 4056428 4081606 4064721
3901755 3815834 3927156 3996526
3860632 3884293 3726453 3854058
3937315 3766202 3915177 3974950
3850681 4028449 3742737 3870708
3784980 3747187 3786535 3866702
3736730 3778680 3691354 3750782
4039749 3935015 4063516 4083673
3908127 4021293 3814252 3974089
3796942 3794204 3671465 3802547
3816825 3714385 3890542 3802407
3862585 3882520 3746261 3893804
3791040 3825365 3971083 3851670
3615267 3827305 3657640 3659490
3653203 3615362 3792107 3632149
3847193 3938935 3955822 3986607
3914298 3824789 3960538 3872014
3757739 3947296 3813621 3818050
3981510 3781471 3696693 3919092
3706771 4082791 3920569 3893852
4114440 3909442 3741763 3955717
3699852 3875458 3768604 3737330
3907386 3746527 3674507 3782429
3893919 4071914 3970381 4009051
4126033 3956177 3935876 4037273
3800417 3747001 3795851 3873576
3901977 3822335 3827069 3914283
3916185 3901606 3737257 3892963
3922255 3971543 3896269 4011774
3781499 3641498 3711436 3761400
3794325 3784866 3630277 3804788
3979476 3910265 3889081 3940148
3969305 4028267 3911654 4141607
3834296 3820455 3819659 3733716
3758027 3906486 3857861 3968425
3859282 3875722 3756902 3831475
3816505 4009845 3853318 4030931
3731041 3676585 3672162 3685288
3691035 3777945 3677190 3852463
3993538 3889748 3852310 3923472
3888117 3944072 3905344 4172226
3789786 3753125 3709449 3791370
3844747 3937195 3949007 3897079
3807808 3773311 3694628 3888901
3905731 3879930 3850522 3830814
3827856 3731096 3794010 3790900
3871600 3867590 3891067 3879168
3881901 3921680 3929440 3939342
4073203 4043389 4013341 4022799
3862650 3848789 3938140 3925679
3888214 3871561 3723759 3855946
3868427 3790748 3951694 3995727
3818621 3959765 3662255 3880308
3808554 3804651 3978027 4021912
3796497 3904155 3766944 3788794
3996553 3902898 4077415 4088358
3997413 4016949 3898537 3907794
3739372 3859848 3738969 3848553
3807417 3735366 3903836 3706911
3773692 3833815 3616200 3763057
3777155 3692824 3844475 3790252
3816424 3826945 3755864 3863426
3822670 3633892 3919061 3796522
3934521 3995427 3867166 3936710
3847367 3868090 3976376 3855061
3811789 3893631 3906692 3776721
3992107 3827489 3691508 3956838
3681780 3959614 3831518 3833579
3887359 3767448 3767658 3874271
3800789 3940262 3793077 3797726
3956831 3794122 3678611 3920249
3926414 4133889 3959161 3947233
4113425 3984070 3887865 4140818
3895901 3767291 3742448 3818949
3790793 3785671 3797020 3982258
3783124 3772012 3681015 3876997
3818534 3914206 3850471 3928382
3761416 3728278 3829063 3799776
3865166 3855014 3808821 3923396
3968627 3962693 3874014 3916321
3957864 3990426 3924549 4042852
3789162 3747848 3839427 3784676
3783028 3824176 3840211 3970968
3848539 3813217 3764782 3773443
3704967 3834150 3832913 3948824
3835963 3714533 3701482 3791844
3772547 3776440 3781782 3898830
3882411 3856377 3857886 3896263
3871872 3951141 3955641 4100239
3776445 3794597 3917913 3872365
3965776 3954950 3990319 3943573
3941393 3746967 3850471 3962831
3965094 4079248 4017956 3952770
3777207 3664208 3715071 3754019
3833495 3819420 3835954 3845679
3738448 3672195 3745314 3753243
3851789 3755471 3777332 3868466
3991566 3876069 4022588 4058229
3965919 3894001 3794098 3854827
4046812 3895435 4077192 4004663
4024204 3951189 3774798 3835901
3832669 3701823 3876863 3876952
3798772 3829372 3616565 3747781
3783832 3738066 3858698 3854297
3740243 3769568 3639238 3754298
3803073 4015016 3777364 3814622
3812917 3861275 4016127 3741847
3851107 3983924 3874980 3886685
3963360 3809402 3990559 3815271
3710984 3702858 3669915 3747787
3763759 3641187 3749624 3697410
3764122 3819213 3739042 3720829
3773150 3654157 3763590 3628895
3778608 3957441 3876758 3857640
4037424 3877328 3822676 3958515
3860123 4080201 3878762 3923468
4139703 3927167 3835811 4047372
3726708 3899983 3783970 3728020
3905674 3693856 3681632 3893546
3730067 3968687 3808326 3756041
3933406 3793152 3641032 3859685
3904098 3883697 3788996 3847755
3951345 3993483 3907024 3989918
4002467 3818994 3811274 3948504
3915169 3907464 3932743 3967484
3808595 3750976 3750989 3767279
3765855 3793247 3813379 3878379
3756156 3699950 3733074 3807404
3757347 3806763 3770117 3879376
3842508 3816207 3793673 3872516
3817902 3945219 3840117 4010385
3968091 3863858 3843568 3949082
3761895 3896122 3872333 4005413
3778683 3748570 3720608 3707846
3739119 3799667 3714221 3900090
3735778 3762157 3754730 3757070
3697607 3821405 3752765 3917478
3671142 3604114 3688711 3805119
3830997 3822214 3779345 3745658
3732403 3714405 3677700 3802123
3694777 3782541 3755316 3799151
3875215 3766858 3895212 3939676
3973941 3920737 4010302 3914984
3765640 3637846 3767620 3743612
3848142 3861943 3902564 3913654
3818768 3808236 3796854 3908993
3738708 3739989 3604782 3706097
3802588 3711481 3903190 3864268
3690438 3869567 3676989 3671933
4027255 3907800 3967440 4031597
3879984 3887665 3790982 3860191
3897909 3771677 3849615 3889122
3789660 3818806 3704546 3812350
3681957 3779227 3598935 3703226
3775899 3673641 3806996 3675375
3700252 3786474 3651384 3696054
3761840 3667220 3792995 3633834
3796013 3924009 3754669 3895338
3891038 3812753 3987428 3825485
3686437 3750758 3653156 3757876
3774991 3687638 3895956 3641746
3624275 3835871 3713316 3740426
3796166 3752464 3659114 3830046
3747691 3854735 3664971 3825206
3834697 3757270 3631051 3780496
3832155 3986606 3886969 3964258
4056661 3873751 3870036 4022713
3666608 3946172 3702265 3664903
3918360 3702333 3643830 3886411
3773318 3684158 3651834 3652816
3762570 3827951 3707050 3864594
3798477 3710907 3677285 3644084
3810086 3748351 3716318 3846953
3869737 3835360 3831545 3800581
3949308 3897490 3963773 4046880
3791863 3698281 3738621 3780875
3710335 3804132 3770369 3898717
3764508 3662786 3626228 3652445
3699666 3778817 3782815 3851678
3740421 3658998 3680787 3718303
3692306 3769448 3759046 3859244
3802902 3868958 3746480 3815720
3765199 3943402 3846374 4047500
3770692 3646554 3670178 3664510
3670926 3789764 3849943 3858219
3721775 3615371 3695060 3770696
3788149 3691808 3859914 3794203
3863567 3841769 3852816 3894342
4010847 3965884 3965565 4004145
3753083 3669011 3839472 3831306
3929156 3954819 3925894 3937750
3751430 3652028 3656910 3762522
3856947 3862601 3913723 3888850
3765666 3724048 3949361 3890727
3733031 3711530 3615833 3693917
4043400 3903179 4027530 4051929
3972027 4002585 3779284 3989587
3895646 3847699 3946475 4013755
3879333 3918820 3707450 3888392
3839334 3774881 3929372 3938985
3759163 3897517 3670651 3758129
3712812 3739133 3671172 3662121
3724605 3615401 3820328 3717527
3837719 4019965 3793681 3964809
3834166 3809218 3991171 3825758
3867876 3865183 3713461 3827594
3925776 3802984 3932861 3837663
3784055 3812104 3645747 3762768
3831824 3685901 3869195 3622535
3637233 3887756 3680946 3758909
3869531 3738718 3749594 3790148
3802817 4046191 3898637 3948722
4135130 3968868 3821760 4075763
3858188 3985999 3856821 3934912
3944706 3828755 3776517 3935285
3696719 3879787 3817357 3762228
3962019 3855278 3719106 3926029
3738166 3714261 3647494 3711491
3723798 3852285 3807152 3864479
3879946 3894687 3826499 3901136
3933995 3931774 3855227 4042307
3888360 3782267 3759168 3846075
4089889 3899823 3937175 4026831
3764001 3761663 3783905 3723648
3811687 3805445 3749438 3921145
3780806 3679046 3621064 3745183
3666542 3745212 3749822 3852160
3898850 3856050 3709264 3875205
3849814 3912481 3930088 4071491
3851191 3829811 3859839 3833510
3746575 3903342 3828592 3944239
3833208 3706421 3735670 3730526
3702200 3779897 3836790 3962752
3770127 3659561 3814595 3832051
3901848 3893975 3831705 3907636
3856601 3803864 3868341 3917530
3948405 3989771 3899693 3949242
3816487 3769491 3871754 3920613
3976213 3917105 3955411 3932286
3708354 3655297 3772200 3861894
3872155 3881301 3821492 3911405
3891408 3823271 3907637 3913238
3780517 3932667 3712331 3770111
4013378 3853525 3980505 4077348
3898645 3995514 3827716 3871062
3861704 3863186 4002293 4058320
3880082 3988809 3801559 3856936
3899787 3693106 3906801 3938003
3804246 3895926 3738934 3733094
3725980 3897584 3727741 3743694
3787323 3713255 3937959 3689646
3780215 3932526 3778452 3886095
3822867 3880039 3995017 3820243
3803426 3921330 3774667 3909506
3841754 3745333 3911262 3819106
3826552 3852342 3720613 3724415
3794704 3775658 3875461 3716300
3718296 3922128 3816467 3806291
3931768 3712060 3689496 3863690
3883765 4075082 3854307 3935986
3960898 3916342 3809789 3976306
3823371 4071119 3774849 3957321
4064588 3860190 3825975 3901137
3721468 3946233 3734571 3795189
3974703 3839246 3690801 3825214
3844617 3738912 3671615 3693916
3878751 3827977 3758741 3945874
3841388 3887323 3857554 3862385
3955883 3866155 3987768 4014994
3877157 3840327 3819072 3889887
3931340 3910560 3904332 3962919
3848073 3750019 3726331 3814699
3800720 3902479 3787340 3916651
3748189 3786764 3743007 3731773
3710372 3824841 3782355 3928390
3927907 3901128 3779251 3819243
3821492 3942928 3913497 3981205
3886595 3845330 3757671 3868973
3776559 3891273 3855764 4004595
3842352 3725777 3715054 3808127
3712784 3774120 3810574 3962197
3785121 3672047 3791637 3727603
3890225 3919343 3835085 3790547
3892561 3786663 3819509 3919753
4005768 3961507 4007416 3998828
3849249 3724918 3827605 3861660
3945206 3889326 3901168 3857609
3828858 3727562 3723379 3799074
3907960 3872443 3862061 3868750
3880693 3740596 3855896 3977851
3806178 3906256 3744483 3799678
3961522 3940722 4102122 4087084
3954689 4081236 3854552 3864551
3925424 3944983 4000873 3989656
3894172 3929554 3830514 3873823
3843632 3844374 3968636 3985347
3832132 3836615 3693939 3883086
3723486 3946824 3769883 3809506
3855967 3760681 3881626 3726280
3848961 3876637 3914216 3974910
3963956 3835302 4044943 3841430
3795986 3934744 3824131 3937677
3806892 3810116 4055787 3807607
3737030 3761762 3688670 3790099
3649689 3744388 3836300 3790726
3754322 3935008 3885394 3907044
4028802 3840412 3738941 4015776
3897368 4094348 4038632 3951969
4031073 3860404 3868580 4025824
3790456 4012907 3944619 3928595
4019810 3863427 3791555 4001694
3720160 3912242 3717144 3870436
3950549 3822378 3801969 3956637
3812803 3817936 3741349 3793693
3869459 3886205 3815824 3900692
3980879 3941068 3865280 3914662
4021096 4053805 3947697 4040284
3896755 3855473 3838512 3852713
3859136 3922234 3896235 3999710
3883699 3778616 3669629 3890468
3851881 3853722 3755324 3904725
3851223 3827016 3676964 3844799
3763295 3872740 3837943 3904590
3941430 3880888 3874190 3834782
3877943 3894848 3880231 4026304
3775517 3834149 3831676 3846692
3807884 3897526 3777872 4007120
3819037 3785093 3736746 3817680
3715599 3886397 3840416 3973607
3816626 3737780 3920604 3895152
4066058 4029469 3878349 3996035
3758400 3589037 3733463 3736208
3930940 3778465 3696543 3775175
3679922 3609679 3673037 3747149
3749971 3782586 3768489 3772374
3927066 3853905 3937131 4029738
4138366 4072654 4035547 4024720
3951833 3935977 4006512 4048569
3954099 3989106 3823991 3893324
3739374 3677382 3858601 3895572
3723249 3819202 3583468 3746292
3802581 3733621 3793108 3865117
3820572 3758283 3631295 3764642
4109346 4022805 4153335 4144132
4072905 4084984 3926299 4029216
3812739 3867660 3827431 3971152
3931395 3751500 3932443 3833010
3746449 3796421 3698061 3676039
3748527 3622052 3782967 3664412
3718307 3704294 3542176 3757861
3716886 3635016 3812087 3729324
3979720 4077082 3875673 3972032
3954934 3912048 4072301 3878724
3844391 4031858 3942061 3925712
4072955 3918246 3776410 3990226
3664240 3868315 3693320 3799320
3903675 3688275 3583301 3797486
3681100 3936600 3797512 3697484
3876793 3709174 3628658 3869831
3946610 4275886 3952238 4077897
4188618 4045983 3954336 4101837
3897552 3870164 3865179 3929171
3946108 3947463 3903113 3976979
3769014 3698375 3707034 3734435
3811279 3694607 3791847 3848181
3804631 3690313 3673256 3677813
3891753 3786768 3728599 3923013
4003651 3996024 3996098 3993326
4033591 4099597 4109266 4126814
3931877 3924143 3818318 3901352
3807305 3880068 3889035 4029070
3817462 3800836 3609793 3681593
3647967 3738640 3761990 3787162
3730984 3714804 3654123 3689361
3650476 3754546 3739949 3900222
3996193 3975225 4002529 4004009
3909925 3931874 4002306 4139391
3848115 3710256 3823645 3834703
3960720 3973620 4005413 3895769
3885152 3677932 3741528 3807315
3900113 3914470 3863875 3928912
3971310 3905382 3965811 4030241
4095928 4093061 4156477 4076428
4012911 3893590 4006751 4078293
4109188 4036973 4030750 4126509
3928564 3786765 4006935 4024708
3908743 3957548 3760150 3817486
3902837 3805842 4081637 4017759
3842436 3930914 3705393 3826773
4148454 4062193 4088221 4122451
4029952 4054325 3848550 4073530
4001445 3948484 4067795 4150511
4035322 4087560 3913872 3955306
3747889 3883569 3820138 3857498
3913233 3772418 3971313 3780634
3794295 3898247 3715741 3808952
3851552 3710756 3862345 3771836
3941553 4044179 3991963 4060736
4056000 3945060 4128411 3924408
3916761 4102206 3990000 4035044
3943892 3897787 4085780 3851236
3777318 4032764 3807369 3857723
3973522 3845666 3771531 3926269
3788032 4059144 3789043 3868717
3927050 3849683 3787025 3920904
3940678 4158624 4036111 3935980
4227759 3998696 3943791 4061724
3974710 4118182 4033910 4029733
4188227 4066318 3964287 4006681
3977309 3784973 3794436 3905056
3901664 3938793 3936796 3946568
3822745 3732046 3702080 3756241
3873324 3930726 3869400 4026867
4018981 3900067 3938153 3983063
4068528 4052917 4044179 4044722
4042299 3943096 4002303 3931106
3941645 4015557 4003240 4126875
3849081 3796977 3808364 3852250
3781999 3856190 3877302 4002984
3734599 3793355 3865481 3790268
3744307 3774552 3832770 4010260
3979502 3952640 3886754 3919624
3834879 4029155 4038888 4180373
3946249 3930086 3835790 3937960
3877909 4086654 4064044 4128417
3824199 3728482 3826714 3827002
3940896 3904938 3926042 3902750
3794884 3646538 3770697 3856024
3889091 3853301 3864194 3877760
3886898 3771188 3880164 3882609
4044011 4047790 4027395 3999185
3767526 3769649 3812728 3829460
3909794 3991410 3962557 3925406
3894656 3781284 3982501 4019129
3890767 3935874 3738890 3874981
3835264 3882219 3876223 3971370
3732454 3783260 3655649 3845624
4036837 3766975 4095689 4100743
4023714 3952635 3861667 3932528
3895052 3838841 3959756 3942203
3867628 3882562 3744846 3833215
3832208 3951633 3801901 3824010
3847487 3850435 4022607 3733460
3800502 3836527 3699775 3748094
3842327 3700309 3855178 3637281
3909414 3983321 3873898 3846219
3930687 3886924 4048525 3902151
3764979 3923651 3762276 3805566
3753654 3756760 3971381 3755364
3772975 4056115 3881696 3847570
4022273 3784299 3766374 3981185
3750185 3888635 3795137 3888675
3938074 3791833 3800742 3888241
3782308 4144517 4008121 3933746
4068696 3932761 3863398 4039124
3717035 3989387 3830368 3827874
4021319 3817315 3810372 4013300
3866512 3723305 3798292 3811826
3858244 3881214 3832317 4006638
3857892 3786153 3723317 3775234
3846887 3850317 3834798 4001818
3982426 3819265 3853117 3917248
3953214 3955766 3897942 4102904
3890721 3777941 3775233 3778961
3852363 3978170 3784925 3935103
3825909 3851865 3745884 3813946
3810605 3904078 3804098 4009578
3827237 3795445 3659627 3771156
3704681 3814519 3693969 4048929
3910480 3894956 3864779 3919954
3831379 3972932 3943416 4038727
3884805 3779957 3758427 3825246
3744351 3799324 3835546 3964099
3715104 3702078 3727040 3759225
3603428 3798358 3828820 3826872
3890750 3871797 3940239 4007375
3849184 4132172 3982656 3943054
3972741 3940996 4007739 3947564
3893603 4142683 3981248 4015483
4020971 3855267 3871072 4078686
3912021 4105990 4029517 4122277
3766020 3638330 3879606 3772578
3644415 3764746 3750889 3661082
3974500 3863876 3991057 3981463
3894926 4010446 4020120 3980486
4028893 3922696 4103550 4042621
3826531 3942494 3929001 3951276
4017239 3879037 4050344 4028497
3917843 3977021 4042254 3991789
3671218 3724899 3763747 3698116
3707402 3715082 3767960 3588888
3895385 3878323 3920801 3891304
3952285 3909798 3999893 3825357
3883308 3867126 3931789 3964824
3869156 3947143 4055641 3823211
4000139 3880220 3938624 3987007
3969977 4004426 4039697 3842604
3676365 3725923 3623648 3720088
3651855 3747832 3601424 3772733
3884646 3901108 3855183 3888131
3912549 3908945 3868998 4033369
3911604 3820334 3856717 3913690
3864813 4006781 3862624 4110449
3919349 3957450 3871980 3856259
3946486 3941616 3912849 4063133
3767555 3620397 3861443 3730778
3600771 3827036 3653625 3679682
3966208 3787488 4059311 3916144
3861083 4014605 3840303 3951460
3960151 3783426 4035596 3998145
3887294 4039584 3831603 3853397
4015878 3817684 4037019 4071991
3858901 4089687 3978246 3946180
3717337 3879996 3754853 3567360
3663155 3648165 3759795 3676168
3936963 4020406 3944249 3843298
3885673 3808046 3918907 3837833
3939029 4084307 4026806 3825996
3903211 3863816 3945993 3875463
4030542 4059180 4008405 3891859
3893230 3924932 3987476 3948423
3866265 3742058 3879704 3977264
3742902 4017767 3977364 3925726
4079734 3878077 3983387 4017119
3850121 4171293 4127308 4061647
4037482 3950197 4046084 4130272
4004956 4211708 4175397 4176984
3801485 3771697 3692628 3839573
3735141 3986738 3924195 3765696
3871979 3740538 3935964 3884616
3807115 3894017 3825992 3815454
4012087 3920113 4133496 4103583
3959814 4093925 3982409 3992394
4072901 3889927 4194848 4163612
3951269 4072294 4082929 4085166
3831864 3737402 3920034 3875414
3689969 3882783 3761315 3834370
3829651 3812690 3836415 3892515
3812282 3847573 3978994 3685778
3956046 3928315 4031055 3927346
3978059 3984860 4138533 3806375
3967723 3975745 3992714 4075329
4000250 4115551 4110010 3959373
3749040 3660122 3831390 3777555
3761242 3834728 3868925 3692386
3788202 3775354 3797874 3729563
3825123 3877424 3770963 3918293
3896518 3916219 3839657 3935676
4078388 4003742 3807342 4129739
3937437 3965890 3922766 4010790
4011584 4109764 3940831 4175725
3771347 3834731 3728806 3707225
3823067 3786788 3693246 3866678
3844769 3713057 3887805 3946247
3772097 3910886 3870365 3773562
3939168 3885137 4043220 4125194
3819206 4113476 3958897 3888958
4133416 3963853 4139606 4123562
3980875 4111883 4000345 3955445
3815447 3699633 3919351 3888506
3671003 3921161 3771187 3747061
3874655 3980659 3870473 3737713
3849529 3757252 3882264 3833212
4065928 3991357 3998521 3918033
3930388 3927067 4013578 4014065
4048022 4234424 4026927 3918909
4019356 3957197 4005774 3959668
3842781 3819767 3818346 3696885
3774116 3683585 3828553 3809492
3947889 3916425 3850789 4049321
3913119 4163071 4023571 3983284
3885968 3789816 3792259 3856140
3777402 3904580 3902541 3851439
3899107 3833511 3838924 4027845
3879639 4106434 3996150 3993675
3877158 3948083 3929979 3978740
3811853 4060509 4039846 4011708
4074589 3887107 4084313 3998403
3917264 4050571 3991426 3893794
3826409 3808986 3968782 3977799
3804965 3918516 3815877 3834717
3977830 3886426 3979553 4009837
3877790 3955146 3909950 3846573
4074158 3813594 3996284 4018040
3804312 4025734 3877992 3853824
3991931 3881631 3934989 3991252
3910275 3905727 4071607 3891749
3822400 3731360 3877975 3847476
3827669 3882586 3871893 3718387
3862217 3797742 3998362 3987877
3912946 4022876 3956596 3785377
3885482 3862639 3918570 3904890
3941249 3927001 3927891 3754120
3871881 3933053 3834607 3891204
3917352 4023908 3913696 4151783
3809188 3742207 3751324 3791333
3793260 3884264 3737239 3939541
3918311 3821420 3837241 3825573
3865411 4047036 3858349 4031311
3932404 3805272 3864552 3870582
3920632 3917197 3788437 3998091
4023857 3906734 4112136 4081217
3880608 4089731 3842417 3946470
3854827 3749433 3954864 3840966
3750274 3954512 3791399 3856245
3876743 3823882 4003428 4007242
3854191 4110111 3848055 3878959
3937347 3816211 4069904 4019294
3878785 4045086 3859573 3941365
3963756 4069361 4026164 3899288
3917881 3931361 3917145 3929984
3930146 3961850 3834251 3742872
3843379 3800058 3817113 3776826
3886723 4007960 3912075 3828730
3828518 3942031 3870246 3972215
3876964 4072436 4008383 3809127
3911393 3830837 3895426 3954952
3831957 3658340 3692714 3879374
3755377 4006123 3885459 3822023
3853958 3792900 3838038 3933720
3761783 4007147 4006528 3885133
3949451 3794385 3789582 3965499
3840621 4014130 3964783 3906373
3982491 3901801 3825116 3990787
3782624 4020544 3950136 4020275
3912509 3707446 3949390 3934538
3722414 3835334 3845974 3766140
3899576 3775684 3967457 3893898
3822615 3856204 3966877 3886281
3990749 3787731 3996081 3919085
3854025 3921993 3846355 3874273
3961760 3816705 3998216 4003192
3822863 3922958 3924423 3898748
3808401 3659182 3750797 3776261
3666778 3790308 3912802 3716572
3865142 3836565 3932604 3821942
3767185 3837271 3871559 3748832
3834261 3799653 3920129 3799193
3848995 3756275 3995392 3788640
3889524 3856315 3869660 3890062
3830914 3929056 4001471 3762750
3751833 3715222 3735589 3728203
3780665 3839070 3715299 3911190
3823344 3731202 3655423 3814347
3818742 3798870 3741876 3970647
3823001 3823134 3814442 3819017
3765392 3927950 3765688 3942625
3940958 3842735 3838798 3780653
3909064 3934799 3753798 4014372
3789094 3662818 3912197 3867855
3659170 3920756 3687697 3698255
3885848 3749596 3928339 3915365
3710617 3900191 3789998 3801555
3909078 3805545 3962255 3964471
3807175 4006062 3813619 3881653
3941828 3768791 3977745 3966103
3833061 3972358 3905821 3931200
3809300 3928228 3808437 3704457
3740503 3809735 3773893 3819055
3819706 3871261 3863047 3782490
3679214 3824103 3821858 3959063
3835733 3944574 3919861 3820179
3791627 3904959 3799137 3833358
3878004 3992750 3875731 3815381
3849171 3911416 3938409 3814412
3852210 3778425 3774030 3873006
3827863 4007990 3859053 3922894
3939265 3800223 3788479 3964867
3791624 3965528 4019207 3990339
3887892 3699749 3709984 3842950
3737685 3910787 3898145 3896550
3900826 3842827 3730547 3873309
3827321 3964042 3962989 3881671
3909433 3756893 3879174 3910985
3765865 3868919 3845370 3793829
3970844 3843882 3995846 4027010
3844398 3935509 3931631 3813448
3904286 3709531 3920109 3949737
3727508 3894394 3811504 3803959
3986870 3792552 3920109 3882422
3696143 3854001 3866257 3795393
3815424 3700577 3752831 3885961
3769376 3835123 3946633 3697539
3822765 3769864 3998721 3941285
3850555 3895056 3912663 3823097
3855667 3751132 3801981 3866825
3822512 3765535 3862123 3712900
3829073 3852858 3854559 3976311
3764542 3863868 3904771 3717964
3732598 3757010 3726943 3761746
3854512 3885346 3754993 3904963
3866789 3786913 3732133 3857173
3861831 3972785 3843899 4018985
3723912 3759888 3775958 3727667
3807400 3807011 3764791 3934343
3775232 3838863 3760842 3751114
3725993 3898055 3752318 3965629
3838572 3807938 3937097 3907606
3762167 3982009 3760446 3707349
3928585 3800010 3985054 3973858
3862996 4018712 3900028 3818181
3900602 3754873 3916440 3890837
3747639 3931929 3785070 3774407
3982566 3741749 3999186 3962858
3804975 3951694 3776949 3820748
3855354 3884667 3894608 3664357
3774661 3794105 3768734 3908281
3954030 3994080 3908509 3770652
3872069 3775995 3929245 3957484
3860729 3852270 3842590 3633825
3803429 3804574 3782779 3783710
3873269 3987743 3866769 3728552
3899713 3765232 3802528 3903990
3919826 3778923 3801038 3937517
3827480 4095844 3930027 3998105
3894612 3872578 3855388 3899356
3752321 4032062 3871766 3985044
3982425 3911530 3899640 3992479
3874040 4092788 3992953 4018328
4050344 3959459 3968324 4142713
3903636 4280102 4048867 4074883
3887328 3689360 4018253 3975639
3750035 3890189 3906536 3870774
3926345 3832192 3932610 4030837
3853224 3956688 3939627 3894353
3964854 3854550 4130077 4013701
3888111 3946791 4005107 3970113
4009704 3918776 4048077 4112366
3990095 4035902 4023671 3966104
3886704 3721594 3871296 3911652
3835288 3898314 3919738 3707018
3895847 3823534 3873683 3877401
3921433 3919973 3961367 3770643
3926175 3942860 4015522 3921965
4004436 3886440 3991689 3849076
3894055 3898070 3950132 3986379
4005750 3985929 4090095 3883678
3823660 3805815 3787876 3846153
3793310 3838475 3826627 4043314
3893027 3858741 3757159 3850074
3856420 3894341 3812319 4049078
3800869 3844039 3863630 3887662
3776868 3935323 3928789 4074189
3944020 3932421 3894389 3995783
4026790 3996490 3963369 4102953
3859525 3848421 4045541 3959352
3822970 3942948 3777132 3783075
3880780 3803637 4008690 3900800
3784862 3951488 3861678 3859838
4055415 3822016 3992964 3979435
3873121 4032712 3883237 3913690
4062977 4012057 4079670 4047978
3893166 4134538 3977220 3840814
3803492 3972367 3870864 3733239
3888013 3792971 3809994 3884187
3907042 3905358 3888730 3772331
3792016 3825207 3881879 3935350
3919070 3988221 3990173 3826701
3876417 3957333 3971320 3947477
3974392 4044808 3956176 3930971
3931031 3898117 3949727 4016054
4064787 3912418 4031722 4011397
3918557 4111747 4085656 4102980
3867674 3785316 3746224 3949651
3693184 4071982 3945546 3880916
3872408 3799052 3713328 3849975
3732148 4004108 3831896 3864107
3837807 3694023 3769316 3856105
3696904 3877388 3888250 3887219
4110081 4005746 4102257 4118632
4009015 4065854 3988593 3999429
3877785 3732874 3839329 3899596
3709635 3826133 3826358 3740934
3937346 3693202 3843731 3856174
3755214 3803671 3814980 3759255
3834073 3739050 3976411 3969816
3765095 3845932 3868537 3906952
3931614 3890503 3975892 4022845
3959492 4016940 4036700 3916715
3773388 3697950 3820388 3801566
3782260 3794813 3891416 3637460
3694396 3735574 3853263 3798749
3760654 3782861 3854215 3634303
3793222 3778241 3808749 3787412
3739552 3750325 3875728 3682237
3964858 3861833 3926182 3860876
3987368 4098961 3886507 4143671
3825305 3738214 3787308 3756183
3670135 3826448 3705138 3877883
3758687 3709488 3724432 3743279
3771077 3799048 3689246 3878319
3739413 3760884 3767867 3766217
3836858 3848794 3763546 3971843
4026471 3860279 4067348 4109992
3910435 4141016 3891231 3984687
3834795 3771134 3868645 3889552
3670405 3924631 3750601 3761385
3918302 3684050 3917591 3797267
3691918 3927347 3699276 3844327
3883406 3777820 3860530 3942146
3748234 3900898 3737392 3737301
4015747 4161826 4060530 3869387
3960688 3993888 4045661 4050456
3776466 3859074 3813243 3707313
3745719 3788780 3797123 3838930
3729924 3918567 3796440 3713044
3707411 3723449 3718603 3755931
3741141 3878257 3851001 3693465
3807690 3794519 3906814 3800495
4051828 3946514 3801728 4016719
3924852 4145261 3984939 3997059
3973576 3903922 3947384 3989166
3907443 4162122 4029942 4088815
3918640 3823858 3894633 3904969
3855998 4028574 3972347 3992497
3972416 3890871 3854176 4037355
3834532 4071020 4022200 4053094
4077325 3840859 4081477 4023891
3865074 4103275 3940669 4027608
4024027 3745726 4039569 3995238
3880118 4043761 3870100 3881609
3974241 3903503 4005120 3965879
3917726 3886657 3946788 3921822
4024641 3932186 4039818 3913547
3915207 4049413 3929177 3949362
3948822 3899023 3934958 3996417
3912001 3850955 3986230 3872477
3912993 3896039 3925227 3944852
3924663 3911897 4003993 3821747
3778460 3797655 3843096 3903524
3867117 3901337 3921390 3784824
3923136 3843634 3963468 3942577
3858606 3978094 4033540 3789411
3925567 3864582 3780542 3877410
3906854 3999599 3867380 4037682
3878062 3860567 3824721 3780739
3943906 3900363 3835283 4053720
3795821 3875685 3859910 3787190
3858372 3887566 3808328 4033151
3925601 3955728 3794236 3814778
3908172 3962663 3876050 4056561
4036117 3868994 4045031 3947275
3927601 4037957 3939413 3986178
3963815 3900332 4078991 4026441
3868775 4097955 3828363 3881679
3983981 3802429 4025356 4030447
3763735 3963908 3859144 3859776
3932919 3847446 3997954 4028730
3945950 4052875 3913797 3914830
4022317 3994524 3926150 3832822
3954859 3837903 3974218 3955920
3851218 4010214 3970525 3848033
3937491 3882737 3966479 3999666
3846483 4007762 3836328 3802266
3845494 3870772 3853838 3848278
3947771 3999729 3930661 3729872
3937176 3916317 3934901 3930391
3888830 3789691 3816760 3922716
3803478 3930190 3906873 3907040
3887757 3750138 3800768 3860607
3759744 4064161 3875537 3900398
3997419 3826319 3901785 3950108
3911289 4083829 3998993 3882131
3832172 3734603 3821921 3829687
3785056 3988913 3903509 3887563
3910823 3838649 3994909 3911436
3834154 3952211 3846925 3950200
3885407 3722849 3921210 3978612
3773277 3848977 3849029 3692706
3945885 3763421 4046262 4016304
3905877 3924814 3874040 3959367
3864875 3671639 3991282 3849910
3673290 3890956 3788752 3769783
3845521 3822190 3843176 3823401
3825831 3846808 3933499 3697821
3760224 3724193 3810600 3809440
3807155 3800905 3912886 3698416
3871784 3859162 3862250 4011543
3870682 3916881 3953106 3744254
3753704 3733622 3768820 3783549
3742142 3868396 3881920 3652681
3862180 3861175 3678526 3823533
3819590 3764060 3766201 3992983
3730853 3715917 3737259 3837131
3787372 3876522 3773298 3896333
3798073 3855317 3745854 3910765
3823690 3845152 3803932 4004702
3732622 3740117 3705107 3765012
3795517 3788576 3728441 3830158
3929367 3781744 3953532 3912548
3798524 3914380 3725846 3801165
3903476 3771967 3945208 3805713
3787170 3962569 3748879 3754594
4014585 3866134 3975370 4006511
3747338 4089169 3802469 3907023
3945600 3723219 3899667 3816617
3686884 3889145 3738250 3753341
4016760 3946219 3873219 3748780
3806021 3825829 3828955 3905857
3819125 3992059 3805389 3786205
3805852 3792422 3829709 3788222
3894745 4004598 3842301 3878418
3859392 3862887 3890419 3913056
3818090 3906932 3805036 3725731
3659325 3723939 3806325 3820246
3911079 3830752 3797496 3950421
3853154 4015881 3988898 3858335
3925135 3813263 3949707 3956511
3903330 4126142 4031567 3942933
3794065 3587986 3674807 3776723
3671520 3807434 3833813 3849156
3946994 3848061 3848686 4003425
3839237 3988256 3985428 3964104
3853287 3741796 3991165 4002060
3755542 3877499 3895283 3843881
3946420 3886086 3961741 3966941
3909635 3993253 3977396 3896811
3839817 3676727 3804696 3849224
3670840 3701518 3699049 3730282
3980382 3810472 4103455 4018730
3807693 3917879 3956259 3895181
3818237 3768251 3746364 3845939
3790193 3801419 3956344 3699342
3845228 3841728 3999205 3928263
3825822 3963600 3982383 3829345
3703374 3712739 3737850 3768522
3700476 3796641 3782233 3566333
3855618 3840230 3835399 3950998
3899237 3883039 3966238 3816694
3801203 3793291 3672062 3762272
3777221 3907891 3744299 3927096
3882318 3879021 3796178 3887299
3915927 3962919 3793273 4134467
3682617 3637223 3742513 3655567
3759836 3768245 3665615 3866200
3779783 3854430 3847928 3862022
3992168 3980904 3811317 4013373
3876378 3728171 3889444 3957474
3746652 3909723 3698437 3840236
3916997 3842057 4017863 4063169
3831378 4073522 3887900 3885344
3742174 3673017 3902280 3836349
3669887 3840646 3683616 3762485
3976287 3770924 3990277 3921639
3819872 4046295 3832547 3893839
3878234 4011425 3893997 3713605
3796534 3794963 3852242 3871007
3907556 4034579 3947453 3836950
3813341 3897386 3919829 3999636
3767238 3818978 3834380 3710381
3726523 3715172 3755725 3766717
3885204 4007192 3878054 3827954
3821108 3786667 3863794 3892570
3998804 3942280 3947933 3999014
3875936 4137420 4091105 4073260
3939326 3898451 3906838 3961140
3835212 4130023 4035050 3969725
3949403 3797883 3844458 3955260
3791120 4067605 4004551 3935217
3969810 3832023 3757515 3986628
3788076 4033666 3993438 3952064
4044727 3840732 4056397 4045917
3878556 4030996 3952141 3895066
4042434 3879865 4035524 4030486
3809818 4012436 3967644 3843335
3958912 3787615 3979423 3950342
3826638 4040345 4030170 3917464
3942982 3797722 4031427 3982099
3810998 4019463 3931624 3798897
3955497 3983940 3929925 3936874
3896197 4043196 4039359 3740013
3935183 3885974 3985358 3914621
3825377 3942480 4037966 3836970
3887030 3867678 3841406 3888765
3839654 3974557 3925007 3808109
3868931 3911621 3902026 3851911
3783383 3974013 3985069 3843727
3891363 3920700 3874553 3867419
3956255 3949324 3879669 4072194
3896521 3796095 3799577 3801406
3956255 3949057 3740106 3959934
3881465 3780028 3857817 3847493
3936704 3945412 3846080 4031606
3850109 3838761 3838067 3818916
3775710 3954800 3756565 3965186
4024798 3890816 4003329 4106260
3889002 4034965 3950317 3885930
3995303 3816992 4036791 4053340
3766383 4054150 3838916 3833606
3902292 3785910 3928795 3961704
3772482 3997370 3877178 3846886
3967248 3809694 4004418 4002280
3889401 4018138 3804436 3817296
3973263 4043962 3947792 3837563
3892975 3958150 4019779 3907691
3843202 3988316 3975548 3800421
3870285 3951845 3899596 3849547
3814768 3925796 3884301 3794681
3858603 3871355 3842672 3921769
3850583 4011015 3962187 3785073
3867516 3790317 3945239 3894992
3800542 3757649 3881098 3861154
3863304 4016708 3925773 3970096
3929112 3783805 3770158 3953671
3852422 4032227 3902690 3934435
3843724 3747421 3714270 3926689
3687793 4010045 3990229 3889733
3879197 3822004 3729054 3780436
3763760 4019395 4025299 3900573
3926643 3833021 3909405 3929755
3831363 3883363 3845123 3904235
3936144 3884465 4028242 3922498
3781410 4072542 3963686 3883129
4030818 3730389 3956579 3928251
3832708 3932169 3916200 3884642
3959000 3791613 3963047 3953652
3796650 3962099 3833747 3769137
3888864 3720969 3871086 3871362
3869828 3885702 3968255 3680357
3841445 3820027 3885322 3962093
3832679 3879646 3940548 3748543
3785996 3797734 3794437 3814498
3820796 3842311 3931382 3748569
3815275 3767427 3951309 3856144
3731725 3780195 3855984 3665394
3784991 3810725 3758903 3786411
3814743 3857125 3729570 4020717
3828120 3761780 3720609 3907129
3902034 3887010 3756228 3990266
3836855 3827294 3799412 3763325
3828128 3871596 3836337 3893029
3739874 3784816 3761982 3791244
3861557 3810975 3779314 4012611
3964812 3828109 3896061 3929572
3761539 3991334 3748785 3827960
3983540 3825604 3989981 3983598
3805773 3993001 3854779 3906437
3927637 3744362 3951688 3879017
3779383 3943681 3842217 3741599
3867172 3727581 3976763 3911228
3738575 3890649 3808910 3770801
3917986 3916979 3849548 3805554
3860633 3737830 3803639 3886809
3919995 3926134 3888581 3798904
3800113 3819228 3847100 3938806
3796958 3886094 3857622 3782506
3761926 3820747 3817758 3831769
3890822 3955749 3898382 3795981
3829514 3903316 3804893 3791520
3842390 3714399 3777322 3855298
3721121 3811364 3755563 3875181
3844519 3731618 3856788 3796236
3692473 3777610 3847944 3896288
3927207 3831069 3929252 3962502
3765368 3836622 3913751 4010842
3854348 3816242 3938203 3876088
3688724 3877177 3828013 3803720
3806486 3872244 3665110 3915561
3825093 3739941 3786313 3700593
3766777 3902530 3669981 3813803
3794757 3616823 3806212 3745037
3882575 4034397 3713553 3960892
3922418 3829653 3933952 3907990
3792402 3771153 3639555 3897363
3819202 3753688 3868007 3809003
3734337 3836785 3723824 3829257
3847470 3655104 3848381 3753853
3757804 3919410 3849705 3881047
3906559 3752289 3905173 3886651
3875312 3887469 3959390 4097196
3931535 3803380 3971145 3909567
3746583 3918155 3783631 3914359
3974465 3733859 3892190 3840960
3794991 3741578 3931934 3693719
3802110 3851796 3859794 3787694
3811904 3765564 3973088 3876105
3777109 3900359 3836149 3882271
3857110 3837904 4098598 3898297
3853765 3989210 3958354 3945088
3768104 3797441 4044304 3846298
3826631 3858709 3814685 3762712
3819056 3716426 3856770 3885579
3640990 3687657 3980518 3745894
3846050 3712761 3831174 3870419
3668248 3730589 3935547 3739608
3940676 3755023 3943748 4024933
3714658 3824863 4033722 3829194
3877688 3743158 3931297 3956970
3734635 3749941 3991624 3665395
3662732 3694557 3756152 3770758
3567688 3715262 3717225 3923286
3658437 3707517 3771755 3908002
3613792 3839249 3790091 3912793
3756594 3746162 3744440 3908605
3716449 3868211 3796463 4087176
3639979 3797912 3738705 3743776
3705606 3789105 3871696 3892773
3951661 3900515 3898024 3952646
3732491 3927760 3862799 3893577
4046709 3858386 4008819 3903063
3901332 3938404 3928008 4025385
3781473 3727486 3806719 3698574
3616619 3719239 3716665 3812853
4003275 3876589 3962936 3889500
3760041 3929964 3808907 3949256
3897767 4045073 3734670 3986237
3904820 3850044 3896923 3836172
3942599 4053223 3729340 3997540
4032393 3799167 4012931 3907395
3783131 3811194 3589138 3743812
3761205 3680946 3813235 3742977
3833705 3949974 3712538 4035912
3888130 3760532 3886898 3923956
3924618 3906015 3858645 4061372
3939612 3792978 4004624 3922638
3916527 3945549 3950545 3990188
4014269 3794751 4036056 3960452
3701864 3768476 3758074 3867794
3814673 3672064 3854261 3752499
3833156 3903751 3945504 4008809
3921603 3842483 3917812 3957216
3893858 3901914 4012979 3860413
3878966 3971857 4002314 3902954
3928046 3930582 4216866 3978942
3995704 4037301 3988620 3989537
3829109 3681883 3885788 3778598
3726032 3825884 3835291 3765169
3862315 3863283 4066584 3929874
3813131 3908052 3928186 3886339
3816339 3825292 3939925 3912965
3771672 3873128 4007348 3741450
3862703 3862149 4079981 4043655
3828800 3902787 4068731 3849668
3779737 3604649 3757330 3827396
3672978 3758214 3919296 3759339
3804857 3846067 3958763 3953236
3816191 3782843 3993509 3827484
3662368 3801662 3784068 3829847
3718253 3932583 3847692 4020637
3779941 3943257 3914104 4014077
3761544 3854953 3987640 3995296
3678427 3711373 3741097 3707075
3584681 3720372 3812281 3865725
3698598 3882431 3848450 3915743
3677481 3869125 3867195 3967164
3777721 3791477 3855284 3810006
3795311 3732705 3879915 3921673
3925778 4050446 3993539 4031618
3849903 3882346 3963674 3985329
3845524 3744109 3884857 3773633
3789134 3842421 3879340 3856099
3916554 3856503 3906921 3961749
3797962 3818130 3952415 3943232
3837307 3878899 3766924 3834442
3854961 3748336 3958675 3816826
4005251 3999290 3750206 3933646
3873095 3853853 4039715 3906166
3871667 3853664 3688190 3973635
3852713 3689502 3853754 3812435
3830491 3942855 3758157 3971191
3887838 3776777 3908224 3923689
3785793 3939833 3764022 3893774
3932131 3799678 3897956 3838427
3927420 3968109 3937054 4036072
3973188 3774092 4025858 3989038
3790842 3851486 3754040 3916315
3777482 3723017 3944207 3869121
3815449 3982191 3874083 4037363
3934912 3849252 3965614 3881814
3873802 3830500 3934409 3892032
3862407 3917305 3867425 3906853
3931788 3981221 3988935 3884029
3932086 4013656 3970759 3928609
3782594 3703556 3970656 3749799
3814440 3877237 3888655 3860427
3853957 3907751 4034696 3925607
3853978 3954301 3954093 3907603
3871092 3749423 3893694 3911942
3704352 3774166 4023169 3748133
3881512 3890215 3955520 4045955
3789132 3805530 4093161 3844068
3809203 3745878 3935926 3921935
3699541 3736238 4002649 3714226
3967971 3811073 3990012 4089031
3798162 3839484 4030005 3871386
3719171 3731461 3783896 3808474
3692546 3737333 3792462 4078723
3819906 3860879 3838667 3788547
3728145 3886706 3968209 4053584
3697488 3752312 3726958 3869809
3641179 3813687 3804932 3956541
3732826 3865231 3800648 3872647
3680046 3827726 3928414 3957580
3868049 3777636 3861183 3765072
3738311 3798578 3861628 3833989
3942572 3860409 3937291 3871027
3811201 3855464 3844852 3915613
3919769 4014411 4023665 3999376
3900483 3927069 3930328 3972222
3785360 3729671 3871007 3740024
3673025 3783540 3739256 3866836
3825930 3847744 3744211 3872091
3790842 3705435 3850796 3783690
3847209 3975169 3767420 3921023
3954341 3779396 3858304 3877383
3915215 4056561 3851423 3935446
3932759 3810959 3975517 3947342
3801511 3841783 3669180 3822579
3779314 3749036 3808900 3749113
3858336 3923036 3856845 3892054
3926559 3763260 3865074 3964641
3876137 3889863 3838760 3918284
3894498 3680427 3904686 3902548
3876343 4047854 3978609 3960119
3990656 3803774 3992130 3942423
3732654 3778282 3819299 3841308
3838314 3751420 3874310 3774867
3765046 3847113 3900345 3864810
3819245 3883444 3774389 3890077
3904301 3926980 4000926 3864830
3869497 3983543 3909329 3973719
3990728 3879548 4071874 3950733
3987268 4007001 3984552 3986051
3813040 3813877 3878591 3773725
3760913 3906667 3910475 3804907
3818243 3777052 3816019 3872329
3772743 3765267 4015528 3730113
3833551 3793580 3973858 3971461
3792606 3815250 4063865 3816331
3992632 3870749 3980680 4009707
3921853 3901695 4105537 3924367
3801883 3648645 3795042 3954538
3752914 3771948 3935036 3803335
3664296 3762535 3691109 3828064
3668321 3870683 3823579 3861445
3794319 3823797 3755878 3855248
3768267 3902744 3808939 3943457
3728497 3853673 3829921 3990897
3748064 3963350 3972082 3975082
3667515 3729927 3758781 3763972
3700715 3706682 3749999 3867476
3857916 3861963 3858769 3920458
3775193 3871140 3888617 3977219
3869244 3802196 3917765 3887312
3824670 3813436 3794980 3855898
3933181 3817027 3955583 3933541
3835779 3896963 3909274 3978177
3864734 3847770 3904626 3787395
3747513 3825753 3804576 3930926
3875171 3987467 3779995 3862023
3948977 3735334 3930218 3950088
3776219 3935773 3745920 3960822
3772000 3707491 3869253 3832208
3883833 3976472 3825181 3919709
3849236 3797761 3853443 3870237
3785557 3899687 3668383 3925655
3854536 3673426 3812722 3706093
3838148 4017282 3890234 3968871
3965407 3878161 3938146 3908624
3878063 3870262 3801248 3996558
3929140 3734593 3916813 3863255
3895230 3932126 3954600 4032866
4021508 3796544 3927252 3919807
3810867 3863795 3843146 3942227
3855188 3772969 3896579 3878689
3948802 3900779 4030712 3855255
3881111 3974060 3873997 3944641
3834909 3884410 3986437 3899280
3845379 4020684 3854800 3890420
3898955 3820421 4104089 3901325
3876393 4105045 3965002 3975870
3843707 3782023 3975173 3839626
3715169 3897672 3903226 3810576
3867388 3819401 3901934 3933523
3774384 3806451 4052394 3792219
3799532 3794847 3973806 3886263
3672650 3783539 4051747 3776176
3854782 3877193 3938828 3967705
3851757 3846813 4033983 3803227
3808343 3728583 3820514 3919456
3735128 3757625 3970076 3655313
3746632 3846316 3850523 3847139
3635822 3791910 3844821 4054742
3631224 3727234 3763886 3771403
3660573 3889605 3797208 3889711
3694539 3881430 3888179 3935421
3770919 3893207 3848818 4029953
3664392 3742923 3809740 3910603
3623689 3774540 3816995 3996191
4036336 4001336 4088707 3942154
3973917 4016673 3987069 4117275
3906268 3913775 3956102 3889388
3749097 3909022 3846976 3849174
4040355 3867733 4052991 3877406
3860602 3897430 3900642 4001636
3848060 3765696 3799876 3765870
3618832 3731623 3733056 3799414
3964939 4105930 3905691 4053247
3961463 3876807 4003511 4006835
3824834 3955459 3779453 3975581
3956793 3725024 3950500 3864753
3960918 4052397 3803362 3974690
4008532 3842413 3971152 3880739
3808669 3871007 3747920 3853081
3773704 3642373 3913587 3770814
3982990 4017461 3953777 4082375
4052509 3910130 4114080 4032497
3863958 3982601 3771679 4120112
3908933 3796033 3938425 3964343
3951684 3969607 3917687 4050134
4009227 3840189 3960463 3975048
3714260 3880178 3746286 3803767
3892437 3728829 3864135 3735049
4012234 4002333 4195161 4020259
4001726 4018947 3998546 4062127
3846765 3847266 4059536 3912777
3796368 3956543 3924570 3898973
3951000 3896427 4085084 3907083
4000254 3995739 3949637 3949525
3852768 3724369 3905652 3752982
3781941 3863936 3814759 3789715
3936819 3938362 4037683 4069362
3913284 3981616 4092257 3919976
3773795 3812519 3958306 3984666
3827602 3816727 3975361 3786907
3868719 3909668 3988686 4084277
3836130 3898089 4079741 3834991
3788278 3747428 3818139 3902605
3659187 3788941 3868984 3726750
3836506 3996544 3882952 4036944
3877610 3985172 3917957 4045769
3719630 3814239 3773672 3917574
3806317 3944060 3902045 3965543
3794435 3837645 3819607 3934442
3791872 3919802 3917322 4000435
3677799 3800764 3747456 3734609
3703755 3786420 3798120 3961493
3800430 3756256 3916234 3871292
3717460 3813894 3777992 3894279
4068013 3928871 4048541 4027660
3842218 4049614 4033822 4045148
3954734 3850841 4020658 3936145
3798809 3866132 3917819 4070796
3868708 3779648 3919367 3855296
3743044 3867155 3801715 3884121
3896087 3901484 3641259 3882563
3891037 3691920 3843417 3770141
4049917 4105969 3891123 4053646
4020093 3937348 4071715 3996515
3963995 3933558 3815312 3903011
3913160 3795629 3960832 3943013
3840315 3941171 3626554 3815049
3824161 3681670 3816516 3847207
3747909 3903092 3795541 3870138
3892507 3794563 3903778 3815983
3989904 4046622 3970036 4115413
4001032 4008555 4133334 4078578
3926548 3949000 3906315 4024768
3986906 3784161 3960871 3904257
3732754 3918630 3821194 4010062
3798404 3730235 3874649 3783857
3920258 3755919 3978255 3856230
3824528 3899181 3890117 3895412
3988830 3999605 4159904 3956160
3952309 4078150 4082503 4022751
3943577 3910157 4108466 3926463
3761894 3993348 4023312 3949556
3793382 3729085 3934688 3829134
3784596 3867438 3837238 3833954
3840189 3721989 3917848 3970204
3844909 3804144 3945124 3825348
4018016 3849788 4103093 4107840
3905003 3994295 4159841 3926486
3948283 3836798 3924254 3998547
3853444 3823296 4099155 3859169
3745661 3691124 3799840 3856052
3733439 3701936 3902934 3762697
3643591 3733326 3793733 3885065
3662570 3738655 3915804 4015049
3782452 3895982 3910658 3994329
3805017 3963370 3989423 4157364
3812216 3810226 3860647 3899944
3765841 3823462 3962806 4085134
3643368 3736937 3818810 3785398
3643879 3788517 3799533 3832742
4141545 4076227 4130567 4077219
4032021 4075067 4082695 4211675
3933566 3879204 3996701 3927719
3892005 3936083 3857739 4024140
3831699 3778387 3905267 3842498
3699365 3737205 3783583 3929272
3848493 3806460 3869611 3808083
3735991 3767361 3844701 3918259
4011634 4185957 4024046 4170424
4126598 3993824 4133501 4140465
3971589 4063142 3826140 4067102
4018834 3807936 3962705 3890167
3770386 4018932 3734946 3885736
3850098 3656839 3961449 3762581
3774389 3826368 3680419 3813608
3796766 3700944 3837025 3775552
4099167 4159312 4149372 4196085
4075313 4087271 4147457 4113738
3887145 4043214 4029701 4046079
4034334 3894321 4050979 4001712
3860249 3865430 3787638 3957815
3904930 3724745 3925271 3787826
3733963 3908139 3730902 4059892
3974506 3705505 3857777 3816060
4041343 4170339 4283140 4147001
4096426 4153670 4052243 4173263
3933796 3937788 4087723 3942900
3917192 3957107 3987439 3946624
3815058 3780600 3972488 3853334
3760814 3937741 3888801 3895603
3799364 3811307 3925783 3767250
3727111 3880049 3906458 3869744
4017802 4063979 4070137 4245212
3932602 4007464 4218552 4011176
4017413 3838580 3970595 4044185
3857856 3864651 4063153 3879650
3814884 3764133 3925699 3895203
3668096 3780992 4055516 3801593
3868747 3747292 3919085 4032782
3677751 3806446 3955775 3755191
3934587 3986331 4073547 4068750
3907341 4081088 4055474 4155573
3839337 3846413 3905567 3955639
3735680 3899507 3972961 4009156
3680959 3772284 3739033 3855670
3608248 3768591 3723252 3985835
3655719 3685098 3770017 3845627
3691994 3772924 3804711 3976764
3928444 3857864 3878965 3932634
3768996 3854073 3800833 4003668
3912675 3839383 3926594 3822083
3793540 3785721 3893119 3927929
3869331 3821695 3836889 3887631
3735909 3852320 3821368 3940713
3924406 3758413 3809264 3815255
3617180 3736103 3792702 3808058
3888739 4050550 3734265 3941259
3915064 3786722 3843330 3895007
3831457 3920512 3719994 3911037
3879212 3747742 3901067 3868319
3802687 3885493 3699249 4006206
3835377 3736694 3956560 3876704
3756815 3847515 3654196 3822235
3775064 3669120 3755013 3755369
3910998 4007976 3869444 3963801
3990035 3805620 3920348 3939680
3799257 3828299 3845533 4006379
3853646 3720832 3889829 3823657
3841430 3890468 3792034 3979336
3962162 3768625 3945839 3819568
3754247 3787171 3730665 3864232
3846483 3652590 3810592 3781826
3995675 3841293 4058625 3859134
3879716 4007924 3927367 3986470
3832959 3831829 3987298 3931947
3817060 4014701 3868824 3927552
3853232 3808329 3991391 3886226
3881644 3903724 3919783 3890546
3772369 3682341 3907793 3824290
3712726 3859973 3794546 3817502
3882271 3763277 4020711 4011603
3766108 3867735 4088463 3832402
3861007 3813242 3910876 3957494
3741240 3675595 3920392 3788127
3884393 3842518 3992989 3947966
3747040 3779390 4071983 3758885
3749896 3643956 3791859 3880551
3631620 3673595 3894861 3658822
3707353 3784858 3840757 3896284
3664552 3801622 3913920 4042589
3647713 3725117 3803561 3870570
3719331 3801681 3794394 3977924
3686741 3754837 3802896 3801075
3759043 3805416 3818279 3967932
3564569 3654088 3683212 3738717
3687670 3689580 3782615 3836775
4027076 3887668 3907461 3826641
3763211 3879824 3873026 3939552
4067310 4095301 4087439 3975761
3842138 3942094 3997847 4161933
3827984 3841628 3845585 3795813
3786401 3726981 3754303 3898172
4023253 3944881 3989288 3907007
3835283 3994511 3949460 4031288
3855245 3967479 3795000 3995237
4017920 3824926 3972608 3929124
4020053 4014159 3905593 4101634
4096113 3914922 4051084 3945897
3765114 3910545 3654844 3826023
3850150 3663913 3818755 3796143
3958588 3967012 3812611 4007041
3965233 3852919 4042252 3915931
3877980 3948448 3915507 4011217
3964890 3836270 3992287 3928913
3941075 4062307 3951800 4182236
4058706 3872926 4089902 4017266
3826952 3839814 3857782 3926391
3961968 3767242 3913006 3733156
3906529 3904315 3947781 4054458
4006997 3868914 4044916 3956584
3854575 3808039 4102095 3905958
3862195 3947439 3957826 3921288
4040788 4048899 4157315 3993906
3942412 4023432 4028207 4132026
3757534 3803198 3940405 3736425
3741892 3907193 3746041 3803290
3964285 3923843 4084095 4015059
3937594 4038777 3948810 4046049
3947760 3787084 3942623 3982104
3826942 3843600 4095239 3838066
4014727 3908393 4033638 4110932
3904770 3972871 4134151 3902655
3741737 3734909 3825719 3910064
3701284 3679092 3964649 3812907
3941516 3857808 3959223 4010592
3798136 3883060 4146980 3837225
3681055 3891400 3810913 3882324
3655018 3867516 4010233 4015062
3844068 3916416 4024865 4020348
3837887 4063271 4027403 4121783
3643560 3690168 3764499 3861839
3655719 3713886 3807439 3833133
3778264 3957220 3922060 4059331
3748412 3954245 3979463 4013284
3901058 3834895 3876448 3915830
3768379 3788764 3948520 3959265
3949358 3917911 3997405 3897226
3780560 3822485 3944030 3970853
3941631 3860827 4007422 3934871
3875264 3917724 3935990 4135938
3882382 3819858 3977287 3812443
3731369 3756696 3855489 3932062
3880568 3965945 3783175 3911757
3932693 3718817 4003673 3944160
3868722 4054264 3726332 3958127
3900079 3777274 3958378 3887421
3850417 4093355 3808992 4000059
3929154 3831119 3938332 3928661
3839537 3922900 3705664 3904245
3934720 3771209 3945064 3777235
3814315 3978227 3842167 4035142
3993299 3782503 3913319 3858195
3860572 3988176 3902975 3967751
3933018 3837367 4002770 3994687
3991720 4001658 3905545 4068008
4031311 3901234 3990692 3886055
3868344 3935032 3846779 3947250
3936449 3731914 3963366 3865151
3881445 3864048 4104877 3872003
3835053 3953454 3992320 3856996
3901014 3943878 4143551 3943157
3927563 4034979 3968216 3985188
3969348 3958738 4113911 3927984
3944294 4077788 4009190 3928853
3857568 3783932 4043847 3890892
3844331 3904362 3927848 3897939
3947965 3746171 3831630 3995890
3726528 3879556 4017942 3830337
3978143 3889194 3963751 4023507
3840360 3815520 4053568 3842356
3997458 3835682 3958267 4064404
3810135 3836856 4075994 3907264
3830114 3795040 3968486 4020324
3759742 3818437 4001031 3820385
3732650 3824669 3800256 3910156
3807801 3835322 3842430 3963625
3734787 3844939 3820584 3901844
3750132 3881268 3962930 4035808
3722966 3823737 3742598 3964804
3881542 3910552 3939241 4036632
3689672 3753683 3769767 3893133
3604930 3786661 3795164 3961732
3855271 3819868 3848741 3788024
3757287 3830728 3846182 3880946
3972291 3910252 3957891 3927983
3864185 3818723 3906796 3916064
3962118 3898464 3955096 3914792
3789527 3886015 3825981 3934907
3834531 3836888 3801694 3826323
3771351 3761617 3829326 3830758
3790495 3901305 3607288 3823953
3808455 3764918 3828146 3801960
3927855 3991849 3812084 3992420
3843520 3737732 3921014 3857876
3903418 3905761 3774311 4033412
3887605 3725914 3940120 3926782
3799554 3888063 3769810 3813822
3892720 3705929 3831071 3793145
3776177 3855535 3766198 3944245
3936126 3747387 3877347 3848609
3901360 4009082 3916864 3963289
4048976 3822735 3971848 3865460
3896521 3923888 3900787 4066208
3978775 3875599 3964561 3914509
3820627 3824812 3755660 3935466
3978553 3731658 3870325 3770637
3728493 3825275 3925402 3778148
3788357 3882076 3811990 3920811
3886994 3821891 4103881 3879527
3938019 3986733 3932593 3888023
3926898 3847810 4108321 3860881
3860020 3936880 3919496 3926856
3781248 3790849 3944241 3760386
3755658 3903700 3837901 3883773
3801212 3785440 3874341 3887780
3730242 3649776 3964603 3725398
3929257 3805376 3934039 3982778
3829708 3836870 4038463 3851560
3914057 3817409 3994433 3972580
3796591 3851235 4074682 3836161
3745490 3697608 3874605 3931664
3774749 3796198 4060660 3743452
3601755 3724726 3684829 3747094
3623747 3832014 3844362 3898289
3689998 3854707 3836691 3817331
3740658 3864688 3874088 4044279
3709800 3922948 3831196 3888338
3776203 3864229 3862001 4027608
3595264 3661396 3707572 3884580
3639100 3790679 3813643 4000603
4091519 3968010 3962721 4194902
3959807 4011893 3937253 4069868
3709014 3652795 3647345 3907879
3698110 3716572 3667580 3722567
3890074 3805654 3893139 4028461
3814469 3901018 3858942 3845616
3768964 3791715 3745966 3971094
3691302 3815950 3655995 3724054
4029538 4072595 3879178 3933368
4218264 4120867 4003016 4051074
3757869 3682030 3690747 3647315
3877428 3765194 3625034 3672865
3840170 3929267 3762323 3848575
4110115 3936283 3870093 3845600
3828555 3811325 3730113 3723682
3944084 3782662 3780348 3788802
3966243 4048924 4068344 4144677
3992053 4091265 4058291 4095046
3616645 3690776 3712896 3656137
3750607 3702396 3713330 3784680
3884100 3781809 3907203 3929535
3971462 3872025 3921383 3940576
3784654 3749226 3770110 3749705
3815525 3795436 3763322 3869943
4039225 3997726 4035368 4047178
4203836 4089975 4043813 4011907
3660328 3692476 3758388 3830844
3770477 3720674 3738525 3709084
3857189 3874291 3899123 3920563
3918011 3921700 3904986 3756858
3686184 3739375 3791563 3840412
3889991 3781397 3784507 3654980
4210534 4046358 4112297 3943571
4139215 4062531 3967388 4026396
3922695 3760277 3764216 3668070
3807626 3755377 3747603 3620331
4054129 4036798 4020246 3839203
3920059 3897280 3876566 3853942
4021598 3803151 3766998 3791193
3836176 3752149 3823010 3745090
4020573 3867653 4113023 4162990
4162117 4126120 4139677 3974826
3717226 3510199 3788997 3818191
3814086 3795724 3834751 3635179
3851715 3805653 3898718 4015841
4071478 3910015 4014634 3788166
3724009 3682507 3757556 3950618
4010065 3835469 3924422 3680868
3832847 3690955 3803841 4018437
3688477 3757763 3727346 3822280
3798910 3721969 3769550 3938245
3747444 3834002 3715011 3739243
3843180 3694316 3877846 3938999
3674792 3835339 3728166 3795182
3932156 3764102 3799702 4098455
3861907 3910942 3781804 3938389
3872417 3756634 3734850 3721926
4019517 3955395 3706415 3802155
3784671 3808923 3641437 3676496
3874134 3867706 3743799 3811480
3899919 3688647 3771899 3731252
3991885 3966537 3918674 3860149
3851386 3868054 3797635 3838409
4075374 3972323 3815975 3827049
3808699 3816323 3877424 3872931
3829975 3863307 3718919 3938595
3722233 3794040 3826458 3837951
3794581 3747857 3785348 3841048
3753425 3817948 3873196 3894265
3823624 3846738 3738166 3942703
3867670 3910220 3852407 3884765
3902595 3907409 3837537 3997261
3739752 3805813 3843196 3812861
3902460 3804617 3805285 3792105
3766055 3755117 3815907 3773702
3796155 3773564 3779661 3761018
3808271 3822093 3824986 3833859
3909995 3855459 3836391 3812510
3861801 3819840 3866598 3888327
3975829 3857040 3870995 3790566
4047911 3809484 3947064 3737424
3889527 3832509 3765298 3781209
3928392 3797228 3879416 3845849
3795514 3756527 3841567 3739450
4055772 3893065 3861379 3717413
3941408 3823945 3777667 3786772
4055908 3839392 3861033 3816261
4006637 3877853 3867531 3814845
3843844 3723177 3829743 3948557
4035407 3852098 3901199 3784233
3783732 3635600 3745322 3885079
3872159 3877235 3825955 3710416
3805922 3731207 3813720 3978935
3964174 3886163 3911473 3827911
3927398 3749614 3911775 4014611
4080598 3993580 3982422 3833345
3839171 3709154 3810147 3971179
3746966 3799191 3684854 3802798
3809491 3662237 3749425 3921243
3719697 3781004 3743113 3789012
3766063 3610348 3789569 3907996
3695169 3777772 3714569 3730919
3904598 3926323 3928366 4054916
3842301 3937126 3748104 3899632
3840503 3790640 3687620 3696949
3987163 3873464 3771245 3858177
3826335 3704131 3800035 3709958
3964353 3844798 3693251 3801677
3779121 3769046 3653151 3635448
3846701 3800077 3672195 3790923
3820850 3864772 3802321 3834695
4017978 3871933 3848242 3833297
3761729 3745122 3879863 3900675
3737539 3819639 3753959 3908078
3771331 3701258 3877793 3785383
3765473 3861885 3814385 3901643
3649549 3736256 3707126 3719708
3771391 3756226 3721979 3775004
3824764 3895486 3926198 3917480
3906432 3907061 3878071 4003632
3710975 3746512 3866823 3802337
3886730 3832399 3754551 3670072
3712778 3776575 3794754 3828729
3914529 3645185 3818766 3697285
3643033 3803942 3730966 3753689
3830673 3774601 3780550 3722026
3776179 3846405 3943822 3805886
3996237 3924619 4039884 3831356
3972145 3872779 3908980 3807104
3905333 3705609 3788759 3806957
3960263 3772952 3843633 3765554
3855234 3747952 3761681 3787291
3892103 3807617 3916339 3663028
3901037 3692933 3760983 3769299
4098660 3930482 4042848 3944236
3946212 3851077 3855041 3858302
3860380 3646170 3726561 3840573
4046267 3950910 3947185 3758638
3819780 3650550 3765464 3785709
3867949 3826794 3959554 3718984
3775912 3656501 3785171 3852469
3849373 3756000 3840240 3626180
3881903 3707966 3881100 3974509
4105323 4016751 3986297 3800766
3792786 3746856 3771952 3984984
3700706 3827368 3752334 3761670
3921578 3841477 3906691 4032109
3704502 3894366 3721570 3979620
3873781 3732026 3852888 3963172
3833820 3805461 3648958 3849476
3980328 3985476 3968519 4162017
3976314 3934344 3900128 3943900
3804596 3845419 3737291 3702144
3984149 3948108 3769041 3798887
3896716 3885274 3764540 3820685
4064207 3933454 3863370 3835088
3859117 3814158 3729767 3687605
3930793 3853792 3801923 3880897
3972449 3898499 3855871 3822095
4089939 4048521 3935494 3997454
3699863 3819864 3832058 3880759
3787651 3829415 3801956 3865776
3842068 3801288 3955518 3944043
3874130 3875320 3856044 3910996
3813936 3774754 3755449 3940206
3810584 3796176 3791340 3860874
3942425 3898113 4008619 3984315
4008297 4035716 3904530 4015591
3682006 3812773 3846718 3864674
3937245 3794364 3831139 3660897
3827763 3897647 3956072 3866650
3905092 3877368 3857995 3775166
3716159 3825962 3839490 3797661
3858667 3798378 3864816 3746727
3925332 3902605 4011049 4003179
4017645 3986628 3939472 3856591
4053304 3848995 3837097 3826935
3819967 3769836 3839155 3757069
4077418 4003774 3950091 3828485
3944433 3885096 3890526 3777111
4053304 3904761 3787923 3785593
3881126 3765661 3855674 3662106
4182015 3944136 4067415 3968395
4000713 3984737 3904063 3987680
3853353 3726078 3742138 3840059
4093259 3829098 3919627 3750409
3838110 3670135 3825836 4016859
4071343 3946797 3979079 3842655
3772992 3701331 3735666 3949658
3959202 3847254 3919882 3751430
3988041 3782435 3963163 4120904
4136089 4021025 4106075 3853939
3763180 3741574 3784869 3910731
3639920 3817448 3712426 3802095
3912839 3765820 3968676 4134664
3733213 3905348 3769391 3915256
3907618 3733307 3851452 4015437
3741915 3833996 3743891 3901448
3885741 3819567 3910676 3991468
3758383 3834992 3824160 3887992
3791006 3728373 3649707 3729108
3950872 3897610 3764419 3830016
3858869 3953610 3851183 3799105
4077886 3992983 3832971 3792479
3797089 3853525 3744310 3751171
4002406 3911676 3703377 3847722
3905758 3857430 3827565 3802339
4075152 3906682 3923052 3893341
3780794 3842933 3814390 3780706
3801150 3788557 3788424 3905705
3875079 3824905 3926076 3901232
3970293 3979944 3886646 4008176
3791585 3839768 3891175 3842890
3873424 3886884 3747415 3951630
3767466 3895555 3957902 3967114
3948635 3906616 3881458 3999594
3706716 3782888 3887433 3776161
3883900 3777400 3796445 3713951
3883486 3868209 3902441 3914718
4074740 3895374 3955345 3873971
3795047 3808898 3860660 3891069
3974821 3906027 3825629 3770784
3821182 3889557 3961559 3892670
3932788 3882768 3882053 3762818
3897371 3828020 3806274 3743453
3853808 3799984 3831016 3794189
4035305 3904003 3940111 3824669
4030202 3893881 3855002 3849600
3997330 3841793 3890193 3809011
3910503 3811440 3764380 3800972
4148621 3949639 3938912 3802491
3957492 3879839 3920480 3846079
3842745 3613966 3708223 3882238
3905723 3799625 3873607 3654562
4006672 3816924 3975687 4062452
4104317 3930070 3987753 3830196
3830598 3739263 3779864 3928098
3943888 3870995 3948798 3712135
3962636 3772685 3888130 3907819
3996336 3882698 4004967 3833484
3895439 3755082 3787708 4006295
3679100 3819471 3740664 3901826
4000895 3826336 3881248 4122390
3821912 3941006 3896341 3964375
3951678 3805306 3871708 4061551
3773211 3924694 3801913 3918057
3934043 3743719 3832591 4007935
3860149 3791922 3757728 3876125
3807898 3716665 3801362 3781205
3940542 3858496 3787513 3803240
4028645 3914383 3770735 3863109
4124943 4070279 3951076 3917253
3941467 3843449 3807630 3880124
4092383 3988110 3853924 3919306
3861099 3740609 3860210 3784497
4006624 3854073 3816350 3843570
3843896 3904902 3921920 3808543
3903796 3786368 3842219 3926211
3901082 3893799 3944318 3950255
3975694 4027554 3893198 4011893
3791531 3956867 3940718 4014575
3996790 3949083 3927943 3983439
3764764 3809016 3850123 3824706
3933857 3776866 3812116 3936845
3718143 3812337 3875665 3905314
3862803 3816993 3914716 3849204
3804770 3939592 3952674 3984897
4027070 4020606 4013724 3815507
3828875 3882585 3873696 3893671
3995608 3923795 3977578 3854782
3787099 3903256 3810786 3846425
3854763 3734229 3875711 3695712
4036072 3850668 3870658 3754731
4008520 3844441 3799976 3755818
4136747 3972891 4042892 3848387
4010437 3998401 3875451 3874652
4109243 3907312 3951163 3838795
4024104 3993403 3900481 3893438
4048011 3888684 3867011 3745505
3887088 3873309 3827861 3822146
3922792 3642125 3867695 3922385
4048973 4014456 3884028 3689670
3926268 3812676 3909959 4095709
4118262 3990677 4115282 3852649
3958591 3824563 3899870 4026320
4111037 3956407 4079945 3923757
3833307 3742092 3770149 3976469
3970083 3773221 3984921 3770839
4031820 3897499 3901264 4102900
3885144 3982323 3944641 4011043
3806962 3699717 3704313 3905579
3686511 3711231 3674599 3727149
3848382 3629602 3795566 3938107
3715977 3792557 3592413 3799073
3870942 3685456 3831207 3916013
3724421 3735965 3707853 3751586
4096198 4026164 3809751 3914325
4059760 4086863 3870851 3949696
3675126 3726559 3653767 3702436
3889132 3840139 3691377 3745831
3759310 3758409 3636235 3687360
3913900 3843874 3762933 3752085
3749828 3768392 3738524 3661794
3969944 3852503 3744664 3847467
3922959 3922899 3952907 3999895
4029804 3942609 3937618 4076817
3681710 3725685 3713914 3831404
3729054 3704780 3694025 3876583
3818931 3859260 3845913 3805203
3781599 3739217 3761665 3795277
3768415 3776195 3817510 3811581
3854373 3847667 3750276 3828316
3896578 3983624 4014211 3952866
3987503 3952509 4021440 3911781
3688220 3736764 3794169 3781843
3746825 3844165 3735877 3635276
3728842 3692948 3848531 3717323
3757146 3712441 3776785 3684938
3819716 3756966 3758383 3777924
3868896 3856333 3746587 3672411
4162839 4018423 4131506 3909790
4038481 3912842 3942732 3913964
3998608 3737937 3809531 3704674
3799941 3741662 3755482 3696810
3952029 3747612 3843769 3642505
3867590 3782837 3743466 3626627
3990912 3857079 3807485 3697858
3873345 3764646 3828394 3711556
4010284 3873596 4056402 4081848
4062945 4052511 4090285 3924760
3737384 3649799 3779271 3827626
3887574 3822359 3857439 3618033
3806463 3636694 3765479 3835388
3876427 3788140 3829014 3613156
3793438 3647714 3817362 3882489
3945935 3898734 3873577 3670752
3851460 3735922 3824117 4074874
3676222 3865705 3696764 3852634
3716156 3672682 3723778 3895692
3606973 3775588 3681779 3729573
4004945 3849262 3848797 4121392
3875032 3932048 3942737 3935266
3922645 3750998 3884100 4062120
3773243 3895266 3765413 3833220
3836104 3789690 3676543 3764642
3965700 3893413 3690872 3806618
3754482 3692477 3589872 3637292
3861436 3869679 3738760 3722683
4020817 3900876 3823725 3819527
4131484 4055666 3914574 3930044
3854763 3863258 3704722 3782499
3990343 3953901 3805631 3811640
3745905 3761226 3859464 3870063
3743236 3887596 3742061 3890873
3699346 3722167 3737618 3770539
3827578 3735515 3716901 3797688
3917976 3887553 3970287 3941646
3894311 3945798 3890483 3936888
3740876 3817224 3928119 3819229
3855008 3836415 3847290 3946444
3654969 3791468 3862090 3830911
3888961 3814208 3877050 3791689
3719351 3631590 3736986 3670967
3876885 3723288 3727628 3669753
3874888 3880588 3940892 3977174
4015925 3950595 3948735 3856386
3770227 3928312 3908567 3832356
3977900 3859722 3828023 3819817
4047843 3868804 3944099 3715769
3863161 3779398 3710097 3854229
3884303 3774829 3797577 3728412
3748101 3710488 3833176 3772433
4088774 3995299 3967032 3932755
4040306 3945026 3897778 3983676
3982153 3908503 3929936 3854721
3947360 3834242 3841102 3894600
3831100 3633627 3762262 3901114
4016998 3915253 3948922 3729440
3707701 3568505 3768810 3842064
3855388 3789665 3813731 3651779
3957081 3805890 3956636 4042301
4114107 3920488 4016118 3841919
3838627 3629263 3926643 4003696
4048683 3880773 3999392 3796019
3765308 3641465 3807809 3964153
3646927 3638094 3693981 3766040
3827918 3708533 3891054 4020334
3706276 3811046 3655584 3810170
3860662 3661297 3880285 3994173
3722939 3855392 3738074 3909092
3958223 3777120 3843174 4030135
3751241 3862091 3746772 3817315
3742789 3660412 3660344 3637394
3889514 3791186 3681921 3743145
3849719 3791065 3750823 3674894
3961824 3930194 3766037 3881828
3858138 3883086 3692018 3778983
3993023 3884811 3811050 3853208
3856523 3840338 3759238 3772060
3990395 3908457 3809959 3869548
3718971 3700354 3749331 3753301
3738399 3770530 3706306 3863256
3684686 3797759 3837350 3854609
3887466 3817682 3840320 3911431
3808849 3860214 3782061 3883043
3807161 3823232 3834959 3934407
3798174 3855631 3864155 3915276
3865294 3819266 3799838 3925402
3703383 3763888 3783941 3784406
3779510 3727269 3848965 3635182
3788906 3752127 3795729 3833975
3962697 3772526 3845992 3745537
3679241 3844944 3812826 3856395
3881444 3902181 3805081 3841063
3830922 3855135 3952128 3969571
3931228 3824878 3882331 3829910
3894624 3745736 3746657 3707088
3809019 3727676 3711554 3728459
3992981 3827412 3876069 3761909
3853082 3744526 3822777 3769587
3996605 3837096 3836620 3797329
3839718 3728514 3790567 3800761
4045131 3919996 3912186 3788013
3851421 3794661 3850088 3814207
3698751 3628370 3794252 3854911
3930247 3738801 3891992 3695941
3847650 3675568 3784618 3911001
4012266 3791649 3973620 3764935
3790450 3705067 3857281 3923149
4016806 3787554 3884777 3793578
3918569 3660882 3846617 3999825
4007326 3893724 4035144 3776649
4013710 3828081 3958253 4127455
3879384 3978364 3820237 3964713
3830250 3640282 3829079 3957899
3678033 3751335 3701086 3845832
3631510 3613369 3662200 3880001
3630506 3735432 3586194 3683543
3994809 3815525 3857123 4046942
3762420 3928501 3789518 3814704
3928919 3871724 3877161 3886448
4047052 3928037 3924978 3992499
3726496 3760707 3709720 3665061
3905493 3887560 3727465 3764147
3627272 3697524 3596762 3567950
3830431 3750439 3625559 3722091
3925105 3832872 3818165 3833891
4096450 3970908 3879985 3882964
3822571 3904790 3989200 3945066
4012801 3923397 3888342 3996017
3738158 3750932 3817393 3832882
3745002 3708831 3783656 3935515
3596364 3731809 3726288 3678496
3766558 3628684 3699820 3792881
3818683 3909843 3946099 3928014
3970562 3891658 3935382 4077025
3910558 3860540 3953601 3896057
4007870 3916788 3945678 3913835
3763723 3753253 3809943 3802467
3859227 3744414 3717794 3689790
3608905 3680837 3726607 3695639
3723489 3698905 3777840 3659813
3858040 3918091 3879525 3930206
3999905 3934972 3938219 3891338
4124492 3904599 4004269 3891538
3997491 3943100 3907665 3860129
3966423 3758962 3899764 3692890
3895990 3767505 3811197 3780379
3912866 3731087 3776394 3623561
3729039 3633366 3597692 3589067
4181355 3929305 3928434 3854335
3940178 3936303 3873181 3810749
3987301 3751046 3880433 4035153
4082980 3888472 4062742 3882707
3783706 3613272 3764983 3822070
3959252 3844842 3833539 3623105
3712394 3607837 3773484 3835072
3895063 3678184 3693539 3613450
3875968 3809108 3960583 3990874
4005421 3983513 4036336 3808968
3991984 3854967 3889795 4101899
3872350 3955501 3792661 3946293
3910994 3863777 3975843 4054293
3858301 3901317 3746122 4068082
3829762 3716753 3750662 3968308
3713486 3872505 3735111 3784627
3923071 3826847 3882966 4045121
3842946 3972218 3805110 3870446
4069970 3917043 3879005 3929593
4065701 3915762 3951505 4028856
3942845 3961465 3835047 3847206
4121795 3967575 3864256 3960273
3828777 3682167 3677533 3784787
3950731 3841432 3710782 3722351
3929466 3896761 3889767 3845222
4053103 3941450 3772198 3851425
3884389 3924301 4050944 3977450
4062946 3964507 3986363 4044198
3888707 3943715 3925788 3919214
3920593 3931488 3976777 4029936
3822591 3856976 3806467 3772931
3868493 3763441 3794903 3941206
3866023 3888732 3848637 3915003
3917397 3931799 3840857 3968820
3879484 3983436 3950439 4001248
3991023 3950535 3975701 3918867
3971647 3925286 3971887 3959114
4068013 3966005 3925948 3905438
3700356 3835081 3784610 3863314
3893333 3765010 3864082 3765800
3787567 3803827 3953874 3851183
4072800 3893214 3863333 3837514
4128248 3986831 4092851 3833404
4085765 3968853 3940170 3879489
4162463 3988730 3989542 3916273
4016908 3882123 3878222 3861194
4022572 3819238 3762026 3695065
3850552 3790457 3792084 3730410
4119288 3949899 3901493 3849762
3877527 3869944 3928931 3912339
3930859 3819622 3955310 4064719
4142585 4067397 4080327 3903068
3921755 3792016 4007087 4102587
4099465 4010601 3952516 3877696
3824080 3767825 3831204 3966665
3942838 3854645 3887206 3660062
3884456 3792419 3914349 4026966
4034333 3944132 3968772 3854681
3906678 3875772 3920042 4152787
3812802 3898557 3867898 3902862
3948839 3729343 3858721 4028082
3828517 3918259 3823442 3902618
3869156 3772492 3828541 3991259
3782575 3851459 3710412 3826526
3839072 3642670 3758731 3950328
3591073 3794835 3620649 3749845
3933976 4002388 3875502 3847878
4173238 4055920 3886246 3910652
3830101 3951132 3729791 3770414
4035910 3963274 3799120 3902942
3881673 3873816 3693209 3788084
3962210 3799499 3810597 3770725
3791184 3869647 3643925 3775299
3944728 3922102 3704986 3776644
3880353 3971962 3941873 3951503
3886964 3940438 3921458 4049577
3877179 3963068 3895931 3933646
3905927 3899478 3819199 3957204
3884206 3837367 3921335 3809882
3831011 3830439 3791911 3950290
3682837 3703914 3739046 3790531
3722883 3792389 3764052 3909755
3846774 3873337 3985002 3918497
4039821 3942069 3871917 3888522
3888651 3831001 3878237 3957626
3971580 3913461 3882879 3858156
3850850 3777426 3922712 3836091
3878046 3818156 3954068 3733103
3684092 3746289 3792959 3858317
3886309 3869132 3782156 3773879
4123642 3977393 4029121 3814988
4029717 3909787 3902309 3907647
4114376 3960987 3932488 3803267
3927775 3876365 3827700 3854239
3994057 3852837 3910911 3743869
3923972 3880891 3822966 3750058
4050792 3905564 3823458 3786674
3855917 3784296 3766110 3743582
3954477 3760742 3967811 4077254
4127058 4011623 4054261 3874921
3913378 3737200 3929821 4045582
4040673 3954143 4033545 3868347
3812136 3739408 3838248 3936237
3981509 3889086 3944427 3758720
3756561 3711811 3774582 3823006
3917555 3878127 3869463 3744971
