3868826 3786240 3805555 3922812
3900040 3846887 3857522 3918807
3792646 3770260 3850804 3815992
3910857 3927049 3906618 4000054
3784643 3730712 3810810 3909651
3893926 3913019 3942143 3843425
4070820 3856185 4011422 4023207
4058666 4089504 4053555 4073375
3833449 3838232 3948225 4030884
3840542 3887819 3752531 3777724
3861696 3856154 4015683 3982292
3924653 3920193 3767031 3852531
3834129 3819255 4000762 4063446
3911336 3896551 3823388 3840858
4082695 3949356 4074434 4216741
4027514 4107731 3898609 3998824
3808226 3843078 3790469 3714437
3782442 3805398 3903875 3769843
3832196 3955043 3757364 3802062
3833727 3799869 3974529 3795603
3849870 3900718 3778006 3763598
3758035 3841916 3973562 3818398
3967945 4021269 3938874 3939758
3992598 3886285 4040830 3955369
3772512 4013944 3796719 3870437
3949080 3899607 3708818 3962872
3827575 4034841 3916963 3893039
4071860 3825977 3736878 3962773
3733475 4075054 3942253 3880797
4026502 3779170 3846791 3880867
3941292 4249022 3977558 4075804
4177652 3946191 3931178 4091050
3887539 3800122 3797845 3780055
3885506 3878630 3841497 3950876
3871844 3715715 3782654 3839719
3928791 3919232 3932189 3987236
3887350 3753258 3785245 3816174
3900152 3900566 3850740 4022993
4021091 3982173 4035709 4000283
4040218 4124755 4015177 4164650
3864194 3814332 3712109 3859300
3670181 3865692 3801122 4033076
3792656 3919738 3753954 3873023
3802586 3922500 3833806 4021644
3810482 3850441 3805975 3804687
3779077 3887304 3915301 3973456
4056508 3925302 3892132 3917675
3984606 4071768 3988198 4129491
3759366 3625958 3736789 3763398
3893512 3817749 3878363 3767536
3821095 3745915 3769546 3771375
3858068 3826963 3872946 3881178
3819306 3821470 3841013 3929933
4033153 4019446 4015925 4056699
3822180 3686930 3830922 3795423
3900433 3912522 3911749 3899563
3851255 3831106 3915504 3895805
3797965 3860907 3748386 3774851
3824241 3709698 3885776 3919260
3879271 3796681 3719286 3826330
3989560 3996143 4005219 4111857
3938747 4063111 3780382 3967534
3889352 3789461 3897265 3923337
3937380 3917749 3675110 3865102
3761876 3776567 3684661 3764719
3794459 3663804 3892182 3668392
3786478 3806492 3656850 3775411
3812084 3653911 3890739 3670865
3855934 4004815 3825037 3937102
3819208 3856046 4042821 3767142
3774207 3931465 3761833 3821520
3787212 3800170 3921929 3793919
3775183 3975460 3731865 3885971
3893729 3823728 3742174 3802444
3598505 3967503 3745217 3806982
3999377 3747013 3753482 3888607
3844241 4025167 3990084 3862280
4108247 3902032 3829725 4039636
3795449 3972319 3820264 3925756
4055859 3846287 3812116 3966697
3853196 3757159 3785290 3718352
3906082 3868574 3777581 3931632
3765817 3769009 3758852 3785900
3840654 3850033 3851458 3847241
4007225 3820866 3851945 3949915
3902402 3973080 3938983 4089912
3869883 3803680 3832405 3815815
3846563 3893526 3873424 3945349
3806899 3753197 3741026 3762060
3719379 3809395 3796117 3921493
3870735 3769433 3673001 3813757
3705971 3825022 3785479 3930659
3940151 3825669 3802162 3913668
3835707 3924047 3865991 4086950
3833083 3827285 3680671 3751866
3754512 3881110 3775249 3994931
3658363 3613228 3726088 3752998
3894471 3785499 3769431 3776637
3847551 3792431 3819561 3931547
4014397 4026453 3911785 4023702
3758338 3637451 3718011 3837290
3919086 3865319 3865110 3978415
3902752 3857570 3970244 3896457
4055064 3938946 3937069 3987316
3838288 3688357 3873573 3947872
3730284 3911076 3624264 3739658
3966019 3897586 4024826 4105527
3950825 3944565 3846502 3911643
3876267 3707637 3946227 4015724
3801257 3867318 3690244 3752294
4030431 3890711 3959229 4111403
3922579 4048151 3857960 3896018
3723891 3774411 3673790 3737965
3704720 3625964 3790326 3703502
3829112 3975358 3798549 3869098
3855583 3789298 4020343 3836387
3724868 3836043 3703878 3788345
3713472 3816512 3877230 3717647
3938864 3971530 3800298 3894258
3903907 3773832 3962160 3865979
3701259 3885369 3760976 3702673
3925990 3773451 3650705 3838002
3859128 4146931 3885807 3966636
4020630 3856814 3885072 4089028
3678059 3964845 3760124 3821232
3938780 3773591 3773239 3901706
3778197 4115294 3884042 3925775
4023873 3843277 3771955 4053359
3778423 3733076 3663740 3767161
3812711 3794878 3764552 3834762
3892104 3814071 3856209 3891641
3986060 4021993 3934862 4013516
3837235 3746919 3777428 3800036
3793211 3795218 3851915 3953195
3920199 3900171 3866749 3925374
3972980 3978475 3964521 3946881
3779431 3653053 3610627 3757722
3626162 3771778 3766433 3910453
3854038 3913649 3741235 3861027
3742029 3962726 3938296 4055560
3753237 3752581 3709143 3838969
3783362 3859401 3789180 3882527
3880690 3828272 3861944 3841494
3773472 3993602 3880549 4091892
3824418 3699164 3849312 3830409
3996870 3864880 3949865 3952870
3834623 3729853 3745439 3870065
3954547 3948057 3906408 3930585
3761003 3726317 3773304 3811618
3790633 3855339 3907856 3843133
3686939 3672960 3778998 3648738
3870233 3853076 3776498 3828108
4003191 3828551 4060566 4065082
3920748 3900918 3753272 3854856
3883135 3790977 3933627 3965830
3850435 3970340 3730359 3755826
3902409 3830464 3962404 4043554
3778557 3885320 3761409 3863741
3828018 3736990 3891458 3948002
3838612 3815131 3603947 3716215
3920661 3882387 3782059 3917269
3885343 3786113 4008055 3738015
3743851 3822972 3731379 3888947
3867560 3724757 3933435 3774586
3729967 3800030 3707171 3810360
3827097 3754952 3913351 3770527
3735676 3834535 3732170 3744908
3764345 3665967 3801291 3712649
3744483 4078686 3826057 3856863
4019062 3839964 3749983 4023557
3768567 4020825 3820079 3817923
4055192 3836533 3762877 3991250
3737369 3904752 3850156 3824437
3991881 3821103 3689819 3940159
3806093 3916002 3780687 3777437
3843356 3781061 3692234 3862238
3910844 3835426 3769936 3836665
3907673 3896726 3866410 4012630
3876982 3712371 3787778 3823230
3812490 3930664 3850777 3924766
3845970 3794276 3744455 3710353
3853108 3846354 3893309 3961244
3806289 3729119 3640569 3747790
3815526 3848121 3848839 3955933
3763932 3851485 3793093 3845479
3819570 3837389 3938892 4023219
3772890 3786401 3785527 3872952
3790882 3839587 3851954 4011086
3790794 3718039 3737006 3793075
3718283 3892670 3811505 3993264
3701907 3763151 3689498 3764320
3640202 3800960 3758070 3927260
3726228 3583624 3780894 3778069
3841683 3897998 3768025 3894770
3773148 3642566 3838414 3804812
3916164 3923951 3975607 3938609
3895728 3675741 3760430 3925378
3975509 3890747 3905747 3890423
3862676 3787048 3779004 3898428
3951778 3958531 3853998 3925472
3825755 3801252 3903052 3973020
3854768 3895305 3664134 3779420
3934262 3862589 3886372 3933353
3872302 3888320 3720991 3861725
3907761 3780048 3963257 3918726
3815754 3862871 3735720 3840714
3958364 3847563 4015150 4014927
3911944 3953006 3702626 3844275
3761036 3678894 3634658 3800416
3797757 3639791 3833758 3743918
3754198 3907200 3722533 3791642
3798915 3809309 4004336 3774106
3818570 3826170 3802676 3761190
3795701 3730261 3829110 3782009
3823498 3893373 3805064 3807732
3872426 3830747 3917643 3711744
3775579 3930146 3847714 3797448
3933872 3788245 3786097 3860793
3819811 4013016 3801903 3889497
4074557 3867964 3730232 3951665
3776551 3984613 3760851 3872298
3955498 3746622 3805268 3928704
3836661 3965244 3799061 3918485
3995447 3847702 3804411 3919653
3797805 3747192 3648560 3754983
3874210 3917191 3749266 3905209
3870513 3843638 3816567 3827340
3933813 3919836 3856258 4015061
3842651 3770510 3741905 3818835
3842574 3914555 3844787 3936318
3877161 3753256 3797690 3866898
3889066 3913500 3876049 4007603
3752677 3763006 3688313 3771562
3709319 3842434 3768704 3904465
3802891 3835528 3806650 3825622
3832528 3889763 3847190 3978697
3810323 3748833 3743066 3750292
3730067 3901209 3782628 3982533
3853265 3798572 3756037 3821427
3777302 3850260 3839201 3959000
3855583 3894380 3872864 3951867
4042165 4050869 3950858 3913300
3818857 3758007 3829078 3833318
3905836 3927230 3872432 3819662
3820154 3747413 3799934 3820798
3893347 3932003 3912894 3947236
3756110 3734863 3718842 3817562
3882357 3820879 3766715 3884485
3888319 3889752 4030071 4099433
3895589 3939454 3808645 3882109
3914147 3755383 3963183 3933604
3831231 3931998 3641773 3835543
4057537 3851014 3898950 4003534
3887113 3868965 3797797 3824719
3921899 3757933 3889273 3904945
3856850 3896020 3758675 3839573
3840575 3881685 3856486 3875659
3981797 3818852 4069140 3849357
3786364 3851937 3691334 3838241
3757980 3721708 3817972 3807863
3761869 3931572 3693947 3852089
3871158 3782428 3955152 3786289
3838383 3875968 3695308 3694256
3712932 3756236 3819765 3758011
3875757 4089170 3929799 3948168
4089478 3888477 3857899 4036357
3813028 3995261 3895957 3798956
4033327 3757768 3731581 3913216
3798247 3980895 3830653 3983873
4085308 3911905 3815980 4022707
3776471 3933428 3788324 3907505
3946797 3865408 3790137 3908375
3971384 3868675 3856677 3894962
3984275 4005044 3976328 4049337
3823725 3781285 3739557 3805749
3880887 3965308 3795723 3980091
3933737 3815224 3797359 3815885
3881795 3944386 3887654 4052538
3758567 3736047 3725098 3758156
3833678 3868103 3881220 3941609
3885037 3826102 3878478 3951332
3819088 3937941 3850007 4017957
3794797 3762779 3780312 3855513
3812835 3907164 3865710 4059292
3848507 3859879 3733676 3869374
3817394 3853742 3820344 4020822
3699496 3791395 3742847 3784893
3712795 3846182 3729818 3950580
3787057 3666368 3772122 3781257
3933094 3855773 3895037 3894916
3726242 3650074 3708415 3792062
3844807 3854091 3798141 3840746
3757483 3755142 3786974 3795131
3940075 3916662 3956419 3975224
3785698 3728558 3850922 3843270
3962418 3882120 3896753 3841364
3848134 3793171 3975775 4026910
3854543 3921423 3720793 3839429
3825628 3730215 3862318 3927050
3750556 3835533 3701168 3822184
3898117 3860006 3981521 4072557
3927665 3944345 3767148 3991465
3859112 3834941 3928912 4007787
3862455 3952670 3725367 3724076
3845739 3839490 3723971 3822750
3855160 3797615 3921757 3678484
3725517 3767523 3705251 3725782
3803845 3655416 3854340 3751042
3819120 3925313 3813534 3868043
3864310 3853321 4004214 3828980
3748934 3853756 3660428 3828694
3862734 3741361 3950026 3803414
3719191 4040619 3877216 3865147
3914544 3789711 3699025 3986003
3703807 3957566 3711088 3808123
3909602 3770881 3620263 3818356
3820218 4017647 3865674 3906092
4053784 3874484 3795419 3992082
3730854 3975808 3822892 3866524
4031033 3767077 3728852 3913595
3872093 3806240 3811895 3848566
3937524 3996935 3933978 3933342
3714305 3744915 3730691 3747558
3791498 3796139 3823728 3950149
3877813 3862698 3822437 3834804
3888432 3869707 3928916 3973305
3842210 3816578 3715603 3814253
3849711 3938543 3853236 4018349
3882322 3837574 3727693 3798497
3734949 3851597 3835751 3997458
3764470 3755539 3623143 3781549
3663843 3806474 3784362 3848530
3857354 3790420 3737600 3835037
3805220 3873014 3875966 4011272
3767617 3770550 3735397 3790559
3800102 3836152 3756947 3897416
3729499 3699902 3755539 3810117
3918583 3808428 3856166 3924950
3778975 3743464 3853646 3862096
4020424 3891769 3847134 3886100
3867676 3759663 3900739 3891875
3918544 4017733 4035309 3930491
3873616 3841127 3876669 4005410
4032811 4015748 4016200 3997377
3932992 3859373 3954150 3946811
3822127 3784160 3656252 3844184
3958170 3789734 3978396 4058947
3900540 3992569 3773360 3808818
3996633 3886447 3978751 4062434
3968690 4027780 3769792 3969870
4024380 3937324 4019134 4057091
3922833 4061175 3826366 3887315
3759572 3857182 3757421 3701903
3848697 3654847 3914232 3744682
3764885 3936970 3790413 3812788
3915394 3847291 3952105 3762736
3889780 3919639 3804349 3864618
3927113 3879599 3908982 3852504
3936038 4002443 3912148 3877498
3860965 3957311 4045003 3846593
3738751 3961145 3746513 3825608
3994422 3794979 3677918 3936011
3805621 4101314 3865783 3873308
3959955 3791754 3722552 3972896
3854304 4075188 3950942 3975095
4072640 3861507 3818188 3939913
3907471 4122909 3957917 3961660
4155767 4014189 3868218 4062854
3798788 3705747 3778616 3735580
3890603 3865399 3810881 3940135
3876462 3835298 3785134 3802355
3841306 3955377 3843920 3927498
3928894 3834576 3853341 3914485
3950493 4026180 3913893 4020107
4010306 3825595 3892486 3963400
3903791 4037744 3968587 4053993
3817506 3810077 3630496 3716658
3715691 3847869 3748019 3930541
3825879 3874138 3762152 3904392
3726513 3958848 3844082 3957855
3996731 3845788 3853845 3918891
3849203 3969108 3894452 4085674
4000238 3915745 3831453 3955575
3884967 3974504 4013960 4128897
3984498 3868883 3964997 4083185
4124993 4083257 4006581 4047900
3814605 3791716 3788040 3877855
3873920 3956678 3945007 3879343
3770620 3705581 3728396 3779612
3846388 3901619 3814163 3867835
3842714 3740690 3792214 3868604
3932140 3918340 3870968 3942095
4054428 4031125 4036751 4158860
4088831 4052174 3890709 3994650
3893391 3845978 3963388 3985519
3923790 3952944 3768014 3842363
3832338 3798532 3906540 3963089
3766367 3831298 3692729 3741223
3950772 3774246 3919453 3965485
3835184 3967494 3721665 3813423
3912248 4026797 3922412 3957485
3961759 3884364 4132943 3906980
3835162 3883106 3802761 3754250
3894299 3794924 3957852 3795912
3762731 3863009 3728362 3755079
3701405 3692517 3827942 3644734
3798054 3902392 3793405 3841593
3802111 3759545 3950995 3765446
3915528 4138864 3933129 4062516
4122501 4051253 3947282 4142236
3804319 4102407 3804320 3904340
4034790 3839386 3739972 3943613
3729635 3945145 3815462 3785139
3962181 3822757 3706755 3875777
3741041 3938889 3914060 3874793
4027807 3797913 3771438 3884114
4031463 3999927 3885074 3990978
4079227 4035687 4068008 4104522
3871677 3836940 3801457 3881989
3870056 3944285 3896570 3985121
3813857 3748410 3713426 3825597
3749924 3871631 3812085 3885865
3868686 3791511 3761217 3818032
3872897 3797717 3868875 3899684
4005514 3970262 3953420 3986881
3953565 3960058 4021916 4173480
3957752 3787143 3819363 3882141
3801520 3957242 3977334 3986911
3776389 3681902 3674866 3735819
3722319 3749057 3828054 3932702
3849374 3755087 3784273 3879672
3701508 3859985 3830460 4007684
3819889 3733901 3771995 3875412
3982136 3855715 3921576 3874570
3866051 3700364 3873422 3859262
3963567 3991309 3931326 3952344
3512920 3519939 3607953 3587268
3742931 3750178 3659637 3643346
3834756 3765543 3790699 3802088
3951376 3996056 3889259 3932189
3965268 3814394 3972221 4030489
3944618 3930024 3785231 3811157
4016562 3890216 3971608 4031526
3930894 3950191 3796430 3955896
3649162 3662426 3686735 3780038
3646046 3593830 3488472 3693387
3988045 3824554 3979707 4066930
3910003 3953640 3789363 3907903
3797627 3887482 3799318 3901540
3869535 3756965 3979981 3808271
3849471 3910507 3836615 3956923
3872348 3734454 3950565 3863822
3559674 3660663 3535429 3618110
3552962 3572397 3726568 3538936
3741387 3883104 3764460 3846873
3861565 3792386 3989970 3765060
3793745 4056692 3869976 3851014
4000782 3813868 3729590 3977826
3880691 4057376 3857483 3944881
4096163 3902430 3725311 4040506
3673294 3786229 3620646 3640728
3855005 3677255 3594487 3751723
3753269 4073855 3851565 3887286
4040758 3844494 3834591 4039092
3865784 3853007 3768050 3840799
3942594 3931203 3828565 4009190
3977254 3840004 3828261 3842779
3985413 3947968 3956382 4069287
3648348 3642914 3624968 3627264
3654811 3582645 3607694 3691981
3864723 3889248 3797879 3824849
3885851 3918959 3904026 4031422
3898885 3834765 3830552 3859397
3829723 3909499 3934424 3964613
3963191 3828145 3801104 3908585
3881731 3965493 3866141 4058980
3520411 3614890 3493745 3604399
3579070 3678348 3631283 3705779
3849685 3793212 3784600 3858885
3773335 3918526 3864996 3994197
3721999 3769991 3733493 3757732
3926378 3920450 3920637 3885681
3840463 3715626 3857485 3896054
3826941 3919583 3997534 3940170
3781746 3709820 3765473 3836317
3945902 3863015 3937995 3862335
3793364 3719304 3867424 3816542
3947473 3951610 4012735 3888774
3881714 3866578 3971468 3974002
3837845 3943603 3716400 3818080
4015717 3833859 4005075 4052220
3941388 3887718 3839467 3891106
3828029 3798347 3915655 3926841
3829545 3822678 3669080 3797706
3943769 3839149 3942567 4073352
3859978 3895465 3743978 3890165
3769158 3854491 3834441 3796963
3822216 3734219 3967648 3809093
3764630 3866511 3694250 3823574
3949456 3748876 4030482 3798026
3809423 3835324 3733611 3821580
3745879 3689211 3867049 3759914
3806669 3878491 3777714 3858872
3759562 3832799 3881640 3785857
3781663 4055623 3815008 3852413
3972123 3773444 3765086 3988402
3832327 4045022 3795995 3870049
3971560 3817015 3831213 3926276
3717531 3947523 3856773 3910952
3979365 3781614 3775899 3919788
3823499 4034726 3799783 3905525
4015623 3801676 3806912 3906256
3923251 3714397 3730101 3783473
3820438 3917941 3809117 3958249
3917373 3801562 3715193 3781942
3883311 3887164 3876598 3991000
3784178 3755671 3710823 3789597
3751065 3825533 3847522 3923423
3859469 3754412 3824787 3760980
3945995 3902961 3825441 3930891
3812131 3690774 3767797 3817873
3750416 3866780 3760274 4004638
3914245 3836767 3764121 3892168
3811953 3848526 3858355 4009338
3784100 3781964 3761079 3723844
3778589 3884102 3826704 3960512
3838477 3755383 3659523 3832477
3780128 3929589 3804000 3942886
3670520 3779164 3774769 3843336
3944323 3905012 3950386 3928863
3836191 3732111 3759975 3763535
3833537 3849417 3954546 3922278
3799123 3702676 3763715 3902931
3949212 4003413 3924123 3975498
3907439 3737171 3797235 3935431
4059636 4014763 4024328 4001101
3907227 3823388 3909344 4038830
3851339 3857870 3644796 3794612
3921051 3815711 3928246 3935988
3817442 3849810 3730751 3823744
3942325 3823049 4035557 4026501
3860950 3993758 3843353 3881898
4031194 3911161 3969719 4061110
3944362 4015325 3814611 3935615
3775501 3771200 3792245 3808517
3838283 3833043 3929398 3723729
3793334 3904712 3742541 3714153
3837149 3758897 3897055 3784674
3798760 3875681 3772541 3840011
3896364 3749202 3993117 3867541
3869351 3909299 3809169 3885719
3849753 3901480 4033823 3815079
3864399 4013972 3764177 3872786
3970757 3749686 3712084 3841369
3842215 4102548 3783443 3826817
3974142 3739266 3758868 3937527
3841400 4114331 3854960 3870611
4035455 3826110 3749286 3980242
3733459 4035850 3823127 3916414
4060474 3953658 3850761 3992070
3758431 3758438 3832073 3831463
3832762 3819511 3832825 3914877
3839238 3725381 3764832 3826635
3916631 3795738 3828418 3973953
3917672 3825247 3895164 3879564
3979558 3940623 3878177 3996532
3942352 3807175 3843598 3902240
3970925 4026838 3994414 3974189
3771546 3774152 3791022 3778082
3854867 3891967 3813494 4011190
3750401 3841638 3769672 3884914
3799151 3799135 3841184 3946803
3931386 3841055 3870915 3825386
3835207 3947495 3941339 4081713
3919136 3915935 3826705 3843388
3878632 3883285 3884023 4067043
3957610 3877137 3871839 3998778
3876450 4042580 4010758 4034985
3935624 3804137 3802454 3876245
3728883 4020255 3992558 3899381
3979772 3778848 3905001 4043216
3819108 4113707 3982562 3905067
3990465 3911271 3978374 3993367
3923361 4198707 4021052 4000274
3987423 3888841 4037257 3992978
3882487 3896312 4030854 3912628
3883297 3733262 3986504 3907886
3740614 3952799 3871923 3811543
4001606 3825557 3970530 4011860
3899609 3990712 3946973 3911293
4028088 3933685 4067663 4029637
3954956 4035726 3988605 4022629
3860322 3864817 3889214 3937793
3879939 3960930 3999662 3801908
3789006 3793491 3818689 3831753
3819067 3854848 4001091 3696833
3867071 3795244 3898782 3909286
3814290 3957423 4068781 3786491
3970301 3880442 3915784 4051193
3836002 3924571 3977216 3882775
3797781 3806773 3918429 3893072
3895187 3902398 3814035 4056027
3791675 3788009 3830218 3769980
3797801 3853898 3746256 3922476
3872152 3926736 3801949 3910219
3871275 4013267 3791724 3985236
3952014 3921026 3838862 3870642
4037563 3964695 3928623 4026921
3968573 3839655 3968282 3953708
3835472 4001092 3856091 3831249
3900548 3733397 3891925 3925989
3758158 4039389 3785165 3844302
3969006 3839635 3970693 4012634
3794650 4023180 3833525 3896530
3986572 3853113 4000616 4078131
3932943 3998567 3906116 3914536
3888870 3925423 3958705 3823038
3816317 3830168 3965790 3974689
3811634 3947146 3909903 3722852
3794200 3792979 3812606 3906290
3920012 4039666 4007024 3795262
3831847 3834178 3874308 3799411
3974667 4066240 3998814 3831788
3897121 3983927 3941339 3999756
3902918 3717846 3901882 3813572
3731469 3984905 3951247 3939651
3920730 3806484 3850488 3924838
3831852 4019564 3970921 3993762
3976362 3916190 3911984 3964664
3900603 4044648 4039768 4068452
3932105 3757735 3820321 3878786
3759915 4049669 3867147 3931385
3930212 3739810 3923357 3847403
3722895 3884257 3859491 3813732
4010276 3817198 4000543 4003359
3799146 3960944 3906847 3911625
4047136 3795087 4065923 3942387
3796523 3984495 3967854 3986256
3915073 3749926 3927938 3943606
3780537 3849816 3819670 3898321
3724109 3691269 3855583 3846708
3792027 3804941 3945172 3664106
3870862 3816035 3928977 3874756
3775096 4024444 3982125 3794189
3939168 3863148 3931229 3898246
3922584 3966255 4037754 3747765
3802232 3869480 3843975 3907975
3885511 3884281 3934574 3756477
3796510 3779915 3728022 3729728
3784807 3796811 3735213 3962029
3847416 3887526 3921420 3788000
3884587 3964492 3822669 3974585
3930507 3873156 3797082 3819855
3862403 3982836 3932312 4059264
3785563 3902501 3783519 3799175
3808776 3933879 3801320 3981922
3798722 3761054 4003508 3893642
3771804 3953062 3763468 3747676
3948262 3771353 4040321 3982826
3810926 4102967 3879683 3823650
3965449 3865850 4002187 3998298
3832826 3950928 3880497 3863338
3772945 3750872 3993097 3934094
3784705 3921081 3709827 3824385
3868080 3924602 3808460 3692867
3718814 3778888 3808554 3766863
3826261 4049335 3940374 3789674
3847061 3900305 3915489 3936162
3861403 4002987 3892975 3835331
3851010 3859916 3880213 3967051
3877818 3877323 3859190 3658446
3822789 3804827 3882486 3834925
4039193 3920728 3918935 4012453
3992999 4128070 3994762 4013215
3794639 3802788 3729766 3860684
3705232 4011233 3854258 3883972
3906887 3833855 3874508 3927843
3881532 3995655 3991663 3982428
3916278 3887185 3919707 3967239
3873920 4071599 4086249 4073642
4052937 3922163 4095721 4084582
3840227 4092226 4074293 3936046
3861592 3694399 3913666 3888104
3747630 3881180 3820949 3812264
3909753 3808842 4002293 4020181
3878652 4065521 3944359 3865165
3969661 3824694 4036780 4059689
3862056 3979806 3965805 3975804
3946828 3868997 3939854 3965498
3967228 4074828 4093325 3778079
3826654 3727893 3795925 3752925
3699745 3755196 3862175 3676411
3929126 3746883 3881495 3961943
3838822 3892650 3989952 3789139
3918844 3857412 3943028 3946066
3925429 3945489 4011550 3857046
3906431 3876652 3907549 3878550
3938877 3980582 3927114 4151455
3709031 3765763 3663855 3700572
3746462 3778463 3712821 3994191
3874600 3769902 3865756 3821210
3842476 4012326 3836977 4015316
3959922 3842324 3764032 3859736
3909879 3980766 3810169 4009467
3994385 3830369 4054681 4034727
3876906 4081499 3845120 3949005
3839335 3672614 3888070 3908227
3735106 3915649 3754303 3689970
3933836 3899041 4065201 3988151
3845494 4014716 3866046 3855661
3972305 3766861 4119909 3985366
3797330 4073665 3850258 3952684
3906794 4105444 3934567 3806807
3909255 3907369 3945340 3996736
3805312 3879719 3864281 3640988
3764879 3810117 3860455 3874397
3894617 4017522 3896614 3865046
3829696 3849794 3910747 3916618
3947427 4031943 3935786 3932591
3921611 3862821 3903819 3879545
3925289 3839152 3848229 3937639
3834906 4002343 3982662 3948265
3836054 3723756 3787361 3846773
3707453 3988021 3938451 3881156
3931365 3756449 3827647 3961163
3723259 4026981 4037256 3926724
4042322 3808635 3860834 3935328
3908143 4085349 3981114 3948844
3951363 3804197 3963952 3982387
3769430 3813775 3903580 3895036
3892104 3694046 3814427 3783012
3709359 3771380 3815705 3719640
3942460 3819339 3963744 3970398
3758693 3861267 3813605 3867384
3985707 3830857 3981807 3964662
3848845 3884656 3891626 3898337
3807426 3655730 3827940 3842107
3726095 3973783 3917995 3717839
3769195 3693956 3811524 3901663
3723971 3871356 3877690 3647666
3810478 3801082 3907582 3853878
3782771 3950698 3876245 3717942
3905454 3797044 3873142 3996698
3836849 3959465 3961389 3772095
3764039 3826403 3732247 3775501
3820830 3878279 3807000 3928589
3778243 3771063 3718113 3692965
3780605 3795718 3688883 3873646
3869591 3809601 3774392 3740847
3844866 3924418 3738291 3941399
3846536 3759443 3766299 3845147
3839247 3956581 3853346 4067801
3832805 3761380 3932080 3892656
3760389 3925397 3801580 3789811
3841901 3711650 3900101 3868742
3691385 3941358 3747570 3737371
3872091 3749856 3994712 3969436
3780005 3929867 3836722 3805961
3944810 3829870 4003351 4000256
3805387 4023333 3850801 3825069
3844584 3856263 3861538 3773926
3699542 3765694 3829876 3825632
3759019 3892672 3836564 3656351
3773185 3709907 3692779 3824492
3820272 3982318 3964909 3726087
3833153 3798540 3829929 3953735
3915193 3994903 3938762 3827715
3909414 3858986 3810205 3892230
4001750 3862083 3888057 4028332
3817698 4048418 4023026 4013788
3911702 3739489 3867823 3918883
3760934 3964745 3970855 3880299
3968701 3801156 3893656 4012023
3886905 4086186 3998959 3981502
3853445 3708097 3775448 3907963
3772212 3974733 3891512 3787289
4072407 3867256 3993715 3967200
3838718 3997824 3895457 3864052
4027365 3718049 3936638 3896111
3781565 3912156 3870517 3945057
3968244 3887708 4008719 3922052
3841880 3928053 3884602 3888317
3867274 3754715 3878150 3948157
3792423 3852121 3883726 3800770
3850453 3900654 3915577 3951099
3903885 3857380 3987332 3824986
3773651 3776634 3872134 3801094
3766451 3876190 4023394 3798249
3873955 3826094 3940413 3893602
3811544 3895066 4016472 3786549
3766779 3748247 3806320 3847444
3789699 3847000 3866509 3649836
3830717 3927165 3874460 3841070
3914419 3982497 3886446 3973181
3880489 3788803 3805820 3787203
3746240 3937059 3768977 3948804
3854318 3859611 3794401 3793528
3970256 3921342 3758437 4100672
3777033 3782477 3726270 3755792
3782484 3791264 3673242 3916223
4031514 3820852 3953068 3976098
3842983 4111786 3892049 3908267
3818187 3861855 3992775 3878233
3736420 3996808 3767060 3710755
3964756 3807894 4053568 3973256
3834270 4069436 3878288 3851820
3808232 3738388 3890824 3938793
3773410 3867429 3785200 3778755
3838725 4024526 3893596 3843631
3926829 3946300 3847106 3957926
3867574 3985681 3895692 3797325
3783224 3778852 3856732 3881502
3872081 3953252 3845634 3785595
3874996 3916598 3917596 3893395
3780078 3904751 3872066 3698940
3765463 3722988 3860583 3818898
3867111 3764633 3756522 3910784
3819921 4027174 3932417 3945469
3967723 3778413 3802043 3938772
3835627 4094454 3947863 3985375
4014489 3867674 3887209 3955223
3862003 4111065 4010761 4000276
4077929 3942364 3956656 4107640
3857486 4116197 4072089 4047382
3943416 3771889 3941109 3988973
3807493 3928197 3854603 3863199
3881175 3771252 4040059 3977312
3817966 3932980 3869497 3911325
4049071 3923354 3983710 4018621
3847958 3935603 3891245 3903161
4098702 3887039 4052596 4047216
3930331 4078528 4056002 3993271
3821888 3813323 3828719 3874779
3842397 3821748 4000480 3720813
3891107 3845415 3887972 3925853
3829654 3919354 3868684 3765748
3851887 3822979 3869799 3874527
3868409 3924473 4068905 3811521
3876180 3803562 3982190 3976756
3947087 3978390 4100901 3815376
3919323 3857251 3862764 3792860
3893663 3906840 3698330 4038684
3794574 3832867 3814742 3800323
3840274 3880782 3774211 3985393
3946974 3801625 3778518 3827245
3938095 3913279 3795214 4040851
4007059 3959022 3929676 3882844
3949600 4079523 3903427 4152537
3859304 3770056 3905295 3901760
3776651 4043112 3881753 3821062
3868468 3749363 3934986 3871074
3813480 4034674 3826083 3884214
3972535 3835075 3990040 3981245
3783503 4044913 3904366 3876192
4051904 3860507 4056786 3997424
3945437 3957652 3970190 3889722
3920770 3957809 3888628 3796599
3818117 3740521 3784823 3876632
3848696 3996507 3866667 3743428
3749076 3834863 3832631 3925109
3834181 3988734 3946302 3860244
3841846 3903241 3853620 3964781
3963072 4131541 4061411 3837429
3881740 3924038 3994295 3955642
3910124 3764397 3921158 3919470
3793246 4049950 3928015 3939959
3875506 3887053 3858322 3974467
3872121 4138492 4075548 4035379
3956650 3883864 3911197 4004959
3872842 4096315 3955762 4014283
3943517 3814154 3828196 4016362
3848026 4103535 3988990 3965571
3983519 3781017 4029968 3971664
3800482 3955604 3959238 3897381
4075069 3870389 4052344 3992531
3902430 4017612 4017103 3981846
4019445 3803546 4039039 3956248
3851307 3908287 3909188 3925008
4046105 3784506 3974055 3928510
3781513 3927406 3854776 3839530
3839065 3703913 3870372 3908362
3864143 3839653 3918771 3734296
3869551 3906252 3910606 3900349
3928992 3913482 4104554 3850448
3975370 3820157 3929006 3843220
3887749 3905577 3994618 3816372
3902479 3796477 3839031 3833118
3848479 3975239 4096738 3685640
3853425 3802927 3809593 3841906
3824343 3914886 3770432 3938421
3918083 3876166 3872060 3895396
3875803 3953895 3873634 3982890
3872702 3866081 3766769 3897618
3916423 3983216 3864197 3989033
3814289 3807729 3803746 3817876
3873508 3895562 3783212 3960814
3973539 3799494 3879051 3866585
3854442 3953359 3807349 3892348
3969469 3895692 4064608 3957263
3917027 4024702 3899901 3917679
3961610 3854680 4090895 3931753
3785184 3976744 3885001 3888558
3994495 3886377 4010847 3923472
3812652 3991347 3776781 3832898
3875274 4001966 3948691 3795011
3722125 3814812 3861493 3948028
3881434 4032038 3972514 3816555
3859071 3869010 3986930 4003839
3959671 4110108 3966702 3744288
3895096 3898437 3907227 3884643
3898089 3961500 3859713 3808115
3816051 3800139 3887834 3938596
3891126 3802106 3764967 3864346
3771534 3997789 3899550 3899999
4069791 3909594 4008707 4036473
3897359 4087709 4092877 4083169
3931977 3854534 3991174 4010953
3894271 4150623 4076132 4024325
3909178 3728852 3763338 3836066
3750842 3993930 3919249 3879321
3911323 3732591 3907118 3901685
3711712 3998287 3954495 3893027
4057726 3971127 4114023 4091915
3946437 4048436 4023181 4053751
4054900 3877507 4043605 4055614
3842916 4065646 4011173 3946500
3908315 3741245 3990500 3879088
3764896 3889672 3823704 3784948
3769390 3797706 3816244 3792670
3768712 3892974 3842819 3673453
4063462 3950428 4000912 3986517
3909765 3983494 4116078 3936087
3943327 3810257 3933057 3926411
3863423 3993514 3991907 3786076
3796119 3722821 3843728 3851755
3787155 3875839 3845743 3675171
3732476 3760051 3667803 3810277
3830503 3876164 3706322 3942671
3979694 3960936 3965280 3987480
3976425 4033480 3887229 4074279
3853260 3949691 3811289 3888097
3985507 4049881 3863028 4055885
3843076 3770115 3783170 3802218
3792913 3739249 3759682 4020667
3832119 3764720 3897222 3863485
3754294 3953455 3843753 3726594
4073655 3937982 4093861 4117053
3938388 4031445 3914444 3870909
3999171 3852632 4062434 3971339
3913165 4072388 3870395 3891625
3879322 3714735 3929933 3932991
3717185 3964167 3727960 3842476
3858043 3962260 3864679 3751584
3753057 3724436 3815484 3860513
4052586 4150373 4041153 3919284
3978012 3980891 4051799 4015695
4003296 4072579 3955487 3860172
3942854 3912415 3881303 3865789
3788672 3957351 3866257 3749250
3825676 3752802 3882155 3867773
3970542 3898120 3919630 4021130
3869598 4160812 4053705 4000332
3947538 3808922 3817333 4040879
3868316 4105490 4012610 3955930
3974235 3835485 3819047 3992403
3846681 4133706 4038664 3970887
3814737 3775793 3866865 3883138
3923520 3997029 4014936 3873413
4009794 3866335 4111535 4020936
3849542 4092840 4081855 3957513
3998718 3801166 3996201 4004142
3847162 3929033 3935187 3947936
4048942 3894646 4086521 3974543
3819282 4011499 3991822 3939076
3966623 3796530 3962441 3961352
3787396 3898441 3877985 3897827
3910035 3889889 3926484 3996770
3910937 3909447 3995802 3837779
3885933 3919336 3851700 3933793
3905092 3904025 4056734 3775716
3933057 3891312 3897283 3926738
3842554 3812298 3983685 3783054
3892843 3786917 3915089 3975655
3804572 3898856 3898656 3718224
3968231 3964865 3893718 3909806
3948708 3967878 3830271 4097403
3833647 3842229 3901595 3883000
3872245 3945507 3834585 3967102
3888514 3807795 3876606 3843265
3878191 3962510 3772992 4067029
3856188 3734940 3750321 3950496
3846868 3922647 3734522 4034371
4059302 3989015 4007779 3963724
3894149 4139340 3932385 3825743
3909944 3758678 3993386 3966001
3730585 4113126 3843216 3851317
3957447 3881797 4049877 4015511
3815446 4043402 3852155 3857526
3988021 3808419 4016330 3884821
3745015 3983052 3796667 3829936
4045598 4029843 4003607 3977101
3901817 3929311 3892138 3952207
3990849 3978220 3962405 3839606
3881032 3929832 3870411 3888779
3918123 3973921 3931263 3871110
3738177 3859403 3896981 3976737
3877509 3940517 3858029 3768114
3824238 3763406 3919343 3845243
4097478 3957517 4045781 4018291
3851368 4149161 4139539 4101792
3937725 3885550 3904282 4014569
3852959 4144786 3958286 3956350
4021030 3923983 3997205 4029864
3929767 4244381 4100085 3953575
3857262 3873360 3824701 3919741
3762368 3977581 3985138 3980236
4091205 3900974 4173133 4108196
4008505 4110340 4061301 3965142
4000105 3854294 4023565 3947894
3803472 4043163 3971092 3939550
4109125 3988177 4135313 4058760
3991922 3953774 4075749 3989352
3904010 3791656 4002810 3960474
3843353 4024712 3933076 3764071
3961521 3995059 3923199 4029739
4018416 4065144 4084403 3852662
3800482 3779679 3917383 3932685
3877463 3907902 3995352 3758560
3997273 3895374 4016130 3892378
3887634 3953140 4142353 3867610
3791057 3822495 3876785 3938763
3775157 3871498 3954107 3780274
4023063 4001432 3954456 3982063
4038687 4007523 3948030 4147146
3916300 3848305 3801825 3769434
3854825 3807253 3796269 3992843
3955826 3976331 3892408 4006952
3992767 4006059 3884668 4065140
3789757 3830485 3740655 3842855
3780270 3897886 3821683 3984429
4100182 3956612 4110863 4076763
3977544 4228096 3998608 3963146
3970834 3895670 3993900 3922346
3921923 4015825 3859612 3849637
4000219 3912638 4147204 4074405
3841525 4016898 3916385 3968572
3869275 3849341 3911324 3920114
3880468 3969280 3775247 3851401
4048804 4106706 4090181 3916971
4023964 3993797 4025177 4061557
3946454 3999940 3912545 3812572
3782559 3812062 3956649 3894918
4007367 4095738 4008587 3886338
3943133 3904551 3914566 4043857
3759024 3991505 3792881 3779417
3733515 3829367 3923817 3853847
3944436 3823081 3779931 3771935
3698698 3997948 3940725 3857393
3885452 3727170 3784859 3898769
3745724 3966359 3945845 3854249
4036290 3892797 3976010 4044886
3872003 4036731 4084000 4043640
3891551 3835127 3855615 3942601
3743915 4036202 4027982 3874348
3937864 3748161 3930756 3906256
3760041 3851941 3844715 3855126
3967127 3760553 3882618 3876427
3876167 3922549 3848027 3873311
4096233 3982467 4103967 4073716
3899267 4046903 3998411 4005831
3927149 3837536 3995351 3994994
3792910 3919656 3929385 3848938
3760967 3727950 3869826 3836841
3803577 3752173 3907769 3702215
3848829 3750226 3822198 3900242
3779127 3901007 3926627 3716526
3938540 3902498 3998535 3974868
3932058 3925655 4011638 3814809
3890313 3775511 3845353 3814427
3768173 3957996 3977911 3784283
3844943 3815857 3757864 3804563
3833029 3904039 3771363 3972276
3785135 3778073 3767781 3804573
3775035 3913478 3682835 3997728
3850004 3922701 3834527 3897866
3819431 3986173 3900825 4063661
3910173 3821454 3801185 3767178
3838101 3889764 3804058 3892874
3903126 3754997 3866468 3901991
3791375 3967334 3785469 3802679
3831946 3710050 4025722 3909220
3739442 3899900 3731232 3763197
4062506 3921958 4056665 4074344
3886678 4085241 3915442 3935694
3892373 3799399 3973950 3892798
3761104 3954466 3856716 3889200
3765907 3906930 3837886 3744423
3760008 3828550 3839718 3833979
3799035 3981001 3901352 3650355
3724873 3830474 3808342 3779595
4014678 4074624 3945768 3955230
3965611 3882193 3990320 4043420
3826787 3973307 3841613 3756389
3802971 3795771 3904573 3885691
3875826 3744258 3797706 3917234
3766101 4024451 3894003 3973023
3849668 3752314 3723110 3822872
3650478 4017313 3866557 3893595
3915066 3861860 3905803 4029213
3843562 4017581 4043182 3983502
3939223 3779914 3805287 3909274
3842316 4087815 3953497 3878145
3939133 3789040 3958740 3900801
3729866 3872474 3908943 3908585
3885657 3689837 3890525 3853345
3729018 3821728 3791463 3692113
4028068 3858939 4011033 4078643
3823765 3909073 3946779 3921578
3922018 3808155 3991283 3951760
3799925 3952361 3865652 3888671
3784724 3724864 3775180 3805053
3784483 3849153 3944930 3791163
3706985 3717520 3746234 3771775
3739537 3800548 3833488 3594218
3895670 3806736 3959350 3906086
3847136 3839852 3958916 3789272
3853705 3749993 3871656 3884821
3720987 3907248 3938174 3815117
3814333 3795050 3753210 3802335
3784634 3925864 3765916 3971836
3702039 3712007 3691095 3763634
3709599 3804435 3673360 3850838
3854354 3808151 3880793 3850845
3933218 3986799 3846887 4098086
3894456 3816536 3766218 3847371
3855265 3845233 3729355 3993367
3826214 3754750 4020502 3854948
3819109 3923283 3769559 3781260
3769944 3683600 3847022 3727020
3752665 3845147 3733264 3709583
3924552 3777756 3978415 3981586
3866962 3995964 3895770 3916834
3929499 3802062 3944160 3965881
3834375 3956116 3849510 3747921
3862781 3925084 3841961 3729877
3807605 3819699 3921436 3923861
3745682 3811914 3783822 3671395
3636630 3684596 3771410 3718459
3861272 4035237 3954887 3834059
3877828 3915667 3878409 3839713
3837284 3996278 3889512 3748959
3791609 3857518 3896375 3885610
3878925 3820339 3927498 3761295
3732352 3843546 3867206 3921071
3746635 3681324 3783267 3788767
3719201 3752269 3762497 3821703
3900718 3814876 3892378 3934935
3826211 3901294 3865771 3882263
3939382 3915302 3948665 3954908
3867503 3928319 3844892 3950845
3909486 3841179 3695851 3864596
3905615 3743820 3874325 3848213
3777429 3757225 3627718 3761553
3830438 3551167 3844298 3786775
3845703 3949384 3751141 3936792
3967160 3771912 3894258 3830915
3862809 3846813 3712417 3863806
3861728 3797754 3951700 3930623
3762192 3907838 3775488 3940257
3926025 3784303 3852537 3817303
3723344 3871251 3769057 3881409
3808580 3710439 3827065 3812691
3896343 3927445 3882894 3979104
3920875 3778179 3952101 3857391
3819041 3987899 3805065 3936604
3939183 3819628 3897437 3908104
3852524 3805143 4003701 3843156
3888174 3874788 3931658 3883735
3807396 3853966 3938136 3753670
3704857 3897874 3802413 3790562
3847428 3837472 4052902 3894359
3843689 3953447 4014928 3950162
3886439 3923187 4046512 3905449
3875005 3942009 3998749 3899311
3861946 3767373 3879649 3999481
3757635 3857472 4032961 3754376
3779353 3698101 3881520 3874790
3643305 3668605 3891773 3680053
3833354 3748242 3956396 3959168
3787129 3745140 4051619 3800165
3918019 3776306 3981814 4028269
3700551 3842856 4001637 3802575
3737098 3778487 3779843 3766778
3686107 3751185 3865227 3919435
3567507 3689457 3703184 3786795
3605353 3701912 3763342 3889529
3676830 3688486 3749262 3881142
3691739 3875010 3794362 4009452
3757342 3820731 3885790 3866309
3649405 3872450 3873307 3988335
4022698 3893971 4042186 4002608
3860451 4042485 3947399 3937836
4060413 3881046 4015379 3878550
3890458 3962478 3882094 3957418
3930820 3809648 3946053 3932193
3769692 3826740 3847240 3983974
3871124 3807758 3882937 3852523
3765160 3712778 3782741 3833440
3921069 4049711 3834585 4030609
3886373 3787909 3996958 3975595
3957008 3961141 3881566 4070697
3970779 3867411 4015024 3904927
3916269 3962200 3800479 3938049
3986383 3826137 3988985 3875731
3855624 3813745 3632636 3813321
3780687 3710764 3900818 3766439
3977527 4057044 4004877 4083010
4059974 3840484 4053933 4023723
3914923 3997401 3868892 3969158
4031522 3817951 3983570 4034088
3812071 3912955 3865784 4042551
3913316 3824321 3944841 3970895
3742774 3817854 3793808 3960568
3859059 3668599 3842260 3843017
4079295 3965400 4114232 3925590
4013231 4035815 3953156 3980155
3890460 4055231 4037482 4039719
3946229 3917293 3909756 3930038
3925521 3867964 4118739 3934864
3891674 3969924 3841700 3954262
3775825 3791037 3956338 3753586
3702046 3866332 3784356 3853348
3943592 3868204 4027252 4119492
3919612 3914535 4126344 3914484
3949774 3878821 4001229 4081861
3811584 3898354 4111913 3836190
3912268 3810708 3981951 4028387
3747937 3871127 3963731 3911425
3776240 3717463 3912843 3943884
3638440 3803750 4009142 3678704
3717592 4023044 3854419 3918678
3736945 3910067 3970800 4040192
3823894 3757282 3880168 4002672
3835813 3887031 3854737 4089220
3753054 3765911 3793530 3864715
3743764 3856824 3915854 3991101
3646265 3852144 3767749 3766769
3667824 3823212 3804476 3923055
3911231 3932395 3917397 3918871
3766884 3823573 3849195 3885876
3906619 3818876 3958942 3884860
3804284 3837540 3803945 3861208
3810521 3752634 3861085 3807313
3697469 3735969 3884945 3801074
3888751 3810409 3968608 3859229
3751226 3842855 3893122 3988655
3877253 3915426 3710059 3886399
3919159 3739914 3885996 3832119
3840642 3993374 3746376 3882426
3846941 3799687 3949695 3838376
3839557 3852287 3674235 3795156
3848621 3723618 3904023 3767067
3974661 3946574 3711201 3897732
3872291 3766896 3955685 3943222
3908183 3972407 3892901 3958564
4014041 3824582 3965637 3875688
3793894 3886290 3813851 3919842
3913062 3813505 3942571 3896979
3798715 3920378 3716665 3874937
3840838 3691636 3857455 3797821
3811369 3903686 3764700 3952678
3984373 3798369 3850537 3936470
3869704 3870761 4004625 3839565
3856038 3874550 3931789 3944539
3818544 3825869 4024684 3894500
3784717 3918886 3961817 3931517
3841655 3793098 3949449 3791193
3786045 3839855 3868146 3789342
3914926 3803688 4097862 3881557
3879954 3945086 3887297 3925466
3906381 3815561 3878503 4062998
3720670 3853671 4091234 3755318
3932835 3755762 3936276 3979477
3712299 3830934 4107864 3786407
3792460 3723776 3807381 3933821
3717495 3773476 4009229 3702596
3887312 3729327 3917764 3962442
3757818 3856149 3978602 3874952
3742669 3793155 3822382 3920431
3671190 3899740 3889755 3949556
3698753 3696238 3839772 3903180
3753770 3829564 3893014 3994270
3603273 3698632 3737346 3804000
3658016 3832086 3752076 3852603
3706117 3810649 3809884 3894853
3698280 3773833 3887448 3977021
3956258 3951586 3993190 3968910
3884836 3906819 3894546 3962290
3942047 3831987 3900521 3807425
3795575 3937926 3933634 3984534
4062384 3948358 4070097 3984847
3888256 3954489 3978349 4054065
4033913 3898296 4033615 4016440
3888626 3933086 3939727 3979261
3974368 3958071 3746527 3915388
3959402 3723551 4010671 3880045
3940346 4005361 3853065 3848513
3900612 3788535 3891113 3842787
3931247 4054666 3853360 4049822
3996780 3817667 4001301 4041494
3937963 4056275 3812706 3971275
3871015 3820753 4048227 3930663
3871388 3917777 3962953 4136597
3999932 3908452 3988596 3968903
3809411 4002145 3894988 4009115
3999735 3833895 4000041 3941423
3893631 3923833 3974694 4093460
4060850 3898245 4047675 4008821
3940302 3937978 3964541 3997640
4042097 3849670 3953381 3941003
3955655 3985727 3939434 3863923
3832348 4113339 3999044 4029771
3906468 3880382 4043040 3859395
3912777 3982403 3898410 3945190
3990028 3964694 4071643 4024584
3916465 4113655 3962409 4040398
4015231 3921870 4037059 3890928
3939067 4057912 4051050 3998806
3972330 3925358 3964348 4080905
3781255 3800228 4079907 3845094
3884061 3817763 3941650 4028076
3746155 3864727 4035067 3793643
3991227 3918343 3982912 4104895
3833073 3917348 4100679 3845715
3889623 3875015 4071956 3997072
3863136 3877653 4059885 3903204
3773178 3825550 3879193 3964298
3752144 3937430 3830478 4044512
3722123 3880663 3858458 3875635
3765979 3940505 3978988 4114080
3741059 3899112 3872635 3905911
3840415 3957905 3916494 4023961
3812020 3854009 3853092 3953585
3725643 3884144 3895729 4042141
4006493 3943027 3985676 3880730
3838297 3890997 4045897 4028623
3854722 3845968 3834132 3828419
3733954 3815760 3677281 3832798
3903508 3847176 3834706 3914666
3725415 3821902 3794445 3866626
3936971 3837682 3899827 3792040
3706477 3805294 3876318 3825692
4001600 4036150 3717796 3959857
3978692 3906175 3950813 3911157
3827786 3835652 3751442 3919748
3860172 3716350 3897294 3810133
3792916 3983508 3738217 3879444
3830034 3779568 3922605 3794002
3805738 3908897 3717635 3877910
3918222 3778264 3870863 3823556
3812560 3996620 3959788 4069651
4071733 3810655 4034723 3994411
3852759 3897166 3800835 3875785
3832748 3749129 3882070 3838975
3883718 3925585 3821610 3988310
3993867 3726826 3885829 3920661
3773769 3795189 3871209 3911893
3867207 3652331 3890612 3857811
3979858 3934464 4114931 3995782
3928887 4060877 3984871 3951175
3794828 3831290 4053947 3789636
3753741 3824402 3882927 3762308
3890781 3872906 4045499 3804397
3889412 3944031 3929144 3781903
3857082 3851638 3946382 3837085
3765460 3925337 3801935 3891654
3906454 3813048 4001570 4011300
3856427 3933259 4136223 3849827
3844577 3798128 3943552 3879866
3654056 3732865 3959064 3719985
3853973 3818838 3875279 3952642
3675902 3784834 4004920 3801548
3836266 3791923 3846599 3873068
3729669 3809663 3996095 3696613
3755758 3826841 3916114 3949599
3737281 3884219 3991901 4046213
3622269 3755032 3785579 3842937
3590326 3800617 3768017 3890010
3633123 3791119 3779280 3903055
3771298 3888621 3829265 4013563
3535161 3809888 3762073 3884765
3720603 3821630 3782624 3876649
4011227 3980642 4025411 4005980
3922534 3963935 3954919 4084126
3907769 3875267 3932353 3887746
3838807 3913178 3949146 3956044
3902667 3884879 3832011 3937203
3680354 3835489 3848513 3893793
3932199 3880798 3872968 3924591
3768673 3869965 3905351 3936891
4001525 3982249 3887288 4006412
3996974 3870388 4051817 3879701
3856141 3909883 3786715 3922649
3899734 3734604 3963763 3874828
3866513 3826307 3670964 3859312
3807584 3756383 3828675 3916797
3896453 3980491 3834071 3935172
3836847 3788889 3867402 3857882
4004078 4082825 4028042 4077816
4142693 3906078 3986584 4014417
3791114 3962578 3870510 4011017
4021909 3822513 4020106 3941009
3861985 3923095 3866435 3957535
3951027 3783273 3900358 3846811
3835805 3943196 3807853 3981716
4044136 3807779 3959631 3873604
3973435 3942063 4209816 3985693
4009269 4095575 3984665 4008104
3910063 3883865 4060939 3788467
3902873 3951851 3969970 3945774
3822657 3801757 3954831 3854110
3826099 3907692 3898204 3836164
3830052 3835515 4110535 3963014
3853157 3961146 3917578 3959893
3976432 3840627 3966426 4031300
3836992 3895264 4136460 3932501
3971103 3778016 3948322 3985360
3855564 3832783 4056240 3809719
3844248 3738775 3850154 3890521
3754432 3819505 4000718 3804055
3902452 3804110 3962792 3931653
3869343 3709547 3945485 3819029
3757890 3880289 3915679 3977596
3783255 3879677 3972316 4079876
3652508 3856556 3807892 3831957
3699100 3861104 3871843 4095875
3662361 3862559 3811241 3785089
3789379 3772302 3887088 3906334
3772536 3782201 3766908 3913978
3760039 3876169 3860586 3968472
3921072 3913511 4082492 3947685
3971652 3869302 4020952 4010357
3900608 3808612 3889009 3823384
3769495 3805884 3816449 3833263
3839168 3766342 3906751 3838785
3742231 3755408 3783953 3866795
3819560 3785166 3902705 3812341
3738403 3799977 3797760 3925929
3976017 4061513 3840534 4023602
3971087 3867003 4032057 3919068
3767365 3894487 3762210 3866664
3755616 3796627 3824131 3778011
3738439 3867380 3644028 3830923
3860988 3759390 3872027 3729300
3793905 3882615 3664211 3906102
3841541 3762839 3925280 3851553
3943735 3980368 3910748 4053102
4072981 3882805 4030935 3987528
3792093 3869833 3741694 3887570
3858895 3676246 3913816 3850508
3827661 3871939 3783590 3843536
3887427 3715089 3783327 3887842
3752041 3884625 3871824 3894459
3924985 3805837 3930959 3893915
3990853 4017308 4147212 3989947
3924086 4114006 4022969 4066159
3851796 3883688 3929978 3802671
3771464 3885151 3841565 3839675
3821499 3783946 3894437 3804809
3773989 3877285 3879061 3840089
3940905 3756157 4013876 3847502
3897546 3806464 3819534 3916751
3989790 3893545 4025409 4096942
3898536 3975256 4133371 3898783
3841465 3718720 3842255 3914035
3695633 3791663 3899527 3794944
3744987 3689432 3826805 3926703
3676942 3705323 3977272 3787402
3792141 3761522 3868206 3897142
3714878 3784914 3964953 3782677
3811747 3848285 3887314 4007539
3861935 4004215 3924027 4031343
3664077 3666413 3721191 3805695
3577448 3792706 3726748 3827441
3646552 3713875 3721575 3779057
3647433 3810312 3812472 3844532
3659547 3786063 3802094 3735712
3625656 3788534 3836952 3944493
3882596 3873387 4044174 3895436
3862127 3825098 3975952 3938806
3835295 3805239 3854616 3783348
3708525 3832773 3801983 3856559
3869103 3852708 3904130 3856713
3798703 3796298 3867473 3965080
3785079 3702110 3847648 3739929
3676770 3780881 3710944 3753613
3967829 3943655 3863330 4046086
4047935 3855592 4031088 3913015
3757511 3884861 3764921 3903194
3800994 3670822 3877673 3785540
3770582 3865008 3805088 3893406
3921460 3741241 3924291 3808088
3724058 3843882 3678158 3812327
3846545 3729441 3751153 3704044
3869788 4037917 3906217 4026877
3993821 3861588 4063506 3913448
3697195 3908405 3864227 3836035
3839836 3701351 3923232 3890751
3834161 3904155 3812009 3940379
3905755 3739260 3899549 3902379
3742734 3792369 3762084 3834539
3751645 3647954 3898363 3726906
3942498 3942084 4041981 3921987
3878027 3924076 3951923 3972809
3790295 3867594 3970381 3793090
3858321 3857360 3810521 3876638
3936328 3802208 4013813 3807473
3808473 3975822 3866644 3909721
3777794 3749245 3941028 3654233
3770085 3784907 3778835 3834389
3964829 3766365 3998476 4064482
3900172 3880271 4076629 3833701
3820670 3770902 3897596 3840115
3715492 3741049 3871834 3732486
3778763 3808113 3821859 4003127
3756945 3792103 3973918 3808552
3751389 3693744 3774124 3888979
3621098 3776584 3858121 3690579
3759555 3832346 3830320 3923576
3885339 3914611 3918071 4049586
3590865 3712301 3800751 3781864
3721203 3835506 3839083 3893078
3658222 3778703 3782459 3815812
3750678 3762585 3813437 3880552
3515667 3666837 3734701 3742705
3562548 3683069 3770089 3904067
4097445 3927885 4077884 4011995
3895738 3920801 3943879 4097802
3788074 3653728 3878663 3842199
3627228 3688658 3734132 3844754
3815326 3732190 3880253 3790560
3815019 3770076 3711668 3836794
3885835 3873466 3894177 3913757
3857960 3852838 3835325 3962798
3926536 4031573 3905733 3993049
4033661 3895689 3965814 3866228
3730092 3860458 3645510 3924171
3850732 3666810 3820515 3763119
3776150 3808541 3608046 3760118
3843488 3713999 3883069 3789500
3934656 3849833 3732006 3949288
3928740 3846895 3928827 3829942
3946244 4032396 3970476 4067408
3998348 3874968 4125475 4105605
3721306 3884302 3769447 3817214
3821799 3775947 3867058 3792039
3699789 3787249 3792457 3858137
3821466 3684156 3868212 3756404
3832544 3965835 3814237 3956224
3949301 3799733 3933978 3954910
3996418 3927776 4110979 3940486
3924658 4066290 3826588 3944607
3852197 3767955 3999412 3688320
3729326 3871443 3844827 3838983
3751781 3722643 3936986 3712673
3754572 3865659 3805524 3770810
3889344 3821388 3948127 3860472
3880827 3924683 3851521 3902647
3933617 3818754 4060025 4048047
3829523 3906770 4161808 3857657
3732339 3678730 3843532 3928693
3730583 3725769 3933439 3652060
3827242 3694100 3833106 3906486
3652434 3687488 3939409 3698621
3832973 3801898 3869233 3935409
3819936 3811361 3967162 3764824
3841552 3832876 3862014 3974325
3818824 3966660 3976769 4035041
3587960 3668268 3743217 3768135
3599975 3678221 3767176 3940280
3641026 3734542 3699767 3777681
3662933 3708016 3697135 3867215
3721992 3865028 3822741 3890317
3685655 3868954 3872871 4011147
3945885 3926337 4006678 3996621
3842639 3955864 3954193 4086591
3947335 3777551 3970468 3811172
3751498 3800325 3871414 3961061
3908988 3834686 3893972 3878526
3774546 3867338 3818465 3900285
4042768 3880854 4030371 4031836
3825313 3897765 3963813 4039032
3960135 3971384 3833226 3970520
3895203 3870648 3961611 3963292
3861981 3936326 3709860 3846815
3888179 3767626 3776126 3824903
3867312 3940636 3745396 3926657
3852987 3721506 3800857 3846776
3981538 4030351 3805329 3967739
4092818 3858430 4007289 3926832
3930523 4005305 3968240 4086112
4025320 3793939 4011660 4002744
3854142 3982375 3938065 3933016
3841697 3815113 3886108 3871136
3854890 3954241 3840336 3995358
3903180 3818470 4022696 3825673
3981766 4069424 3947495 3952297
3970864 3924289 4032224 4043036
3985751 3963903 4114106 3931534
3955436 4087279 4017935 3977084
3832128 3878103 4019273 3851265
3787851 3915255 3849322 3925454
3834041 3937616 4021960 3893947
3846813 3906579 3831302 3880386
3946852 3936553 4046775 3881537
3922787 3961698 3995594 4015554
4007193 3808747 4058354 4036032
3866068 3901441 4104997 3826739
3801572 3825177 3935556 4031988
3730658 3815314 3955034 3795827
3860269 3783588 3907382 3992699
3778878 3756549 3995539 3855639
3945183 3828165 4088983 4037304
3891181 3935850 4172058 3783452
3812021 3922334 3867754 3977112
3837470 3960781 3908578 4035966
3770455 3830989 3747321 3886674
3707399 3910277 3875150 3932471
3719659 3833257 3877646 3886469
3701515 3871252 3831358 3934511
3837690 3877429 3835604 3921662
3749019 3936559 3942416 4173414
3977174 3931251 4083873 4014870
3943441 3903181 3995839 4079590
3906489 3761557 3882180 3895197
3728359 3803548 3910225 3907679
3895825 3889566 3963454 3793669
3784858 3918013 3773461 3929267
3954089 3996442 4016185 3946062
3862318 3939997 3912191 4004179
4004021 3929940 3758221 4030559
3973190 3852944 4016564 3921540
3846972 3989189 3695188 4017227
3770583 3780462 3927468 3777271
3935633 3963061 3773263 3905292
3929306 3729968 3865333 3926132
3901868 4031083 3862281 3939906
3936454 3916725 4020905 3978617
3986789 4065480 3950089 3945850
4075666 3953073 4015236 3922569
3762698 3942660 3765385 4047262
3933549 3850402 3957349 3901832
3909219 3964354 3903192 3939900
3864665 3796627 3964722 3945464
3919491 4018030 3934175 4027193
4035182 3876758 3992794 3980496
3960645 3910050 4127862 3932186
4047367 4068505 4003553 3991795
3872021 3792903 3990150 3886491
3828055 4040801 3931765 3891743
3891101 3879238 4040742 3849337
3853938 3885083 3924378 3953615
3936249 3951033 4123995 3906724
3988853 4089583 3942589 4032432
3946743 3885413 4013373 4147582
3834213 3893587 4191935 3857817
3940760 3839926 3958996 3956706
3793166 3787164 4045378 3737403
3854239 3818953 3913450 4021453
3792717 3882698 4040525 3820881
3958205 3882840 3960270 4076148
3772938 3923994 4041077 3813075
3794225 3893456 3912809 3906847
3804133 3965812 3954237 4113520
3686936 3823834 3840576 3839955
3689786 3819118 3855117 4020026
3825173 3848560 3863140 3903279
3709819 3847854 3856384 3966562
3796945 3904235 3871654 3901939
3775493 3889470 3897033 4003196
3747017 3678182 3731631 3784378
3688273 3798736 3762370 3816801
3939371 3892926 3918025 3972223
3874027 3909102 3954994 3987923
3803376 3817358 3809799 3819858
3713375 3745586 3821266 3846938
3928515 3943309 4061391 3898305
3815385 3922431 3899910 3943094
3765436 3888236 3712835 3840814
3778823 3691617 3830488 3670723
3935621 4007742 3750214 3991035
3980523 3819656 3922211 3890171
3724508 3862480 3644487 3848617
3812401 3573778 3833793 3791401
3930843 3924592 3829782 4012651
3955675 3718478 3989538 3913867
3676969 3812705 3783320 3804119
3825716 3706190 3843466 3791371
3938401 3978998 3918404 3921556
4015441 3881465 4002592 3988463
3763459 3850416 3772834 3975855
3885588 3668410 3853960 3766109
3894905 4018236 3929380 4052690
4010125 3834188 4017650 4027339
3767723 3684732 3935943 3736649
3770840 3895821 3873376 3762607
3938641 3855585 4139109 3855244
3957235 3942613 3945098 3979399
3806325 3763898 3969099 3863289
3774225 3935234 3763403 3848080
3977874 3970180 4053852 3936028
3865481 4037781 3966552 3973266
3779106 3687448 3846107 3946297
3659263 3709080 3931314 3679086
3899977 3785957 4015532 4048403
3746707 3770005 4045765 3819993
3758385 3636015 3765754 3819491
3770475 3741424 3965381 3705939
4007432 3831052 3992935 4073545
3865760 3837904 4081826 3834141
3665320 3729458 3699188 3793601
3557538 3687944 3749099 3823637
3741409 3793094 3726805 3944120
3777675 3880719 3916518 4056159
3587842 3771499 3695755 3808046
3716062 3656589 3695665 3838737
3762359 3897316 3845418 3968126
3738983 3941113 3938832 4097067
3824331 3696584 3857381 3976595
3748464 3821712 3761472 3888601
4002340 3887236 4040345 4114904
3945209 4006069 3907431 4037035
3875654 3715075 3829516 4049907
3725009 3852926 3808101 3932844
3833643 3706495 3704818 3982895
3733634 3813206 3721821 3784830
3838648 3871611 3794612 3735082
3979236 3845496 3699492 3850964
4010516 4003218 3859297 3967175
4171732 4047406 3948326 3913969
3810701 3831192 3759722 3803291
3928535 3941919 3788756 3787406
3818064 3753652 3647968 3721372
3926254 3862230 3825458 3760275
3766694 3780671 3843069 3875274
3838311 3840692 3834927 4021671
3960209 4023945 4007329 3994843
4031882 3955507 3966165 4037290
3766738 3787335 3900894 3865117
3854204 3810742 3842060 3922971
3809826 3857952 3763049 3896117
3740811 3840171 3784019 3920229
3857500 3787592 3789820 3800683
3988860 3825920 3889791 3781099
3927497 4053005 4027247 4078711
4116397 4002581 4061525 3953714
3772252 3816107 3808127 3873282
3907741 3868675 3900145 3844653
3761789 3742684 3859047 3800318
3812038 3828726 3843120 3744923
4026948 3751311 3834043 3804382
3934088 3869974 3873979 3767125
4155292 3967087 4132736 3891654
4121156 3897753 3914372 4000447
4088849 3869877 3923534 3732340
3927449 3880782 3830975 3776285
4041378 3872345 3900133 3728259
3927376 3783468 3835592 3726463
3811388 3743977 3810809 3930903
4059202 3819882 3890709 3749131
4014217 3819943 4084860 4115913
4199883 4056181 4125949 3916500
3876306 3724409 3913637 3936529
3991263 3850059 3932389 3698813
3880481 3681909 3745942 3893367
4000439 3890523 3841357 3760334
3959100 3901093 3890082 4071892
3891220 3931255 3749600 3859698
3903791 3787779 3873212 4131859
3787424 3904855 3760544 3851857
3832929 3755890 3758516 4023313
3795361 3853652 3761129 3803832
3932232 3805463 3819600 4116999
3727693 3822306 3809580 3835539
3798920 3946938 3759900 3791427
4050813 3976222 3856114 3853089
3873862 3828429 3836363 3773437
4097118 3905488 3857188 3883691
3859275 3815375 3649755 3653699
3919816 3842015 3664554 3836252
3874026 3809320 3727396 3798726
4018687 3995010 3788143 3851624
3870597 3815396 3891788 3904338
3915597 3835281 3838398 3950354
3821223 3849647 3947732 3924325
3818281 3831376 3865260 4016771
3721309 3856373 3828297 3821986
3829333 3920237 3732018 3863494
3868475 3823342 3937046 4019979
3845830 3881569 3902890 4023751
3762510 3811971 3864086 3836936
3905039 3998782 3912177 3843786
3900509 3854551 3874961 3899468
3958520 3920734 3953350 3780352
3754139 3774533 3853194 3777014
3859710 3857715 3840637 3767936
3749202 3877352 3851208 3932612
3954381 3859972 3994927 3801708
4052356 3970188 3951936 3862084
3936370 3896064 3879945 3841951
4122025 3878779 3915888 3807330
3925471 3864495 3881728 3863550
4020109 3797608 3906907 3718930
3826816 3730068 3734205 3745390
4095687 3914269 3875341 3740830
3970309 3816615 3906676 3818415
3944478 3802711 3868813 3959360
3988891 3903246 3932889 3794916
3985708 3718822 3865588 3984983
3910970 3899034 3948586 3912899
3840581 3654181 3813089 3946317
3991268 3849345 3862800 3722447
3890193 3777006 3930017 3988746
4016327 3888433 3954752 3819839
3963750 3788287 3870575 4108723
3772954 3931910 3793737 3901938
3959281 3840118 3885808 4046735
3860120 3880584 3796043 3931568
3856229 3791696 3844399 4006482
3786630 3839443 3677050 3899569
3938438 3807289 3875147 3999074
3768160 3891585 3741057 3851381
3924067 3857794 3809723 3845579
4123406 3938969 3839813 3871530
3923061 3932605 3905792 3779477
4042074 4010995 3767282 3896227
3871261 3836175 3740604 3738553
3962457 3962516 3730656 3785345
3854529 3887845 3717926 3711135
3983427 3928718 3891333 3888484
3885990 3949383 3831829 3887913
3911390 3825242 3814427 3991807
3850062 3928186 3863290 3939737
3927397 3910164 3852742 4041421
3777083 3855051 3810658 3917824
3849009 3823491 3804459 4023628
3872126 3882712 3816199 3922567
3821013 3798296 3906141 4012518
3863735 3884580 3847546 3818100
3956949 3872397 3947510 3914714
3854205 3859159 3934876 3909982
4030985 3910553 3898714 3755895
3821853 3918685 3819991 3834556
3901492 3883615 3905299 3849708
3900131 3880536 3922127 3875636
3921971 3894429 3894294 3882255
4105410 3950335 4019068 3858167
3922115 3884810 3879899 3821352
4108291 3981738 3984136 3803209
4014961 3853835 3898444 3817317
3984608 3907813 3913960 3827066
3959008 3814645 3850554 3875347
4100975 3968588 3969025 3832410
3904487 3904086 3799842 3852363
3849692 3707451 3804349 4007432
4028983 3929034 4025280 3868404
3949304 3769514 3913724 3992638
4083787 3963743 3963368 3837211
3847485 3706790 3819818 3951122
4002048 3882266 3880366 3768226
3838715 3721108 3845896 4000029
4088090 3865090 3900576 3838771
3880317 3755549 3857332 4044220
3791713 3852082 3774709 3848614
3808827 3617322 3831651 3901008
3608765 3784977 3673316 3765690
3977917 3820857 3858059 4091484
3837024 3834987 3713686 3894728
3798291 3652951 3743600 3940919
3617633 3755410 3589452 3790750
3847545 3827570 3718631 3776773
4001781 3844008 3858059 3849792
3697019 3777141 3705332 3742104
3892724 3837823 3693681 3686178
3856185 3804195 3822719 3877873
4056281 4005381 3837242 3838379
3773587 3682912 3616784 3657493
3846687 3826183 3711291 3707547
3848753 3827530 3914387 3773505
3836262 3872538 3761717 3914720
3678404 3737627 3727793 3779446
3736495 3736391 3742829 3809227
3827324 3840665 3871869 3966992
3865266 3985854 3860731 3979081
3676618 3696696 3808817 3705118
3755269 3792568 3731773 3809518
3887925 3795754 3874342 3883512
3909062 3782253 3782224 3754661
3671283 3675659 3780455 3711254
3757633 3729827 3798037 3661985
3798588 3885556 3879745 3871526
3980319 3934060 3812262 3834961
3663437 3747441 3810535 3785251
3793683 3698009 3695409 3679445
4033142 3921670 3939003 3765510
3898178 3811116 3823725 3828839
3903104 3790090 3752570 3706602
3792676 3682130 3763842 3650005
4083244 3957475 3987149 3810390
3872564 3887994 4000559 3811505
3971225 3728515 3866734 3676611
3861286 3727845 3707181 3717903
3819572 3628884 3870397 3938371
3993348 3900691 3891676 3708696
3768356 3609707 3751795 3862835
3800842 3799132 3816873 3660298
3885383 3704073 3849123 4021912
4032147 3945992 3999657 3899734
3664336 3599716 3707317 3882503
3878268 3818915 3835364 3690343
3920797 3879286 3888564 4059829
3768908 3915480 3784083 3896712
3933169 3731428 3866973 3995391
3790831 3854245 3739602 3802834
3850623 3847067 3809379 4062119
3805130 3843932 3676017 3922023
3806985 3731515 3809980 3989921
3748969 3808876 3720739 3775868
3996985 3826540 3786029 3807643
4085494 3940132 3903917 3900651
3850424 3810298 3744469 3835338
3975959 3920648 3848166 3878698
3819621 3899085 3760255 3799508
4042016 3885937 3769940 3864182
3884524 3779637 3745768 3729903
3897777 3874168 3820529 3766087
3892830 3910785 3912915 3969819
3926815 3913462 3858870 4042653
3746647 3853197 3870689 3935830
3830228 3822534 3799047 3978791
3832544 3873403 3911012 3835497
3880855 3891509 3907830 3937437
3841445 3750225 3848621 3806098
3849075 3791018 3727737 3810706
3822880 3907890 3887634 3921215
3972577 3894262 3994737 3802120
3737001 3872019 3894828 3854532
4059169 3826085 3960601 3794668
3838971 3850900 3857430 3875587
3999059 3881536 3968930 3769482
3672330 3803870 3781087 3784493
3904814 3912379 3789405 3752349
4085749 3939900 3924213 3830304
3922260 3907823 3951339 3856296
4012613 3838017 3899250 3791228
3893930 3859579 3889566 3818304
4053766 3861825 3899221 3765963
3992824 3856425 3864243 3783426
4063319 3821224 3921351 3813768
3834767 3833498 3736924 3774817
3994240 3808612 3887108 4103596
4053799 3974211 3975246 3877163
3915282 3757142 3847921 3990855
4019123 3926344 4000895 3783434
3895703 3777306 3872318 3939331
4019668 3927834 3960433 3733493
3856409 3726431 3778434 3930531
3994639 3819972 3963227 3725522
3921045 3726462 3861856 4015563
3742388 3893467 3755396 3876336
3805010 3661012 3782380 3891387
3634218 3845291 3643891 3755015
3885412 3689101 3810479 4054777
3717429 3802559 3708903 3758115
3868924 3717084 3815188 4087225
3740928 3896402 3817610 3884066
3831515 3832224 3767055 3776134
3928744 3949520 3775349 3886094
3717456 3725047 3637631 3582787
3902676 3825223 3801727 3683802
3882748 3873741 3744232 3723011
4025975 3886221 3803271 3841636
3834190 3842068 3748403 3747378
4047847 3936279 3789579 3817473
3800300 3868130 3887033 3898980
3770541 3916409 3841263 3954841
3765876 3740913 3823920 3805269
3721265 3760028 3662243 3830914
3806454 3732541 3974279 3894982
3802315 3840006 3796330 3918211
3862235 3898061 3938835 3941043
3919052 3912157 3836273 3972587
3828158 3871494 3857510 3802310
3964664 3816177 3892393 3763625
3682637 3750547 3812283 3832770
3805142 3727648 3744044 3739087
3757894 3797062 3856006 3899920
3865729 3809258 3868995 3720926
3824230 3847353 3925492 3890244
3962464 3870598 3906161 3873665
4080987 3828000 3892740 3774086
3905754 3781153 3891107 3778868
3912615 3823500 3832346 3701801
3816723 3745231 3728557 3710982
4037779 3896780 3832867 3764105
3874326 3806734 3752487 3761985
4104827 3929084 3899168 3857670
3988476 3818519 3860016 3800098
3842604 3687031 3857133 4029180
4084198 3943325 3950265 3772665
3755733 3704510 3809949 3893577
3925919 3792529 3832302 3613104
3792795 3721791 3828712 3912336
3946312 3947892 3883045 3791487
3876545 3708937 3878928 3975809
4007304 3891946 3972292 3849218
4054005 3839329 4026343 4130118
3851001 4010370 3914770 3981099
3939089 3784381 3784547 4090753
3748877 3896397 3778850 3871303
3803937 3731973 3736353 3907870
3645000 3852165 3715495 3811528
3978713 3863757 3922984 4033655
3862713 3928862 3831676 3959399
3946797 4036219 3960379 3877252
4166750 4080454 3829383 3866842
3841987 3885558 3752219 3794101
3931320 3890071 3762601 3778441
3792550 3787964 3712493 3610791
3890525 3862532 3718369 3735189
3869711 3922892 3791998 3847410
4034786 3912060 3892825 3989902
3994696 3976980 4008924 3889365
3963847 4010152 3994058 4063984
3821489 3856589 3851390 3897489
3898587 3817829 3878321 3927177
3700102 3820146 3697887 3804730
3759157 3728199 3813973 3845530
3860864 3904641 3968885 3964392
3912527 3940865 3896948 4046354
3923358 3957298 4044147 4012197
3996952 3914310 3979393 4056026
3827578 3900361 3833348 3907767
3893617 3905591 3877043 3830942
3762932 3761542 3765886 3856401
3772985 3805023 3822020 3745550
3810494 3878169 3952945 3877432
3948318 3864503 3927754 3822409
4176734 4007176 4064800 3880411
4053166 3877935 3975875 3948394
4102093 3923769 3904400 3908534
3875856 3877574 3829968 3794365
4019269 3766396 3941538 3744141
3836482 3751572 3833767 3719989
4102709 3838600 3926236 3904067
4004259 3857256 3938349 3891128
4002690 3842484 3904693 4064655
4137947 4022995 4106244 3873548
3952281 3733491 3869435 3971633
3988092 3958012 4008208 3776898
3838512 3611404 3758605 3927367
3845737 3747666 3796343 3659543
3901703 3815758 3855388 3970865
4075976 3978815 4020060 3874910
3933905 3733871 3820406 3983704
3860361 3887464 3794893 3860958
3851367 3798505 3857061 4084784
3807985 3839957 3859667 3855030
3949641 3808395 3942621 4068353
3846342 3901091 3843593 3868599
3932725 3723747 3818038 4055837
3827376 3806919 3777102 3836422
3781177 3944798 3809529 3842651
4030888 3919259 3834465 3823011
3848936 3830176 3808808 3860203
4035867 4006644 3814750 3877662
3877499 3795011 3757894 3813995
4001384 3901484 3828674 3883676
3896945 3814482 3744620 3702012
4066598 3973185 3799211 3767420
3809006 3845321 3890337 3914672
3850529 3881262 3848492 3888827
3885311 3790803 3855570 3955581
3956350 3842106 3822437 4075769
3837291 3884743 3971797 3895482
3917515 3837613 3884854 3992225
3813927 3820901 3909447 3890856
3888126 3890316 3918127 3888150
3846156 3927254 3893080 3965191
3976870 3919754 3890296 3867711
3835126 3892901 3894473 3959813
3903493 3865232 3916226 3870079
3828002 3768119 3928590 3963091
3938321 3929079 3963001 3865706
3787415 3882549 3919772 3843662
3976139 3786388 3889057 3824416
4058661 3916578 3972918 3871674
3942218 3834790 3875382 3853321
4036314 3884339 3919236 3783652
4001887 3868080 3839073 3866694
4069970 3954567 3974748 3809587
3963240 3862275 3925664 3828406
3978260 3878683 3877137 3823395
3826265 3803213 3883250 3820619
3869500 3758433 3872256 4016694
3998520 3939245 3992492 3773527
3895715 3787716 3889314 3969787
4055474 3957462 4000592 3840168
3885632 3699856 3880283 4026206
4039973 3922724 4035689 3873059
3893055 3718521 3878182 3963813
4121012 3959855 3976246 3861963
3949713 3940850 4059896 4128836
3937335 3965741 3931963 3961432
3922682 3899552 3889557 4113204
3822952 3962248 3880698 3897103
4158293 3953296 4072396 4261243
4015404 4044080 3894500 4023079
3901801 3837273 3847640 3973344
3824533 3903992 3718862 3836587
3861813 3958770 3766312 3814082
4190925 3973575 3830621 3942808
3988222 3954806 3854755 3832103
4123252 3996391 3854539 3912352
4117269 4016374 4003698 3940027
4121540 4121113 3976846 4019893
3825795 3895422 3749151 3833358
3999880 3831948 3773359 3814745
3875344 3989185 3953804 3946665
3976228 4084626 3874071 4055495
3856424 3862242 3927956 3998164
3889132 3947782 3829896 4038211
4087701 4000848 4065838 4078376
4053740 4027173 4010553 4176664
3836163 3816601 3840730 3864820
3807544 3798932 3884403 3957722
3940111 3919135 3921400 3909371
3973124 3887415 3992633 3946842
3872937 3934159 3952031 3991583
3982624 4046634 3971590 3910033
4022711 3954792 4122625 4131241
4035694 3991361 3980733 4020172
3773927 3766926 3829293 3860750
3980190 3838327 3827979 3779777
4181884 4017597 4042083 3928559
4021791 4052761 3917146 3907798
4096266 3995730 4056503 3800443
3982704 3894953 3970400 3877639
4242423 4007903 4124925 3972402
4108806 4018041 4022003 3971355
4077411 3914911 3911047 3814347
3982046 3815461 3910330 3873803
4006289 3856960 3906629 4093127
4089259 4032024 4100535 3860271
3925678 3820370 3926558 4061531
3993042 3955878 4044073 3809415
4089935 3877436 4041869 4142995
4282793 4106980 4169103 3949979
3899879 3748075 3890008 3957000
3999687 3951805 3942661 3734533
3829801 3641822 3748519 3932349
3643500 3773284 3712716 3691642
3824589 3756654 3812988 3989600
3716141 3888336 3729720 3806631
3904244 3790563 3910216 4003191
3752582 3854926 3765744 3831488
4010716 3800134 3896048 4000639
3775518 3952455 3738422 3911845
3765278 3800960 3650063 3682598
3857234 3904053 3729293 3802690
3817817 3845716 3785222 3818521
3974284 3911899 3755560 3852718
3883040 3862567 3754026 3773668
3992545 3930616 3829366 3809244
3867087 3840769 3759790 3772284
3959189 3952868 3802979 3849495
3724721 3698282 3722806 3736197
3668235 3733829 3750187 3894329
3805585 3891030 3888527 3905509
3851123 3806316 3794089 3917042
3759001 3926391 3876896 3910868
3890826 3859934 3800643 3897991
3923412 3896660 3883452 3944940
3829515 3847832 3927466 3984034
3710576 3762556 3834195 3843240
3792777 3781216 3807320 3758546
3815745 3866941 3831317 3886349
3868129 3863993 3893296 3829197
3799981 3800812 3862970 3809332
3838193 3871871 3950685 3797245
3842874 3808004 3931243 3913639
3885353 3878078 3873968 3822124
3991418 3827071 3843408 3744497
3796428 3822200 3756197 3759271
4061360 3862745 3966798 3793332
3859513 3874337 3856164 3860742
4098541 3885749 3849048 3770915
3890136 3805519 3840763 3810809
4224832 3870750 4000637 3860126
3988958 3883680 3843868 3881411
3849103 3630317 3756597 3858903
3932815 3821158 3903632 3693826
3856181 3702076 3757953 3919446
3988524 3825162 3948101 3768701
3901718 3725449 3889447 3909685
3999032 3900231 4002228 3811963
3941290 3729314 3899817 4029991
4095648 4029694 4053094 3810258
3637103 3504934 3708653 3776790
3561717 3644164 3570017 3644323
4004568 3891606 3925848 4090966
3875492 4059870 3904773 4038175
3983461 3774178 3980788 4169702
3840561 3998187 3845628 4075188
3868569 3746582 3817496 4066730
3817227 3843479 3743865 3921426
3695336 3612555 3613157 3523427
3876725 3788007 3640223 3707795
4007107 3942699 3894150 3817785
4076703 4038395 3937484 4004587
3942316 4029645 3911808 3818078
4121696 4099486 3928567 3888532
3797752 3843489 3826520 3701258
3988085 3930979 3823656 3839887
3635716 3687476 3746040 3728375
3786197 3684619 3629765 3740409
3892446 3914258 3981719 3930854
3929688 4012978 3957217 4085304
3741539 3945423 4046710 3895859
4032975 3980284 4013081 4081220
3819927 3853716 3830252 3943768
3869048 3882832 3784246 3933767
3651451 3793782 3745179 3738417
3739494 3685703 3685523 3650869
3894696 3945406 4056829 4003744
4020617 3914393 3967975 3926738
3838177 3966855 3962575 4040038
4072905 3980961 3990191 3938450
3830991 3845509 3796500 3819416
3963093 3788426 3854210 3779818
3853373 3700530 3767076 3590233
3703728 3621846 3614745 3691923
4197333 3980499 3998376 3900081
4091414 3999957 3887386 3856833
4220462 4017579 3987168 3906500
4041694 3958543 3938627 3879928
4060866 3868685 3957079 3782909
3922271 3816050 3777209 3833026
3629391 3532680 3658762 3755470
3844864 3728241 3749074 3591321
4098910 3839686 3992635 4143901
4150847 3996359 4152468 3903353
3965166 3824219 3991181 4047044
4152214 4061645 4113899 3930633
3860440 3757908 3778313 3924296
4015704 3904127 3966016 3742173
3693221 3600889 3751388 3886662
3614287 3620692 3611130 3642144
3941919 3910066 3903643 4050467
3866507 3942504 3743321 3830478
3893423 3834320 4031036 4129610
3817956 3946214 3762894 3868861
3986229 3879410 3953290 4141173
3890281 3991851 3836261 3947566
3624105 3645034 3591187 3628426
3830295 3707334 3632887 3676279
3940267 4006446 3887074 3847872
4114291 4012634 3875584 3848724
3842672 3953672 3814011 3853745
3967077 3955346 3854514 3874078
3911210 3961351 3829641 3959809
4125086 4063749 3874004 3929570
3712915 3640352 3759774 3719238
3713377 3663878 3610052 3725264
3836826 3926095 3999114 3970378
3904219 3933784 3857653 3973650
3830435 3759384 3953434 3966793
3858258 3896059 3916152 4031097
3909925 3955743 3935617 3909061
4020937 3972584 3965608 4086812
3692410 3696595 3678884 3674210
3774630 3679801 3674820 3607645
3846077 3882144 3980330 3969743
4035183 3944828 3907308 3878174
3864907 3823827 3988246 3971004
4032228 3947734 3891579 3886788
3908566 3917300 3939620 4032133
4066968 4044570 3988369 3841491
3853464 3733747 3747740 3632357
3698508 3697896 3675957 3677561
4119283 4040902 4013196 3920808
3950478 3988154 3950320 3865044
4054858 3949707 3988979 3908867
3910507 3844382 3917785 3874180
4159751 4061569 4049022 3941765
4024795 3925070 3978118 4001646
3757587 3669533 3683925 3756335
3896229 3763486 3794010 3543965
3982196 3812613 3935936 4018487
4029672 3998132 4080264 3906019
3918503 3731606 3808036 4017134
4004436 4013148 4011719 3785458
4078345 3878056 3903230 4074491
4142658 4021775 4072310 3851606
