3841630 3826030 3806124 3931563
3943089 3942732 3995130 3816853
3954191 3885892 3918722 3988651
4021312 4047227 4058937 3867815
3859683 3849684 3952265 3880555
3982362 3937426 3923294 3807508
3912363 3895420 3923816 3798271
4032680 3956529 3968578 3864437
3933416 3774563 3786455 3937874
3615514 3759090 3929821 3856218
3999561 3920148 3878819 4035773
3777877 4049716 4001287 3983939
3905072 3863453 3931447 4025726
3735043 3987492 3936434 3919720
3933103 3889656 3831206 3940644
3717671 4011128 3885611 3943373
3854469 3822029 4072859 3783682
3817877 3785767 3754431 3753322
3846161 4009220 4169971 4010880
3946470 3948585 3756525 3802195
3934661 3875597 4180232 3906312
3840550 3850066 3765282 3851944
3774439 3865828 4148820 3925194
3812005 3816731 3752144 3751493
3918016 3823581 3908705 4047426
3711240 4006967 3737821 3876066
4103570 3942401 4029282 4023444
3873575 4032613 3771463 3936784
4010058 3974764 3977152 4045871
3876143 4093565 3826741 3812078
4011729 3912547 3955881 4068660
3813031 4008430 3787903 3959754
3832061 3752357 3896343 3873902
3931929 3912325 3949194 3916904
3982203 3855713 4062882 3947637
3956230 3914702 4162921 4000877
3818967 3828221 4019621 3819806
3949327 3890959 4054826 3937395
3816385 3778308 3986654 3925763
3906900 3933728 4094665 4002505
4047820 3910523 3860811 3785977
3825817 3739294 3867769 4035874
4136688 4045282 3982541 3816272
3892200 3831336 3927440 4096594
4007333 3967753 3861809 3773472
3878617 3819823 3913347 4056047
4086092 3947487 3943422 3837313
3884778 3770407 3938501 3993949
3844332 3877357 3884956 3822779
3940791 3898177 3939675 3847512
3871698 3919538 3907257 3819816
4037742 3924779 3907519 3845445
3870756 3929444 3893557 3758400
3881037 3931545 3989404 3839816
3877396 3806552 3756438 3833151
3853610 3834049 3952857 3818425
3914577 3806300 3813782 4019787
3706904 3914099 3823596 3905487
3889025 3861964 3867161 3912816
3603332 3974616 3925788 3970149
3885591 3807833 3844813 3990650
3742313 3939130 3962207 3900087
3895859 3846048 3824197 3980856
3708430 3780318 3893820 3960271
3775613 3873364 4127500 3848783
3697284 3879310 3755567 3700771
3781814 3813286 4117840 3805703
3789586 3838262 3741055 3771131
3812675 3846977 4121170 3797205
3723924 3828002 3721041 3801458
3768640 3871366 4020146 3799574
3649336 3777429 3739376 3692893
4032172 3902442 3881137 3952137
3739389 4004182 3886596 3916596
3990209 3806499 3997232 3978222
3850988 3991275 3792764 3942963
3997244 3911078 3916487 3922795
3765233 4042129 3730648 3912079
3891776 3813667 3889817 3995390
3716739 3949700 3758769 3826069
3792652 3682737 3908708 3958451
3955349 3860843 3960297 3920635
3919324 3764715 4044461 3906152
3915129 3872769 3936883 4055188
3914787 3724264 3991218 3889519
3868622 3820753 3978401 3994708
3846829 3710498 3928549 3964586
3899346 3788366 3941939 4040953
4060146 3952657 3840240 3781212
3864292 3786488 3876445 3986085
4105086 3987168 3901067 3806289
3825970 3840622 3889072 4018029
4126187 3927542 3897987 3825170
3958085 3769979 3855412 4008770
3937884 3882271 3815090 3741457
3804436 3718892 3890152 4043406
3986891 3964321 3912409 4005949
3962774 4053314 4061816 3852499
3774418 3736662 3759211 3766794
3771442 3808086 3953101 3760485
3805471 3813388 3844557 3871157
3858241 3904751 3900490 3854676
3867938 3873157 3895608 3858866
3966333 3959634 4058372 3902862
3994476 3987931 3990957 4022713
3784914 4087573 4020469 4041173
3808382 3746579 3728240 3775883
3565148 3791225 3820496 3797625
3832163 3810684 3825268 3959685
3641380 3947443 3968578 3938342
3955461 3906705 3852093 4005341
3696440 3933472 3993726 4009359
3876072 3996528 4170666 3939723
3827349 3858138 3800421 3848874
3693291 3812753 3956399 3657916
3637535 3710606 3642248 3717193
3783747 3840952 4091954 3775245
3792718 3883195 3715977 3681311
3793245 3887690 4101351 3931281
3855811 3894307 3832488 3865609
3898053 3907629 3970074 4054856
3877909 4071796 3852522 3927697
3825967 3799829 3735876 3808555
3631537 3920103 3725079 3706142
3962065 3841584 3936425 3923385
3746294 3963556 3777362 3820142
4023280 3905100 3970060 4016430
3806212 4058645 3770747 3879382
3926019 3807369 4070055 3903729
4006124 3895465 3999900 4070703
3768476 3613895 3900650 3747340
3727405 3737768 3909451 3882331
3839721 3649926 4003020 3848813
3910646 3814772 3939370 3937518
3938267 3837288 4036898 3856010
3880593 3891420 3944080 4011386
4130295 3994721 3997718 3923185
3936950 3891376 4006938 4041508
3902463 3812342 3834591 3694571
3749510 3627910 3829090 3869179
4078182 3911540 3853464 3780061
3880800 3717459 3903668 3978614
4111138 3990929 3891590 3844185
3847700 3794874 3922300 3982246
3786001 3711550 3783509 3719155
3789636 3806509 3856913 3680507
3806659 3738208 3875656 3813354
3883881 3850337 3861795 3752001
3908918 3865332 3871564 3996446
3943594 3977373 4058596 3879649
3827609 3770773 3842881 3836085
3823466 3927722 3866323 3719852
3838145 3747986 3704869 3850408
3617311 3871160 3755852 3855659
3952863 3734873 3809322 3901125
3631509 3926136 3850445 3842977
4054711 3862677 3914751 4037966
3744021 3980840 4035712 3966461
3877718 3731390 3738854 3967180
3603655 3826020 3852827 3800710
3705240 3700239 3999722 3713684
3692516 3674192 3660661 3625965
3861125 3681833 4040292 3891314
3782713 3728826 3722900 3769287
3826088 3844945 4061054 3872154
3781905 3882436 3772400 3828427
3700573 3795996 4034320 3821489
3678990 3769812 3750826 3685845
3862771 3743694 3757157 3900703
3715844 3888357 3657528 3766487
3940134 3789385 3878417 3912622
3710252 3963618 3625278 3835179
4126650 3949402 4005362 4067632
3796504 4053927 3842275 3963712
3882766 3751448 3803495 3930431
3741993 3922344 3708986 3770843
3799307 3674470 3842965 3774100
3740721 3744579 3818943 3814613
3755289 3730476 3979950 3881293
3882788 3735429 3985620 3935395
3947015 3778945 4064167 3961066
3940626 3908242 4080052 4081460
3785815 3693707 3893539 3784947
3720543 3758209 3904535 3926613
3902868 3782567 3708129 3665242
3743376 3708600 3807856 3918644
3982565 3899690 3823215 3756820
3804594 3778034 3877569 3951966
4060730 3958427 3875912 3788312
3926991 3872948 3924239 4089221
3954423 3870466 3863806 3654168
3734230 3718623 3765295 3941127
3828607 3827356 3829235 3905713
3959181 4020703 3997245 3746201
3774729 3745807 3839263 3830201
3758849 3852422 3903493 3693748
3935756 3838377 3959107 3963622
4035107 4005255 4080252 3907440
3793015 3794741 3877767 3825872
3958882 3874172 3951731 3865329
3929310 3914716 3879866 4086337
3694518 4018593 3971512 3935730
3816503 3787805 3745745 3877293
3654272 3867744 3835045 3872646
4007875 3914660 3950660 4070947
3758389 3956453 3981976 3990008
3836241 3751817 3831407 3883406
3586929 3912850 3889774 3914183
3921069 3914102 4160001 3895832
3777133 3958837 3800068 3805320
3724791 3731784 4006101 3758519
3704218 3668581 3726159 3542553
3877750 3927622 4203698 3969035
3843757 3964663 3866500 3867823
3826542 3789059 4037255 3757327
3713142 3750486 3688430 3729141
3928471 3942213 3929612 4044919
3885259 4074201 3822753 3859256
3943356 3770652 3757158 3930331
3800520 3966399 3659345 3771319
4078382 3957767 4019917 4111275
3844054 4077288 3839350 3933912
3957485 3856483 3810285 3996812
3788912 3918156 3737439 3763969
3894779 3753157 3931997 3933036
3879623 3898705 3976769 4022310
3716213 3660998 3913855 3765109
3769828 3741881 3895899 3940400
3871961 3819072 4053450 3898210
3981647 3916575 3973908 4046974
3835688 3789553 3971420 3886428
3885711 3778599 3932070 3919313
4141004 3968249 3932515 3853382
3923397 3863508 3945294 4036051
3978256 3832732 3810265 3676875
3842244 3716413 3758389 3862833
4143581 4031459 3983510 3903839
3903835 3872149 3933738 4033155
4067532 3875034 3843728 3814701
3879454 3791752 3866570 3976776
3706915 3630845 3678211 3752161
3750455 3782119 3783272 3729580
3813608 3847627 3794466 3801916
3813724 3865918 3941017 3757230
3797245 3741106 3809978 3762843
3908498 3892320 3895393 3721315
3905401 3860643 3795794 3800025
3909050 3859877 3918577 3750520
3745329 3631074 3684618 3752825
3545959 3729253 3755567 3785037
3809442 3699685 3832955 3874698
3678229 3810704 3816680 3863368
3793847 3717080 3809816 3961550
3640893 3865958 3834834 3895072
3802097 3720487 3758721 3931487
3607159 3885282 4015585 3917976
3646874 3737212 3914832 3688321
3560101 3709553 3642318 3635059
3730530 3831894 4048612 3847355
3731073 3714721 3613715 3689757
3770228 3804218 3988090 3759054
3672485 3759985 3698623 3690036
3808980 3837412 4052990 3816296
3789140 3883940 3789060 3784145
3735079 3728104 3690165 3823029
3598721 3810747 3561065 3724157
3928143 3782699 3819036 3924224
3761556 3965690 3691487 3694616
3926803 3859113 3977057 3908377
3772760 3874870 3766842 3741914
3961276 3774920 3845399 3908719
3766949 3976812 3731984 3864027
3732434 3580372 3816343 3650400
3785511 3788060 3795547 3776102
3690102 3697497 3910459 3781478
3826166 3697323 3916398 3837669
3866961 3720280 3991790 3781375
3742559 3774674 3956424 3879987
3820073 3744081 4005861 3871583
3901078 3809874 3854769 3928801
3893635 3795860 3755923 3588235
3711102 3603546 3714708 3832325
4026246 3870810 3829044 3738740
3777300 3648972 3836994 3871557
4009557 3868765 3864434 3714875
3789197 3689008 3835733 3973008
4080812 3908150 3808877 3852415
3855909 3775106 3816992 3954901
3937116 3872119 3984706 4012814
4076159 4094861 4086218 3958460
3770148 3797686 3736833 3791563
3850171 3859918 3939329 3691341
3743625 3733905 3773748 3790538
3857109 3858857 3985639 3707278
4014304 3946006 3933187 3934403
4053253 4035175 4045181 3900056
3963803 3973901 3896139 4114131
3754282 4029674 3966097 4035394
3940553 3736317 3728650 3955319
3559502 3898304 3847658 3851533
3780131 3686920 3848003 3892029
3705893 3885372 3833352 3955183
3979177 3963253 3992321 4122201
3849008 4058311 4008578 4062150
3938412 3940113 4198188 3984195
3902554 3855120 3831180 3867049
3660976 3765597 4061357 3809525
3676442 3832364 3714512 3649819
3726162 3775556 4064245 3723538
3748241 3761245 3724196 3814193
3838829 3848449 4216423 3909803
3970899 3952751 3769355 3841646
4043888 3857632 4098010 4157737
3977359 4098056 3922109 3911917
3868874 3804010 3879233 3952476
3732662 3985266 3800739 3803332
3996395 3847437 3822264 3915610
3726366 3941555 3640379 3736012
4057258 3962817 4037957 4176397
3899743 4217868 3888330 3927681
3939900 3909491 4071906 3974620
3983950 3949035 4083631 4078764
3791055 3743257 3996486 3765056
3781519 3764041 3830480 3826474
3777986 3651912 3971254 3744616
3723794 3787360 3847983 3818912
4008410 3811631 4112150 3991926
4018438 3944384 4087626 4077286
4085123 3992083 3936891 3778130
3985457 3854070 4047109 4179442
3995452 3934508 3836499 3798857
3769221 3712100 3817722 3864398
3948215 3891757 3784114 3747553
3719565 3701901 3798187 3899125
4124844 4023875 3902123 3885998
4031321 3841456 4019062 4116831
3946272 3931608 3977800 3933361
4020036 3964067 4002727 3879674
3833948 3753924 3715940 3674861
3801579 3831331 3880268 3749097
3929962 3803383 3893033 3875175
3982946 3968440 4005246 3862502
4021538 3910036 3919034 3950630
4012625 4071425 4041257 3924237
3992680 3903052 3935373 4061858
3765867 3967586 3943964 4042631
3778746 3818496 3689483 3882096
3648952 3813481 3864529 3776997
3959252 3843620 3860564 4022984
3690695 3948803 3929715 4002680
4037103 3930361 3906649 4029368
3752698 4035378 3996134 4082829
3942059 3883600 4199567 3909904
3796542 3901442 3887968 3795237
3702272 3762287 3971000 3832651
3723546 3739069 3575266 3584181
3901036 3863560 4185649 3923904
3820053 3892304 3776953 3823514
3964183 3951085 4189504 3904189
3929643 4072579 3877008 3966037
4093288 3961106 3961251 4065544
3902835 4123258 3805120 3810876
3905804 3764555 3770335 3819089
3634260 3882942 3693866 3690687
4144746 3868751 3985711 3999205
3849604 4036271 3768205 3861033
4068295 3989257 4066906 4118018
3854291 4163415 3848605 3958783
3888555 3868261 4091397 3956895
3924797 3925019 4012605 4038376
3770779 3598473 3880808 3699121
3747336 3735929 3894611 3815261
3829315 3833976 4101748 3903597
3939826 3875235 4062238 3966988
4061884 3916028 4148603 3945923
4027077 3906550 4098271 4139935
4125479 4013037 3925760 3775693
3922874 3833029 3978212 3989707
3999142 3822583 3832181 3694335
3678561 3609621 3786869 3846396
4051040 4051942 3905041 3828475
3988616 3801539 3964981 4117524
4153378 4053291 3953738 3900444
4001426 3985379 4064883 4096406
3755625 3823679 3771323 3669531
3787476 3922324 3933052 3809373
3972791 3936073 3969759 3918627
3979631 4019477 4085284 3902354
4005955 3887690 3980366 3938847
4116126 4059731 4035962 3888205
3805122 3715597 3713336 3728832
3790911 3846910 3875954 3634514
3834503 3746860 3698652 3967926
3585454 3864674 3808169 3887423
3997130 3885348 3924452 4115612
3725777 3984646 3933709 3866271
4054279 3924258 4010390 4118591
3733132 4103304 4010033 4100073
3759536 3690284 3737410 3864900
3633127 3905539 3773150 3692765
3715507 3764803 3979526 3782119
3743132 3848029 3710474 3714106
3962484 3937228 4188107 3985788
3908718 3902165 3772193 3784444
3895327 3985373 4253035 4011972
3888081 3917222 3814535 3818693
3674728 3797618 3979212 3693503
3631833 3738430 3647246 3666396
3893341 3802215 3825286 3955734
3811217 3840271 3665665 3755972
4040489 3980859 3996080 4058956
3853902 4135994 3854658 3880200
4107177 3976069 4077591 4051959
3854942 4067070 3823475 4011043
3782517 3752627 3835130 3812666
3711818 3797269 3635397 3752859
3757965 3661359 3961852 3819672
3828018 3815108 3794959 3932805
3875156 3747574 4097510 3916821
3912098 3919231 4051207 4026827
3884518 3841330 4082314 3948623
3955481 3955081 4115642 4031555
3788590 3612062 3782118 3729224
3739022 3788219 3791361 3860885
4016581 3815821 3790398 3688994
3788515 3725150 3798584 3988988
4100168 4037038 3858388 3853479
3890918 3783315 3975323 4090331
4255767 4045378 3929326 3921862
3908668 3903720 4011518 4154067
3937576 3785385 3796690 3694216
3755218 3669410 3793640 3871089
3942998 3914246 3931992 3917900
3985863 3989691 4063947 3885407
3932163 3857943 3905269 3881529
3947536 3940530 4066520 3785784
3852839 3892902 3867517 3937883
3926936 3953203 3989641 3805325
3860726 3832651 3861587 3884791
3882110 3964567 3973538 3850945
4005570 3926488 3945545 4044187
3736220 4034558 4019259 3968653
3967470 3823048 3879706 4040864
3814789 3946613 3995654 3940546
3895484 3802053 3796212 4022489
3688809 3979540 3901971 3883967
3947207 3858647 3801663 3945002
3665174 3898820 3893715 3930414
3843770 3865879 4179705 3840825
3876772 3896102 3839203 3774718
3838909 3839701 4164811 3859948
3821189 3858171 3820922 3823373
3869810 3889464 4063477 3843766
3731278 3862736 3762917 3820663
3785174 3872920 4087813 3789642
3783932 3804709 3693925 3764073
4045866 3872915 3972389 4046872
3871694 4052101 3870206 3958149
4041371 3887056 3889440 4028718
3867295 4077254 3774116 3845316
3980471 3921703 3909181 4047635
3824470 4009292 3775600 3903256
3964053 3855585 3888649 3954206
3763091 3904785 3784473 3823768
3926086 3771272 4052491 3932668
3996172 3970774 4047908 4042655
3922415 3798276 4038784 3899811
4023136 3851383 3987201 4019268
3903861 3764198 4046762 3901399
3949882 3849731 3994643 3956376
3773189 3688640 3993651 3838524
3869569 3812202 3901073 3927787
4080187 3979602 3919106 3780932
3962441 3888303 3923683 4094371
4166631 3964445 3894651 3817410
3896318 3738691 3952417 4006856
4133621 3927950 3891765 3764616
3995005 3783663 3879206 4042568
4057092 3957708 3881649 3747211
3817645 3712647 3826426 3936072
3777311 3711150 3842616 3795930
3855614 3847938 3851599 3708044
3778885 3723493 3662819 3776509
3816903 3808252 3823440 3704328
3906211 3890732 3873072 3842084
3939433 3861476 4050144 3805701
3839227 3815243 3804392 3816493
3832967 3928416 3896641 3773501
3913511 3677007 3783964 3943754
3524399 3852607 3793238 3753331
3722260 3773644 3729081 3885568
3533525 3741395 3788397 3785504
3965433 3806990 3873175 4045911
3674829 3885072 3873897 4032513
3840129 3784976 3896473 3962817
3693258 3911084 3898215 3867383
3728298 3770670 3942498 3711979
3663513 3742423 3617012 3686027
3743654 3777538 4034369 3731201
3684080 3749843 3639093 3591703
3811504 3800264 4109361 3795662
3717780 3887806 3804658 3782627
3795924 3788583 4026478 3796238
3720124 3790067 3792475 3751987
3866822 3775634 3873009 3885729
3668018 3873534 3712082 3752365
3937155 3830011 3765916 3897588
3647292 3861982 3743930 3728989
4020754 3904489 3970783 4011567
3795970 3996780 3824852 3938765
3974612 3843946 3972072 4025689
3732506 3905424 3734832 3819864
3845553 3656489 3850956 3754180
3830569 3756971 3838541 3844155
3723439 3644563 3901388 3796069
3791465 3765606 3825120 3910138
3837280 3782990 4009454 3768828
3863986 3910959 3973209 3993002
3770517 3716509 3989186 3812037
3898153 3772418 3940833 3897839
3962384 3844628 3824364 3712389
3775737 3695102 3779605 3890638
3980148 3785898 3771321 3562653
3721762 3617873 3739679 3879318
4059419 3976983 3891614 3723707
3928091 3766861 3867978 4024325
3973960 3904133 3844066 3742194
3890030 3747835 3847408 3940371
3831373 3853687 3804917 3847131
3864543 3995639 4004312 3778890
3908637 3897136 3912212 3866953
3928329 3998924 4061812 3920496
3893736 3800068 3926270 3866718
3902932 3887626 3950151 3825226
3910733 3938328 3954435 3976802
3856230 3965920 4017663 3943435
3936591 3837268 3831963 3963325
3678265 3901305 3968610 3971830
3914645 3735550 3867408 4000613
3711405 3964441 3903804 3883320
3889413 3836029 3832626 4014685
3740435 3940105 4010354 4043476
3943847 3737186 3922964 4030831
3745034 3978003 3929167 3942552
3800192 3860098 4141217 3867665
3732752 3826160 3773677 3721456
3853507 3887723 4170425 3837881
3810471 3807158 3794354 3834783
3782337 3821188 4044008 3894654
3816760 3848763 3755750 3845693
3856544 3906496 4126358 3898675
3778936 3804249 3823518 3761621
3989989 3902262 3946762 3949672
3764319 4071547 3709963 3937751
3997152 3804944 3934890 4019410
3789354 3995433 3780045 3848837
3940745 3933563 3937985 4004563
3825006 4065938 3813174 3844344
4072674 3829426 3973895 3966760
3809182 4001558 3782035 3878918
3937557 3774827 3967837 3821105
3903886 3830463 3936013 3974096
3872517 3830469 3986965 3896648
3911734 3919187 3962276 3967189
3838582 3800285 4047212 3836339
3940772 3883595 4036691 4014913
3893208 3778338 3975910 3884737
3908125 3897494 4006050 3915685
4069531 3980742 3774658 3762379
3892031 3774997 3911004 3992335
4080498 3958427 3780230 3835144
3903639 3797603 3904885 3997639
4152870 3970600 3881576 3906602
3859207 3779261 3836470 3955774
4133418 3982871 3904280 3819547
3969568 3811937 3944062 4006571
4113220 4061977 3943786 3928899
3911418 3919651 4118421 4117166
3991412 3793730 3869296 3730068
3932399 3847892 4038214 3925450
3916741 3713211 3804179 3802656
3717547 3738182 3961170 3850975
3991847 3934510 3856736 3848723
3909034 3841516 4080213 4049410
4105446 3974505 4015703 4042480
3974731 4060201 4036616 3914249
3890496 3793842 3937605 3902465
3808366 3993089 3787679 3803825
3907830 3752733 3834014 3731600
3843512 3856008 3840311 3682813
3892569 3900906 3973129 4065587
3957873 4008696 3842375 3789306
3925611 4017961 3918412 3823247
4084411 3909186 3920454 3981748
3782727 3879508 3880695 3794113
3923896 3713142 3757885 3830140
3756231 3805020 3785097 3657659
3886543 3739359 3752759 3809224
3845301 4086238 3909192 3763736
3996331 3758266 3720960 3944640
3923419 3863912 3807228 3889041
4086860 4004638 4042554 4050701
3828197 3786830 3694102 3749262
4013334 3938168 3942047 3816636
3783911 3741028 3625155 3694911
3939287 3861214 3865171 3821041
3894689 3808287 3817532 3907164
4123073 3903791 3877777 3957173
4011284 3982414 3871755 3992332
4011588 3933383 3946563 4091521
3880073 3773393 3838960 3842786
3750214 3828727 3861676 3942915
3805318 3763822 3747241 3835332
3752309 3749398 3689558 3863752
4011285 3858830 3906551 3948535
3874373 3777636 3832306 4080553
4128465 4083854 4116556 3905004
3905970 4002607 4102571 3823876
3999694 3882387 3911738 3818453
3774693 3899050 3848083 3699572
3894200 3812233 3905938 3720400
3686317 3806183 3881532 3640681
4112742 3937522 4044984 3818845
3865110 4015796 3936757 3802119
3930996 3895642 3857423 3756929
3817028 3908613 4000265 3851714
3918108 3938792 3943066 3793452
3967332 3891029 4079023 3993037
4007898 3849933 3839663 3850656
3781525 3843532 4014289 3914090
3869564 3813841 3714818 3701978
3787944 3762758 3964188 3772217
3872951 3720831 3872874 3868887
3828940 3894931 3867624 3794712
4000841 3864171 3987663 3951762
3903376 3978322 3897093 3863595
3996664 3887446 3914755 3904502
3834532 4022081 3822416 3826149
3851241 3696494 3820687 3830005
3724124 3866894 3752741 3799738
3798537 3960861 3820793 3689970
3904472 3765003 3702169 3856286
3880300 4015253 3899979 3879678
4011169 3840023 3854965 3853829
3914046 3913495 3913036 3772316
4006443 3853029 3792582 3903741
3757143 3901168 3788089 3690938
3875375 3738186 3634050 3772883
3836228 3733472 3758657 3823061
3995870 3836776 3871486 3861091
3947891 3849088 3793400 3888775
4042928 3936498 3947091 3944255
3894432 3747934 3755619 3852007
4066184 3988700 3939512 3954466
3754680 3729068 3714180 3691070
3962659 3798519 3717103 3867013
3843969 3813984 3774556 3842776
3759711 3766981 3741558 3965876
3897927 3864119 3914831 3987463
3859037 3765121 3880685 4034539
3872244 3936784 3823539 3893941
3878394 3813685 3882064 3952480
3922400 3748198 3725283 3855777
3808058 3659353 3727530 3805437
3910144 3772321 3918237 3815814
3782990 3749314 3833102 3753585
4032186 3960766 4045103 3882896
3817139 3959091 4020438 3716547
3989369 4000872 3873743 3875858
3825896 3834269 3941315 3747029
3940084 3790874 3821983 3742606
3703059 3883829 3894718 3685231
3937881 3796930 3824300 3782117
3781703 3774179 3964359 3826969
4029729 3980023 3965207 3882534
3951135 3933890 4150051 3985660
3936847 3768851 3787664 3726711
3762289 3748362 3967389 3891310
3866999 3816286 3789992 3607790
3781817 3748185 3880010 3759562
3926246 3835619 3837425 3817797
3772434 3885483 3740564 3740080
3958236 3884258 4032054 3990732
3971368 4013337 3924290 3857739
3822826 3756481 3805467 3813493
3805601 3915939 3841788 3799513
3796272 3735705 3881587 3809982
3799329 3897454 3790860 3759559
3724521 3833478 3770421 3687889
3859221 3708329 3715283 3772313
3822281 4075355 3956943 3847784
4000443 3837778 3787237 3924462
3756330 3859345 3775101 3665316
3833241 3743465 3660602 3859135
3820689 3789875 3861006 3683746
3879955 3837690 3703702 3755847
3830769 3719714 3615255 3717085
4052513 3822288 3775248 3854329
3898235 3862693 3758163 3895037
4114032 4002757 3947656 3969928
3851668 3732272 3655828 3751976
4005227 3848234 3761913 3768907
3791427 3675150 3597419 3713249
3929682 3739675 3814959 3782591
3829824 3766829 3770030 3787333
3729228 3763998 3746967 3933642
4036087 3945164 3844514 3989918
3842278 3945906 3905244 4074148
3743835 3770751 3803234 3801275
3673557 3804195 3766214 3922468
3929027 3751573 3711820 3807686
3745440 3732437 3763288 3831766
4022469 3885752 3897604 3759567
3680874 3831738 3848410 3640013
4087469 3952005 4026731 3883196
3896064 3966146 4039122 3809101
3946825 3829613 3816829 3789159
3775219 3790354 3862312 3686374
3982210 3792899 3919702 3699376
3745746 3797472 3864199 3657254
3985211 3871683 3890035 3769970
3795172 3827087 4055435 3956459
3931291 3825565 3810925 3759660
3802744 3838333 3960810 3824737
4055387 4006843 3971715 3926855
3950987 3901098 4042154 4045176
4197413 4054827 4068706 3969541
3988486 4075969 4247574 4221773
3847359 3759818 3906915 3865777
3922723 3933265 3856739 3795763
3879073 3769003 3961573 3877558
3798420 3873889 3736394 3704149
4034830 3988191 3947811 3933860
3948878 4101213 3904832 3921524
4132996 4006433 4037561 4119108
4105512 4163721 4017475 4024587
3847141 3985940 3882327 3749982
3852968 3734766 3760401 3856015
3779598 3875300 3809126 3739423
3893515 3773377 3700993 3851880
3925853 4040988 3882630 3858322
3999297 3898517 3860504 3951117
4044991 4128805 4095627 3977190
4161442 4011859 3967637 4112176
3898096 3856984 3782543 3748848
4042346 3858528 3872927 3849650
3773125 3728918 3686464 3747791
3944013 3795664 3882333 3842903
3947915 3902905 3871103 3872560
4144318 4040342 3998933 4011263
4146038 3968094 3979763 3945613
4359072 4087243 4133999 4051922
3878953 3766498 3784340 3874477
3775219 3742052 3825499 3994381
3885287 3767579 3680254 3777789
3773504 3794456 3767508 3890792
3997991 3940589 3850403 3878331
3958630 3848052 3928178 4009258
4150850 4027683 4001863 4100704
4031305 4047836 4073880 4152775
3989359 3884858 3880887 3833798
3779983 3823747 3961291 3663640
3974726 3836724 3912252 3735976
3753372 3771682 3915990 3706154
4127655 3945719 4080413 3921954
3878010 3888691 4037246 3853092
4140593 4100485 4121538 3987082
4030240 4062299 4136104 3970383
3996859 3800284 3900992 3770403
3801343 3766837 4007126 3861853
4053372 3930234 3931828 3843689
3919396 3926090 4149294 4067777
4135912 3931276 3937183 3832863
3935076 3898086 4138559 3959105
3871644 3752943 3818889 3704715
3849978 3781685 3957953 3809901
3881537 3752138 3831511 3911984
3776014 3848483 3779378 3758006
4039344 3912663 4018869 3952292
3881234 4076014 3876869 3835807
4012850 3846229 3992160 3978162
3945037 4074574 3997850 3830522
3797978 3743615 3799500 3826039
3807154 3888863 3634980 3780894
3865243 3914777 3812540 3772920
3978689 3827213 3729055 3901905
3899776 4001219 3962617 3921173
4024518 3798234 3828925 3964646
3995163 4034239 3910892 3900174
4019744 3870943 3802309 3958761
3726847 3842045 3775519 3700582
3835850 3670906 3698737 3811424
3860187 3723876 3752352 3868020
4002962 3806947 3877742 3833387
3963668 3864616 3868341 3842418
4112463 3913692 3982297 3966780
3990487 3862137 3829764 3897674
4124109 3917169 3942888 3935603
3800973 3750850 3658274 3721501
3940704 3798652 3810326 3800731
3827231 3800209 3790453 3864982
3820343 3751482 3800122 3933651
3897012 3994406 3945324 3940250
3873588 3904512 3989609 4059513
4078310 3946452 3911885 4003322
3795333 3933479 3946310 3961722
3763327 3695068 3746399 3743731
3755722 3832498 3727656 3852373
4042083 3896006 3883914 3821383
3817180 3892698 3865265 3624780
4125309 4076369 4043979 3972927
3931371 4027049 4132851 3851700
4132751 4025386 3909382 3901960
3900987 3983814 4044156 3787241
3911077 3905962 3874715 3748096
3708598 3841004 3811855 3605412
4010987 3860558 3861549 3777555
3851655 3856289 4056772 3962145
4061921 3891358 3882328 3879249
3880834 3840973 4089664 4052984
3971765 3817111 3853654 3705735
3845152 3861722 4006022 3926000
3918011 3882282 3764880 3824184
3751051 3896574 3957468 3859011
3950665 3846880 3845665 3917513
3805287 3979803 3782564 3760425
3997268 3773266 3974571 3984007
3938820 3937890 3944257 3909132
3968346 3857710 3953589 3953894
3838660 3967491 3861568 3857022
3876126 3768006 3825580 3901741
3806885 3891047 3831462 3768212
3878051 3966686 3912860 3802622
3931545 3846884 3759124 3868182
3849488 4022676 3873717 3691611
4036189 3776543 3810192 3882511
3818634 3867177 3856376 3719251
3995243 3730195 3798536 3943374
3752232 3938827 3804754 3713591
3922563 3744776 3727030 3816754
3882507 3812986 3736683 3803947
4097778 3869403 3883049 3914087
3922659 3789300 3719047 3822321
4038116 3912950 3889427 4019237
3916948 3876826 3716748 3901834
4085302 3912469 3931588 3917801
3843889 3741572 3714233 3749046
3952116 3917245 3900144 3874398
3854447 3852471 3796811 3908254
3785750 3785760 3799013 3959334
3882095 3843744 3820677 3845898
3882077 3876655 3882042 4018255
3969310 3849139 3806578 3829205
3877427 3806071 3828643 3969562
3930705 3882896 3776238 3883791
3848427 3812717 3841422 3931287
3943015 3903726 3956895 3858817
3814143 3891913 3970170 3766105
4109684 3943187 3992684 3835514
3818459 3944309 4007963 3769189
3992522 3931983 3950856 3823580
3855742 3966511 3948556 3685611
4000489 3840113 3985492 3719503
3762090 3861624 3869372 3701237
3868124 3815163 3787211 3623444
3809461 3820763 3931586 3802247
3957762 3884533 3890630 3808682
3854845 3844555 4016072 3954111
3970652 3850363 3844300 3809763
3893723 3858008 4055510 3867156
4090264 3899218 4001061 3847106
3866872 3887551 4123931 3835614
3846459 3742268 3826134 3767646
3820264 3822386 3755022 3695927
3926424 3839156 3953393 3872439
3863449 3885337 3736402 3830863
3911105 3860657 3940324 3853227
3780862 4043399 3873808 3822390
3980773 3828738 3972063 3931272
3859919 4002947 3842750 3863690
3763315 3852225 3853455 3639917
3885314 3675146 3677708 3836345
3857161 3983620 3958978 3765906
3996960 3823132 3767788 3886862
3872564 4048645 3868312 3793109
3980605 3841206 3764720 3939292
3894921 4005734 3916011 3820920
4026405 3922211 3778565 4059918
3830644 3659586 3730005 3805872
3959587 3916845 3768434 3839673
3876832 3820090 3721400 3762178
4082046 3862827 3933486 3898397
3871058 3876637 3815848 3837579
4081612 3924478 3885311 3992267
3962681 3861191 3821590 3877845
4053237 3926382 3893924 3946078
3830467 3759689 3717389 3732485
3898330 3711042 3685709 3907649
3888143 3803724 3762716 3824854
3828798 3836598 3811804 3926137
4011085 3892403 3926363 3907439
3952619 3887217 3832630 3993927
3959439 3928370 3933706 3981554
3930390 3921172 3888524 4046026
3966008 3878742 3867851 3721750
3797832 3824158 3806166 3666045
3964790 3953886 3955140 3798592
3840769 3825250 3912391 3766331
4045111 3946730 3969178 3863293
3910602 3976757 4008690 3738256
4135539 3943489 4039152 3850460
3738991 3993212 4031407 3834288
4107827 3965364 3970877 3876060
3975196 3905878 4113243 4048565
4019472 3954572 3872464 3909401
3948923 3853534 4065420 4016297
4032815 4047415 4000016 3893404
4047997 3867719 4143301 3955858
4057601 3906310 4010510 3936650
4026438 3949227 4150119 4022287
4016691 3908192 4101508 4073578
3934360 4098821 3938644 3852582
3954289 3919285 3991215 4025671
3928049 3962686 3944791 3906510
4012162 3958503 4018692 3994596
3950771 4071911 3986124 3894718
4103447 3872615 3987368 4043344
3960691 3981649 3914108 3916334
3997754 4017981 3944544 3929135
4103388 3912866 3899049 3975384
3914556 3961262 3913354 3775905
4021553 3745927 3765833 3889043
3912005 4116614 3922973 3866245
4093484 3961921 3801237 3919684
3952813 4076621 3927708 3910847
4108431 3822587 3933471 4047146
4001466 3919215 3944688 3906456
4095959 4024511 3959449 4014407
4003731 3850723 3812415 3824886
4137328 3901520 3971654 3943044
3911346 3844901 3849711 3875329
4192775 3996517 4044436 3967160
3917243 3925861 3899806 3877789
4194012 3990530 3966770 4005834
4083867 3923703 3896980 3926036
3963857 3945333 3981583 4049692
3990709 3859486 3878792 3886782
3870164 3934105 3948592 4062024
3936849 3882692 3813289 3983339
3956770 3947867 3983493 4050482
3971140 3936929 3862919 3945485
3860349 3989640 3883207 4096859
4091850 4064666 4082661 3936239
3944163 4092621 4153545 3780546
4075701 3944130 3979297 3923868
3836744 3967776 4016342 3800495
4149535 3976984 4054365 3854995
3884790 3941037 4006993 3891380
4152632 4051428 4051418 4070520
3922386 3959904 4071899 3828936
4030619 3890945 3883844 3868667
3805774 3927454 4071192 3903836
3987084 3890204 3808940 3791516
3827634 3799746 3945064 3963843
4111441 3938084 3985361 3885696
4010036 3968134 4080395 4083479
4045369 4013359 3877593 3813546
3875770 3901200 4028504 4017426
4033120 3873988 3886175 3975221
3941347 3976803 3865718 3793681
3876008 3842570 3912769 3926417
3839488 3925639 3782724 3859093
4074208 3964875 4079748 4052249
3951416 4032618 3931233 3904832
4003102 3933376 3895817 4003526
3900884 4037319 3956685 3966587
3771492 3962539 3910652 3791254
3946449 3895989 3855857 3888046
3905475 3913010 3863700 3821435
3955109 3841481 3824585 3874304
3952509 4029497 3991396 3912060
4009114 3903666 3906145 4058065
3906956 4008017 3964081 3778972
3965780 3879212 3798224 3956239
3896320 3928257 3801576 3818976
4068999 3838303 4009165 3948035
3770852 3787935 3760974 3780619
4077827 3869751 3795570 3895499
4015525 4005550 3842096 3948814
4141287 4042386 4011947 4057945
3949992 3903785 3769912 3877041
4125487 4038719 3992286 3946660
3937613 3863703 3870264 3824431
3879946 3863806 3889661 3979072
3917189 3828751 3792411 3934358
3757485 3770881 3824055 3920128
4066659 3935469 3992543 3973132
3933318 3997846 3914807 4065102
3984652 3847049 3897540 3939061
3849657 3849084 3977373 4101276
4033117 4005036 3993919 3883969
3889786 4025451 4003542 3787713
3949320 3916790 3952576 3864653
3813965 3867739 3956682 3806243
4179514 4122405 4151054 3962512
3914108 3991429 4092976 3879140
4129498 3900031 4002276 3874292
3892583 4045733 4050380 3809813
3951555 3907063 3885107 3831534
3898065 3802113 4070680 3998388
3959532 3912446 3974712 3773839
3929493 3873476 4080971 4008187
3935458 3814344 3852609 3736718
3729639 3776674 3916355 3783910
4149349 3993893 3924871 3901608
3907199 3969005 4091088 4011947
3952177 3803886 3902350 3928367
3908594 3996756 3908558 3847397
3952620 3903728 3954615 3944740
3908539 3959903 3911784 3850784
3884653 3779876 3878711 3851674
3764630 3821876 3762763 3755009
4082758 3833444 3962595 4052657
3873825 4033515 3943709 3918306
3875959 3929076 3870336 3782672
3998395 3862370 3856503 3888661
3855503 3938030 3994370 3758874
3991830 3771699 3776088 3972281
3788284 3843371 3821260 3741393
3848641 3735310 3683381 3874219
3930109 4120357 3991676 3870117
4023481 3883528 3853145 3913952
3964440 3886970 3768838 3751172
4082484 3857651 3955131 3896033
3978765 3867442 3755748 3878784
4117350 3906175 3982859 3899566
3876091 3773072 3645824 3747853
3959684 3763695 3809978 3807892
3978362 3988462 3877026 3891309
4190265 3981726 3943993 3967858
3972939 3904702 3892625 3982558
3800025 3869933 3944727 3907285
3884076 3840023 3850568 3898896
3895471 3934057 3892260 4095567
3891872 3761703 3767810 3784590
3653863 3753586 3757097 3878301
4029606 3932051 3958378 3996127
3965452 3848749 3849113 4099614
4019774 4001582 4059472 3855938
3802481 4014764 4064466 3829581
4049008 3964329 4005362 3873544
3890973 3912991 3996575 3797169
3962373 3809253 3852724 3795284
3735803 3867187 3901308 3688996
4126970 4023505 4061292 3983194
3912008 3955160 4090867 3917363
3973685 3886416 3833151 3805036
3762897 3819479 3962711 3940617
3999585 3861203 3814138 3738428
3791012 3803294 4000969 3810154
3875021 3806437 3832194 3736790
3788008 3743109 3955064 3787713
3952391 3783672 3819487 3700243
3809001 3743701 3975743 3837098
3924696 3823770 3903395 3908048
3859998 3964434 3791964 3750455
3883083 3713989 3884287 3864433
3835386 3881034 3773459 3786516
3907787 3836745 3813136 3868159
3787751 3866239 3721785 3842417
3880460 3840972 3888021 3856593
3756798 3888015 3778967 3720883
3784243 3890777 3873554 3768430
3951006 3775155 3749138 4007259
3747161 3886339 3819185 3741481
3850386 3831740 3701716 3784608
3742504 3979278 3902913 3777555
3872448 3812330 3750063 3897504
3751740 3852008 3741584 3651165
3846173 3737514 3724019 3839702
3859506 3841274 3658471 3755073
4012842 3874616 3863650 3893887
3771070 3845362 3709309 3751926
4007409 3818246 3848431 3868292
3830744 3869797 3772251 3711573
3996755 3928058 3799394 3882143
3799663 3792589 3693063 3819453
3902479 3801872 3820566 3828275
3938002 3904799 3869765 3849977
3819915 3833271 3771443 4017908
3810824 3819635 3762745 3899219
3807345 3776131 3760599 3876121
3885407 3841451 3844634 3863109
3875700 3799414 3732891 3930040
3867694 3758851 3822893 3829946
3712675 3808132 3752329 3817262
4049253 3969948 3981550 3796917
3734744 3893414 3978272 3721038
4000405 3829550 3876792 3834219
3774354 3819163 3913165 3738435
4015562 3934670 3886092 3781248
3663226 3891166 3870220 3759081
3953316 3750483 3858880 3804822
3875123 3855071 3885656 3730152
3921491 3715313 3716452 3680649
3782467 3693818 3891759 3808827
3915565 3774991 3819021 3713852
3784125 3783094 4019146 3870567
3939358 3897889 3892816 3869684
3858620 3850536 3986197 3923359
4199045 4036024 3995009 3956614
4055221 3967193 4186182 4106380
3897584 3736395 3877178 3787854
3830831 3833428 3731114 3715764
3858867 3791936 3875200 3772095
3756963 3855187 3778651 3688143
4041965 3845341 4012865 3889402
3916746 3988605 3853017 3861130
4094182 3937843 4090591 4051143
4021106 4099159 3986341 3961421
3808503 3842927 3760322 3615283
3820807 3705840 3722910 3742340
3739802 3809067 3761503 3701484
3872924 3737929 3663588 3847953
3920748 3906988 3918753 3889962
3999561 3882585 3775153 3920993
4037341 4114564 3999224 3934676
4107240 3931919 3816191 3996472
3712451 3787740 3626569 3839868
3927041 3821868 3760838 3773421
3904364 3613501 3617741 3825521
4012662 3799342 3911992 3826483
3837662 3805978 3770470 3823971
4114299 3840355 3964052 3939445
4035106 3956070 3815225 3974443
4139051 3956351 4165502 4043589
3781521 3709432 3731376 3668932
3717539 3714055 3719640 3858584
3816213 3839864 3782692 3850054
3765839 3796005 3677342 3887089
3978147 3818916 3808312 3837093
3786853 3856377 3886476 4043960
4135759 3958770 3906254 3998960
3971207 3981956 3989737 4161567
3968427 3812709 3782114 3693308
3714951 3722196 3811904 3713648
3950929 3782775 3827845 3810288
3800849 3854810 3910170 3741865
4095597 4027463 4022413 3854436
3837492 3852763 3956889 3691504
4153757 4100179 4050685 3925259
3949281 4056426 4095898 3858279
3793653 3860402 3885189 3748031
3682676 3852004 3705503 3733544
3865094 3951052 3984459 3880655
3815775 4037465 3829650 3761379
3799488 3887471 3934001 3913260
3814202 3957553 3798489 3779251
3768020 3830104 3858001 3790562
3682058 3825870 3639580 3616346
3878884 3872182 3678082 3778002
3798326 3911648 3687035 3755632
3963612 3917587 3857728 3753983
3965140 4009665 3873350 3822892
3958179 3838087 3752305 3805031
3928102 3942565 3776023 3806537
3855143 3692337 3668988 3641155
3767569 3932419 3715919 3627218
3764796 3828612 3716750 3855238
3873423 3908472 3801809 3722435
3817552 3897000 3797062 3973745
3937661 3957877 3982429 3759227
3771403 3856541 3754728 3917692
3848147 3933928 3827657 3761966
3737104 3762743 3659514 3785956
3829668 3830667 3809399 3594614
3804934 3917896 3848713 3809973
3774199 3843333 3764757 3831564
3887522 3999610 4025649 3993088
3964909 3858737 3834908 3892403
3803835 3984773 3996752 3899860
3892628 3830706 3809934 3740640
3805422 3846166 3862323 3734703
3701279 3828671 3603189 3682968
3864401 3783061 3856432 3792954
3655207 3669330 3700095 3827676
3938749 3862582 3938108 3961678
3736279 3877704 3806530 3921637
3989110 3920203 3785263 3888315
3688671 3830793 3896921 3881618
3865180 3759141 3782022 3820440
3633165 3694441 3765822 3739547
3757661 3765902 3832988 4084930
3810633 3923226 3715975 3930101
3861404 3858311 3954346 4101184
3947159 3936005 3850328 3981911
3808654 3789704 3871288 4045679
3897729 3951990 3881093 3992454
3633201 3692680 3797682 3990580
3817129 3753826 3687834 3767144
3935248 3961558 3983385 3994955
3843743 3990825 3866686 3738817
3918166 3937754 4172025 3955806
3921022 4039360 3794092 3826598
3832003 3910882 3986077 3860708
3766086 3886196 3728174 3743758
3938890 3998330 4106436 3988436
3881187 4142526 3826012 3827860
4132867 3942264 3798348 3882587
3990148 4090688 3940763 3904824
4081145 3941519 3812003 3937182
4049174 4113427 3855643 3843789
3932762 3842645 3666493 3734860
4019336 3958869 3767765 3770525
4159824 3953574 3875200 3914160
4084034 4115579 3967265 3958503
3966922 3881260 3811540 3975702
3975367 3990313 3893300 3845083
4023248 3990220 3873780 4049779
3994230 3991500 3922981 3836210
3772785 3842726 3911661 3921175
3825431 3931169 3859255 3732707
3888024 3996001 3884170 4166528
4076316 4028997 3943666 3802096
3854021 4105404 3990382 3919887
3972190 3917717 3850449 3941781
4079900 4070804 4030677 3976704
4016482 4030269 3916342 3982757
3889553 3882118 3955270 3846411
3836079 3879414 3816139 3811809
4047553 4083125 4095860 4055079
3973928 4061553 3918682 3971161
4043192 3990677 3989264 3986100
3847012 3893485 3878508 4017719
4065502 3991856 4043767 3980226
3839724 3939714 3910081 4112179
4028722 3864314 3924100 3936347
3725082 3836318 3806328 3912381
4143941 4002280 3999402 3966831
3877840 3968771 4032502 4049400
3932118 3959643 3983036 4120496
3992671 3969362 3898602 4004401
3938134 4007599 4052555 4184095
4038729 4051981 3954682 4161459
3860682 3819227 3888752 4026691
3927523 3953423 3778962 3913052
3990022 3951158 4010633 4131292
4102189 4106240 3977950 4088077
3672507 3793434 3955471 3775726
3720818 3829741 3591475 3694921
3811996 3969789 4051016 3960511
3861008 4027365 3868247 3894158
3894986 3929027 3972719 3894934
3816537 3949044 3720569 3695195
3727349 3772049 3903828 3749076
3718062 3858177 3733854 3686798
3855937 3722147 3719102 3711265
3872711 3968075 3696168 3703524
3985193 3911756 3757524 3822630
3993904 3982333 3918166 3867027
3882919 3823645 3689892 3812595
3957043 4005873 3822455 3761197
3874371 3796931 3647223 3665945
3820990 3876292 3790944 3751028
3690404 3792513 3674205 3800544
3823019 3871351 3755861 3640080
3901584 3974370 3892692 4020934
3957681 4039308 4012487 3744114
3824168 3898444 3729927 3972436
3884024 3849575 3838177 3770872
3750765 3766779 3708187 3789573
3785795 3793740 3715442 3620243
3766445 3845940 3815106 3819736
3689469 3750361 3675052 3710143
3969447 4104091 4002023 3926260
3839060 3887323 3855534 3901758
3936066 4031086 3956461 3882016
3847252 3874299 3825863 3869367
3765716 3972051 3917708 3833214
3782426 3857560 3637396 3810919
3873913 3836138 3788427 3773101
3678529 3700004 3765019 3865793
4060025 3950006 3930069 4016762
3757652 3846741 3937362 4010848
4000992 3923868 3885709 3919765
3772470 3824747 3899421 3896536
3944545 3816765 3832252 3832474
3608411 3693138 3828150 3866063
3708663 3604456 3880283 3937554
3855164 3818707 3734037 3906737
3951171 3850025 4041919 4103750
3940903 4038467 3855174 4002710
3841634 3876149 3872106 4082122
3928167 3981572 3817983 3988823
3696363 3687095 3855966 3901446
3735921 3886881 3678020 3908469
3842763 3907635 3985971 3791819
3881872 3920724 3783059 3741965
3710228 3767730 3886964 3813544
3723419 3880052 3681262 3665802
3641356 3710841 3722777 3639947
3633504 3730194 3556543 3582774
3718509 3828102 3874998 3844621
3720531 3828129 3688053 3707893
3894960 3926608 3734949 3820187
3917094 4003444 3815462 3813804
3926355 3760262 3677063 3686730
3803013 3820264 3767166 3723761
3764972 3683152 3550550 3602939
3746846 3769917 3643376 3560697
3839643 3724229 3688160 3681206
3776591 3921531 3719191 3733979
3906138 3927736 3804805 4029084
3886827 3944173 3916916 3773927
3732554 3760604 3617928 3719454
3711283 3862610 3776291 3652557
3617403 3621313 3671095 3774155
3697942 3681921 3631721 3517641
3760837 3744680 3690396 3846584
3818201 3820978 3820087 3631148
3843743 3991937 3875491 3992828
3823736 3799308 3753962 3844041
3735532 3897673 3840822 3772439
3816366 3773723 3647142 3639644
3703763 3768739 3796721 3691750
3639825 3693846 3517087 3712437
3820198 3846783 3871634 3839390
3778482 3848132 3780616 3792056
3958332 3978510 3885719 3925051
3745239 3825879 3887086 3953950
3920769 3745074 3758096 3854100
3613125 3726146 3739877 3897143
3850503 3686942 3705139 3641588
3570686 3661354 3679396 3765185
3983671 3803144 3812015 3702419
3622929 3728472 3761248 3851963
3879829 3881468 3886532 4078007
3883945 3954882 3889905 3973353
3692537 3791882 3730009 4003178
3830882 3839019 3672388 3829297
3700377 3592360 3658041 3796229
3655608 3814807 3679563 3761340
3714680 3773947 3903360 3947657
3775395 3853269 3666671 3830586
3689881 3722797 3852190 3729070
3699605 3891348 3674201 3512605
3852239 4069885 4034736 3996955
3860067 4025163 3882718 3743223
3927804 3995322 4137604 3967585
3962609 4033418 3905660 3891533
3833629 3893588 3977306 3925744
3735540 3887797 3739790 3835232
3814752 3772067 3619707 3749692
3790479 3871565 3757293 3746532
4090467 3905600 3831726 3802399
4028087 4040787 3928621 3927401
4017540 3959724 3847371 3925475
4061124 4146717 3982321 3932761
3940145 3936555 3775683 3863338
3958981 4072143 3822057 3851863
3750229 3703467 3661390 3787986
3780710 3837107 3804820 3614933
3869408 3906684 3842908 3984285
3996636 3960596 3900974 3729708
3979860 4037427 3903528 4117996
4007659 4053277 3986054 3826206
3885071 3872971 3770330 3970160
3953688 4021620 3918149 3626711
3762741 3897174 3822302 3767447
3728057 3768445 3681521 3702991
3915479 4011183 3969578 4005453
3898599 3954997 3843323 3891793
4034276 4165467 4048953 4027719
4026019 4038139 3876581 4027551
3845745 4014270 3934507 3804423
3933143 3817661 3750331 3900354
3875108 3700354 3731103 3830188
3580449 3671643 3683927 3789190
4053373 3938781 3957153 3979416
3810525 3911920 3937232 3898123
4120267 4018003 3945733 4052340
3853779 3889433 3951419 4071590
4008464 3890692 3899130 3880836
3709715 3832780 3864134 3939782
3641840 3707190 3782780 3842738
3782174 3856978 3656720 3857208
3910386 3941268 3942493 4093569
4044726 3959167 3839733 4050173
3923426 3974323 4124285 4138242
4069060 4056529 3990739 4072316
3923070 3865479 3931391 4046174
4049028 4001804 3800098 3978265
3777015 3869002 3937566 3859779
3771706 3879073 3720790 3733383
3886663 3873543 4014144 3846206
3821456 3929012 3872194 3748444
3877438 3884549 3981654 3864865
3827312 3915642 3827393 3673219
3753188 3988374 4102637 3934539
3818284 3963436 3730897 3803895
3872782 3910349 3644663 3845679
3795451 3962480 3838418 3772718
3947015 3891606 3764867 3810282
3877673 3997490 3826111 3802696
3917568 3892815 3749261 3799976
3975976 4008470 3802322 3885524
4005071 3874711 3773812 3888095
3933461 4032260 3927607 3748962
3794259 3799254 3732727 3928745
3819719 3885739 3878381 3653740
3817075 3885584 3761912 3992880
3802084 3937176 3963533 3737191
3898327 3763880 3746054 3973180
3947938 3937704 3851430 3656914
3918741 3850700 3755357 4011045
3899530 3970749 3955766 3764489
3841662 4009457 3931708 3843721
3817539 3801557 3658144 3773911
3932479 3987945 3944162 3920062
3811742 3767597 3781871 3839361
3809246 3983347 3908741 3912972
3821788 3895942 3783025 3895969
3911491 4004108 3984242 3900183
3902977 3989123 3846728 3878893
3903227 3805576 3762639 3875039
3655090 3811180 3769127 3814709
3967524 3824359 3846999 3907044
3773335 3857943 3805036 3905051
3984550 3879255 3880610 3832056
3632848 3787664 3814949 3941482
4038528 3936428 3919129 3947945
3835526 3871673 3884040 3990965
3738517 3755212 3909906 4029942
3813901 3862313 3800696 3943603
3815114 3843179 3884236 4055683
3956279 3945555 3844509 3949969
3850950 3785283 3943815 4039191
3898725 3894071 3767504 3947610
3892826 3841895 3968949 4097433
3953534 4011564 3844134 3953087
3818035 3958897 3903727 3791100
3768121 3919529 3751322 3837503
3797668 3823489 3874164 3814487
3709920 3878583 3710687 3726543
3816122 3892715 3944451 3882105
3745767 3934062 3721829 3730074
3769086 3853312 3938128 3849971
3782423 3932871 3827000 3839743
4011003 3894303 3763977 3891974
3922529 4069780 3867592 3816573
3899526 3747887 3716665 3798916
3874769 3946578 3784268 3818580
3957529 3821460 3721407 3827557
3854277 4003880 3834401 3764669
3977922 3783318 3702805 3822799
3907297 4031732 3867712 3760819
3905076 3931565 3728276 3918241
3922180 3950986 3909913 3796088
3837869 3861435 3751198 3986245
3863871 3963111 3781144 3641647
3760144 3839650 3709471 3879730
3876642 3904348 3823096 3747021
3886148 3943487 3801065 3940038
3857407 3908271 3873278 3693367
3990379 4059276 3997866 4000917
3907924 3867188 3808370 3901208
3834085 3912066 3897989 3917064
3887383 3803127 3742276 3808131
3895232 3969887 3948392 3867847
3874595 3905955 3746363 3791329
3809367 3975016 3913481 3923256
3878234 3853244 3746914 3839538
3936497 3949173 3927892 3923768
3752972 3757930 3804898 3963327
3905858 3877825 3818401 3884412
3722617 3783967 3763783 3936376
4031457 3937429 3843236 3924345
3697748 3790093 3808041 3909457
3894132 3853854 3824725 3883655
3689625 3724589 3822425 3851766
3897249 3873711 4008078 4122966
3936394 3993853 3853390 4019049
3723146 3793085 3939721 4023567
3863794 3890352 3801191 3873958
3853073 3731945 3956557 4060507
3883940 3893282 3833920 3904204
3803401 3868694 4002802 4125999
3892199 3987389 3814137 3955428
3753850 3804389 3837543 3793591
3682486 3828317 3642303 3729095
3770869 3832555 3919903 3905890
3726738 3910100 3693288 3684083
3818031 3938643 3986304 3843216
3785549 3994105 3763787 3729201
3796462 3821777 3912378 3840283
3721544 3899159 3668658 3737741
3819327 3798760 3643965 3674279
3849604 3860364 3750990 3719301
3926807 3767725 3694560 3706748
3880509 3929365 3782916 3740735
3968640 3895378 3742783 3747616
3917167 4020800 3773935 3757554
3902673 3778611 3695005 3775829
3859343 3874276 3795513 3759118
3759339 3769939 3648812 3828084
3773065 3786165 3790381 3636502
3780132 3786131 3694247 3844814
3802646 3821489 3834579 3598232
3748171 3844232 3654558 3905296
3803797 3930222 3840227 3783211
3776421 3814721 3656980 3883794
3850827 3896720 3867602 3697804
3795764 3923029 3904462 3786808
3688128 3781563 3752460 3765830
3801943 3969523 3890977 3837199
3821172 3799135 3712406 3868345
4004680 3926606 3947092 3938000
3806101 3903485 3757724 3816521
3868923 3957246 3839955 3868802
3717975 3938774 3698278 3792183
3835763 3841829 3854514 3787051
3609961 3729219 3727477 3839616
3931914 3783924 3753460 3888964
3653834 3799862 3782033 3865402
3984750 3860330 3838788 3930635
3789297 3790889 3769867 3854354
3874121 3858158 3854881 3799703
3659927 3756213 3774305 3865229
3815399 3757179 3819901 3931389
3869047 3851951 3658682 3879953
3704203 3857864 3914373 3964159
3781014 3912708 3671292 3873140
3847927 3877471 3953024 4029722
3850272 3948374 3845365 3987004
3823238 3795411 3898569 3919211
3848895 3857501 3759652 3956545
3792339 3854564 3917180 3742545
3722279 3891183 3757684 3658657
3817565 3815237 3963829 3746834
3725053 3857049 3744554 3699955
3692581 3842757 3881332 3745175
3585385 3831830 3717254 3718254
3765142 3828627 3944102 3787544
3769128 3927416 3704360 3680194
3881318 3782263 3676573 3736128
3815294 3981358 3754415 3718398
3953418 3875410 3701627 3784145
3835770 3963906 3760502 3760641
3817137 3767552 3676295 3714321
3843310 3895233 3647116 3662106
3861287 3831704 3690418 3698392
3852302 3950403 3755033 3763549
3785912 3848544 3699383 3816906
3855651 3806820 3761072 3659967
3805932 3868646 3803476 3870296
3842513 3878775 3746215 3654837
3727397 3776406 3651259 3737969
3806518 3896406 3743166 3627398
3765712 3828817 3712313 3862930
3800236 3921992 3806574 3734301
3781091 3984736 3889640 3866468
3774212 3824029 3704178 3788503
3819692 3975146 3846272 3874700
3829877 3817667 3718769 3791412
3802805 3862878 3840218 3836519
3704725 3834502 3668239 3671482
3774451 3917458 3832307 3742595
3868648 3861573 3620977 3788887
3912886 3705678 3742889 3825141
3669462 3740782 3713271 3855000
3971747 3817737 3927969 3819045
3741425 3772706 3773337 3914445
3902212 3734172 3805590 3809595
3556106 3764283 3677806 3855081
3959341 3876651 3865453 3862541
3705706 3783123 3782832 3847018
3788857 3759613 3806139 3935071
3829103 3791738 3667976 3911982
3770943 3795742 3866413 3964074
3811415 3927297 3769454 3836701
3756907 3645254 3859974 3917910
3831873 3869008 3755080 3951714
3799330 3762158 3875855 3908191
3890207 3919658 3652385 3861883
3798280 3891274 4019976 3982797
3902062 3995596 3853382 3882880
3837408 3848592 4035298 3794524
3745803 3918795 3796950 3774812
3735025 3801131 3849607 3715725
3723408 3795464 3612966 3685209
3815238 3836651 3938566 3827192
3746334 3903179 3753237 3704115
4012499 3842732 3769771 3775581
3999579 3978385 3817208 3825792
3892872 3863834 3763437 3834470
3899278 3929135 3877594 3807471
3886613 3755211 3668137 3757549
3719938 3916291 3749039 3648999
3931051 3823509 3691127 3827094
3819686 3921718 3851280 3770257
3810826 3913440 3761257 3975942
3938838 4015839 3890388 3712995
3854450 3823077 3802166 3928575
3875132 3897259 3866536 3770105
3746654 3692075 3602995 3775270
3752621 3739690 3754571 3533790
3788524 3894632 3679997 3923411
3881641 3869969 3807090 3709837
3934253 4043615 3896243 3930357
3889768 3905429 3927106 3860560
3906694 3959803 3873751 3833749
3809298 3830740 3776006 3859869
3819642 3844779 3741893 3861642
3723588 3797540 3680217 3701030
3838902 3929792 3867789 3910028
3817870 3777455 3763415 3809445
4010452 3947364 3861368 3966699
3735260 3827387 3878418 4002410
3992255 3826453 3781373 3863234
3701893 3840562 3838369 3919506
3813492 3748364 3758380 3710764
3569715 3646003 3697438 3734219
3972519 3869213 3848395 3867075
3638458 3711374 3848277 3910073
3847402 3778537 3970905 4106156
3994340 3963978 3830773 3937900
3781532 3862002 3877706 4031878
3896205 3922363 3807773 4006612
3628414 3638907 3826283 3912764
3812434 3817326 3699603 3878351
3729141 3746206 3874592 4005126
3908753 3844562 3785532 3952092
3744534 3903367 3934714 3785902
3716701 3880394 3713310 3720227
4003444 4077965 4120132 4025912
3993055 4088203 3864729 3917764
3908945 3928808 3940948 3937617
3826981 3978821 3800365 3829676
3836712 3930623 3973363 3851178
3776819 3972481 3822977 3780571
3903319 3789126 3709011 3703757
3791960 3907327 3737037 3700895
4059018 4054006 3908103 3925227
4110963 4209664 3939252 3981712
4041917 3954032 3764555 3839154
3986285 4077210 3945625 3901286
4056901 3850575 3713664 3886702
3862066 3979335 3803468 3798899
3773352 3766743 3717929 3783923
3857268 3900690 3782128 3694258
4007192 4013542 3880002 4083652
4025543 4129112 4004229 3902146
3890160 3909297 3818498 3968368
3995104 4001831 3998819 3781333
3828747 3873130 3838899 3907153
3876682 3924407 3840408 3709819
3799886 3919494 3790520 3846502
3780579 3785281 3704284 3816333
4038989 4136559 4078313 4049872
4031184 4025078 3922186 4066462
3997708 4134279 4009845 3949204
3919206 3954077 3869600 3870992
3938843 3993694 3902984 3909337
3847757 3808426 3779043 3818288
3922407 3844358 3737185 3784549
3658922 3794828 3779253 3827014
4190357 4068104 4047337 4011429
3890824 3951656 4053108 4043139
4055180 3998659 3885062 4004011
3813230 3897479 3899815 4052284
3956156 3873661 3855965 3902884
3741510 3800339 3774837 3957339
3790647 3774474 3904015 3959309
3814995 3850106 3746420 3898752
3966417 4012477 4040112 4156532
4054023 4071423 4037034 4080098
3834008 3851960 3997367 4132153
3970207 4045939 3866878 4058950
3830653 3775793 3959406 3947867
3950088 3897478 3838404 3905869
3695677 3765541 3880147 3824900
3718394 3834256 3655111 3645019
3723530 3834688 3891133 3807521
3661003 3885915 3781318 3645461
3753691 3941745 4040795 3853611
3793940 3943236 3796550 3797645
3834795 3922523 3907825 3851670
3747059 3930483 3697572 3802911
3825795 3773620 3654503 3659541
3810580 3902088 3693498 3745180
3882697 3919475 3736695 3854105
3874517 4043186 3746813 3812846
3903287 3967943 3766073 3785858
3889774 3990574 3766338 3845538
3857419 3886554 3813478 3826842
3935142 3932636 3871669 3787772
3720849 3767981 3647131 3746892
3752876 3854337 3817538 3654326
3894534 3759462 3680035 3913582
3836361 3893680 3801485 3765968
3810212 3916457 3860975 3954888
3873723 4016332 3871079 3697814
3809813 3925463 3763308 3990889
3910485 3904700 3847607 3682867
3821305 3902539 3756454 3802773
3762424 3772957 3648512 3899415
3882214 3942103 3864897 3884360
3816664 3793701 3754446 3812300
3860233 4011067 3876635 3850618
3922804 3899309 3716567 3870787
3835691 3935142 3903590 3838251
3902646 3820996 3834344 3791410
3943688 3732437 3746673 3859622
3664136 3691973 3733919 3792398
3933348 3846475 3831168 3846442
3723514 3760537 3818362 3855532
4052762 3882435 3924041 3894921
3676828 3842292 3832245 3865055
3980483 3889234 3891612 3891591
3755620 3801280 3918509 3865410
3770533 3742475 3855378 3874873
3836795 3809811 3708924 3838713
3828605 3738441 3914564 4041230
3869492 3961987 3717330 3895173
3844498 3857248 3915422 4061753
3892456 4010717 3800901 3961902
3808669 3809527 3895563 3988753
3870169 3937423 3799974 3949135
3945472 3800677 3990137 3808312
3836438 3863430 3935984 3940941
3964640 3876317 4003806 3796063
3877734 3840854 4001033 4011309
3849727 3683275 3891003 3724627
3799061 3754710 3825347 3886697
4002127 3894455 4093390 3884003
3913455 3858034 4075820 4003974
3950310 3742845 4007389 3815719
4007534 3878635 3657344 3840758
3967784 3871614 3976915 3868442
4072250 3873399 3668115 3966582
3871604 3725109 3930159 3721364
3937081 3820582 3670864 3712238
4025973 3785240 4051511 3917930
4076341 3909616 3719156 3939869
3931979 3951495 3788659 3825461
3910600 3763022 3824598 3865431
3937677 4009223 3813773 3800068
3986814 3804510 3866400 3926101
3847312 3928073 3706528 3739519
3907776 3699128 3882893 3791496
4017881 4150444 3856991 3869117
3971156 3935561 3964814 4062303
3800741 3915193 3760637 3758515
3741765 3873197 3821467 3791373
3958291 3917582 3812246 3837666
3895213 4059293 3842384 3781543
3811194 3810445 3751883 3735399
3660210 3794326 3805654 3712797
3924645 3920032 3909005 3831629
3896211 3887374 3961476 3900391
3851812 3854127 3905715 3936213
3867667 4055836 3915077 3717065
3880715 3914681 3947190 3961142
3882963 4046826 4008906 3770286
3783221 3876507 3835428 3806516
3758236 3899071 3954540 3708865
3882638 3965400 3937669 3977667
3916455 3951038 4095717 3858434
3760215 3775322 3934613 3772952
3815140 3872057 3865446 3901696
3771293 3785616 3901525 3779969
3801898 3918675 3971633 3900098
3701134 3646145 3791166 3654591
3729895 3786353 3862142 3805653
3774814 3844285 3926666 3831101
3920600 3966094 3960833 3861931
3975150 3821844 3996935 3842997
3819929 3843164 3960718 3907232
3855203 3721639 3892190 3743601
3738179 3795709 3864279 3918646
4048849 3970497 4081673 3804006
3989482 3970063 4053986 4145998
4055438 3884634 4084484 3880945
3828302 3959573 4091239 4009640
3936156 3843331 3883669 3791633
4006976 3834811 3657805 3928562
3855765 3741680 3897808 3769456
4020039 3773687 3601981 3815275
4018824 3912625 4111470 3910161
4130390 3992455 3826001 3923781
3971702 3909111 4005155 3882448
4149884 3945899 3830641 3897452
3918605 4108718 3804342 3825298
3960880 3868893 3962924 3986816
3888801 3951410 3765916 3664262
3938065 3708861 3837654 3858621
4016335 4137848 3924480 3980027
4046899 3906646 3995355 4147118
4045816 4168151 3857019 3933619
4042632 3878484 3990152 4059992
3783965 3855390 3695145 3855760
3767262 3872212 3730582 3798240
3785874 3827432 3779627 3729178
3669902 3780925 3782368 3745904
3979494 4065258 3898577 3956366
3916597 3988068 3920082 3897214
3932808 3930764 3753989 3914235
3887671 4068896 3927388 3887597
3877819 3987730 3864737 3975674
3822956 3936456 4023391 3695157
3694327 3869844 3781873 3877600
3715337 3963120 3856476 3754745
3952695 4007281 4016303 3935432
3972835 4012987 4055280 3883749
3922948 3999374 4000040 3990537
3884807 4039170 4058229 3807782
3732828 3816285 3916913 3697982
3806901 3811440 3880811 3856777
3739076 3811787 3844151 3715043
3813410 3765935 3853235 3784833
3906221 3889555 4035271 3880037
3910283 3917967 4040728 3907653
3803248 3892842 3935454 3874415
3962057 3950947 3979107 3908896
3954540 3880617 3968028 3850649
3920502 3969974 3983124 3996847
3937941 3940829 4028500 3892344
3873173 3868642 4084007 3951605
3834696 3669818 3841224 3705981
3688549 3705771 3719300 3893048
3877087 3741544 3969865 3903672
3812653 3831717 4033572 3970773
4004927 3893900 3956690 3824347
4003910 3945317 3793144 3827907
4001377 3930541 4056676 3913218
4175457 3946666 3753277 3911112
3824940 3699267 3879369 3654076
3854958 3681056 3565787 3795803
4061142 3821780 3905851 3848483
4095577 3822132 3706052 3848209
3989657 4021878 3870071 3772339
4038486 3889896 3897193 4009862
3972111 4117067 3845371 3986136
3976237 3851199 3977818 3996426
3821373 3894812 3612665 3674192
3786167 3712772 3791149 3751028
3925238 3952149 3811532 3837854
3950927 3849307 3911828 3971450
3935027 3922497 3800669 3781849
3816146 3884737 3970300 3779472
3919906 3874236 3881040 3850382
3785057 3951742 3961560 3867494
3681526 3806993 3716832 3695216
3646108 3813214 3716118 3676501
3899909 3939156 3759255 3802556
3730789 3801314 3851342 3792072
3810358 3990375 3885347 3881376
3821717 3946300 3991604 3781626
3919673 4046462 3899822 3958555
3805013 4049985 4023453 3838951
3713864 3775606 3746957 3842525
3691030 3830345 3789237 3618469
3833057 3945397 3810953 3892210
3805082 3935380 3953816 3787122
3806751 3788696 3927423 3701399
3842414 3884437 3984667 3934920
3818962 3846075 3922179 3815865
3857971 3923380 3992510 3879353
3675446 3696729 3844408 3659125
3669730 3819628 3758961 3795943
3748842 3838788 3932264 3765337
3853344 3850525 3935343 3759336
3972404 3853611 3960814 3790630
3847164 3873480 4042849 4010516
3955753 3874586 3960993 3857640
3833312 3834186 3962606 3866833
3971402 3857819 4055694 3896335
3951477 3955652 4065372 4013309
3793334 3643886 3787541 3641081
3783545 3741117 3794838 3842805
3973620 3801368 3948344 3858574
4075730 3876194 3717127 3793532
3944759 3819721 3976635 3826174
4061813 3900718 3686207 3844579
4068220 3854708 3974500 3875730
4025130 3858834 3783690 3819264
3843899 3659346 3849350 3660082
3924319 3751314 3515486 3717378
3904986 4031935 3826802 3848033
3972893 3889374 3911009 3995335
3953637 4047129 3829060 3832791
3917539 3892988 3917848 3978858
3942209 4045303 3870337 3843116
4027918 3903916 3950771 3932823
3717011 3842182 3658059 3687785
3777471 3666127 3742017 3897156
3889691 3878201 3776027 3855298
3720947 3878874 3854604 3796479
3816004 3838897 3814993 3804853
3773833 4013513 3834039 3797425
3916557 3913287 3773943 3894655
3820864 3923138 3856852 3856372
3838424 3612490 3670876 3663383
3590573 3760780 3703564 3604692
3864032 3937649 3923782 3872016
3902886 4084123 3965749 3746682
3838580 3872078 3813825 3893039
3868659 3956915 3986390 3688635
3866303 3898802 3962192 3982918
3817645 4072335 4093647 3848626
3642504 3768466 3682896 3706237
3692396 3863685 3798708 3587330
3748564 3900603 3945038 3755026
3892793 3816201 3957159 3756074
3717786 3794219 3952840 3794630
3777452 3917486 3945497 3799302
3851626 3880332 4032446 3856962
3935891 3962284 4032145 3897013
3592052 3639610 3711411 3684066
3722816 3747633 3848240 3724094
3992153 3796328 4020875 3823918
3831663 3931297 3980024 3941718
3897612 3852646 3991934 3763623
3759493 3842172 3986924 3882300
3970435 3846309 3978085 3890584
3836643 3902156 3991876 4024759
3827983 3798458 3967375 3816054
3827647 3924242 3919586 3934659
3909177 3765989 3986670 3819356
3879734 3835555 3653539 3823839
3903547 3785289 3920802 3806788
4037910 3879205 3723619 3819069
4069087 3825431 3993149 3851327
4060124 3910771 3729516 3780288
3939022 3797498 3919453 3697980
4007582 3791617 3692805 3840872
3903934 4048494 3817463 3789027
3963494 3845026 3941003 4031840
3857737 3962728 3764494 3801664
3891967 3796570 3854892 3886421
3971771 4168128 3847211 3859650
3943263 3788117 3948225 3958007
3838175 3999630 3824399 3820594
3966946 3818176 3922288 3875389
3854004 3816175 3722932 3832304
3721620 3885165 3804645 3731916
3815101 3850475 3679594 3793632
3671349 3826467 3742949 3729991
3853387 3901788 3763367 3829872
3847144 3951615 3791679 3814997
3820417 3836117 3693911 3849173
3745463 3952136 3820589 3762924
3886344 3930634 3815940 3902168
3818115 4024544 3974750 3774170
3770272 3853762 3870669 3917358
3857493 3965391 3946561 3739987
3887691 3936208 3884057 3921080
3839338 4033963 4025437 3768303
3815596 3904839 3873006 3856123
3826551 4028572 3961133 3742167
3753439 3796700 3964669 3791077
3817824 3817755 3965897 3856586
3708831 3749052 3955277 3702736
3687122 3869367 3868129 3765246
3783429 3901592 3950729 3784034
3899560 3891003 3956792 3914486
3778993 3823072 4001543 3789544
3870590 3866616 3959420 3897408
3860891 3826276 3904232 3827607
3794080 3813521 3879730 3910023
3972912 3754871 4065070 3806905
3859097 3915917 4010468 3974726
3890711 3720895 3973533 3730893
3840524 3809924 3920910 3957125
3856548 3713818 3816788 3654824
3661464 3691278 3819353 3740370
3926398 3752813 3903368 3793274
3980225 3771974 3736220 3796201
4046130 3803204 4065573 3845327
4069060 3963455 3734482 3849430
3851043 3729574 3848770 3773531
3954293 3705451 3682297 3742099
3857874 3714780 3824661 3755410
3915387 3767592 3582810 3710969
3926678 3996469 3726710 3796549
3858991 3790017 3859314 3900910
3905986 4126830 3831135 3830172
3974762 3820268 3918815 3940049
3863791 3947521 3774598 3759549
3843710 3722900 3841167 3864555
3811562 3937086 3655079 3691077
3821519 3681748 3828379 3851533
3835409 3807134 3801558 3768519
3712720 3967438 3786175 3706825
3875365 3988895 3745787 3867725
3740559 3893166 3793450 3834495
3781719 3831164 3712058 3710600
3694789 3790246 3684754 3749860
3637905 3732355 3743841 3718208
3624515 3793058 3608446 3638180
3729160 3863897 3829785 3816801
3786774 3924972 3938768 3681694
3910537 3965141 3863552 4019006
3891194 4013749 4008542 3836682
3705041 3800717 3866713 3850589
3785010 3918838 3878464 3622451
3659081 3775263 3727601 3779161
3691410 3830528 3823068 3633112
3685678 3729758 3807065 3620902
3777059 3696011 3855243 3744539
3794828 3958987 3967604 3751325
3838621 3967786 3872938 3857457
3715945 3786901 3856427 3715431
3787575 3761278 3848008 3778546
3652370 3686800 3798998 3592086
3650831 3631342 3824109 3724373
3921474 3825480 4035791 3884355
3906085 3907554 4035025 3937482
3922911 3795162 4018797 3760024
3802628 3785568 3988116 3937286
3722431 3772193 3888044 3699736
3713005 3641062 3830659 3877230
3964368 3692978 3850532 3851814
3848815 3750695 3927678 3978362
4003752 3823532 4050282 3889972
4146007 3914413 3813096 3928068
3924204 3835703 3998671 3841715
4056254 3837906 3643443 3796933
3831107 3730795 3794183 3757667
3862822 3805770 3651893 3724743
3932310 3848053 3895663 3754845
3904715 3908287 3650811 3820847
4026449 4064541 3837128 3834287
4026786 3943213 3986718 4064242
3912679 4083763 3816985 3833178
3922660 3784219 3771661 3853072
3807238 3891802 3715310 3690502
3779793 3734627 3776003 3859633
3968548 3919292 3845945 3834650
3944716 3784793 3850746 3918825
3926277 3967954 3807506 3943991
3870238 3990012 3880845 3804159
3810101 3774313 3767892 3764825
3722324 3876029 3798559 3833396
3814819 3764298 3644271 3689148
3609299 3846098 3712060 3664737
3843943 3898992 3709131 3860838
3767318 3859674 3892082 3783467
3838819 3999462 3932787 3917702
3841403 4059552 4080418 3805705
3783005 3901187 3833153 3897687
3823010 3943718 3926549 3676553
3600117 3880431 3732942 3786860
3730580 3906911 3823964 3580284
3840576 3856133 3905746 3756127
3804131 3963842 3893434 3738628
3781513 3860438 3991139 3769833
3917714 3923533 4007053 3990056
3700917 3775507 3824351 3667496
3770298 3862130 3934817 3902166
3658384 3764227 3748756 3662027
3740056 3756218 3803998 3733728
3786647 3794228 3869867 3750088
3843287 3826589 3929134 3887553
3807404 3722500 3921995 3655740
3699123 3726133 3742652 3859807
3857814 3763665 3989926 3731127
3747345 3898618 3874847 3880363
3854066 3772310 4041030 3859189
3874315 3823329 3976047 3944596
3966995 3802025 4055164 3878908
3897133 3907105 3997807 4006643
3849380 3656036 3821678 3705028
3908769 3785975 3637417 3760338
3841703 3830296 3851265 3835993
4002082 3849839 3679771 3781429
3963827 3774890 3950967 3835863
4040715 3911154 3669896 3807592
3965092 3916276 4074861 3855390
4026191 3936664 3788309 3866788
3764716 3944793 3713444 3681102
3834807 3719911 3801384 3847559
3882176 3995463 3700505 3761551
3890346 3745433 3813156 3846438
3948684 4009530 3831974 3807796
3929989 3814733 3923361 3936335
4036396 4007968 3915438 3805256
3991845 3870076 4027823 4027892
3711477 3793167 3619837 3691354
3593623 3913208 3645617 3702915
3805154 3843608 3694171 3759598
3695876 3817214 3778089 3767221
3846148 3883476 3736719 3818238
3699257 3926413 3801667 3804611
3938111 3939743 3776970 3954085
3822581 3980608 3871165 3886811
3730949 3760460 3763772 3811145
3751236 3938669 3847291 3625703
3685604 3899339 3841978 3872992
3825706 3924305 3812557 3683408
3870998 3879376 3870832 3920196
3760811 4010242 3975163 3764360
3909456 3854510 3876862 3942357
3899764 3975173 4073358 3782958
3643285 3715127 3725280 3613403
3634739 3858324 3804719 3787726
3693169 3777419 3859094 3652890
3801156 3901368 3905658 3751777
3751711 3765905 3993848 3821694
3897772 3927635 3908071 3927501
3856423 3834499 3989209 3858899
3905741 3936711 3985219 3860266
3815359 3766120 3889333 3724389
3712835 3737272 3815472 3869181
3762384 3681271 3908382 3663023
3732407 3631089 3851601 3861794
3848344 3780635 3941641 3752358
3765357 3783047 3843516 3906003
3918509 3899467 3980588 3864101
3828665 3856183 3972398 4079531
3742354 3743702 3912275 3773090
3907772 3726525 3630495 3756830
3868338 3538023 3852391 3695443
3925635 3786292 3625250 3695175
3950891 3740437 3952931 3814135
4018840 3873868 3602681 3808753
3924355 3754551 3994336 3847315
4065919 3875001 3772351 3854126
3838638 3924849 3658211 3761680
3857583 3724693 3697134 3917604
3875261 3901966 3676725 3697400
3854819 3723030 3797355 3869319
3932194 3970269 3723683 3703407
3912340 3767772 3835565 3932106
4014703 4092248 3877109 3838863
3913448 3889311 3918998 3969479
3762941 3816254 3711799 3733092
3707795 3871267 3759947 3736928
3795393 3852348 3686420 3631517
3611971 3845845 3656126 3692117
3793846 3822226 3690626 3758738
3753779 3850723 3751607 3789579
3867638 3901756 3776775 3812691
3798574 3851507 3877127 3827472
3690475 3811071 3751593 3851894
3742151 3914612 3836993 3744512
3699819 3799270 3702270 3765042
3698254 3884751 3891826 3647809
3797310 3898649 3848997 3846071
3763045 4042134 3788864 3648151
3878533 3976901 3945666 3886383
3933149 4048932 4030147 3751069
3624473 3764182 3823003 3631218
3782651 3839768 3938910 3778730
3621344 3708109 3766232 3619463
3637712 3784605 3836087 3643708
3684776 3730763 3846721 3622096
3794660 3825021 3836366 3725849
3786889 3863703 3931424 3709282
3953585 3906210 3962338 3899692
3894790 3822249 4006064 3871906
3897575 3763964 3957277 3926970
3956898 3871926 3931100 3785553
3748317 3822743 3990263 4008953
3940109 3868485 4053201 3763459
3838762 3842742 3983098 3977554
3882834 3837273 4008079 3831923
3859281 3797579 4037905 3978635
4005970 3825586 3985362 3746737
3984757 3797397 3741070 3853964
3999958 3789205 3965230 3849906
4055870 3846580 3688175 3834776
3962532 3880260 3953528 3857094
4044289 3826148 3691606 3798800
4020144 3859504 3948633 3842516
4083295 3873475 3660637 3879772
3910785 4090050 3817816 3770151
3928340 3831167 3922183 3936047
3943289 4039173 3833841 3827757
3905013 3881703 3925479 3926810
3936221 4070213 3820598 3904395
3949722 3851449 3933243 3930791
3932878 4137779 3844315 3873224
4034730 3934653 3978180 3933150
3894481 3897333 3768937 3846047
3790302 3907403 3728766 3812474
3906081 3869389 3805997 3829577
3791931 3949327 3834347 3829558
3837655 3832640 3759643 3780471
3829876 3915184 3830028 3871923
3811152 3969083 3807532 3771993
3804253 3966573 3828286 3787040
3810663 3911210 3870183 3862492
3776935 4055997 4038225 3689584
3825024 3917367 3903081 3846823
3891831 4133815 3969944 3838595
3813976 3907912 3878095 3863648
3798721 4037320 3994528 3753067
3865630 3930389 3893332 3939534
3822942 3956926 4033104 3733903
3711362 3794767 3923890 3823794
3877636 3883603 3932096 3818671
3713216 3918787 3984476 3715163
3957265 3910046 4030838 3883515
3807757 3826862 3793147 3791211
3801340 3905302 3954427 3801764
3762431 3759108 3987700 3810824
3819734 3862541 3904358 3902766
3908836 3826716 4052628 3913866
3955403 3846817 3972842 4054651
3900535 3683833 3938383 3818109
3802562 3762202 3891475 3904921
3950259 3827458 3871622 3738949
3876588 3773596 3907408 3925083
3799551 3727527 3874573 3775944
3755066 3771309 3919399 3896644
3962395 3751234 3899481 3828673
4023102 3892851 3779587 3802992
3845275 3680738 3866639 3773365
3917205 3789918 3664462 3825048
3932925 3741304 4009670 3794259
3992055 3829851 3595033 3777929
3865246 3711104 3862672 3769748
3952155 3860997 3642479 3812921
3933776 4009282 3733910 3857299
3965654 3829628 3934626 3982294
3871877 3991464 3714039 3758044
3869233 3756084 3893854 3869840
3827151 3990432 3802851 3725457
3905608 3757934 3877808 4015286
3839596 3986998 3753857 3744509
3872938 3806101 3771779 3914742
3838100 3902079 3738095 3839511
3667910 3967594 3779190 3795635
3806018 3834868 3725368 3744123
3689618 3883476 3762396 3714564
3797857 3888025 3682755 3746724
3788401 3794813 3729793 3840800
3817538 3805170 3712903 3690858
3717861 3831848 3733843 3704535
3833274 3936012 3860785 3904203
3839335 3988676 3939751 3679308
3784465 3825029 3813173 3764421
3621523 3901213 3940081 3579246
3800990 3859882 3771008 3951335
3746171 3985347 3963297 3728612
3750220 3891714 3749178 3859187
3685589 3887963 3883352 3677745
3739056 3872403 3923978 3809683
3818774 3900221 3968298 3874412
3725156 3748726 3833482 3649892
3681761 3898264 3865019 3802826
3619026 3750558 3848809 3723297
3793727 3911409 3941890 3920446
3699833 3710397 3797074 3745513
3766031 3805860 3792168 3769952
3885599 3810547 4018783 3870199
3796899 3870068 4037448 3983502
3841735 3752576 3873520 3743348
3774446 3767617 3811369 3842042
3878765 3704065 3846551 3747829
3778662 3852742 3877201 3912113
3913148 3845752 4028763 3873821
3891828 3873509 4001601 3923529
3986472 3841124 3988354 3825542
4137815 3854579 3759860 3910687
3960264 3745568 3882687 3697758
3956534 3778931 3639777 3780559
3903160 3795617 4014332 3698983
4046152 3861351 3699118 3759640
4042974 3877661 4049599 3847565
4090022 3887742 3718497 3896881
3961959 4055183 3803456 3868761
3960993 3909511 3901879 3933685
3801520 3876235 3680953 3720247
3922055 3673664 3854969 3834771
3770176 4001803 3788553 3710033
3910892 3817462 3825679 3941728
4018343 4063242 3878668 3832253
4053985 3964979 3856816 3960848
3780381 3860914 3720022 3767386
3863578 3972922 3927852 3813320
3808872 3830249 3637547 3759561
3715697 3782478 3732407 3674035
3823258 3795324 3745535 3808784
3740315 3874264 3768528 3781840
3923221 3905143 3832770 3882352
3801702 4024508 3879361 3869436
3835847 3891911 3849171 3984555
3858350 3982559 3955338 3817470
3662514 3821406 3801976 3789422
3761902 3885425 3908666 3658423
3809361 3785019 3747727 3855235
3778613 3920241 3901043 3707461
3795181 4027020 3957647 3926054
3896507 4077104 4068550 3746654
3818751 3783262 3931728 3862749
3873414 3873486 3925269 3926646
3661071 3769504 3735702 3643716
3746770 3810580 3809031 3785481
3694234 3810633 3888139 3804708
3747440 3838003 3795508 3724962
3796668 3964168 3870553 3775868
3901316 3940408 3969685 3913303
