3906642 3936973 3848359 3861673
3871599 4002780 3895631 3971575
3961284 4030028 3836329 3862439
3951470 3949898 3902876 4041485
4045815 4069508 3909644 3883214
3983439 3988158 3931076 4091868
3942846 4013622 3850162 3826487
3971856 3936234 3920604 4116311
3814962 3762189 4069457 3832615
3758021 3907029 4058547 3961632
3912412 3777063 4130754 3988653
3887746 3913330 4126747 4010758
3924046 3845284 4140808 3869520
3897610 3975575 4062080 4031887
3816773 3763070 4081246 3904586
3821094 3971673 4051572 4030253
3957320 3986392 3947391 3955171
3809813 3886597 3734720 3899626
3914639 3977661 4037885 3898754
3962948 3963994 3783957 3843875
3990976 4014830 4002315 3999343
3939760 4035134 3825318 3862619
4004488 3980917 3948106 3997368
3897082 3805073 3859031 3805674
3775159 3927559 3808061 3796778
3764707 3918867 3862383 3904448
3777226 3994049 3823416 3859310
3919407 3893845 3991549 3929173
3891322 3997620 3776192 3853616
3935148 4004073 3909870 3976398
3752309 3877776 3781688 3894321
3802941 3922750 3858988 3916871
3962309 3814228 3876714 3884480
3942507 4003943 3809164 3833041
3940818 3779524 3903338 3950331
3865495 3990598 3959987 3787728
4048157 3864708 3899874 3945177
3943425 4063805 3932687 3781650
3908499 3771201 3875088 3907195
3947629 4020421 3942419 3802354
3871044 4134918 4057606 3761460
3819644 3804967 3932716 3835770
3946015 4095433 4009277 3822738
3858887 3855376 4000643 3911844
3890424 4080502 4035048 3865640
3859046 3837528 4065367 3992924
3906182 4063548 3937122 3857379
3938438 3831087 3970221 3934458
3908402 3915198 3797760 3783887
3880655 3856421 3851676 3969354
4019211 4027949 3879695 3786170
3954303 4032650 3935243 4168221
4072872 4094577 3918986 3887556
4067600 4080753 4001729 4150730
3811289 3899459 3759995 3792294
3955245 3878974 3845795 4010548
3745748 3663353 4025017 3835314
3772319 3820572 3962335 3878200
3839513 3799707 4089307 3948090
3799135 3912675 4113086 4114075
3979928 3820299 4114173 3984162
3914560 3963944 4219438 4103089
3898662 3746005 3973972 3841044
3738128 3878407 3963292 3951385
3880773 3875717 3814758 3841726
3791743 3751362 3770938 3749165
4034952 3935110 4013641 4039875
4011416 3846792 3772189 3883335
4096035 3986057 4101722 4027591
4002788 3951888 3870522 3857960
3879724 3839872 3801274 3845807
3929721 3814540 3686511 3733588
3670825 3916979 3703721 3775387
3728875 3778355 3795806 3906499
3844482 4042190 3814657 3870501
3900884 3967492 3981752 3807217
3791026 4058730 3839042 3966158
3943034 3978676 3963530 4022387
3749475 3884504 3807691 3727916
3887766 3834422 3812191 3864030
3774516 3738160 3776060 3842123
3852018 3977467 3873315 3713862
3970929 3785953 3866666 4043481
3945779 4006047 3946060 3818677
3971658 3915840 3952435 3999533
4005075 4163446 3937359 3863206
3878209 3681166 3807545 3897969
3853215 3933489 3803012 3728188
3816443 3917782 3936886 3796657
3793908 3736736 3793210 3842789
3962605 4034480 4021753 3811798
3869188 3898430 4029038 3987210
3997389 4060640 4117486 3910431
3923535 3785121 4000286 3894033
3825436 3962681 4027840 3803211
3829963 3748979 3852433 3906789
3888358 3993005 3837148 3752091
3924816 3918821 3895153 4040979
3953356 4025656 3831159 3839123
3977871 3894518 3842080 3955349
3932984 3938731 3806466 3891137
3965194 3906685 3848360 4004026
3946156 4058407 3942294 3829075
4005684 3965930 3982264 4097730
3890406 3779455 3979327 3887198
3776440 3913617 4027604 3981669
3731707 3813033 4038341 3890158
3827053 3838648 4053184 3917628
3880615 3827279 4079097 3825164
3768565 3882548 4024117 3936874
3970104 3767013 4153495 3826367
3908977 3932516 4003289 4017816
3966054 3932000 3916843 3901761
3868111 3910220 3738302 3789908
3962139 3923499 3935484 3856182
3859329 3898417 3719245 3845205
3991768 3909810 3879244 3918584
3831220 3824643 3720729 3853552
3977630 3936646 4027438 3973297
3850262 3867750 3773545 3826499
3723279 3918088 3828793 3774024
3929781 3907954 3860224 3998472
3736118 3928773 3784677 3817366
3853731 3903318 3865223 4015978
3737428 3844641 3798194 3831145
3911414 3900994 3855115 3953706
3883609 3989911 3846714 3848178
3887445 3946747 3937267 3925239
3898610 3799699 3850200 3921897
3914178 3989657 3873002 3693240
3914079 3771609 3855571 3927599
3850136 4049855 3862039 3719490
3877763 3819978 3886616 3880166
3921346 4024346 3721881 3751093
3890699 3886698 3885872 3988135
4000991 4057683 3899227 3812820
3934491 3960134 3977651 3750976
3772146 3801660 3841823 3889890
3936760 3952010 3999194 3856270
3853063 3827327 3940458 3855445
3839244 3973204 3984207 3791465
3824541 3758030 3977363 3902245
3855627 4022917 4047450 3894695
3917009 3893201 4013875 4020536
3939087 3944879 3769135 3832672
3979086 3945986 3860166 3987006
3826628 3994820 3847526 3784476
3805791 3790780 3846851 3948488
3877511 3923130 3802918 3744394
3843431 3798418 3849026 3988670
3972576 3940993 3937872 3777293
3953456 3974747 3926085 3987595
3785105 3678127 4037087 3836447
3859305 3888780 4054521 4004464
3888843 3756581 3960682 3916155
3749473 3858126 4041449 4005605
3780708 3714961 4049321 3941837
3829185 3883849 3971083 3987765
3821624 3782487 4080804 3816281
3874808 3875678 4078734 3996840
3850124 3897598 3951656 3930567
3889787 3924805 3762598 3761671
3868128 3941335 3897112 3932080
3825616 3829353 3769557 3740636
3861449 3902940 3821374 3955125
3861980 3787825 3689330 3763580
3924039 3896980 3863955 3939993
3837679 3854213 3744661 3770392
3714481 3945064 3698366 3858489
3801863 3883867 3887897 3914605
3750950 3849180 3710953 3763334
3820204 3860193 3853914 3845654
3693706 3847066 3649933 3785469
3799647 3946160 3827628 3916482
3748134 4005686 3889082 3824975
3890062 3837254 3887828 3872350
3925250 3788125 3885139 3974668
3899691 3958833 3891554 3757951
3918782 3729463 3828670 3792467
3844816 3811898 3824034 3708113
3836423 3769193 3864861 3840949
3789689 3937868 3850973 3707387
3913858 3778840 3856204 3884265
3933706 4050225 3818929 3755532
3952456 4037196 4033966 3846588
3837858 3811337 3957069 3940930
3796530 4016620 3894755 3741106
3714907 3787598 3870309 3785913
3844911 3927555 4034282 3832326
3812934 3758054 3994909 3822576
3884037 4031023 4042382 3843344
3810484 3735563 3913957 3903634
3958486 3971413 3884314 3853054
4017418 3916119 3940077 4112022
3917533 3968093 3791886 3678205
3801890 3837042 3774227 4064593
3924653 3906433 3751590 3809222
3891631 3848116 3830741 3966034
3918586 3951339 3825315 3703821
3836763 3932013 3825885 4004209
3827432 3879204 4107397 3875166
3837631 3860815 4030330 3989675
3836126 3721916 3910469 3761098
3795100 3792210 3917082 3929670
3775659 3804633 4037414 3820296
3844954 3821669 3948337 3921914
3761073 3796577 4000788 3793534
3768135 3899043 4013679 3951206
4016138 3976894 4074749 3887881
3913682 3856525 3820976 3907621
3832419 3873205 3935736 3854955
3867634 3753356 3706387 3812003
3890571 3878886 3902258 3933590
3824702 3840795 3723508 3757566
3961298 3874520 3928845 3906266
3808798 3786720 3775566 3827093
3813203 4007928 3841315 3889604
3975548 3917934 3901932 3962067
3705111 3870919 3732861 3750522
3767532 3841889 3751243 3859370
3690706 3838950 3704589 3755485
3722925 3868369 3745500 3886047
3747237 3891567 3767418 3834305
3872250 3893004 3781393 3832054
3961715 3879582 3893675 3994567
3932800 4045323 3919834 3821404
3795214 3654616 3840151 3887196
3731072 3958734 3751083 3656535
3834675 3769873 3923394 3917114
3877860 3936935 3819041 3769214
3833971 3803840 3846596 3793526
3876093 3851146 3909858 3757979
3885554 4032245 4077071 3883257
3917263 3805759 4043546 3988814
3808181 3916103 4033830 3702605
3786961 3705986 3895271 3787614
3862866 3853899 3923164 3779108
3786079 3702675 3901040 3815367
3864536 4010738 3953229 3761084
3763047 3799001 3897969 3871191
3924095 3959197 3938652 3754658
4060045 3849711 3924209 4021510
3851620 3944785 3764408 3658418
3803262 3787035 3810336 4041199
3793501 3919231 3701583 3747624
3798679 3813871 3757221 3935071
3930732 3994222 3936944 3839398
3964486 3945558 3877103 4068033
3794901 3736868 4049461 3902519
3892129 3913190 4105736 4014883
3805772 3693919 3946948 3869178
3771500 3786086 3874748 3919705
3711286 3726259 3948201 3741543
3739836 3827189 3942220 3898542
3870764 3782312 4053022 3978266
3849827 3861995 3986477 3981972
4003950 3902795 3959319 4029269
3943975 3942983 3741690 3792033
3840974 3873463 3882196 3890848
3816100 3866434 3646371 3704956
3914891 3904547 3902243 3891087
3773647 3816013 3721087 3700384
4003061 3919338 3953295 3930671
3834123 3919574 3789834 3814271
3792897 4031042 3794330 3813398
3934217 3899615 3911089 3936977
3685334 3915692 3679159 3829601
3797703 3827684 3791451 3850282
3663620 3905823 3624281 3724364
3777120 3755273 3765842 3845201
3759131 3980864 3797741 3838832
3834669 3875374 3905702 3962921
4020964 3838574 3866123 3940866
3988066 4035489 3953061 3798576
3835474 3758450 3784275 3941282
3795067 3887171 3800485 3666862
3798002 3726274 3745633 3868796
3891182 3884847 3807357 3667860
3951237 3796919 3822193 3967722
3970702 3972786 3957530 3801628
3958456 3977588 4020873 3870570
3831578 3838988 3924788 3950700
3734590 3969704 3929463 3803860
3816761 3682885 3826634 3797828
3805664 3936398 3860527 3702062
3775280 3791875 3841284 3830161
3891612 3955188 4012528 3833259
3947172 3775149 3887922 3857510
3859967 3906753 3797276 3774317
3813222 3893191 3853243 3983170
3957239 3987873 3882296 3822787
3982327 3797371 3810926 4073778
3987971 3949126 3771570 3798039
3979134 3939344 3955495 4078951
3926941 4024378 3868795 3860364
3962877 3813119 3806394 4016636
3751689 3668048 3966124 3817196
3739589 3830057 3975562 3833087
3840622 3756067 4028381 3926934
3831916 3910585 3996960 3974937
3845919 3806470 4031550 3924061
3800504 3918655 4061396 4046256
3835606 3702485 4064179 3836527
3838130 3941216 4050335 3933972
3879645 3817599 3844024 3813093
3697048 3825359 3667814 3804446
4066466 3937215 3878023 4006999
3888995 3827735 3811465 3794589
3919803 3904533 3833855 4022667
3893822 3869658 3795920 3816519
3932932 3951733 3966651 4014313
3887442 3860078 3727776 3854859
3655782 3897838 3730377 3790932
3748078 3838445 3852920 3852959
3806585 4061661 3843160 3900173
3858805 3987377 3909827 3958370
3774024 3937557 3773123 3732637
3807745 3930967 3905920 3948195
3785611 3976735 3772694 3836103
3829211 3892785 3953639 3905990
3791873 3724265 3684317 3842571
3795670 3832494 3813911 3669650
3929693 3756773 3851514 3974614
3885383 3965959 3888150 3879451
3864114 3834594 3893315 3987828
3948962 4005358 3859680 3804389
3895758 3785653 3789392 3949806
3878220 4029442 3962249 3763116
3820827 3898612 3932969 3711853
3738211 3718762 3798872 3746076
3911367 3972983 3960845 3806813
3878798 3875941 3905761 3839743
3934097 3989843 4009343 3777950
3845621 3831133 3931999 3898167
3931612 4052389 3989838 3819727
3929721 3724058 3973600 3900165
3968176 3893672 3940912 3880784
3971098 3937099 3928822 4141206
3853917 3851617 3869084 3822323
3895552 3885362 3884512 4032383
4035103 4122876 3930496 3895564
3981694 4043347 4014591 4188419
3899840 3948059 3830736 3783920
3879355 3819732 3829800 3918741
3854693 3813479 4115492 3958075
3886144 3959712 4052579 4050725
3876485 3778175 4003218 3857765
3754537 3882219 4039325 3956821
4015446 3822543 4196843 3926816
3890673 4075854 4180576 4100433
3789145 3714241 4056862 3856934
3833176 3828762 3957571 3906842
3935181 3965628 3914442 3968786
3940002 3989412 3785980 3772523
3964107 3905922 3852579 3894214
3940720 3849131 3784806 3785765
4089360 4031258 4004903 4027207
3966492 3938684 3828160 3909293
3935326 3886802 3883048 3969186
3824980 3857769 3666928 3787165
3848027 4027391 3884291 3909015
3870610 3993751 3822320 3941326
3787959 3974543 3785634 3878360
3792614 3884872 3815571 3899266
3858375 4079070 3922070 3932544
3965883 4014376 3942628 4058339
3745740 3861379 3790952 3811766
3741495 3868521 3866720 3921978
3945619 3909154 3968571 3973824
3881572 3986344 3936916 3772996
3944464 3782714 3913476 3860754
3955957 3944383 3899911 3798465
3996605 3925311 3998841 3982465
3954241 4058921 4002651 3870789
3967768 3836737 3858983 3892152
3935075 3935433 3839245 3714960
3876350 4046886 4046809 3813673
3935651 3860796 3960526 3918222
3885786 3930827 4028007 3778870
3850963 3738491 3915649 3861453
4031346 4083736 4152875 3972847
3907143 3933945 3998958 4044357
3900883 3985509 3930242 3735434
3771722 3709439 3939744 3901325
3781968 3810984 3728729 3743750
3785713 3782425 3727670 3939563
3984853 4070637 3885156 3885040
3973673 3940243 3925270 4112711
3849750 3837237 3705337 3687036
3862079 3721713 3810766 3912958
3844968 3845765 3864398 3760604
3738595 3892374 3775403 3974551
3722303 3723172 3975016 3741816
3723076 3778209 3965957 3837273
3885125 3840483 4155035 3884544
3866843 3851531 4103256 4039554
3750603 3702251 3973515 3810420
3851608 3813005 3962580 3938866
3747439 3679284 3966299 3715601
3774692 3804815 3954822 3864129
3864354 3766498 3741231 3770444
3787098 3771945 3680487 3745587
4069617 3930762 3984284 3989488
3913212 3819962 3742293 3806215
3966721 3822467 3819327 3922511
3841966 3774822 3727792 3778094
3859824 3878308 3850740 3877362
3781053 3758039 3705083 3756461
3675926 3836269 3637309 3680321
3775760 3696487 3743250 3873182
3890544 4055960 3865200 3826947
3890380 3999864 3932511 3899465
3684610 3847936 3598019 3685374
3807508 3810061 3783395 3859424
3729892 3908915 3667859 3775320
3731589 3807646 3741718 3796063
3860116 3593184 3731396 3792148
3790710 3817349 3779117 3720957
4034344 3885375 3937624 4067381
3953702 4101346 3956213 3860595
3847748 3714925 3800205 3866946
3850977 3831542 3847316 3666765
3902141 3666352 3810392 3781835
3881853 3926519 3859863 3779668
3738387 3847396 3840899 3657219
3747275 3686238 3844476 3659558
3959711 4082652 4060582 3862116
3899452 3858095 3973845 3906330
3811110 3774467 3925813 3747519
3696755 3764679 3834661 3768905
3868499 3923962 3954947 3703245
3787558 3688547 3816861 3820907
3940616 4006179 3939943 3859897
3968847 3902848 3967657 4073403
3751463 3935530 3819641 3623509
3883524 3804250 3783267 3924886
3840017 3928483 3731988 3710562
3857256 3755588 3757605 3908704
3783503 3746198 3739532 3661274
3709305 3792700 3770288 3875289
3896358 3841401 4070829 3843461
3891895 3910701 4017959 3991151
3766123 3653060 3966522 3802936
3732899 3801821 3910013 3943943
3702642 3651419 3993335 3783626
3714440 3762726 4006332 3880869
3655161 3670055 3856249 3819686
3635922 3746122 3958806 3765562
3944133 4035073 4013465 3943793
3815223 3877127 3838465 3862932
3903122 3829558 3830978 3940942
3819602 3814698 3654061 3745970
3825606 3853403 3827681 3926218
3766470 3762458 3645023 3686149
3789907 3775256 3847306 3817169
3743233 3771007 3594811 3658312
3804169 3983522 3841368 3872376
3959150 3938269 4005887 3954430
3660464 3853075 3593057 3738208
3878380 3822693 3709215 3788540
3668192 3831889 3666369 3744467
3709464 3786036 3775995 3835923
3670375 3813672 3588350 3664779
3740607 3768815 3782797 3745414
3964395 3746546 3873239 3989949
3877321 4029137 3911096 3799715
3795950 3717815 3817332 3881426
3810815 3837723 3783274 3629338
3771052 3621687 3760623 3828335
3814057 3848041 3860386 3606625
3692100 3680757 3700768 3801744
3698124 3838760 3748275 3588793
3961537 3988378 4030947 3812160
3796091 3767898 3961480 4014026
3820178 3863907 3888138 3734392
3755049 3768901 3813393 3832322
3820196 3840690 3890309 3745949
3738629 3746960 3819411 3778417
3770541 3796809 3769899 3677858
3727863 3676455 3887170 3716995
3831870 3909166 3768251 3710556
3762861 3841177 3836004 3929036
3980300 3977590 3747994 3784782
3914635 3879054 3906847 3994807
3770946 3878249 3760301 3734747
3869327 3820793 3832667 4017268
3879562 3931551 3818223 3771941
3891109 3818845 3862478 4025997
3763552 3690181 3835152 3778378
3757634 3801561 3970856 3901499
3834624 3719860 3979103 3974360
3772480 3811590 4011891 3858221
3802189 3637819 4073887 3835352
3687985 3845699 3894909 3822336
3807936 3812262 4024304 3849725
3777737 3884696 3973159 3897113
3769688 3836347 3852930 3896380
3791513 3738264 3702919 3676946
3922164 3797552 3903147 3857718
3893274 3774222 3776849 3747140
3956191 3859113 3778900 3845528
3816685 3799621 3742398 3736399
3919063 3815524 3860908 4032435
3781883 3783665 3774305 3764270
3733226 3843961 3704791 3690895
3747206 3773163 3766461 3930835
3732531 3904278 3689745 3848397
3800875 3850604 3767641 3849424
3743455 3822422 3681622 3697623
3725518 3717820 3787715 3863921
3730308 3962908 3759740 3885683
3749381 3855485 3904191 3820561
3788178 3770209 3800101 3908180
3836730 3931603 3719079 3698777
3850304 3741527 3823132 3881818
3853247 3911191 3788516 3766455
3840565 3751266 3767812 3844066
3797372 3864797 3813680 3725134
3895638 3829321 3787076 3933490
3852695 3930548 3862760 3762761
3764708 3857009 3825844 3688019
3767793 3690361 3839352 3850415
3921401 4001433 3954152 3778933
3763756 3733669 3982693 3879060
3774578 3951338 3893294 3772045
3731448 3643676 3890232 3858758
3778185 3932751 3982268 3834014
3823555 3762944 3958301 3836308
3945400 3885286 3824022 3817622
3938784 3851015 3889007 4036265
3905709 3942677 3780411 3737210
3843611 3875911 3813984 3855725
3803304 3866080 3719714 3718494
3837808 3761655 3819630 3885244
4076242 4011474 3968034 3945035
3988777 3995757 3967607 4120270
3816376 3766217 3988507 3930923
3848867 3841483 4056539 4005782
3832639 3736850 4035205 3873187
3761435 3799004 3923901 3928015
3662983 3663331 3933329 3764538
3715017 3780595 3960672 3746660
3904653 3844775 4164840 4042390
3860183 4002295 4130428 4075602
3920051 3954453 3975858 4018538
3912048 3813434 3697749 3842684
3827043 3842979 3973258 3864984
3742297 3788844 3652717 3725902
3875040 3813346 3778054 3844663
3706857 3688076 3673025 3658375
4072174 4034228 4103905 4091005
4016829 3997171 3846141 3951510
3825858 3936388 3775849 3747847
3806227 3814632 3820683 3936241
3732850 3873652 3789642 3768148
3761966 3860940 3858940 3864176
3586626 3862357 3664096 3649830
3843249 3712508 3772934 3806614
3959631 3990220 3907207 3910746
3974421 3994615 4036001 4000345
3931763 3805163 3857527 3816666
3904679 3957125 3864674 3787767
3837551 3658403 3743724 3805749
3818161 3888512 3776866 3691487
3747745 3649863 3741429 3805227
3797964 3837539 3770782 3709910
4021973 3921141 3962850 4036704
4042881 4071246 4003249 3885057
3906813 3914699 4002221 3753751
3790526 3808558 3953006 3934219
3880788 3897840 3894341 3713767
3740292 3809198 3794432 3828847
3755464 3908566 3847650 3688622
3739219 3663343 3826993 3732523
4061441 4184192 4092516 3937086
3908283 3967434 4000946 3983939
3916192 3909202 3920917 3936189
3898136 3755737 3761852 4048133
3925465 3976193 3846714 4018695
3833406 3858645 3752807 4055964
3997326 3963072 3905898 4031058
3829840 3843417 3862395 3960750
3673346 3836652 3788066 3827803
3702097 3757912 3596116 3885897
3717131 3968721 4004943 3831750
3836938 3948849 3976737 3984403
3771809 3871350 3983090 3909018
3886519 4007483 3926992 4025610
3712305 3924043 4041912 3992779
3800468 3988048 3927698 4094509
3587521 3753380 3846319 3746549
3788150 3828660 3790659 3870019
3860204 3898704 3949290 3790295
3932099 3933732 3933317 3891714
3817789 3897692 3897148 3794801
3926945 3954028 3976947 3858782
3873160 4003301 3912231 3841166
3979397 4075382 3942602 3861549
3720535 3778641 3813340 3735954
3803947 3801043 3810422 3746812
3981384 3814487 3916012 3882496
3859982 3771454 3748709 3800697
4021411 3847797 3899012 3910231
3904914 3852848 3746843 3901436
3899168 3840753 3930212 3923612
3832747 3902260 3830306 3957844
3732616 3725381 3783068 3651363
3756481 3713431 3598670 3719966
3965242 3802161 3989473 3925229
3899518 3868423 3843693 3944060
4049981 3808220 4009987 3848972
3957396 3875359 3890943 4039202
4083225 3831327 4075612 3867985
3971110 3881932 3910276 3941767
3868327 3778392 3910082 3795266
3825490 3781252 3734561 3738269
3560144 3792589 3932101 3747172
3767511 3903370 3941263 3916542
3714147 3848316 3951732 3804590
3768433 3916048 3988791 3958516
3659798 3791473 4000943 3924577
3750344 3953669 3924613 3933635
3535809 3637537 3831586 3746812
3484633 3777979 3899116 3749816
3973892 3962295 3879592 3963038
3858540 3907166 3900681 4113148
3676145 3757839 3705816 3712963
3650348 3640829 3661719 3879118
3946229 4066566 4008016 4039389
3848492 3974395 3866665 4077185
3942737 3976879 3908692 3917571
3809470 3836921 3753383 4047582
3674671 3868182 3970013 3943457
3864195 3974104 3980132 4025009
3511257 3661734 3833396 3734804
3679900 3737380 3747501 3839219
3889376 3993875 4120212 4028400
3908221 3970430 3943883 4113231
3655901 3869555 4040790 3923029
3849370 3886391 3942463 3968956
3817350 3888058 3903442 3777570
3874398 3994337 3885072 3873937
3712070 3702773 3748780 3676413
3789266 3852568 3784961 3697170
3929637 3984267 4021702 3881837
4046453 4155566 3971675 3902250
3811103 3900717 3848736 3756849
3982336 3926598 3928322 3802256
3952700 3943810 3949495 3822328
3936212 3856779 3816517 3961376
3783869 3698797 3761867 3713224
3664293 3638201 3649164 3720610
3997106 3951082 3942621 3998361
3941690 3886491 3916748 3911528
3992930 3747785 3870652 3784865
3790201 3855155 3780719 3848387
4044940 3877730 3989617 3963836
3954096 3944800 3920960 4024280
3883784 3808414 3831452 3811374
3823559 3811978 3678782 3849110
4148122 3962782 4102541 3907675
4025767 3969909 3878113 4072328
4040623 3901072 3952179 3844000
4013922 3903834 3876718 3982574
3730120 3884904 3967011 3827051
3701841 3942386 4031125 3919765
3481434 3700532 3756163 3643046
3577295 3748927 3776670 3867489
3758386 3896132 4008388 3880370
3817983 4087497 3999981 4003325
3643360 3824594 3888979 3799214
3692424 3917765 3929882 3926750
3854929 3839602 3827374 3787818
3839464 3778012 3787653 3902984
3720346 3773774 3729001 3820622
3664840 3692993 3747959 3854055
4025098 4081569 4004264 4007786
3884420 3969040 3950555 4108356
3841163 3818082 3800349 3905527
3727222 3746401 3712024 3939690
3638471 3863031 3946186 3868954
3811015 3841160 3861880 3893519
3600864 3768377 3901564 3775741
3753146 3766350 3731110 3809048
3843953 4000073 4110856 4101826
3930617 3988769 4009355 4181996
3645005 3874264 3907272 3853846
3702525 3801889 3914683 3844141
3774890 3797578 3808114 3742996
3851642 3859660 3855258 3744271
3645370 3730910 3737691 3570787
3828816 3848203 3804948 3685237
3855162 3982699 3968443 3917858
4127119 4124276 4026052 3967798
3713049 3800196 3782834 3773647
3830010 3845655 3798499 3704375
3846396 3789988 3810789 3825747
3805986 3834671 3746472 3736467
3828597 3705191 3745062 3692509
3685561 3699296 3696165 3772582
4101803 3944316 3983587 3946705
3892475 3898749 3877126 3964017
3894217 3732953 3822574 3788733
3757707 3659430 3695702 3816120
3856930 3750016 3888540 3755569
3947926 3758798 3795393 3880185
3902316 3757957 3826128 3754676
3795941 3811591 3741807 3873108
4099964 4088899 4187395 3958314
4102559 4087679 3940856 4002265
3946397 3838696 3972183 3810599
3897989 3897986 3774256 3913643
3638243 3693995 3858757 3804021
3571728 3920485 3871019 3818734
3534326 3637050 3794571 3751002
3622214 3808699 3786644 3730592
3824403 3875619 4027233 3941270
3878174 4048138 4037194 4034078
3643365 3683621 3915182 3750833
3624187 3911450 3856335 3853462
3855035 3907881 3765187 3881952
3741189 3752036 3758680 4000839
3829822 3873911 3778405 3874098
3707910 3691090 3749802 3943272
3815117 3859398 3867724 3872992
3735657 3809272 3693924 4003811
3961144 4026794 3882542 3930536
3798710 3856775 3723674 4024781
3677210 3910186 3966025 3947860
3798203 3771279 3924006 3863737
3621871 3838349 3943168 3877217
3797433 3741806 3803573 3840698
3672451 3856566 3974728 3918599
3860151 3839688 3879919 3991250
3773346 3910549 3994023 3985193
3903584 4004824 4000235 4045668
3801991 3804210 3884230 3819280
3842615 3934455 3934570 3791586
3720324 3825674 3788043 3706073
3899916 3871798 3823720 3748281
3795130 3817606 3856195 3745490
3845008 3911347 3835088 3779186
3830040 3895746 3880086 3830611
3901456 4083348 3990579 3845866
3959596 3881605 3900224 3743583
3771095 3779450 3709988 3735285
3878720 3768499 3810727 3788440
3717007 3805624 3676095 3829505
3822989 3862363 3805718 3795763
3745549 3747816 3727560 3797026
4013080 3778983 3973585 3822323
3940229 3787408 3802533 3914918
3947888 3791026 3967184 3871153
3948437 3805427 3771266 3935420
3913505 3816105 3917813 3856508
3870403 3756891 3765579 3882264
4033085 3851569 4009634 3821445
3952582 3866925 3871379 3829876
3991583 4011965 4069682 3960559
4024458 4086541 3865212 3886220
3648008 3751525 3908845 3781882
3630821 3939479 3946507 3868964
3575534 3693177 3867888 3720047
3656492 3810619 3875720 3778102
3587546 3786715 3839930 3775224
3666065 3943284 3868456 3797919
3741414 3776051 3917324 3810367
3662093 3966351 3889767 3904270
3857211 4019965 3911915 3940607
3763029 3893086 3737407 4007663
3845761 3881872 3789269 3834780
3723681 3836170 3738743 3927318
3947475 3944125 3821456 3955296
3839421 3845838 3823267 4013192
4001155 4031295 3803413 3982339
3824519 3820625 3773976 4026237
3677713 3923045 3920087 4005676
3915300 3931613 3962093 3962282
3679255 3879820 3911593 3899472
3852143 3836437 3878780 3961729
3793401 3936444 4064713 4035823
3843253 3947940 4037731 4063142
3797046 3994974 4015810 3936521
3877524 3930895 3958924 4069385
3817751 3991886 3984054 3739726
3991520 4021980 3982895 3827696
3796950 3836347 3809601 3719330
3936533 3873444 3859358 3861102
3830581 3910160 3938663 3825235
3999287 4053254 3955494 3883017
3906869 3918565 3923049 3853100
4006862 3986163 3926967 3824296
4004379 3859695 3912154 3826955
3917172 3799601 3848765 3889622
3894229 3834269 3866192 3850279
3727098 3783599 3741598 3771092
3995355 3834025 3934960 3893701
3905524 3910977 3850057 3898842
4033280 3928531 3957269 3838250
3888000 3836395 3774040 3872993
4067343 3933268 4020942 3946329
3913605 3906420 3847527 4070500
3942372 3855095 3977905 3838025
3948838 3877311 3782009 3891597
4063850 3888163 4021455 3986042
3985567 3974133 3883768 3907342
4068870 3926706 4064916 3968952
3926409 3945287 3786191 4104644
3650431 3862708 3900383 3855788
3702647 4046635 3952019 3878972
3637447 3770607 3801746 3817541
3638586 3948809 3849942 3856128
3679805 3869256 3998576 3933949
3748867 3990514 3976490 3902267
3682718 3789961 4063855 3838560
3689934 3985014 3938892 3957479
3882479 4029041 3865937 3880852
3691064 3795181 3766000 4000423
3871715 3976587 3915398 3899032
3779673 3890482 3735838 4005213
3687484 3825622 3746980 3721499
3638852 3665327 3656571 3836745
3821780 3861331 3830943 3925776
3727871 3705591 3785373 4018580
3752130 3862369 3964741 3913295
3828004 3852872 3894266 3966243
3741519 3861427 3948387 3808166
3747824 3890742 3893932 4042209
3530905 3699465 3842633 3676670
3671942 3800156 3717867 3812341
3651215 3861047 3932439 3891501
3846568 3854798 3929564 3902855
3760002 3836594 3870881 3717616
3932603 3976910 3801909 3764785
3778796 3887579 3961695 3776147
3904507 4005628 3972762 3873139
3602293 3741576 3785645 3574142
3718014 3884290 3737461 3666572
3824585 3826005 3868415 3748671
3848258 4011309 3866846 3778396
3857206 3816433 3876796 3715358
3828070 3794228 3739743 3868050
3984587 3909341 3905625 3818860
3855103 3861374 3814865 3882432
3721287 3626354 3680316 3689819
3645379 3652535 3646131 3679599
3870567 3812649 3830250 3737903
3848428 3768552 3732700 3825679
4048987 3918414 4074245 3863661
3929218 3872772 3835459 3935718
4042165 3921087 4061418 3985848
3906007 3865144 3845340 3964124
3806949 3642530 3814114 3766312
3727076 3693444 3675991 3788775
3940544 3839960 3995329 3906086
3863388 3868973 3710658 3932175
3586642 3846399 3819414 3847891
3625741 3888967 3950080 3889119
3623083 3782067 3976961 3874297
3719456 3909777 3968202 3883312
3480328 3621622 3762390 3669203
3479913 3687641 3764955 3686640
3636450 3697743 3884899 3819891
3628471 3972321 3797771 3850648
3810104 3851324 3741457 3857274
3768656 3733239 3748235 3954672
3940657 3911819 3906357 3863730
3725996 3770579 3780300 4023406
3794394 3743979 3722154 3800295
3726869 3708332 3697054 3828182
3952347 3894656 3894930 3877235
3793329 3787870 3836847 3950980
3669096 3833469 3827905 3913808
3719710 3844978 3797941 3830035
3626891 3886221 3951311 3933314
3899748 3848426 3879897 4016320
3616529 3776170 3794562 3682547
3728556 3691399 3762579 3841102
3680147 3879017 3886096 3818318
3801510 3922155 3871427 3991460
3770826 3789066 3830632 3681026
3897207 3918313 3851902 3778515
3973496 3943176 3934528 3917385
3946207 3999877 3944546 3869332
3672814 3735293 3774820 3692150
3763398 3791590 3756372 3629919
3826083 3878194 3886375 3683839
3909351 3977255 3865821 3810544
3885529 3830702 3790592 3784130
3771657 3778450 3624969 3893934
3958850 3814036 3911031 3836304
3816620 3875885 3795461 3888332
3817022 3689859 3806430 3685295
3686274 3669245 3679728 3769885
3990395 3816892 3926508 3850191
3961789 3771446 3720216 3889477
3947098 3792010 4001457 3897125
3878512 3837473 3817125 3864706
4041697 3896541 3959292 3928564
3964137 3919255 3908395 4057433
3784075 3684190 3870262 3802875
3753465 3719304 3707447 3865684
3967712 3880142 3991699 3867484
3851406 3922864 3811404 3968344
3582098 3769859 3862056 3768311
3618517 3934772 3858667 3764335
3684181 3818418 3912227 3833037
3769492 3873832 3940984 3906876
3522007 3700980 3871906 3652659
3552838 3779508 3738686 3692286
3602899 3787654 3878807 3827247
3708495 3887717 3914744 3909416
3880713 3949936 3831046 3782464
3775499 3771813 3771068 4012344
3831876 3746370 3804311 3817517
3699686 3695799 3725740 3931394
3812707 3865852 3750017 3758007
3692104 3764597 3605479 3929836
3944380 4012715 3897235 3993750
3784187 3857963 3772381 4077806
3696838 3830509 3977999 3880168
3824083 3885473 3865975 3912125
3569625 3856424 3868885 3903793
3705623 3914957 3816792 3860718
3540436 3807177 3888469 3781465
3802238 3792651 3755852 3805273
3725674 3928430 4003717 3937673
3854970 3972151 3904781 4049480
3732115 3882993 3855730 3758850
3882754 3898406 3882262 3758775
3697256 3847738 3850099 3701990
3787252 3923790 3821336 3689454
3757342 3791773 3776899 3702445
3797067 3830755 3823734 3782675
3821355 3931988 3919011 3829223
3941353 4054981 3878300 3846840
3948368 3778460 3882343 3833027
3883936 3836258 3765938 3840155
3854489 3817328 3823953 3757378
3760325 3758478 3661128 3833285
3827623 3732560 3860894 3770673
3757297 3746478 3696912 3719209
3924017 3892858 3946099 3873316
3840433 3769707 3743136 3961922
3991669 3850316 3946386 3858659
3852858 3857380 3819483 3845998
3928237 3722953 3836318 3812215
3828400 3818994 3806146 3910954
3858108 3849851 3921793 3810934
3790774 3837596 3729793 3869480
4041479 3891288 4062702 3994470
3922468 3982072 3787819 4049238
3681935 3673840 3861533 3816221
3711379 3904865 3926377 3830835
3669303 3647504 3774718 3755024
3580790 3956684 3793256 3770934
3536654 3749308 3810863 3712048
3617895 3865862 3885109 3791567
3733558 3771514 3994791 3885105
3742954 3992918 4010821 3939917
3819566 3949850 3861892 3834020
3795862 3869328 3805776 4014091
3980280 4004117 3989129 4050895
3857000 3876749 3885275 4026661
4034503 4069121 3898372 4047630
3876689 3946022 3923054 4116826
3811653 3841635 3809983 3863339
3794207 3697381 3717071 3889671
3773834 3897155 3988371 4044470
3875481 3967768 3951806 3992042
3733295 3919181 3989037 4006127
3915541 3985956 4053787 4120073
3795962 4085752 4153455 4040450
4021189 4109048 4070548 4009685
3727227 3884017 3944308 3822838
3733225 3903084 3935186 3853042
3784121 3914267 3894627 3839237
3971447 4014940 3821024 3881230
3917680 3927043 3954252 3799486
3952218 4045204 3983106 3858273
3983315 4102460 4068448 3922714
4106614 4139891 3986492 4002542
3783180 3844866 3841410 3723262
3872274 3944604 3895933 3691648
3963784 3821378 3915674 3864429
3894906 3814972 3795176 3890792
4061602 3963678 4013066 3956829
3905101 3869410 3856028 3926080
4096487 3922068 3985516 3962507
3935094 4003933 3947911 4000536
3979828 3759400 3885256 3770432
3737160 3744959 3727961 3867974
3980993 3877384 4039172 3886764
3933667 3940683 3778246 3997569
4048418 3990073 4094107 3954893
3999546 3954231 3864849 4014798
4100500 4092594 4187765 4041004
4143501 4035094 3941099 4159893
3916907 3850802 3920864 3878597
3916301 3912271 3776974 3857507
3602826 3784447 3949049 3939213
3728418 3959751 4019604 3952625
3750886 3864111 4003478 3863694
3751753 4024093 3989445 3870580
3815245 3927662 4103874 3867631
3899519 4142586 4063472 3949760
3567815 3733947 3961897 3727251
3632799 3952362 3861110 3828222
3881322 3840010 3710827 3813755
3702832 3752984 3739565 3926790
3911410 3937043 3959477 4000548
3766127 3840191 3827494 4002720
3926365 3987895 3890613 4003898
3794237 3842762 3853625 4055029
3916233 3896855 3988278 3929360
3784239 3811330 3801740 4022297
3556630 3794725 3894276 3866111
3709091 3760079 3776976 3868800
3720700 3901517 4033350 3960438
3943837 3914358 3937852 4013386
3756119 3971469 4004154 3923194
3899666 4012389 3952069 3947276
3726637 3868467 3962443 3940727
3874266 3977172 3914530 3957642
3714147 3843472 3824408 3720389
3761003 3872070 3738997 3690541
3904117 3929446 3889987 3862263
3920565 4064784 4012618 3854000
3873311 3989350 3976266 3882615
3995556 4114377 4002329 3937425
3827674 3915261 3857288 3741333
3975755 3986009 3872856 3874603
3903029 3762633 3769664 3697658
3774918 3698316 3670738 3777834
4017722 3840980 3889253 3811472
3906654 3822197 3829842 3931716
4004143 3831763 3933042 3886598
3962746 3871775 3825880 3972791
3933686 3953715 3941865 3898047
3893107 3832058 3789254 3825072
3958927 3824400 3905456 3734693
3846446 3863747 3730361 3884587
4040726 3902441 4075122 3955138
3977743 3942219 3940641 3979150
4048615 3989417 4105391 3981313
4045216 4024868 3927407 3966010
4017191 3946025 4014952 3993100
3985186 3918813 3834007 3937594
3520665 3695946 3811341 3745576
3588399 3786779 3773976 3818134
3624504 3772586 3940786 3823965
3751485 3991457 3991414 3978159
3702303 3829897 3948373 3839678
3803665 4010911 4015209 3999748
3627701 3788191 3974223 3897481
3696169 3979474 3895219 3877383
3928494 3989288 3959010 3899845
3805565 3861165 3716063 4033783
3977542 3938233 3798095 3870703
3829596 3848873 3770944 4005964
3758185 3897812 3749514 3792459
3774877 3744496 3679591 3909694
3816164 3806209 3863972 3881723
3650203 3763141 3725432 3877724
3757497 3966440 4004917 3964747
3941080 3883982 3921319 4034448
3654870 3946563 3897738 3952059
3821187 3854827 3759511 3923141
3664704 3799912 3826565 3807900
3730077 3866191 3816150 3935048
3643532 3890518 3855386 3824461
3807999 3897264 3834959 3840175
3902144 3993508 3953987 3874513
3941816 4039702 3974713 3816365
3873535 3886097 3819921 3716697
3927524 3955316 3886765 3771158
3741828 3778670 3801706 3692927
3784524 3836628 3840384 3707870
3746049 3827484 3847021 3698506
3851703 4033837 3887549 3879059
3994815 3892752 3879960 3849488
3859413 3908964 3853564 3887233
3954247 3861971 3926312 3869603
3876783 3769196 3749609 3902836
3864993 3773038 3815589 3718921
3805713 3789921 3673699 3788304
3866559 3793070 3850574 3785634
3727666 3716400 3679833 3817208
4065304 3960263 4013167 3930161
4010555 3882829 3966240 3980552
3991534 3826167 4056309 3863787
3958012 3915168 3815632 3989790
3750531 3807284 3855172 3780631
3800628 3825738 3764292 3821602
3987815 3794506 3875963 3743352
3842455 3831221 3803102 3901038
3778154 3766954 3979247 3959988
3689043 3945508 3993159 3884380
3560288 3760763 3914778 3833465
3681019 3914483 3982077 3866290
3653326 3682145 3885937 3743803
3587410 3765887 3848385 3765331
3581036 3785460 3800233 3816837
3660617 3807588 3882648 3848352
3823808 3816905 3840164 3870398
3727176 3677195 3700658 3914114
3929964 4021756 3967106 4079801
3913012 3984037 3977948 4174784
3932980 3931474 3888560 3939575
3840517 3900986 3763412 3961466
3806897 3907273 3774200 3864565
3607623 3721187 3776759 3903242
3643524 3845024 3950585 3904023
3808694 3795061 3803091 3934359
3762143 3989851 4108344 4081388
3916198 4149858 4020860 4033552
3730235 3974197 4001091 3963100
3919635 3912610 3832331 4066924
3656782 3816080 3892747 3875668
3801344 3790793 3807289 3903276
3772876 3836683 3793716 3666174
3762998 3838949 3827761 3817381
3917814 4028021 4020412 3879675
3975080 4157211 4064291 3916114
3874196 3863873 3963214 3906828
3976707 4016080 3852232 3782223
3728502 3803675 3916487 3755074
3850002 3894474 3882678 3784691
3818555 3626224 3849369 3769552
3729060 3699607 3654040 3756987
3902163 3964401 4046463 4000828
3895726 3874438 3887472 4012559
3988909 3849682 3894295 3862687
3847019 3899606 3729554 3883513
3887275 3731727 3868650 3714367
3757566 3823878 3617128 3796603
3929602 3737574 3999073 3766640
3822944 3803236 3762634 3879636
4171592 3986475 4134004 4063003
4097875 4051379 3928090 4144422
4080255 3918124 3898703 3960685
3984223 3978437 3911188 3975226
3964488 3837483 3948493 3842785
3849679 3781437 3761369 3957485
3552640 3721242 3898515 3767322
3641198 3863216 3858935 3788913
3800133 3933337 4076330 3971606
3783209 4049646 4105554 4058612
3626498 3797608 3873786 3800194
3711012 3967831 3944163 3911765
3601615 3739271 3787263 3805445
3658879 3896047 3895819 3778428
3685778 3682791 3750328 3757633
3564567 3767080 3636802 3510163
3919444 3971113 3919966 3968674
3826514 3944186 3915920 3811170
3896714 3879181 4008079 3988543
3913518 3951787 3844873 3772900
3925282 3896028 3965701 3940204
3904067 3923300 3803081 3823087
3830337 3680641 3782841 3745571
3531337 3655856 3639151 3749293
3915876 3941691 3888884 3941687
3872760 3968639 3900741 4012084
3980300 3912353 3878683 3930682
3806797 3830633 3878425 3949745
4023680 4007510 3915183 3839791
3782739 3890580 3872704 3968661
3831323 3543044 3694965 3797719
3668254 3710562 3702016 3702889
4024360 3743255 3823803 3997704
3959802 3991544 4006842 3888303
3908549 3754024 3887289 3923085
3878410 3948538 3962322 3916479
3936004 3729372 3897894 3962807
4012501 3916863 3969707 3940991
3550329 3815335 3611889 3677186
3656371 3732245 3691993 3662344
3779249 3954709 3884274 4011695
3946831 3913062 3946478 3866641
3785586 3978130 3781693 3919723
3900646 3906037 3927165 3934277
3755862 4059958 3840910 3981054
3886752 3735749 3858642 3821518
3584536 3738618 3835674 3778134
3820121 3618437 3813980 3618772
3765341 3958561 4041842 3962620
3945494 3893565 4000974 3913141
3806071 3978057 4036971 3918447
3957995 3867031 3916591 3841484
3757450 3899113 4027288 3927863
3975633 3898850 3895724 3844200
3601638 3757018 3690262 3593451
3732934 3694161 3584994 3599991
3844031 3915688 3839005 3795429
3942463 3885403 3812734 3925032
3922785 4004577 3789973 3779674
3925470 3868685 3747571 3833067
3871211 4039457 3792882 3769027
3901078 3885658 3762268 3819775
3995821 3958126 4072694 4122944
3985533 4056985 3941639 3893941
3938144 3963478 4051057 4139279
4023791 4055605 3958335 3877145
4004389 4011582 4031755 4012794
3954840 4099828 3953078 3849055
3745928 3836649 3830845 3838463
3715253 3824031 3716089 3762190
4158735 4064697 4055873 4041785
3888717 3979940 3975981 4065612
4047184 4034623 3946574 4059977
3912071 3942308 4012108 4023264
3999218 3943423 4015852 3981861
3842224 3875135 3876847 4032808
3798037 3836447 3803050 3799447
3635532 3668114 3736891 3769991
4115886 3757923 3915950 4030906
4018853 4062478 4075705 3988838
4076646 3806275 3904931 4105750
4038051 4078040 3997281 3953537
4112594 3810100 3956410 3991783
3994199 4047985 4022635 3974835
3861551 3559736 3747707 3831436
3782292 3828133 3914152 3824386
3858136 4021785 3925568 4048141
4074406 4113887 3955369 3956646
3803654 4033810 3940753 4021073
4008136 4022500 3939113 4032675
3805258 3984188 3835897 4011576
3922641 3947375 4010461 3884704
3679078 3885632 3670026 3851699
3788788 3680466 3796120 3810004
3777892 4018753 4147202 4073345
4077798 4029142 4041445 3945718
3731411 4058494 4171014 4066680
4060203 3922271 4117132 3916817
3756739 4053355 4125464 3998479
4041538 3957553 3964420 3872403
3596508 3816237 3792769 3729029
3912372 3821675 3858093 3779025
3934025 4047223 3956003 3893412
4016997 3992078 3866261 3928577
3969717 4170586 3937118 3928436
4024600 3976246 3997323 3941416
3991690 4045401 3830726 3789762
3975171 3943516 3782420 3815580
3657680 3760288 3739037 3617293
3766682 3698173 3666983 3675077
3910322 3915314 3928607 4019772
3877870 3963145 3944391 3714776
3877139 3860448 3882944 3917349
3872360 3914124 3850705 3648567
3796762 3797923 3944120 3810368
3685431 3801734 3767150 3613170
3974728 3914324 4073917 4063769
3943019 4011975 3960198 3864277
3878366 3962033 3833621 3804900
3725457 3851841 3859382 3975705
3924418 3874058 3907276 3869805
3716243 3849383 3856185 3861706
3870052 3810799 3805283 3668152
3572993 3721358 3664305 3786764
4123975 3990249 4026268 4083550
3880527 3953673 3980231 3992572
4082026 3744478 3894173 3924036
3944145 3902437 3909198 3900346
3951223 3726702 3809286 3831940
3894308 3879708 3915439 3900350
3789152 3649875 3768348 3702445
3737838 3846555 3880312 3702184
4072474 3820765 3911824 3880534
4085722 4000214 4070901 4011684
3788331 4023262 3821749 3901073
3882927 3943750 3889693 3852785
3699564 3916754 3739647 3854417
3862250 3836495 3873672 3851611
3688394 3849199 3645969 3798487
3759228 3680955 3765544 3764067
3811624 4072081 3913349 4075156
4039466 3888083 4114068 3986592
3721661 3873139 3999840 3901576
3929579 3928746 3919227 3892374
3770849 3833452 4013484 3853751
3937866 3806618 3878188 3824935
3564900 3742421 3809769 3773872
3828224 3727385 3729537 3766131
3942404 4053989 4023758 4064038
4032362 3998248 4086016 3889180
3786692 3940099 3916674 3768278
3827306 3808870 3823586 3743841
3791728 3962048 3754456 3611901
3912063 3765428 3719975 3731974
3686197 3840486 3648102 3593881
3769109 3715772 3699407 3646798
3807442 4022214 3943642 3773720
4004784 3969130 3955362 3938233
3814760 3834758 3856043 3939921
3820773 3909238 3874171 3712529
3799110 3836782 3845960 3956665
3795686 3955709 3821746 3691200
3908023 3961602 4019163 4134859
3955875 4013835 3939900 3871196
4030064 3834569 3960097 4006641
3954551 4034331 3913178 3889521
3988507 3871929 3853582 3801382
3702105 3827073 3846865 3864042
3888771 3854778 3839311 3881675
3797098 3751107 3835703 3801205
4094347 3992171 3914104 3964719
3843980 3825841 3920034 4031077
4036264 3875078 3912201 3937743
3831062 3948868 3884656 3987244
3903172 3714229 3803941 3826708
3956893 3901972 3898470 3911504
3906933 3660951 3787063 3933065
3940625 3826383 3965809 3791841
3993808 3703554 3944053 4023594
3964997 4044446 4045633 3954272
3963352 3796291 3821354 3959644
4003125 3998176 3943189 3915994
3639171 3861914 3758009 3885576
3924617 3897035 3918999 3832941
3689010 3898061 3765490 3963964
3821290 3735738 3820644 3878356
3801651 3989114 3915391 3906607
3987717 3940591 4010904 3880094
3735879 4050555 3945304 3935573
4005421 3908606 4017771 3976928
3740795 3814460 3982830 3829119
3896021 3835279 3891895 3831587
3674795 3877186 3982313 3821700
4023197 3890369 3879900 3736518
3821620 3935180 4085767 3940141
4014060 3935044 4079149 3935208
3852570 4002665 4077687 3973215
3979167 3898650 3981489 4000690
3879701 3974788 3737227 3699051
3864540 3792375 3767022 3783029
3724424 3822013 3797346 3691321
3808824 3816540 3723177 3697030
3857825 4009886 3837090 3822245
3920025 3841036 3958638 3851105
3882313 4029891 3880333 3747037
3972155 3844148 3769288 3844068
3957906 3917916 3954807 4030790
3862786 4003321 3803009 3794030
3914418 3927298 4016801 4011744
3984079 4065019 3913727 3836013
4019905 3872893 4001276 4012544
3861799 4068454 3862185 3746296
3970032 3986711 4000712 4049435
3913927 3995417 3895243 3900132
3986447 3910323 3946008 3857293
3829802 3854965 3891806 3881280
3998775 4017194 4059398 3924194
3796318 3879445 3807345 3984650
3992134 3936456 4011797 3977451
3772394 3983052 3957824 3993389
3994414 4024237 3982940 3969455
3829188 3953962 3952879 3962632
4003633 3739933 3891445 4019474
3955713 4005241 3965257 3902163
4070883 3741676 3858781 3972348
3999715 4032313 4035672 3911973
4105705 3737363 3884683 3964691
3969599 3984356 3994970 3942024
3916409 3706611 3901605 3974044
3975907 4022239 4012415 3901370
3769885 3929371 3823908 3952889
3946252 3855137 3898465 3894606
3772654 4035042 3879597 3979504
3972822 3940592 3885987 3928977
3735912 4063200 3809087 3992644
3955518 3873045 3966957 3925618
3804710 4027417 3854216 3957855
3960291 4000269 3957710 3890733
3788221 3866190 3981557 3945063
4011249 3939692 4036746 3952220
3770940 3976424 3987822 3981067
4039477 3896818 3949256 3871155
3744644 4018059 4011300 3936004
4115390 3991297 3989030 3849897
3818106 3987921 3946924 3954286
3982254 3982241 3907190 3832491
3878423 4071843 3882183 3748643
3893953 3798579 3767892 3825574
3890195 3959287 3934688 3805173
3991538 3876076 3826755 3814651
3815166 4060597 3867284 3757775
3926115 3928387 3830850 3894942
3875082 4036833 3863603 3834543
3991215 3910952 3773423 3842161
3874067 3804656 3924506 3841113
3774904 3938373 3748824 3682759
3847234 3851490 3862906 3971824
3883981 3910771 3827873 3795322
3872960 3903566 3958574 3963572
3863183 3923320 3790761 3803641
3925292 4051113 4081193 4065679
3992955 4054873 3967201 3826808
3907092 3842204 3849727 3730343
3689083 3808487 3747363 3848510
3961237 3915400 3939042 3880461
3751024 3825853 3912460 3904710
4035204 3887112 3891715 3778541
3717719 3877150 3743714 3876697
4058389 4059905 3976953 4044581
3856296 4037894 3888370 4061206
3837154 3616509 3829750 3839530
3873652 3850722 3834754 3887164
3978683 3652659 3921559 3868941
3934242 3922028 3908826 3941669
3964774 3623433 3904463 3887969
3910616 3845966 3960781 3838393
4123784 3888916 3945537 4006099
4040304 4045136 4091354 4055186
3666647 3960567 3772254 3826581
3818511 3805277 3809067 3816669
3698488 3950963 3787666 3922722
3850907 3912225 3906125 3893852
3745393 3966560 3748399 3938441
3887684 3898950 3852258 3921638
3834317 4090184 3950788 4060184
4031264 3963935 3973155 4092172
3680773 3837351 3903449 3798656
3888818 3814682 3890021 3789786
3679488 3918050 4007418 3930184
3974485 3893283 3936752 3805727
3729249 3806947 3918731 3890520
3967460 3887631 3917934 3838506
3834528 4030541 4090004 4109292
4076961 4108290 4104507 3983694
3724849 3852587 3768736 3635667
3850159 3832789 3741281 3684019
3827809 3946114 3865686 3759973
3907319 3803889 3785993 3798037
3785988 3927500 3743237 3698474
3852362 3784407 3745555 3785752
4000257 4052291 3919085 3797372
4010885 3929251 3909225 3938923
3864520 3878895 3866515 4005447
3850455 3950446 3899955 3685641
4040518 3993967 4009521 4084090
3921451 3959166 3931553 3801058
3791225 3784827 3776995 3903013
3777111 3835904 3729355 3697817
4060412 4045213 4093446 4110868
4006905 4079239 3927399 3948022
3858851 3877318 3960422 3866290
3695211 3757072 3761159 3871906
4036909 4125827 3994186 3967126
3861378 3992182 3972192 3922955
3805610 3847839 3857618 3833589
3653846 3700792 3802578 3824989
4155378 4102628 3978318 4072607
3896982 3918637 3965099 4110833
3927812 3699532 3805420 3884111
3847645 3866777 3925891 3787198
4041784 3826140 3979682 3970611
4032459 4106760 4085710 4051353
3831850 3496354 3698129 3834803
3765806 3848808 3868898 3728696
4084754 3824499 3948775 4014436
4042762 3964305 4017352 4057986
3726011 3998449 3829649 3821667
3889993 3829594 3845924 3899596
3830245 4083458 3910570 3975698
4014761 3994283 4000018 3969348
3672135 3830985 3622296 3838391
3819438 3782824 3831509 3844345
3846878 4056748 3891862 3983201
4008676 3950888 4048990 4025012
3693986 3851220 3972729 3856916
3940246 3821542 3902292 3822071
3843810 4046781 4069076 3974655
4052995 3998978 4042674 4006371
3627107 3792571 3877526 3867832
3854030 3736619 3819565 3687779
3859761 4045761 4121015 4022831
4115142 4032812 4131123 3965086
3798864 4010110 3752990 3602112
3842076 3806012 3793684 3744588
3940322 4084560 3887153 3719682
3974827 3909432 3880383 3966119
3728655 3856626 3764915 3599412
3825385 3669142 3641616 3710082
4001391 4103934 3928074 3819884
4007513 3960940 3874300 3820359
4062248 3906024 3994631 4019380
3924593 4050683 3911823 3801322
3815334 3833855 3848446 3881277
3843985 3848771 3766097 3731474
3911091 3898525 3963390 3955875
3884840 3987398 3905742 3741696
3949200 3813759 3935361 3951828
3868229 3882022 3846188 3740537
4006670 4021391 4015236 3974278
3860260 3920756 3939746 3968611
3918836 3828001 3857348 3762715
3617808 3799929 3827617 3854983
4003702 3931723 3973060 3885520
3846746 3959684 3955130 3900568
3954788 3834013 3837866 3860977
3792198 3891427 3808026 3849330
4086128 3771881 3957235 4009567
4056576 4042934 4039497 3929748
3924565 3674235 3718191 3843271
3934497 3785262 3906507 3801183
3974999 3695559 3819414 3975655
3947261 3955856 4014220 3950249
4009593 3671642 3772215 3903589
3917440 3856722 3976805 3791281
3849759 4147947 3899307 4049380
4002590 3863298 3986975 4005783
3668346 3942912 3795691 3852029
3823775 3751692 3850974 3784426
3793526 4054599 3828434 3967780
3943984 3946775 3999059 3908794
3729558 3978503 3903344 3861275
3929099 3871754 3877403 3865301
3807184 4011575 4174748 4042859
4066811 3952250 4018621 3953184
3672986 3886366 3988098 3822410
3820238 3847808 3903200 3766071
3758516 3902307 4048628 3953190
3964002 3793615 3943717 3887441
3671056 3879609 3936230 3906132
3972816 3851393 3930597 3785287
3936815 3963140 3977060 3811433
3962754 3931004 3944971 3847145
3763201 3866869 3812011 3613989
3845951 3784341 3759143 3784356
3845980 3979353 3869333 3764659
3895714 3895616 3782344 3810567
3819504 3936876 3893766 3645068
3810623 3854985 3739681 3826643
3970052 3897654 3914342 4043610
3959530 3971424 3848570 3797600
3983800 3827757 3880312 4037278
3855134 3963092 3849191 3756684
3974393 3905976 3875010 3935124
3782468 3894300 3772697 3761189
3901488 3974889 3992497 4101592
3949239 4076568 4048219 3853490
3973254 3936236 3950152 4005597
3793143 3948697 3928376 3967097
4021121 3885609 3891031 3810419
3831813 3826946 3807462 3930618
3939868 3814088 3844284 3881558
3702193 3795910 3891462 3896637
3979893 3920456 4028474 4021057
3893374 3953193 3954862 3984111
4003473 3751943 3817083 3986212
3886192 3924865 3959823 3983899
4018823 3693795 3856358 3875054
3947119 3985652 3947463 3899201
3840888 3672120 3783175 3907119
3799413 3789145 3857775 3851326
4020671 3747648 3953449 3988521
4076873 4048746 4031908 4057466
3755613 3991113 3878388 3884984
3969800 3916879 3856540 3917058
3693656 3977472 3801471 3865193
3881036 3872140 3902313 3886129
3634170 4005958 3885430 3835925
3847528 3786152 3843080 3876319
3857445 4008161 3903837 3991954
3982148 3977219 4035475 4016509
3681180 4015708 4086056 4042929
3951620 3943327 3954431 3808808
3718155 3969972 4077200 3905799
3906957 3900232 3995630 3872096
3728527 3961008 3939699 3855336
3889184 3839036 3913539 3857664
3793417 3955057 4126625 4013546
4101171 4007822 3979737 3970156
3869827 3999508 3910238 3778231
3925812 3882366 3822704 3869364
3850868 4033428 3885612 3709894
3871783 3931255 3758520 3831286
3796735 3883767 3802038 3712632
3858687 3814285 3738420 3844227
3861017 4073844 3858670 3825090
3931694 3923278 3878491 3816681
3967993 4021753 4003750 4112098
3957708 4039036 3929618 3841236
3844459 3872223 3869636 3887869
3765318 3971193 3864134 3652501
3956175 3941931 3961387 3991825
3939827 3956613 3843505 3776441
4039654 3996042 4046946 4159152
4063240 4066021 3954882 3914819
4138402 4029286 4077630 3938853
3862658 3958876 3935308 3957726
3944550 3862586 3895013 3911668
3681816 3847554 3767741 3918411
4002991 3934236 3944170 3977174
3759863 3775181 3891687 3991990
4022488 3982146 3983842 4039352
3866529 3940643 4037705 4033845
4097130 3798857 3881230 3960538
4015709 3996103 4035682 3958106
3884460 3621575 3806782 3870705
3863054 3870918 3893081 3839093
4031491 3769870 3836245 3967520
3882009 3984531 3919000 3885175
4119037 3833444 3978688 4024890
4094767 4104288 4062462 4008227
3816299 4066235 3934252 4041700
3965668 3910412 3980297 3946760
3617766 3933658 3761825 3867977
3875407 3807766 3906160 3785935
3774605 4029611 3936920 3923083
4009751 3889211 3901669 3834557
3874642 4138330 3976059 3996286
4086974 4033720 4019647 4016262
3817222 4003995 4030563 3996202
4098919 3988041 3977569 3935618
3653478 3950203 3900246 3891614
3958480 3903920 3923653 3836257
3733946 3934654 4073689 3945121
3907444 3907069 3962726 3918351
3798981 4063564 4136178 4055283
4101616 4012599 4011195 4015118
3948363 3970722 3840291 3764555
3951800 3955041 3897374 3889535
3804929 3921472 3733089 3632323
3893297 3851905 3754466 3801559
3806640 4009689 3861379 3778842
3875384 3903298 3778555 3825157
3936502 4064220 3994488 3840140
4021215 4016459 4006046 3938044
3815436 3878113 3870968 3875218
3761799 3918739 3796609 3714376
3849534 3873246 3869889 3918702
3867091 3920188 3740604 3769904
3767323 3877057 3794814 3903476
3886099 3819958 3847494 3688511
4050407 4055786 4127781 4219002
4021994 4188438 4035480 3970385
3926645 3906889 3861724 3916102
3673787 3785273 3782681 3934011
3927736 3902278 3921008 3908236
3684654 3832131 3828371 3859867
3860773 3853235 3806861 3723332
3708490 3787740 3815587 3913461
4179962 4091219 4158675 4105406
3934240 4032205 3971966 4079476
3939861 3647679 3776051 3883029
3861462 3854874 3878928 3838539
3948175 3687701 3838501 3852161
3808730 3945555 3826088 3916531
3943969 3632723 3793592 3807183
3900117 3837436 3926951 3796532
4095986 3916433 4027584 4163069
4060655 4230230 4254964 4143606
3715139 3868485 3812323 3824588
3864309 3832917 3840404 3872608
3713317 3959866 3711417 3889854
3881901 3818875 3835922 3870522
3655327 3882319 3754775 3873567
3860869 3769299 3871798 3857120
3894512 4200470 4031230 4104425
4103987 4069887 4106619 4113302
3714071 3813169 3955332 3860718
3899524 3818377 3884441 3801467
3737677 3871004 3949329 3870938
3924290 3833416 3936791 3791369
3706088 3855648 3855694 3922014
3847896 3825782 3903205 3803760
3870966 4121188 4233918 4097304
4172955 4036040 4199004 4046034
3743463 3928545 3749027 3715157
3850568 3801345 3732397 3760815
3832255 3918597 3784848 3715164
3781641 3785901 3704632 3733471
3764525 3877059 3685510 3687332
3801243 3753731 3876431 3734109
4082767 4125857 3967877 3980972
4091365 3986231 3941793 4016547
3881450 3794830 3930356 3978746
3892870 3937608 3894592 3717713
3915956 3868133 3937717 4016410
3883358 3992542 3864460 3824490
3900613 3981692 3907979 4013345
3895549 3969031 3925992 3762061
3843193 3878675 3800151 3995060
3800962 3829524 3757310 3597062
3963104 3914331 3875301 3883999
3738719 3845779 3800323 3835785
4015334 3952914 3990225 3862226
3827143 3916929 4020445 4015710
4026984 3892078 3971416 3948699
3775892 3934840 3861320 3924640
3976474 3854974 3794865 3795504
3711703 3756480 3702509 3881974
3861254 3773889 3824112 3874694
3933482 3883761 3914663 3898285
3968757 3743297 3863684 3895447
3887512 4022444 3934406 3939395
4041770 3754023 3896775 3996674
3958801 3927824 4030218 3838627
3899251 3782712 3835024 3833173
3832593 3818132 3846401 3835836
3703294 3975241 3852637 3918301
3877195 3856318 3923304 3879516
3787375 4006108 3881005 3952522
3945727 4028420 3998677 3985261
3693598 3947104 3819355 3910097
3922318 3954645 3969113 3875918
3602278 3850607 3758971 3809569
3809577 3779247 3740278 3856213
3733959 3818370 4010519 3870502
4018401 3896382 3945805 3894819
3789361 3884894 4023262 3932124
3993845 3879975 3965615 3860559
3698261 3932814 4054407 3999436
3937295 3800155 3938643 3803884
3661343 3793289 3909595 3858945
3887105 3719758 3746575 3733476
3755943 3880169 3843647 3640416
3901708 3854142 3826484 3732010
3861988 4020453 3834560 3712642
3977420 3931195 3877669 3895044
3782241 3944500 3883373 3795980
3888333 3850562 3810697 3831515
3727299 3924546 3817214 3712371
3797088 3747182 3710078 3677271
3936511 3943720 3885856 3907857
4062841 3721257 3996900 3892651
3896139 3834071 3865376 3711318
3897498 3584647 3860254 3851734
3950054 3938804 3958713 3981774
4092200 3796702 3998701 3986927
3912234 3852544 3884170 3871453
4026509 3759159 4020580 3992975
3811895 3834727 3814435 3927107
3881529 3925536 3872565 3939619
3680681 3697903 3735070 3812921
3770846 3789357 3779213 3798768
3866653 3910363 3813322 3922150
4013421 3924098 3981575 4044603
3830312 3824626 3816638 3946312
3869387 3914468 3937273 3986838
4062476 3776305 4139413 3938848
3788466 3965863 3984593 4027661
3933832 3678093 3984969 3813357
3721960 3873690 3750081 3853069
4064377 3821848 4165110 3952458
3840785 4013234 4075108 4084427
4072685 3689160 4144102 3919632
3789958 3903675 4001038 4008382
3990651 3887274 3887277 3825021
4018464 3935704 3946755 3949973
3768313 3675085 3786402 3679764
3974733 3860572 3807179 3789625
4004946 3847166 3958738 3853727
4048724 3971743 3954566 4033911
4016020 3809534 3843694 3795384
3973665 3993176 3892929 3916922
3938218 3829773 3884437 3875174
3862710 3903514 3983768 3939769
3839003 3788993 3869822 3842070
3654728 3791480 3836826 3806636
3939734 3902027 4043424 3881218
3857246 3974790 4040180 3952846
3883155 3828718 3998688 3857762
3807735 3965505 3936049 3897091
3738893 3850429 3792186 3928120
3878711 3932930 3926447 3869696
3603075 3760222 3608752 3813932
3716753 3849529 3727602 3784107
3693934 3966104 3812720 4004608
3960187 4007434 3946333 3963507
3655573 3803811 3738245 3942339
3926731 3977129 3859822 3837873
3840902 3724730 3772386 3742966
3878463 3467585 3816325 3850103
3988461 3906727 3886806 3853526
4012596 3765349 3961693 3936477
3951267 3866524 3983019 3864015
4035522 3745656 4044242 3950908
3760892 3738262 3678595 3697441
3827449 3465662 3781470 3846302
3676006 3680168 3721633 3787589
3784503 3833956 3758695 3809345
3774943 3908740 3768100 3913526
3902382 3926611 3893332 3968799
3778633 3843965 3901068 3884800
3890982 3887883 3855752 4005331
3602735 3671047 3584487 3720235
3696909 3690937 3679126 3705298
3864597 3641292 3825869 3815589
3626843 3662914 3790963 3907542
4038681 3698612 4104003 4036590
3780824 3933173 3903373 3940544
4108752 3806542 4117077 3979717
3839060 3932458 3937309 3868207
3871414 3552141 3850588 3873673
3496633 3797080 3732013 3751048
3795526 3694488 3759563 3765600
3836855 3878884 3781789 3805421
4000172 3801061 3890103 3820108
3930689 4042492 3956411 3983442
3954671 3817086 3878296 3782507
4028066 3975730 3989601 3909101
3762730 3616237 3659427 3628471
3873167 3716646 3715497 3730215
3769529 3675055 3785629 3733921
3693110 3821120 3731437 3808217
3880541 3804873 3941248 3830297
3777146 4034325 3923535 3833539
3960498 3854620 4044198 3898295
3850403 4014845 3957073 3884028
3688480 3601129 3700134 3644765
3586371 3714134 3694261 3636816
3515086 3685619 3580046 3733721
3788198 3879107 3770823 3720314
3704698 3906187 3736803 3934194
3864531 3954177 3867551 3819542
3726017 3924289 3746336 4003392
3891962 4014812 3880251 3861032
3601116 3628650 3533416 3706534
3632853 3873607 3652884 3677914
3809983 3893512 3780592 3808211
3876724 3668969 3940665 3726187
4026336 4022735 3940224 3946679
4092248 3774003 4094727 4009130
3976630 3954978 3866383 3842906
4022956 3763114 4029183 3996052
3990706 4034539 3931072 3965170
4093704 3744969 4103673 3998320
3636291 3747865 3720835 3858492
3826367 3837298 3823853 3813578
3939173 3870573 3978573 3976806
3942230 4020088 3965103 3990795
3778313 3823899 3871768 3982871
3916168 3907343 3913231 3873227
3815204 3987129 3960717 3967652
3970841 3988851 3943742 3997403
3926880 3662455 3992344 3885734
3720425 3759560 3887514 3848531
4132431 3848987 4110972 4038595
3919093 3923224 3962625 4017797
4063580 3804152 4091428 3941502
3799725 3915639 3976106 3996032
4033249 3792456 4215335 4025324
3824239 3951396 4003271 4029351
3877990 3741696 3792771 3703176
3922555 3825094 3806814 3790750
4001311 3939166 3959062 3924807
4115666 4079689 3984362 4024036
4012940 3795417 3910424 3857159
3921963 4015427 3982047 3880537
4054769 3915485 3972282 3812892
4047434 3924795 3954449 4068475
3753910 3716401 3790589 3733302
3700447 3822385 3826221 3751260
3977676 3986332 4036555 3984712
3819569 4019656 4046046 4010750
3854793 3777535 3908684 3848769
3750854 3993924 3881799 3862033
3975939 3908594 4092099 3909353
3834176 4035060 4038730 3959312
3643190 3725103 3642408 3774714
3751153 3835976 3774536 3713039
3762276 3871802 3920280 4116125
3933893 3985845 3938251 4020519
3724598 3859597 3745774 3863786
3904395 3930582 3905872 3891170
3770453 3978141 3768188 4042035
3976137 4087975 3956105 3906172
3902728 3846261 3872083 3827219
3940590 3697620 3917380 3848237
3996436 3947424 3902942 3901161
4113989 3762356 3998296 4008717
3877888 3843193 3764730 3833532
3855931 3601936 3974903 3874005
3968104 3922401 3865236 3884144
4065432 3772585 4000500 3962231
3698583 3801524 3774572 3800063
3803420 3787819 3787301 3879092
3787527 3905893 3827514 4010441
4009278 4019502 3889161 3974398
3728926 3791372 3669960 3869723
3901098 3828694 3781299 3777918
3829347 3896274 3875451 3934096
3913726 3978209 3935843 3888617
4016257 3790155 4057653 3900092
3768089 3903727 3849273 3952943
4108014 3808893 4027968 3988994
3785172 3960587 4056325 4084524
3857968 3622279 4010543 3882475
3784324 3863237 3843395 3904207
4050250 3818427 4096115 4002200
3854715 3863835 3932553 3987440
3881438 3816904 3824061 3776918
3961877 3759043 3806689 3939386
3998548 3917941 3954279 3846812
4057705 4004397 3943073 3974805
3885310 3712710 3895316 3762824
3945298 3804103 3810974 3851195
4023903 3761480 3886855 3899234
3989815 3997240 3924139 3885256
3805882 3780797 3870588 3780167
3694966 3955318 3856561 3872795
3951333 3900284 3888567 3929402
3804340 3999116 3956143 3967064
3849763 3747198 3868505 3833023
3712255 3904203 3869139 3730758
3893264 3855727 3969294 3863757
3837126 3957223 3924623 3980236
3676468 3694789 3681637 3934167
3800386 3989541 3784087 3764897
3751540 3884933 3820063 3995304
3873050 4021907 3978928 3873363
3643835 3792692 3624826 3911005
3798966 3893067 3835721 3810559
3676444 3875743 3790782 3981025
3889839 4023553 3919693 3871900
3932788 3904819 3839875 3874255
4058377 3682032 3969656 3923334
3940558 3882823 3848507 3999333
4154406 3685724 4059712 3936211
3887031 3816270 3810951 3792986
3975860 3611969 3781622 3845485
4005695 3953663 3971057 3977351
4078044 3759539 3961436 4047587
3707818 3885249 3797845 3918466
3897911 3895071 3838794 3968411
3789472 3930385 3755164 3952559
3749526 3895153 3855787 3917319
3757702 3728600 3781604 3874755
3808871 3838459 3769897 3891368
3795172 3874155 3819332 3983052
3967243 4019895 3988070 3965560
4028316 3754325 4121359 4007956
3762365 3893734 3868383 3971176
4031206 3815751 4092179 3953224
3734557 3831332 3959693 4001135
3961485 3656650 4018671 3837424
3725420 3865422 3735693 3880463
4051862 3877969 4127614 4048686
3805410 3993212 3992039 4051171
3940461 3810168 3829031 3837137
4115525 3879265 3866926 4023636
3945435 3767012 3886688 3869307
4001498 3877878 3887639 4005178
3840672 3676689 3733955 3758158
4049952 3869886 3821122 3872076
4061428 3857738 3916069 3885000
4141991 3987238 3992455 4056573
3873385 3866503 4055820 3831942
3754168 3899810 3901599 3849828
3911773 3938668 3936601 3886810
3894729 3954092 3919016 3906879
3837313 3734151 3903625 3770744
3706862 3863655 3837840 3764743
3968275 3858944 4022159 3935379
3845860 4030821 4035659 3940787
3738316 3890710 3738207 3909360
3874813 3994204 3845811 3823051
3687244 3890947 3676424 3940343
3937016 4078902 3916379 3850326
3682035 3672619 3651320 3853102
3814331 3848128 3851166 3833227
3799022 3939836 3798282 3979954
3968066 4011547 4023275 3919548
3904751 3781964 3792175 3805349
3979011 3660279 3994061 3849124
3824016 3810895 3592409 3675861
3845414 3591303 3869635 3773404
3821422 3772944 3817568 3796798
3901500 3690486 3954195 3751115
3846715 3847918 3795606 3841926
3923390 3620961 3966444 3935315
3758116 3820367 3876562 3857967
3868711 3799605 3815221 3855314
3547254 3668584 3573667 3788723
3691641 3780376 3718586 3735550
3647563 3692457 3774463 3916154
3748130 3851783 3848162 3836821
3796523 3664134 3726176 3889181
3844839 3872368 3848744 3843597
3953863 3808006 4031551 3878329
3751765 3843787 3872575 3821076
3863863 3589737 3866581 3803812
3605232 3757921 3832685 3852059
3953386 3671227 3963637 3891073
3637646 3794804 3818557 3948550
3970450 3720088 3921502 3956752
3694060 3811694 3803294 3976222
3925093 3712079 3840664 3747920
3926812 3902535 3941590 3944841
3752981 3614128 3728248 3601049
3845708 3834704 3770237 3739221
3855451 3764336 3887468 3733439
3944871 3916873 3856317 3835070
3827441 3693568 3782908 3727229
3975804 3838397 3813916 3870362
3764290 3728057 3924343 3805375
3717930 3968246 3843428 3809990
3746350 3745854 3707954 3729944
3629702 3759021 3701273 3741820
3892738 3726206 3817420 3784009
3700113 3843639 3761076 3836501
3910721 3693338 3849446 3797653
3644983 3830208 3776517 3760816
3651311 3790658 3671342 3856430
3763300 3923411 3801340 3650310
3560735 3746950 3532545 3759040
3725980 3683916 3689138 3653313
3582149 3807149 3588972 3977114
3881388 3917197 3761428 3774247
3634063 3842603 3665579 3840458
3821509 3809995 3825030 3833683
3917763 3863189 3902381 3918295
4054991 3812702 4036868 3922991
3958887 3868979 3886163 3894164
4011541 3734765 3980529 3945372
3855294 3825242 3736431 3801225
3941981 3622817 3891997 3847606
3833981 3883029 3801156 3804350
4066009 3658764 3951719 3886595
3804532 3764447 3871400 3932727
3890162 4022786 3887060 3975710
3795025 3893017 3807117 4031129
3943941 3911077 3890444 3972567
3790497 3844918 3699225 3833379
3734478 3821361 3822521 3800009
3702353 3855894 3776945 3963577
3840866 3905136 3838344 3909538
3995801 3811945 4106590 4021457
3825325 3894016 3898434 3988117
4021769 3751823 4072069 3953289
3850212 3881789 3872917 3931582
3964745 3752370 4006980 3920783
3734178 3920006 3893701 3857812
4163240 3735840 4129653 3921338
3712170 3868791 3928475 3906475
4034949 3838967 3838902 3794487
4114795 3882194 3988843 3939273
4014175 3845908 3917281 3919556
4134035 3976966 3926685 3957727
3939608 3821631 3843327 3738683
4054580 3832873 3835337 3894006
3956929 3834159 3750219 3828610
3923698 3960250 3934928 3903950
3898796 3879823 3939674 3867493
3796535 3985804 3931270 3846141
3954424 3911487 3954622 3987011
3902840 3983927 3972522 3855952
3816415 3791719 3838080 3822188
3706881 3898568 3901388 3815631
3816724 3773814 3918331 3781352
3785140 3890396 3880724 3860075
3777230 3915002 3784576 3930708
3947475 3933192 3957319 3853880
3763477 3896336 3790752 3981255
3970992 4017395 3908029 3946804
3684506 3815061 3620806 3885343
3880373 3921989 3822682 3830436
3685130 3865629 3672145 3882716
3809155 3973669 3828984 3839082
3856702 3811607 3826099 3872058
3936365 3640134 3906923 3885568
3940327 3879545 3874842 3821573
3969995 3685254 4039187 3935584
3855054 3759990 3799634 3780708
3870924 3705137 3891953 3852883
3951218 3877115 3819758 3764180
3898280 3668323 3876532 3870709
3711825 3780458 3690056 3839825
3804216 3782669 3840872 3809221
3787025 3873780 3784155 3882045
3807183 3903645 3868238 3892712
3734957 3761457 3716782 3822127
3770193 3761676 3816673 3902515
3753618 3757725 3725663 3784401
3853644 3826584 3884505 3888518
3978974 3746721 3967877 3897766
3698147 3836234 3837651 3930663
4029709 3689663 4096304 3899191
3778253 3897022 3959788 4011697
3940089 3703310 4015179 3889308
3752774 3835617 3860114 3900301
3943573 3723667 4038491 3830652
3756316 3795789 3782651 3851550
3929426 3781478 3839035 3794952
3968870 3865701 3849374 3953787
3973888 3804606 3836056 3846820
3988828 3919907 3966685 3915269
3877846 3715315 3850945 3698653
3912422 3903296 3844025 3830536
3852229 3759604 3762655 3697876
3962517 3858996 3814894 3854892
3865249 3680660 3911049 3858403
3676259 3960266 3814035 3760345
3947602 3818288 3923466 3848247
3792095 3947179 3935856 3792119
3848443 3719172 3897438 3767939
3723721 3873794 3804178 3743923
3771260 3801013 3843520 3766594
3749619 3809449 3849022 3796284
3644721 3880433 3685140 3932174
3848112 3821466 3842647 3857838
3737162 3955597 3712458 3956437
3883911 3959279 3862199 3924616
3628340 3792250 3709610 3857424
3793812 3874108 3806589 3767347
3647119 3811150 3641599 3856320
3773414 3943503 3823255 3865414
3834922 3735522 3835408 3781802
3850708 3664890 3825109 3851787
3848346 3802533 3841445 3828521
3969723 3638754 3879298 3906773
3967250 3977818 3898654 3880510
4025661 3692376 4008182 3985896
4017475 4001193 3986336 3872609
4077286 3797009 4092769 3935845
3693643 3748007 3719283 3827982
3850653 3733316 3774952 3859020
3758196 3772643 3731192 3885337
3803629 3809849 3783524 3909351
3807592 3847538 3885287 4000392
4030485 3906302 3897824 3942018
3888601 3821647 3877786 3911816
3913799 3919173 3926803 4016781
3882101 3714498 3928467 3849964
3739711 3752998 3844978 3889899
3885547 3789357 3944328 3847499
3728389 3908067 3864954 3858399
4062013 3802211 4190225 4077455
3828598 3990567 3955787 3987619
3972378 3777761 4194939 3992183
3800284 3994409 3972355 4061056
3836300 3625991 3747449 3662971
3855630 3852188 3802670 3873654
3852168 3740201 3858685 3749020
3969749 3903216 3894944 3841377
4021057 3712100 3891363 3873259
4091150 3963450 3893629 3977693
3999242 3812865 3840026 3849893
4104881 3973750 3980444 3816235
3898357 3763369 3843735 3754608
3671617 3840348 3807643 3798591
3815409 3837452 3897099 3729982
3768788 3935831 3840557 3798741
3944159 3962831 3970024 3930742
3794136 3931289 3921984 3884993
4052024 3819559 3990841 3879591
3883257 3976319 3854902 3974697
3555414 3679543 3670722 3745934
3763517 3849206 3778738 3729155
3672249 3806813 3683913 3900842
3724598 3932969 3810135 3767987
3750966 3804210 3742009 3928753
3971852 4019061 3985976 3964510
3652729 3901103 3747856 3938958
3876248 4067053 3986534 3884429
3989206 3946775 3882266 3891467
4011064 3677559 3973430 3873096
3777760 3751209 3754277 3787818
3831334 3634530 3874390 3796900
3882800 3898058 3780098 3767276
3980555 3633776 3940454 3831907
3955835 3899985 3910262 3780336
4027038 3691604 4007787 3939882
3772134 3833328 3750792 3885525
3850942 3861983 3824004 3900602
3659260 3757124 3659331 3858000
3751465 3819229 3709155 3864351
3669146 3731154 3800886 3792013
3786803 3817493 3874332 3829585
3832722 3808800 3829362 3873737
3866240 3861029 3888215 3876721
4063619 3700146 4104116 3976086
3749370 3925838 3920223 3977848
3947172 3709932 3975380 3863338
3712051 3827833 3799569 3829600
3959107 3628454 3997261 3847311
3723520 3816125 3877216 3827626
4001831 3817479 4088654 4019389
3795002 3950099 3924072 3922514
3923946 3871686 3829656 3825561
4028665 3898688 3880339 3903978
3818196 3738560 3833611 3731586
3952599 3802668 3839107 3835089
3873126 3736842 3805435 3700489
4003230 3844211 3846620 3859386
3975001 3840630 3941831 3839665
4021738 3938342 3873243 3912827
3845440 3760224 3929535 3827769
3826618 3994616 3895432 3910735
3791186 3732103 3890859 3707409
3641570 3843819 3705507 3747197
3859107 3693034 3804545 3755912
3708801 3834522 3816477 3734164
3920581 3818146 3925731 3855982
3790451 3958989 3911903 3928215
3687120 3881044 3770659 3911237
3830496 3966440 3906789 3870298
3629062 3763915 3575752 3826452
3783958 3883864 3703193 3773349
3647038 3742899 3648372 3874978
3782928 3799279 3784621 3765248
3695131 3911674 3781103 3949898
3888089 4002994 3853743 3908106
3929276 3872302 3808999 3874011
3956622 3580985 3898612 3890911
3801133 3789353 3765724 3797315
3975272 3568868 3918348 3832290
3848619 3827180 3706032 3703490
3915782 3505264 3770968 3773048
3914382 3907897 3796248 3937944
4013539 3744643 3997741 3977600
3711851 3690345 3706731 3873881
3844581 3841626 3866061 3860963
3667357 3661008 3714151 3876436
3822750 3744482 3689145 3773578
3558066 3684397 3689413 3732071
3751250 3752684 3735109 3714252
3707922 3902175 3802716 3882626
3867561 3932509 3891505 3925263
3983526 3645812 4032136 3923345
3776106 3832693 3871650 3890865
3973035 3665892 3863338 3782503
3686482 3744950 3809103 3867698
3811324 3672887 3988529 3832524
3681457 3730528 3829015 3792426
4084187 3785473 4104992 3966623
3789102 3927254 3885427 3970222
3884023 3728637 3717089 3802976
3971028 3922462 3813768 3828313
3884015 3723574 3889940 3738022
3878828 3914318 3792978 3761680
3841264 3648711 3767389 3698682
3863204 3806446 3695676 3753845
3998611 3815369 3861934 3730307
4008081 3950863 3912680 3906623
3881188 3831435 3915873 3818239
3699858 3907225 3808963 3798046
3732404 3757380 3823267 3761429
3635331 3826437 3848300 3775854
3786369 3740018 3774139 3789753
3618417 3789937 3761175 3762544
3897708 3832226 3923763 3785220
3855122 3904493 3933030 3858081
3718360 3847944 3695874 3870925
3803818 3902901 3806267 3819250
3591086 3677626 3660860 3821654
3808347 3793197 3734711 3742573
3622009 3696209 3600531 3894524
3761206 3848646 3703601 3720606
3664730 3811879 3716957 4014999
3842227 3969445 3892125 3893831
3857986 3774521 3720859 3689129
3885066 3522386 3813358 3817791
3913455 3888569 3950139 3842642
4055222 3739646 3943183 4039788
3866358 3891530 3887581 3855280
3970721 3661001 3954477 3935281
4024662 3880961 3885858 3900473
4084359 3756903 4060166 3934174
3639325 3674043 3610286 3774131
3792581 3732200 3823064 3849082
3752642 3900942 3800416 3925027
3852577 3921578 3898292 3989962
3780836 3822627 3820085 3890211
3866725 3935544 3876521 3936502
3720406 3787974 3910307 3941846
3952514 3987169 3874630 3972590
3987912 3634610 3920883 3837476
3603048 3771688 3872024 3823095
4016782 3842654 4209630 4011357
3837930 3912273 3896969 3995027
3997353 3714008 4039208 3903465
3762611 3946379 3951364 3984270
4039388 3826303 4077506 3988308
3815125 3962718 3944449 4042264
3787352 3702376 3742569 3713370
3954987 3813729 3781738 3791805
3967422 3882692 3916916 3939636
3991050 3981813 3931523 3969020
4065384 3820068 3895270 3835669
3945642 3928657 3855979 3787477
4002704 3882427 3887326 3842237
4111958 3958216 4000121 3938473
3757471 3670936 3783150 3791089
3684924 3777520 3731926 3733674
3963458 3809734 3939144 3898912
3784120 3938762 3892759 3821339
3870218 3796055 4036460 3920242
3779985 3921379 3885927 3784390
3950918 3868304 3915009 3899780
3847407 3956572 3990448 3926258
3577581 3705558 3570732 3762782
3716227 3892060 3671196 3777280
3646723 3917525 3753985 3948049
3875415 4010141 3916886 3879352
3608586 3891086 3676356 3964823
3763169 3962364 3844145 3877131
3723690 3860330 3760412 3970749
3785501 4075463 3868815 3943343
