3865153 3870965 4117920 3735428
3710246 3752740 3827803 3896721
3943750 3906307 4098859 3798569
3836594 3862950 3894846 4005548
3864010 3951900 4072913 3768007
3807319 3894561 3873789 3984332
3891702 4008693 4130055 3878836
3746369 3834605 3841837 3887125
3755570 3815806 3862548 3739580
3889138 3767698 3950146 4005307
3918926 3986191 3910247 3909430
3947798 3836719 4109568 4093231
3908181 3885344 3837016 3855097
3926256 3909613 4061448 4045191
3838230 3886962 3904988 3861735
3847722 3820613 4087906 4016480
3957037 3880979 3774062 3879237
3939539 3893111 3933091 3899858
3923206 4035915 3893057 3942129
4009968 3943830 4096110 4100528
3975123 3911556 3780922 3989701
3894615 3950809 4019034 3937852
3937666 3992721 3787543 3968962
3907321 3931422 3958495 3992380
3805390 3962018 3947923 3782562
3763033 3823401 3961324 3852206
3928559 4099297 3956705 3884649
3800384 3972470 3996840 3923324
3899794 4090305 3986730 3873061
3794569 3891539 3941684 3988521
3897146 4001246 4051184 3862131
3710575 3936286 3905179 3908646
3777660 3894754 3852315 3835074
3903565 3882296 3801030 3892056
3951725 4041658 3914386 3915763
3997776 4074810 4002674 3956715
3844796 3976981 3819343 3886935
3960253 3941986 3921309 3880418
3830185 3977211 3765278 3893879
3898040 4018440 3916232 3906419
3885532 3814889 3860612 3877208
3951391 3850872 4024103 3848307
3959552 3993401 3982385 3948709
4006060 3907759 4083935 3972016
3974097 3811255 3877387 3922369
3920430 3870977 4106671 3852096
3874153 3816893 3866529 3813473
3881700 3769280 4154452 3853109
3916528 3922448 4011979 3815232
3741947 3857305 3720928 3935119
3887107 3889612 4094601 3807700
3767540 3800376 3880949 3950299
3944490 4016552 3963601 3821239
3758781 3753777 3824318 3961164
3874707 3850414 4006934 3775166
3595031 3741637 3793591 3900085
3836983 3985402 3877805 3826434
3951351 3748851 4025545 4026118
3905744 3851135 3874034 3910728
3887312 3783461 4037268 4073699
3836413 3822688 3843738 3879960
3906466 3799199 4089858 4065016
3804198 3783504 3864226 3840268
3826465 3729642 4017819 3968549
3929961 3975431 3719586 3855815
3913090 3915680 3973784 3989559
3910390 3916792 3815417 3972930
3963835 3974534 3973640 3907109
3875199 3893041 3760678 3958196
3905067 3887883 4013667 4012875
3887004 3886045 3669117 3902675
3798510 3859082 3923681 3835471
3931074 3966309 3970850 3829443
3799189 3887536 3997505 3957769
3980968 4056042 3932389 3801009
3818613 3885494 3953541 4013190
3940731 3940437 3943831 3838708
3847391 3970969 3921305 3930289
3878790 3888944 3904184 3782207
3846084 3863223 3926936 3820018
3839642 3967654 3868108 3862359
3974509 3861817 3921803 3955681
3857014 3952209 3904365 3904422
3921371 3894684 3895812 3972071
3883104 3987830 3888330 3845693
3889170 4031687 3935839 3905352
3796571 3811797 3775143 3769910
3817550 3965915 3809563 3851667
3920510 3877766 3929050 3785926
3916676 3850532 4068736 3796929
3934080 3804590 3941879 3934573
3957365 3852972 4100595 3847085
3883407 3827721 3886172 3906730
3999537 3818843 4091797 3824078
3956764 3722144 3847249 3871079
3845199 3763180 3966781 3794458
3911369 3976595 4143906 3870809
3827856 3853536 3893386 4003640
3700708 3801564 4029125 3653559
3539163 3736563 3666285 3824278
3781914 3968287 4091759 3727806
3727893 3775512 3697771 3962110
3924980 3975242 4121043 3826831
3764390 3789090 3858395 3999540
3897140 3908749 3949544 3908091
4014716 3907601 4130946 4091767
3657503 3735171 3763793 3824046
3765202 3717607 3979479 3874430
3844378 3827694 3865248 3792792
3917482 3741940 4011396 3964723
3901066 3898315 3890088 3888577
3905285 3850315 4022273 4051022
3942065 3921083 3859920 4066734
4001089 3991971 3971202 4008279
3827645 3829237 3698084 3839682
3863391 3816309 3874282 3931710
3797626 3898001 3805358 3907928
3892542 3907960 3964191 3956319
3904477 3941626 3792124 3950887
3925923 3925026 3962845 3970376
3988369 3949012 4082766 3874824
3867642 3938984 3967216 3931470
3715362 3877549 3798213 3676928
3717530 3783706 3817753 3796315
3848133 3910310 3937398 3877050
3828827 3919603 3817157 3921215
3961149 4045268 4042487 3872120
3875583 3889237 3937080 3910805
3976664 4065642 3960421 3816878
4010414 4112098 4001722 4020175
3643851 3807296 3779803 3680147
3867015 3806188 3801953 3795057
3755370 3913230 3873315 3877346
3911564 3881380 3890555 3854230
3782057 3989479 3904088 3807414
3943959 4006278 3928224 3923655
4008125 3922606 3907793 3961717
4022868 3947747 4126043 3873801
3809094 3768492 3772963 3666666
3848359 3755490 3915947 3690369
3829643 3934067 3861501 3794203
4008688 3807856 4040211 3807864
3947734 3886846 3985776 3933545
4035265 3864806 4133823 3789767
3811801 3844631 3964970 3746070
3663152 3694970 3713464 3842400
3800937 3809537 3947562 3803206
3661974 3791677 3790435 3840133
3903769 3967777 4053090 3834918
3753449 3892096 3838577 3914524
3815563 3948670 3964545 3713622
3725937 3704598 3801758 3859852
3763104 3738225 3827073 3803931
3747643 3621817 3886604 3865071
3793591 3794176 3850475 3772840
3845423 3748898 4030480 4003031
3851984 3919226 4008632 3961772
3913071 3866339 4063689 4067171
3819886 3804389 3730443 3740047
3776834 3836213 3966864 3971607
3758050 3828143 3687506 3856204
3745834 3789096 3849129 3835553
3740321 3892556 3704283 3947215
3843503 3942833 4004398 3888433
3928912 4038791 3882260 4028844
3918114 3975730 3976434 4026629
3823542 3807695 3666755 3912371
3828756 3775887 3885841 3895906
3787326 3824064 3849675 3693928
3701479 3835982 3895049 3823770
3793748 3936599 3905077 3802831
3808146 3908017 3919593 3886541
3830814 3980019 4004895 3825005
3832243 3946938 4089762 3870458
3902706 3874468 3864180 3811049
3672871 3823389 3808483 3847375
3806229 3793905 3777760 3762440
3799249 3846357 3748435 3799672
3774858 3938555 3799008 3813916
3807793 3914336 3845145 3887760
3930774 3984592 3900036 3931547
3965991 3983245 3970869 3946357
3643284 3944783 3816710 3737540
3818201 3751390 3791803 3865842
3803910 3837120 3777111 3707735
3743904 3710477 3952034 3764783
3878657 3819442 3924446 3904248
3889972 3744476 4086866 3741003
3978169 3906071 3990884 3931002
3963093 3963245 4159961 3896983
3849614 3737558 3880841 3751165
3828877 3725027 4004680 3718009
3978794 3969462 4074027 3813592
3789215 3809193 3874716 3981036
3821082 3848903 4040596 3749102
3648693 3738753 3737459 3832856
3911224 3995287 4180673 3831591
3909746 3833840 3880090 3939134
3777073 3960856 4015205 3766658
3726434 3719825 3789620 3909517
3884895 3908577 3877086 3981273
3869829 3806006 4038286 4082897
3806073 3756057 3830010 3795624
3784191 3698244 3875190 3890641
3893767 3932806 3941606 3937984
3998017 3986396 4107868 4112452
3844954 3843485 3830660 3807086
3836051 3699478 3936041 4000206
4058743 4006608 3818655 3959230
3933468 3998762 3976915 3984196
3771684 3772814 3697230 3874835
3797295 3836558 3863547 3932022
3999092 3974436 3848494 3942388
3999271 4011156 4057085 4004522
3822186 3895540 3802187 3837270
3763087 3907556 3957050 3856871
3941943 3987286 4001001 3900494
3952232 3917482 3976973 3840015
3788726 3847930 3882856 3750961
3781702 3818834 3853309 3767815
3995945 4049566 4058605 3890567
3900272 3959795 4004199 4008348
3805857 3956432 3925829 3758528
3750959 3745814 3952005 3890197
3849824 4003510 3892592 3839462
3923793 3976959 3958023 3929898
3756448 3823101 3784495 3730565
3835601 3871379 3805421 3834072
3923868 4116235 3901900 3944977
3939491 4028020 3952725 4017122
3836732 3906717 3807426 3886413
3772483 3979000 3956284 3920724
3907208 3831957 3994435 3858443
3948564 3878794 4126794 3867329
3832852 3763769 3739995 3769279
3851138 3780154 4044782 3687104
3933307 3937370 3997016 3928242
3988555 3894328 4099559 3842906
3894845 3849905 3876900 3898053
3938710 3834148 4084641 3801930
3684940 3791006 3948428 3705304
3620182 3696054 3618224 3793675
3755371 3853612 4014947 3701199
3723435 3734607 3746484 3838269
3874439 3782434 3970053 3671439
3670479 3736160 3703404 3815778
3907026 3947088 4025272 3841105
3740413 3798240 3737375 3944820
3738927 3725807 3589689 3728572
3751022 3720610 3889337 3807162
3794114 3792054 3859207 3800420
3848458 3738094 4025746 3998895
3810207 3749860 3844153 3861267
3844388 3762350 4007215 3948501
3819444 3831991 3773545 3861590
3900129 3769308 3925297 4034720
3696354 3754643 3484507 3795439
3719794 3745707 3767317 3738579
3855365 3873169 3674425 3907144
3853097 3822819 3866686 3810061
3773446 3917995 3739276 3906147
3919657 3897420 3901842 3863190
3934958 3932121 3718536 3895252
3897296 3813592 3923574 3888745
3643469 3826983 3786750 3666135
3625922 3799121 3754057 3764770
3822687 3880447 3948126 3838066
3837823 3863155 3827449 3863380
3809783 3902830 3856828 3699342
3775174 3761694 3912012 3853455
3784266 3907907 4014572 3797141
3749382 3888487 3931868 3911378
3680643 3867219 3715372 3637087
3771060 3739817 3755954 3752555
3759568 3925902 3833878 3736001
3802688 3824941 3814298 3790573
3706784 3905615 3806545 3712394
3935006 3961418 3857679 3926896
3748542 3827401 3913002 3766293
3905470 3836648 3865675 3944872
3792971 3647852 3742576 3715692
3795708 3767455 3965370 3786614
3830954 3748129 3796281 3846589
3842346 3733002 4004311 3778792
3880247 3752008 3857480 3926751
3947412 3755473 3949814 3724005
3860665 3867498 3915643 3805858
3957748 3809661 4064901 3839303
3973683 3947458 4147466 3855298
3853548 3811767 3914259 3947951
3762095 3862790 3951105 3773402
3715493 3779770 3776267 3885088
3831300 3881527 3974245 3818618
3656844 3679906 3703846 3855415
3998611 4119305 4139098 3893599
3782991 3945384 3957906 4011453
3929371 3908792 3977016 3936229
3985048 3913053 4043714 4122015
3779664 3701384 3776617 3789644
3799049 3659469 4030219 3909267
3703928 3639767 3779282 3737808
3744029 3697968 3907353 3940467
3959762 3915421 4009669 4017174
4078405 3814338 4110653 4094188
3941013 4057182 3800534 4034660
4023140 3954390 4065371 3999413
3779632 3817489 3708893 3874397
3729603 3856503 3844814 3823163
3856755 3802940 3633093 3842018
3875484 3788919 3817869 3853216
4070670 4016803 3880654 4003716
3961357 4050052 4120267 4044807
4014744 4038758 4043242 3971113
3937472 4027143 4007167 4001912
3772772 3812363 3904849 3776080
3747483 3848354 3889782 3836087
3802163 3959770 3921368 3714032
3779087 3762399 3806619 3835438
3920263 4076149 4111938 3942392
3941046 4024502 4048081 4034021
3903249 3973562 3844630 3926623
4037024 3951998 3987256 3991495
3695064 3850552 3794608 3768516
3855971 3794365 3929921 3801963
3762589 3915154 3821627 3751842
3855338 3905996 3810885 3832431
3869321 4061658 3988144 3976109
3935779 4088509 4053509 4059729
3972195 3902981 4033582 4044575
3997927 3930331 4124698 3949266
3808466 3784035 3738325 3862721
3908304 3743084 3958077 3799746
3732835 3841819 3825866 3781594
3913498 3738841 3905631 3758930
4086755 3925262 3945917 4038553
4012031 3954842 4190636 3978964
3957066 4044796 4096486 3874348
3803235 3865217 3874679 4023185
3708261 3845321 3913024 3644194
3668019 3728629 3674940 3755119
3870718 3963111 4069586 3818805
3666697 3839145 3749697 3962267
3976224 4032175 4088100 3904485
3905336 3945078 3910093 3987989
3833084 3915157 3953530 3885581
3949675 3874700 4082663 4075294
3704664 3791473 3738841 3708592
3809843 3687226 3932352 3964981
3908564 3949104 3891224 3850151
3873963 3787017 4098314 4079193
4009850 3923641 3958395 4033565
3941183 3939685 4117900 4085517
4042743 4028754 3908290 4051623
4012034 3969622 3971010 4047796
3804492 3880686 3646925 3824851
3751896 3800070 3902680 3793123
4013666 4020913 3811956 4006426
3913097 4000149 3961492 3970757
3972205 4012474 3947061 4051072
3929429 4038300 4082210 4075494
4028623 4060433 4066175 3882826
3830692 3922274 4047136 3924675
3750357 3833690 3852985 3759249
3686078 3754923 3841699 3828752
3904887 3922531 4003735 3829818
3850992 3922065 3938115 3939270
3932641 4017837 4080994 3970347
3905999 3997956 4054737 4075443
3877940 4082156 3894563 3957601
4011468 4022195 3999636 3956704
3661971 3855406 3725430 3691314
3856497 3872607 3823543 3782307
3831042 4012382 3866442 3848235
3994456 3982261 3985664 3993239
3879027 4004919 4012890 3921807
4049581 4072235 4028841 4087065
4019842 3890456 3921215 4050289
4023443 3903058 4105380 3832129
3750279 3718370 3731964 3784735
3840859 3663753 3818544 3628853
3971059 3881149 3886614 3948244
4045390 3982653 4138973 3909880
4032653 4017889 3970609 3987225
4004363 3963763 4080936 3975200
3802332 3833767 4002865 3717764
3698118 3760705 3719223 3859394
3859596 4003776 4146522 3795775
3812699 3854532 3859938 3911680
3990192 4005902 4192036 3861451
3846492 3893320 3933970 4077914
3783421 3877562 3888922 3696913
3663448 3649166 3770143 3800934
3841501 3818868 3681925 3743094
3821000 3708193 3929064 3939747
3898259 3982000 3907494 3877596
3916959 3857857 4144275 4036289
3974953 3906265 3962050 3993125
3941954 3871570 4100609 4166344
3766706 3705580 3664833 3705355
3772413 3670646 3849953 3877452
3791474 3825864 3750518 3938461
3808453 3835036 3932198 3847731
4003290 3964098 3816565 3967980
3975849 3971173 4063769 3942622
4012685 4024221 3867595 3985203
3904449 4037887 4010555 4039635
3789341 3764128 3622735 3837698
3707697 3796324 3843381 3883977
3804741 3826155 3973034 3779682
3722404 3903923 3900217 3905682
4069061 4033161 4119282 3883998
3881248 4006552 3992594 4020122
3979572 4106225 4110362 3955899
3968167 4045858 4013246 3991116
3747613 3829580 3789111 3720988
3686518 3715795 3830472 3732971
3698713 3846578 3745382 3761924
3831804 3827480 3765750 3817052
3841361 4009803 3924466 3899923
3971645 3975577 3870266 3995968
3918210 4040991 4004113 3998364
3982364 4043498 4080417 4040479
3700793 3759725 3765678 3648517
3832464 3881623 3805557 3752587
3795235 3753470 3843659 3802200
3835602 3687915 4013111 3779974
4037396 3872803 3979306 3879186
3982763 3913232 4115246 3791629
4102275 3883972 4090827 3972182
4015548 3917657 4239491 3896455
3824481 3731172 3747351 3782479
3826091 3732821 3942051 3662949
3931062 4001923 4131082 3816779
3735824 3834575 3900585 3910978
3953514 3911926 4155065 3803826
3808512 3880366 3877585 3994196
3927834 4038398 4012344 3810265
3770177 3886020 3823496 3985895
3840742 3959094 3980604 3863167
3714702 3765850 3735552 3958266
3860494 3996453 3899938 3903540
3977336 3846457 4030180 4100608
3816036 3980652 3890384 3944616
3909562 3889743 4105772 4065652
3839721 3822012 3911969 3826635
3919352 3868984 4053711 3967103
3883255 3875809 3825790 3911954
3912373 3755398 4007045 3939779
3943049 4021432 3850063 4008481
3870815 3948926 4037074 4021959
3946713 3967446 3753224 3993332
3971510 3963173 3991374 4013163
3906211 3914781 3677736 3900034
3992302 3981265 4003378 3920968
3915825 3877496 3729947 3864888
3851131 3877787 3903086 3900178
3981024 3981642 4015452 3923106
3895877 3987608 3967786 3959905
3954462 3941249 4029760 3928828
3866015 3970887 4002549 3958317
3888383 3997731 3977873 3881089
3850115 3937933 3945687 3979453
3891147 3913410 3899190 3793786
3846928 3873839 3890250 3885872
3918473 4055028 3935668 3797770
3999456 3996003 3978515 3967398
3917201 3997437 3861647 3894457
3932830 3984636 3980548 3978669
3831405 3963867 3824549 3894691
3886731 3996753 3958162 3867606
3770641 3895619 3872066 3820539
3943187 3857590 3917926 3855964
4036453 3897207 3974816 3947120
4012360 3999016 4100649 3910238
3951947 3845121 3890253 3937569
3982362 3825955 4091261 3868488
3801963 3847480 3907705 3958213
3956603 3853985 4037560 3905150
3877342 3836680 3871601 3833557
3971529 3762992 4033823 3841547
3719455 3784203 3962534 3739391
3703291 3687223 3698466 3827564
3764159 3762614 3925711 3688360
3619164 3681632 3691827 3804743
3889514 3987500 4093909 3845582
3790433 3761716 3782229 3934469
3791555 3935876 3999248 3762964
3755495 3806694 3760682 3884307
3779164 3701334 3826842 3777505
3821850 3744857 3941376 4013278
3734349 3846251 3694921 3789368
3754649 3649840 3960884 3998752
3821528 3825645 3919773 3845428
3851611 3743684 4026811 4060375
3878274 3731693 3855415 3798716
3848371 3806427 3942707 3995170
3831885 3831021 3595519 3796246
3800475 3834582 3948211 3801370
3742545 3781394 3683319 3873976
3760460 3762427 3810158 3807324
3987759 3908991 3759559 3889987
3892648 3955580 3972258 3905371
3792443 3886736 3781243 3904804
3880314 3940382 3930129 3857990
3849839 3854770 3904602 3768993
3690754 3748879 3907313 3830377
3781137 3845710 3826051 3791295
3792343 3741911 3940986 3789170
3910848 3954975 3899310 3874859
3785202 3893700 4012070 3984255
3864945 3924602 3981157 3758472
3908101 3835082 3826365 3939901
3699837 3786879 3724922 3713706
3794861 3877196 3878294 3792067
3728776 3820831 3731651 3768088
3859566 3780644 3838553 3856907
3876170 4034581 3861687 3779943
3998801 3936338 3827296 3922663
3740358 3852361 3907743 3843157
3807253 3953700 3865683 3871501
3786882 3714237 3796584 3727158
3886765 3759293 3910325 3728218
3710287 3729416 3830241 3725978
3799268 3692325 3914669 3777489
4015496 3840272 3926346 3885080
3977034 3873689 4107366 3781129
3780986 3812200 3906090 3813410
3945056 3834939 4001334 3789605
3839486 3922597 3966353 3825598
3804505 3808178 3857762 3928966
3839028 3965666 4080255 3829653
3770176 3834665 3809563 3959752
3894535 3938598 4071043 3836128
3791326 3792887 3805789 3964450
3862696 3995803 4017303 3905326
3741432 3773419 3751819 3943460
3835460 3860018 3808666 3915786
3801970 3781346 4044018 3971467
3808584 3888482 3921465 3882930
3872582 3803224 4005817 3926202
3872817 3828946 3869995 3868567
3830181 3763427 4100414 4055570
3867595 3878986 3949302 3915048
3909294 3779046 4064930 3942302
3881643 3882778 3762531 3922660
3933291 3999500 3973928 3908111
3905993 4012232 3796117 3921811
3915135 3916480 3986068 3945911
3899034 3897671 3781728 3923603
3992208 3950106 3935354 3959200
3941851 3980475 3741221 3924530
3924307 3988134 3928972 3892716
3881273 3932419 4022566 3749017
3768260 3906567 4060254 3895192
3971876 4026261 3946810 3770436
3822807 3857949 3961084 3886751
3925579 4081364 3973907 3819756
3858766 3907556 3874005 3890418
3926963 3936342 3964035 3748249
3858765 3867756 3968281 3848234
3748734 3946139 3896322 3752479
3922006 3922013 3915042 3883232
3835479 3966476 3818897 3885683
3908421 3947468 3909413 3892314
3838087 4000324 3872440 3859748
3947978 3988226 3946407 3932533
3849812 3938638 3927196 3771340
4006120 3897789 3961933 3921025
3985026 3819861 3931073 3918156
3977097 3825821 4127015 3763304
3934568 3942369 3874514 3913341
3894831 3874427 4050526 3798424
3961494 3854366 3973290 3962957
4017640 3850457 4064754 3863579
3981372 3951991 3899452 3945883
3962287 3830534 4047705 3821662
3912549 4012152 3977388 3779586
3944071 4096410 4015436 3965392
3732584 3879032 3772463 3655615
3833266 3992638 3887045 3820874
3739608 3823123 3835376 3671397
3759037 3883953 3878191 3829860
3863708 3902105 3840837 3684317
3944491 3995503 3956921 3892778
3991275 3803272 4097978 4164996
3894136 4000262 4005355 3896361
3740290 3752783 4029032 4055493
3728318 3777867 3870445 3731455
3745373 3674872 3894297 3964751
3825234 3847082 3785663 3691462
3908668 3850309 4084187 4110689
3963336 3918467 3944992 3810446
4017400 3940325 4145491 3954503
3807763 4068416 4023953 4015039
3903977 3918287 3889444 3862148
3730690 3889178 3850628 3919808
3844140 3804113 3903088 3750657
3681840 3768576 3804306 3842821
3977693 3906372 4010125 3922959
3799375 3978644 3902106 3852979
3942415 4012248 4107470 3762463
4072195 4063618 4092981 4008256
3810806 3852270 3950268 3682316
3984259 3907366 3938505 3789441
3765831 3830321 3873282 3630111
3845204 3812138 3916841 3689600
3862133 3972322 3983398 3754868
3966219 3946310 4030808 3888864
4037641 4015478 3956990 3926597
3998887 4074759 4010172 4003358
3874944 3811417 3745124 3757969
3989430 3934644 3909258 3937111
3748285 3846297 3764977 3675262
3797477 3860239 3769454 3780640
4004634 3979879 3882741 3770543
4012016 3972935 4002684 3913429
4151273 3939485 3985164 4052366
3926085 3906103 3981405 3946888
3964424 3817629 4012240 3897848
3847483 3763856 3882062 3866102
3911030 3766286 3848014 3809288
3708994 3826112 3693551 3756203
4113469 3868611 4029307 3935982
3916541 3897285 3904780 3918330
3785014 3850103 3830843 3743755
3787229 3904901 3865892 3877443
3824258 3914362 3869706 3726187
3900503 4035824 4003709 3938263
3868153 3913524 3834011 3690886
3824489 4033871 3949784 3878261
3652053 3679905 3779529 3648219
3716436 3936342 3859110 3793249
3857190 3721194 3882353 4013014
3908113 3947354 3889712 3682600
3953344 3796518 4161216 4061663
3899272 3935956 3923423 3794264
3898201 3792541 4005212 4032390
3896225 3951252 3891660 3837588
3773478 3744680 3856855 3951085
3820165 3826692 3809619 3685344
3902491 3926492 3922885 3790826
3786852 3861936 3819653 3898167
3987800 3901790 3970868 3935654
3854975 3966687 3915824 3960307
3949302 3896689 3926946 3851478
3837768 3869331 3933647 3915109
3833303 3789165 3865771 3703976
3707580 3836589 3771429 3767799
3773639 3859531 3906595 3656771
3897691 3872376 3809806 3794537
3882312 3951043 4033445 3762168
3961931 3922640 3949554 3883490
3846430 3975238 4009235 3703682
4030186 3948589 4010623 3888620
3763066 3790973 3874946 3580205
3932081 3838784 3840572 3684606
3837172 3812816 3798423 3704724
3866624 3878877 3817860 3929220
3958136 3938141 3853250 3812577
3936459 4026154 3936600 4015908
3985825 3859387 3898288 3770007
3901989 4018306 3893851 3949203
3917262 3811726 3716174 3633368
3831764 3914907 3802881 3771738
3972869 3830569 3961839 3794795
3797827 3786558 3906194 3889592
4031650 3910115 3977398 3887481
3862187 3896076 3930401 3864052
4100738 3878625 3948206 3980559
3790522 3923106 3853232 3875950
3967210 3786717 3889593 3863697
3744805 3792707 3724669 3768282
3866048 3887460 3726101 3712638
3850238 3910448 3857079 3841623
3960596 3933768 3968953 3816905
3943747 4118843 4034524 3948270
3651197 3822732 3735039 3672264
3698481 3917397 3752175 3851124
3689978 3817770 3797778 3591447
3775752 3911668 3848047 3746820
3752946 3713049 3916137 4003012
3837901 3852249 3832362 3751781
3846633 3836470 4116945 4169947
3986680 4054893 3976914 3768764
3873831 3665083 3922076 3864861
3768822 3850708 3878849 3745373
3731430 3703819 3906827 3936444
3778901 3815033 3836419 3707121
3754598 3823332 3821949 3783192
3806379 3829435 3855718 3905344
4005534 3982395 4072119 4005620
3875772 3935697 3896199 4018330
3808804 3827564 3952816 3740895
3745885 3817404 3877445 3843214
3821923 3773992 3958651 3731970
3709730 3796524 3745306 3887735
3767480 3803233 3899516 3710812
3935317 3809201 3837764 3793545
3866670 4009346 4051900 3767899
3965534 3959262 3975922 3892999
3787874 3783941 3862770 3607757
3969567 3768745 3884462 3811705
3696565 3858667 3944045 3601724
3866375 3798152 3867796 3653851
3856939 3911467 3772592 3744659
3854072 3904816 3754142 3914662
4045279 4002945 3840766 3912163
3975460 4083696 3903711 3940776
3880888 3856358 3652161 3648422
3828991 3848284 3793439 3867725
3827851 3834681 3773018 3629802
3861498 3851295 3772277 3823599
4014517 3810198 3890495 3870183
3765469 3804228 3690780 3862877
4104214 3940944 3932232 3942460
3877380 3924107 3838451 3978078
3929538 3804587 3884295 3838312
3776858 3727082 3756416 3804675
3926922 3646064 3820513 3799284
3798274 3789829 3723317 3806013
3744253 3929732 3816672 3732083
3809611 3988856 3971967 3910018
3767668 3828029 3779879 3645609
3774103 3894493 3889118 3824999
3823245 4034708 3997838 3826278
3913005 4122461 4048963 3849632
3986293 4054351 4028686 3881555
4047996 4250121 4139528 4087967
3826259 3760086 3909462 4039783
3851254 3884656 3932261 3697037
3787559 3770524 3954815 3995352
3779829 3832381 3835666 3767480
3971719 3817925 4019165 4110295
3941192 4007074 3955723 3807183
4124575 3872930 4200833 4211215
4025954 4151793 4087877 3984424
3901681 3889766 4014261 3849250
3716327 3888791 3806716 3898659
3856721 3769030 3861357 3797788
3741306 3884266 3802660 3825760
3969509 3958131 4108147 3911987
3845428 3939830 3944173 3963331
4109341 4102665 4147423 4026979
3952990 4190920 4099562 4059668
3800962 3855168 3933203 3655829
3981126 3915103 3908988 3817906
3725771 3784555 3886700 3619389
3897868 3808039 3880713 3772532
3909499 3979198 4036669 3750716
4114114 4020586 4056324 3903507
4088968 4083332 4157008 3892153
4194596 4115705 4143655 4092778
3969605 3842052 3744361 3761373
3881432 3895336 3785081 3877894
3882928 3813965 3791639 3659283
3830764 3951754 3791923 3868912
3999777 3971287 3879998 3752334
3978399 3995481 4017554 3966199
4184044 4123576 4019224 3970852
4183887 4238536 4064622 4077407
4028453 3846868 3915939 3837419
3783629 3832539 3829809 3826658
4026300 3779174 3871034 3852497
3741700 3790201 3725583 3743595
4111206 4016950 3951097 4005399
3903689 3878528 3892346 3871351
4310590 4080691 4199266 4137971
4066402 4049604 4068699 4134851
3796160 3766216 3825921 3713878
3850055 3953390 3883650 3834014
3886292 3965449 4014041 3716348
3930462 4156584 4005934 4026949
3869547 3914719 3896945 3743543
3898956 4106055 4061425 3934165
3642815 3768508 3760523 3582236
3798135 3911478 3830878 3802120
3767346 3753124 3977272 3976527
3877379 3919108 3815132 3749768
3915323 3877155 4121306 4110351
3896597 4029292 3948756 3880971
3919886 3843175 3964274 4085294
3921526 3946436 3996367 3892882
3798413 3700446 3906516 3928845
3797634 3693633 3836758 3705660
3890445 3751538 3942976 3755434
3732154 3883543 3805188 3868267
4065794 3994094 4138252 3886889
3959331 4019259 3930092 3978449
3953560 3975510 4004657 3828673
3857420 3953664 3973581 3965244
3806601 3722078 3874990 3697259
3713547 3859123 3739054 3822538
3796906 3879848 3990563 3623686
3968944 3880073 3879752 3858909
3920870 4068866 4053231 3915915
4034021 4000747 4012630 3889213
3939391 3970911 4067037 3735005
3984848 3943604 4026817 3932149
3792435 3828672 3836248 3645361
3957934 3882296 3905495 3750961
3859973 3844183 3796963 3761448
3877834 3934616 3855392 3931941
4028758 4041445 3918279 3821705
3929695 4032719 4008380 4013110
3953586 3962605 3886697 3793338
3954988 4052895 3943913 3899292
3868752 3914168 3765784 3612052
3822644 3889372 3710075 3783738
3992840 3853572 3933590 3952481
3828090 3800914 3835043 3829231
4120037 4058729 4042022 4027151
3965119 4021566 3963111 3958462
4003188 3912825 3935462 3959617
3868036 3953545 3972539 3919377
3862528 3837881 3788691 3835387
3794717 3859021 3720579 3833966
3788534 3887321 3850226 3649449
3802185 4077874 3928103 3863053
3811718 3873526 3842008 3726143
3866768 3992126 3961727 3917657
3853876 3923613 3845215 3703117
3865688 4019074 4028678 3851426
3746753 3852706 3776937 3603653
3792177 4034710 3933317 3826037
3859943 3708809 3935123 3972377
3862592 3935463 3913867 3747420
3880353 3790520 4090158 4045981
3939753 3874392 3961064 3793328
3922126 3763473 4055495 3994485
3802627 3960979 3847598 3775153
3867048 3751053 3941518 3965357
3857178 3789574 3899874 3797360
3892402 3836610 3989778 3928938
3811932 3935298 3828451 3930637
3965912 4051504 4025939 3849605
3750089 3936742 3845602 3940474
3984481 3789512 4013224 3812065
3818000 3910678 3922379 3945181
3909451 3775873 3880507 3773215
3688945 3818129 3804085 3851521
3905486 3945055 3973171 3712889
3929388 3936648 3910415 3826737
3871295 3903746 4018867 3734924
4002975 3886644 4020787 3870468
3816936 3885479 4055611 3737128
3995683 3963755 3942659 3779985
3764951 3912360 3968312 3669591
3894601 3851246 3927578 3798728
3877834 3939950 3783592 3713109
3923718 3902237 3808242 3873641
3968439 3917808 3871594 3747253
3962033 3995378 3894827 3880559
3921690 3905242 3843710 3729890
3951263 3959722 3854730 3829865
3974603 3827976 3807808 3711214
3885490 3943442 3804857 3903529
4068067 3907484 4016386 3872818
3882336 3866687 3875554 3834033
4038251 3756627 3965969 3937543
3839857 3880180 3848111 3952507
4035922 3852286 4030060 3931327
3828849 3833413 3880609 3819779
3987676 3818135 3954550 3881667
3789440 3833218 3746095 3810668
3838727 3772693 3783643 3633927
3758543 3923615 3851297 3832959
3784542 3869680 3836203 3697871
3781208 4025713 3963343 3835896
3771300 3855378 3858173 3723029
3842338 4031006 4032611 3977681
3885581 3843038 3879641 3716582
3875120 4086979 3950384 3934779
3801943 3756182 3854287 4068936
3837515 3818289 3851356 3710535
3822051 3774893 3945904 3944732
3861145 3878353 3863837 3735021
3844320 3856535 3964031 4047893
3895979 3977290 3893615 3834515
4004655 3919461 3998531 4189230
3914285 3919147 3992501 3802908
3758181 3757539 3911372 3776938
3735710 3870273 3749234 3854547
3922829 3858523 3928830 3800433
3768957 3893853 3854517 3786405
3906781 3881110 3975584 3864027
3769396 3958966 3876477 3881225
3919138 3856951 3975428 3956693
3873863 3893429 3948417 4019671
3757828 3858587 3942722 3646049
3966129 3814402 3901363 3716822
3830565 3799736 3908050 3711509
3973910 3920033 3916814 3764675
3933557 3943985 3952288 3719854
4045351 3980621 4024687 3838211
3863947 3989758 4042495 3821712
4147990 3969973 4052939 3912043
3789596 3853605 3733542 3640670
3805954 3874178 3801370 3883602
3853066 3890960 3817117 3661505
3873862 3871188 3894447 3834618
3904115 3893144 3857754 3811414
3888165 3967492 3974965 3957094
3914579 3966677 3888093 3748631
3926835 4090384 3907278 3968378
3907593 3759872 3871915 3829250
3761607 3754778 3795923 3856622
4017347 3808101 4010461 3914804
3833531 3844842 3857021 3844068
4012886 3875235 3903469 3895521
3893196 3949298 3827354 3933287
4102356 3905958 4017998 3910502
3802471 3909481 3887893 3928688
3915112 4041609 3938785 3785117
3904365 4072822 4042795 3974416
3876150 3976587 3877159 3702098
3884995 4129032 3965820 3970491
3857449 4036397 3945657 3878393
3915593 4018234 4088977 3959736
3907425 3964412 4067360 3849858
3896980 4045156 3988385 3961235
3885138 3967439 4130661 4152594
4001993 4050980 4091604 3915057
3918960 3878528 4029595 4054089
3882693 3907659 3965924 3781976
3888246 3865571 4163844 4103384
3978312 4036342 3952390 3842821
3961269 3816704 4079280 4132476
3971935 4079732 3926568 3885195
4015696 4051973 4115494 3891103
3840885 3976736 3966891 3962429
3961661 3895846 4058799 3945418
3886025 3946726 3905817 3892579
3999879 3899774 4041654 3941488
3860920 3968382 3993509 4040007
3977726 3949144 4136674 3886877
3923020 4031258 3998010 3995569
3954130 3980118 4156100 3727804
4131088 3943142 4074449 3894285
3842284 3981738 4062428 3763469
4084093 3997974 3923717 3878075
3898653 4013537 4078510 3737397
4025078 4016192 4016567 3884200
3888731 3992698 4063423 3744776
4057273 3924179 3990913 4038312
4100600 3930215 3955793 3886980
4014553 4061546 4015783 4004199
4005171 3912071 3857772 3803288
4020737 3997534 3951033 3997532
4007028 4007441 3870476 3874326
4005316 4016056 4027235 4037485
4010601 3979317 3958310 3845433
4031781 3992096 3970401 3998340
4101108 3950020 3986972 4059643
3955308 4019679 3980817 3967528
4122826 3826896 3885966 3976386
3860034 3882450 3928380 3936008
4177508 3955665 4059502 4060899
3945104 4011547 3982475 3890320
4127314 3927641 3950935 4025219
3916824 3988387 3913880 4000732
3773441 3922154 3853091 3759632
3818504 4056911 3974933 3923106
3813710 3887698 3802708 3834127
3847971 4021927 3985550 3835667
3896837 4000084 4001987 3723035
3949269 4046610 4123553 3937904
3934837 3988677 3917242 3738722
3923441 4002382 3947556 3950625
3948755 3772200 4002895 4017942
3908635 3990956 3933102 3816239
3904582 3804629 4008418 4068617
3793405 3856394 3970496 3796379
4007349 3922188 4071163 4110055
3956906 4040143 4079576 3892080
3963838 3802476 4036032 3999175
3927714 3946665 3899664 3834562
3995690 3983596 4027429 3825584
3776666 3962275 3951369 3972275
3835551 3847065 4000761 3807898
3789003 3821799 3892407 3857784
4054509 3968655 4081484 3943970
3873314 4039277 3947306 4115925
3975025 3917376 4011411 3892261
3804933 3945013 3932188 3976593
3981493 3991437 4003844 3737210
4032661 3939466 4021872 3809358
3897885 3977102 3948648 3698372
3976169 3981880 3933115 3844421
4029023 4075838 4131894 3817738
4066550 4011553 4022171 3927995
3928855 3901156 4060519 3772945
4112683 3992260 3965135 3954070
4019862 3894516 3862957 3761927
3958322 4009849 3908997 3989543
3965461 3881945 3830763 3737334
3882000 3952755 3906898 3839308
3977563 3976627 3936477 3880613
3993565 4034761 3967973 4093351
3989077 3978907 3804973 3813780
3960286 4046905 3929884 3976282
3984149 3928020 3972611 3920685
3960459 3951205 3942152 3962415
4016341 3870371 3928354 3865661
3808381 3842233 3827892 3881917
4156419 4063103 4054866 3980188
3895366 3887536 3892138 3963182
3931251 3964862 4019083 3998188
3890050 3920899 4045214 3931907
3856081 3934322 3873379 3721975
3831658 4083906 4030651 3955531
3875312 3968716 3899247 3777072
3909239 4108152 3988464 3918812
3766511 3835541 3787770 3577460
3750279 3913252 3815646 3879628
3924641 3913338 3940427 3685233
3927110 4132620 3988185 4025726
3927293 3829657 4102567 4045290
3935423 3993632 4039444 3834182
3928450 3767441 4034110 4066122
3925821 3954135 3901087 3872780
3822776 3728462 3950409 3927535
3752552 3871564 3688275 3696459
4001096 3844889 4039316 4239002
3969256 3975696 3901580 3819131
3857731 3928231 3982609 3925236
3843227 4022065 3923450 3941565
3900045 3962308 4038368 3871386
3803323 3905810 3840503 3967059
3794655 3774387 3887708 3674737
3762644 3849702 3836985 3890935
3996225 4019879 4061828 3907101
3886724 4027106 3913297 3963477
3999967 3922731 3986341 3739825
4087557 3924320 4009899 3895736
3848416 3870503 3963604 3661981
3984218 3882198 4058635 3855478
3832636 3771755 3917082 3706533
3961384 3887269 3848808 3864470
3912507 4000015 4151279 3812204
4040146 4043492 4079241 3947490
3900192 4000525 3859944 3791509
3918530 3969823 3975268 3960857
4058240 3974556 3932575 3752993
3971994 4008396 3913150 3956786
3802540 3719100 3839015 3741838
3893456 3919334 3767280 3777394
3988208 3938877 3965749 3837723
4046048 4040489 3981177 3995757
4123195 3878478 4017861 3956098
3887970 3907658 3906750 3880573
3994527 3852611 4011064 3937178
3820941 3895993 3905308 3928594
3952431 3726268 3904027 3785087
3751896 3797317 3774563 3815003
4209755 4046243 4031469 3981624
3940111 3970350 3959059 3956653
3831680 3968951 3846921 3727568
3837249 4038281 3864166 3868383
3749262 3863432 3788992 3589810
3748044 4001937 3962496 3864407
3758113 3746052 3883140 3596992
3862996 3968056 3877938 3910178
3741952 3836631 3787081 3719815
3772907 3889809 3943687 3804916
3812632 3755486 4036431 4014110
3841919 3928013 3904878 3746184
3830349 3730104 3879334 3974508
3760461 3803661 3888293 3679736
3740588 3760751 4016539 4003039
3803086 3873134 3881883 3811323
3741502 3610758 3902367 3921199
3843908 3828655 3890310 3676447
3969555 3876843 3906034 3797290
3813940 3882987 3953901 3946289
3859793 3817850 3911089 3830065
3744400 3831799 3806653 3833566
3852666 3778133 3936288 3795072
3787181 3861371 3801211 3833971
3833173 3839105 3916061 3777633
3790735 3772904 3807490 3779937
3835338 4004801 4018694 3719395
4055343 3933709 3862006 3772896
3841642 3783695 3881974 3713622
3941285 3898503 3948462 3720736
3862483 3886372 3927295 3680984
3909830 3920401 3913704 3804294
3797466 3820684 3906761 3626032
3958541 3848616 3868450 3809966
3944347 3944885 3824564 3822167
3871339 3997141 3787232 3789553
3791171 3890135 3798758 3710056
3890749 3922475 3808666 3849035
3932216 3952148 3882641 3629322
3888241 3944493 3808445 3818686
3931302 3885022 3748747 3676958
3835264 3926516 3810330 3828780
3979213 3765970 3942527 3899720
3789890 3813837 3824002 3918932
3973287 3781862 3906606 3868476
3754169 3800000 3831822 3807393
3946059 3774337 3930434 3858239
3717685 3865953 3804213 3821462
3939434 3689995 3807436 3850653
3776685 3791590 3805910 3799882
3652929 3778571 3807053 3597338
3776997 3897228 3844099 3792572
3717186 3859994 3829040 3642174
3710064 3907707 3847069 3877756
3858768 3835184 3910532 3732808
3861505 4053786 4035162 3845405
3878039 4036850 3979332 3841846
4013173 4143287 4163208 4052532
3777904 3647316 4026946 3947755
3712123 3820472 3822303 3733718
3824927 3702053 3901205 3987039
3801105 3787294 3919847 3678824
3918311 3854251 3978648 4029376
3935241 3954647 3848416 3800918
4029030 3953690 4145270 4219233
4038727 3910550 4016212 3941356
3753420 3732988 3923001 3733449
3714058 3899557 3774735 3774591
3869492 3808668 3914226 3793120
3712614 3832943 3840728 3846360
3970899 3954644 3997411 3922048
3824119 3963035 3963455 3888465
4097175 4052508 4126843 3954702
3954385 4062835 3978003 4086050
3823450 3797853 3810785 3609601
3906693 3822852 3858153 3730139
3781537 3875662 3890508 3662323
3923099 3751311 3855493 3772822
3936136 3975905 3998949 3691193
4047237 3974965 3998307 3846177
4022695 4098248 4152323 3887456
4252227 4032788 4089584 3942221
3787808 3784216 3750937 3689953
3919064 3797686 3820362 3863729
3879063 3779459 3798155 3646324
3826670 3950316 3798551 3773313
3968782 3910654 3802013 3802915
3993733 3983410 3882558 4003448
4026564 4027907 3883512 3903015
4135534 4227382 4016580 4007497
3909107 3766184 3934138 3811656
3723315 3741464 3793064 3821271
4000068 3781240 3877816 3869824
3777938 3801874 3783714 3729460
4115112 3920352 3980828 3992128
3835689 3937087 3820591 3886465
4156502 3970187 4092611 4053866
3983629 4005954 4059407 3984026
3930591 3909926 3791099 3844017
3940865 3884093 3819560 3669574
4053591 4100501 4013482 4000727
4157207 4018870 3851536 3741787
3974673 4090291 3846148 3930971
3986176 3968115 3820021 3728462
3896893 3915624 3681462 3821699
3960711 3919338 3772545 3681022
3743091 3945897 3782531 3774735
3864787 3699549 3613054 3851699
3940682 4025052 3888589 3883055
3904955 3826273 3735755 3868527
3866444 3983025 3940915 3829160
3831580 3787025 3674868 3899534
3753735 3853240 3850197 3666880
3769455 3733953 3597161 3700965
3661027 3760116 3953567 3759030
3913655 3865829 3736358 3806039
3839069 3792541 4097181 3955595
4057288 3978530 3911663 3978932
3742221 3714790 4081025 3832028
4036903 3865201 3814927 3847398
3679980 3609409 3876831 3813866
3918642 3826008 3722670 3713484
3811293 3762793 3794882 3826747
3901152 3924072 3725908 3801868
3939892 3866931 3849157 3872412
4011078 3997593 3831246 3884517
3837413 3909340 3780687 3779383
4008895 3918441 3813004 3861026
3751228 3783692 3763506 3651245
3879023 3837797 3702852 3771667
3780808 3956643 3780597 3842290
3743215 3855601 3853365 3753916
3976737 4004083 3868126 3945923
3845957 4007314 3866230 3916068
3853680 4015402 3773737 3765748
3814291 3886513 3927349 3767288
3804381 3881107 3694218 3709716
3725157 3795425 3777346 3775192
3710789 3923061 3880078 3858324
3900892 3752448 3864900 3807208
3737046 4042974 3932735 3876722
3974236 3875195 3974394 3886828
3696140 3971499 3911424 3896005
3973996 3883331 3898377 3883460
3712853 3851357 3829374 3787715
3872746 3797177 3733702 3735733
4012105 4200616 3933978 3975837
4154995 4080449 3936313 3784729
4136767 4120690 4005489 3979479
4196019 4083276 3948728 3847324
3983922 4048391 3876235 3914081
3955976 3896577 3810126 3682361
4093706 4207496 3991932 4007269
4219658 4082753 3939306 3894040
3946598 4130373 4011704 3869240
3927195 3838443 3741468 3968168
3949696 4139924 4056170 3853218
3942404 3848814 3762667 4015739
3891142 4012633 3943499 3801948
3853539 3776099 3718833 3862825
4027053 4197251 4066195 3967923
3998136 3947146 3886803 4066422
3886716 3872151 4138403 4008079
4147609 4002722 3914309 3934616
3938982 3813484 4142860 4026765
4154845 4104214 3885252 3922136
3777590 3759599 3989494 3931391
4018217 3929352 3803598 3862489
3881169 3864020 4169848 4092476
4132630 4031352 4012458 4054069
3989196 3987492 3921481 3959514
4105420 4023392 3880464 3956810
3981890 4022202 4067695 3988709
4099217 4066699 3937076 4018541
3837135 3806317 3806109 3840890
3972883 3884017 3787490 3826613
4020997 4028651 4009903 3925427
4057202 4029807 3927334 3927081
3981291 4061695 3930895 3864305
3859130 3951185 3999130 4019357
3993068 4094937 3912226 4023585
3883220 3993538 4022782 3899827
3844045 3990723 3862781 3867747
3760671 3892284 3832801 3794737
3969202 4113164 3912938 3861305
3917066 3984322 4080811 3925769
3863576 4064117 4043782 3999083
4086908 3993298 3918125 3981072
3917897 4046008 4111674 4080505
4025176 3927351 4001486 3994406
3816586 3907037 3956299 3920780
4026156 3861432 3843129 3778441
3900059 4133290 4081233 4106520
4096350 3958420 3975844 4082096
3866936 4025407 3716256 3793020
3916969 3896177 3737368 3648618
4013361 4153318 3886339 3892214
4062055 3995451 3928805 3899284
3956154 3978959 3844658 3976671
4085261 3969831 3903560 3726588
3770668 3959231 3745950 3806388
3951895 3956720 3811722 3691400
3772350 3923553 3790626 3717909
3823396 3664704 3594233 3759100
4007422 4065259 3988729 3858309
3954037 3832376 3767507 3930880
3892160 3948457 3960992 3891603
3935009 3840773 3756344 3820134
3708889 3976353 3851859 3725740
3790760 3541216 3670968 3794937
3653974 3687501 3963530 3940900
3950392 3843107 3643957 3775920
3804200 3823575 4104864 3994380
4125576 4045367 3856674 3870037
3793869 3774645 4092845 3938063
4026171 3989107 3820771 3848100
3577490 3635369 3973463 3894639
3915542 3886145 3736998 3796556
3690177 3745497 3772785 3807460
3886460 3838613 3739261 3728263
3861395 3974744 3925903 3914089
4026790 3990065 3847068 3969611
3913396 3838845 3832652 3840014
3983948 3919359 3825677 3851228
3764353 3825118 3758093 3751883
3871118 3860841 3649826 3733167
3754424 3943468 3727635 3783119
3715073 3772915 3775858 3712627
3928329 4095348 3827400 3876721
3786184 3949297 3990455 3890785
3834591 4005813 3836577 3843830
3814080 3882854 3865636 3741858
3833906 3908033 3633040 3751785
3655822 3815392 3837709 3801751
3678348 3839838 3805519 3774188
3793485 3807729 3861114 3779952
3763148 4018611 4051857 3939660
4068081 4011334 3896758 3937724
3851517 3945266 3946907 3903317
3965307 3924788 3884687 3847094
3671812 3860820 3937513 3897523
3926491 3782129 3822588 3795766
4020183 4158896 3884142 3842984
4021714 3913945 3820494 3766350
3897133 3930774 3737147 3842473
3935439 3758111 3754558 3743286
3787827 3866982 3657925 3783638
3865256 3761313 3737742 3526317
3828860 3975911 3772486 3772510
4025302 3935996 3798265 3605552
3966148 3982295 3932750 3871906
3914381 3813038 3710007 3900765
3777260 3867603 3841777 3734322
3825267 3658763 3580949 3770865
3659793 3790988 3699554 3621061
3691284 3599878 3610860 3677062
3875275 3916214 3744022 3701141
3829122 3709711 3607277 3797466
3783873 3739375 4105506 3930651
3968740 4012677 3831154 3836590
3657523 3674425 3857306 3803809
3924703 3892871 3725227 3746191
3606443 3595979 3821390 3681508
3837763 3767699 3671533 3668710
3769714 3646987 4001098 3893273
3957967 3826546 3782277 3720534
3869020 3877540 3865560 3813177
4005327 4043607 3804402 3951881
3782238 3750204 3702192 3704858
3879457 3864889 3721896 3820529
3662916 3671748 3680355 3619400
3779423 3780445 3595935 3692454
3826909 3783688 3763947 3733368
3809966 3911009 3748040 3688692
3908840 3891777 3823430 3855698
3806125 3888577 3937697 3768192
3871523 3919623 3732862 3760319
3670355 3865768 3774222 3717213
3720393 3766830 3642922 3630701
3557220 3749335 3714576 3645402
3896237 3821338 3774826 3767215
3725158 3786468 3898664 3714211
3857214 4045255 3953848 3938944
3932579 3889133 3978844 3874346
3648094 3833926 3792709 3779288
3895344 3814855 3821703 3834846
3590350 3748967 3798626 3718453
3822523 3679837 3816078 3730316
3670279 3898769 3930819 3898446
3853391 3788028 3704823 3815593
3899391 3976120 3804510 3703067
3863509 3877548 3752005 3661188
4013691 4094326 3871465 3858940
4108236 4034523 3891810 3765568
4059420 4216789 3947474 4009518
4241387 4115333 3938559 3892605
3991604 4049259 3866276 3931568
4139645 4041779 3858513 3684987
3863372 3910229 3828296 3770786
3755760 3706537 3609155 3719527
3990924 4048020 4029507 3843684
3939234 3807765 3768565 3836887
4045778 4206433 3975450 3928510
4062121 3854089 3843518 3982119
3942213 3933236 3855891 3894261
3964273 3781647 3778010 3921669
3636305 3566882 3890499 3771878
3858845 3880533 3673695 3749608
3775321 3826827 4201011 3987375
4048457 3975726 3854071 3923894
3932253 3864650 4129621 4130847
4160871 4022729 3933859 4042292
3756239 3790315 4104136 3883499
4001776 3915259 3818979 3823636
3826955 3767471 3751672 3703278
3904224 3786635 3677315 3745278
3904845 3952433 3853854 3943556
4075581 4018713 3850870 3831766
4005095 3949531 4018305 3955668
4060503 4107201 3922131 3933110
3830601 3835562 3873378 3889994
3939619 3982959 3810731 3890971
3783561 3919264 3725843 3697436
3714355 3843917 3761735 3706314
3912579 4050774 3899604 3884522
3862476 3992920 4098137 3892177
4003775 4116945 3929455 4001677
3903021 4142750 4058973 3975137
3890752 4043698 3797786 3874943
3804741 3891109 3994959 3861315
3634416 3859865 3842780 3816472
3848817 3743961 3740233 3750410
3802912 4005091 4040681 4050331
3953527 4004987 3945071 3965316
3983294 4095115 4127232 3942850
4119654 3997805 4072998 4021760
3788884 3928937 4052169 3888701
3992302 3905649 3927380 3877854
3944518 4143742 3834613 3866642
4057371 3911195 3837442 3775757
4049590 4026461 3771038 3877751
4017241 3926903 3823088 3754178
4012435 4034757 3813336 3879638
4061909 3932967 3855755 3864271
4021154 4119650 3929183 3914378
4127929 4011282 3925682 3753826
3874810 4006227 3879400 3736219
3865920 3737760 3754323 3866533
3905684 4001148 3967842 3784974
3944668 3742185 3746726 3864072
3880333 4027022 3925900 3804640
3857573 3761638 3794841 3805286
3973099 4039050 3905640 3865756
3913003 3820309 3800351 3922491
3739153 3736192 4101636 3906920
3983856 3978791 3818753 3878910
3717673 3794430 4035374 3980178
3924753 3919704 3750708 3887226
3805544 3753612 4120756 3949127
4059699 3949192 3844572 3841527
3856073 3809697 4148874 4047467
4057468 4020607 3818083 3992305
3868677 3830949 3745971 3784099
3889022 3948355 3769669 3828515
3822564 3873932 3862653 3871250
4056769 3897288 3830522 3893871
3774153 3829753 3863171 3786015
3964115 3938192 3791249 3787005
3967385 3877628 3918653 3855718
3964711 4025433 3875918 3842253
3865503 3989323 3814978 3823406
3757492 3875731 3820807 3725323
3871328 3986675 3780397 3872217
3886439 3888520 3848530 3845954
3870554 4005674 3871195 3820176
3844246 3918995 3923985 3841648
3955952 3967723 3887562 3900504
3787945 3932596 3949712 3913115
3771365 3919600 3895363 3907760
3943791 3873092 3824761 3893143
3746957 3894016 3898009 3931841
3904822 3891118 3880415 3875937
3726188 3995840 3889416 3871051
3949585 3954667 3946339 3958931
3784312 3987311 4060762 3905170
3940880 3960718 4038401 3913728
4006027 4125276 3849762 3871618
3989170 4012570 3895013 3769724
3990720 4034457 3806706 3946213
4035616 3960708 3858784 3779393
3978912 4031046 3857862 3836753
4006294 3997669 3814368 3724501
3959047 4030553 3842197 3954292
3997146 4013956 3850358 3837699
3892456 4016350 3999994 3856501
3832490 3748646 3674602 3886122
3844773 3959938 3879781 3759425
3886065 3728398 3675465 3796384
3844958 4013337 3952766 3764197
3858751 3767410 3648414 3789567
3806660 4000265 3884299 3886596
3874050 3717472 3783983 3899145
3842120 3780787 4189846 3979286
4045068 3901945 3882121 3957007
3717659 3717709 4081968 3889258
3970359 3899684 3746400 3835784
3801235 3755929 3966795 3921038
4050331 3906799 3825179 3826827
3691556 3752247 4050898 3905595
4026589 3904217 3792749 3854958
4001415 3884477 3972391 3819757
4087018 3974189 3785886 3881317
3789093 3795693 3772170 3817485
3935972 3869988 3737296 3819837
3816158 3896911 3813393 3807623
4015603 3974311 3786796 3835226
3780628 3867601 3887546 3785973
3972494 3894447 3777508 3823838
3907210 3998962 3845531 3923415
3821938 3934872 3990604 3861072
3872235 3961287 3802567 3803455
3739914 3886100 3898244 3751171
3914512 3918792 3783555 3844557
3695686 3864896 3928304 3746548
3787944 4004013 3797480 3829334
3764269 3890608 3947699 3773958
3836539 4028727 4045943 3844979
3956935 3910914 3970159 3888408
3775897 3950237 3949447 3869675
3851033 3899198 3852865 3823122
3800400 3985806 3960276 3985680
3948646 3888754 3857011 3892145
3713440 3948233 3898191 3825089
3923660 3928266 3950388 3816227
3910515 4008102 3803792 3808605
3997327 3877942 3775810 3596606
3920795 4027635 3793785 3768470
3889718 3902146 3811204 3712859
3909630 4020118 3879838 3862473
4036878 3986826 3784726 3733958
3981469 3951854 3758524 3822056
4019045 3842444 3813616 3715687
3754197 3877989 3717380 3661438
3806361 3757845 3663669 3781582
3876872 3930683 3856865 3694184
3784442 3663230 3685889 3813143
3797405 4144828 4002754 3834491
3896922 3639687 3675838 3887683
3813924 3996432 3844815 3716009
3744466 3658516 3661586 3849786
3713099 3658463 3921145 3828035
3872582 3838740 3691395 3761716
3687101 3677914 3993778 3831408
3897844 3894053 3725342 3829216
3809675 3746439 4098713 3828411
3961887 3949011 3834697 3870334
3632398 3666518 4017243 3803667
3962823 3884809 3721730 3832354
3682323 3825885 3795165 3714133
3908012 3882363 3743716 3848648
3752740 3797221 3775964 3719602
3879193 3821562 3695324 3763154
3894888 3869330 3965700 3842350
4022546 3940390 3767473 3830127
3778911 3813900 3833793 3802999
3886320 3953484 3728131 3870559
3839770 3886807 3796061 3786070
3650450 3768154 3801313 3789127
3848250 3944462 3779986 3839251
3766750 3788288 3786347 3694187
3918438 4084728 3836345 3898411
3785543 3919430 3924016 3798352
3859351 3913135 3677993 3795196
3744003 3817359 3870856 3815974
3752930 3929312 3854426 3767896
3784669 3815900 3798097 3773676
3689978 3907681 3876681 3853692
3897980 3815805 3779633 3814415
3770076 3950364 3876980 3976881
3953308 3950894 3917849 3930603
3693416 3883188 3904871 3836429
3948380 3775817 3803726 3845240
3837041 3942411 3782969 3796260
3992037 3858656 3768364 3664815
3956313 3967366 3845178 3882946
3927530 3959859 3832894 3685745
3932560 4004944 3766684 3899000
3910823 3877948 3772690 3561335
3943825 4012102 3833318 3821925
3985909 3877726 3828284 3722730
3835728 3920821 3881873 3686117
3693712 3636425 3614729 3706622
3793549 4025266 3879094 3782468
3836797 3737447 3693810 3802001
3773130 3876443 3854302 3695520
3803709 3685262 3658050 3749081
3900836 3957867 3848447 3734599
3827422 3625636 3626563 3846091
3692419 3637952 3924969 3799471
3965173 3861950 3602284 3742319
3731750 3704950 4045460 3940167
4022414 3854896 3804967 3834235
3660040 3684074 3931470 3841720
3923345 3840523 3791112 3786034
3690271 3677166 3990196 3901385
3966313 3841978 3763714 3789654
3789213 3795438 3872831 3762611
3869455 3958265 3682554 3804189
3754031 3844465 3872075 3827804
3897980 3891975 3825362 3842575
3743007 3803797 3750334 3833142
3893029 3838866 3734994 3737451
3803035 3933399 3769111 3714273
3869818 3935106 3730124 3829277
3788956 3909219 3698940 3800260
3660438 3776932 3789315 3737085
3872012 3942319 3790763 3743385
3748964 3853771 3895538 3741564
3791392 3969731 3733429 3790813
3695641 3786066 3785006 3756835
3840964 3920044 3784204 3765743
3712880 3863365 3838696 3711287
3712172 3782358 3931886 3759428
3882436 3783976 3768926 3819451
3751544 3930708 3932767 3892792
3898525 3887415 3868474 3838710
3636557 3804799 3875797 3754817
3787888 3777587 3811450 3786441
3724420 3855441 3915294 3822612
3910055 3837560 3822647 3861752
3971343 4086985 3918358 3928557
4036630 4012185 3927812 3779985
3953480 4057902 3886175 3884826
4052891 3919431 3882081 3800814
3893795 3926422 3724958 3773412
3889297 3823472 3643664 3660321
3924878 4067446 3783876 3764008
4078621 3939737 3799144 3618240
3934924 3990845 3927431 3880311
3885522 3798651 3758111 3913134
3902819 4032034 3967064 3758730
3854831 3796665 3736725 3824334
3790632 3832109 3819437 3819402
3693225 3622671 3547696 3752704
3870712 3973406 3899557 3679347
3819824 3660220 3691760 3855031
3780492 3780065 4152328 3992180
4000970 3983721 3879087 3809542
3722755 3733172 4053463 3864783
4001065 4023499 3893145 3821100
3617012 3650114 3926644 3781319
3932895 3789928 3694595 3820858
3672404 3680986 4017855 3899135
3932288 3900738 3751934 3843618
3911584 3833792 3994966 3952713
3964967 3894013 3903899 3908727
3839813 3891031 3850908 3827453
3872920 3955012 3793487 3876664
3688686 3739805 3713719 3660922
3876367 3743939 3672761 3734342
3847165 3858983 3812951 3821994
3948889 3924423 3733631 3783461
3945810 4055903 3857781 3924272
3778361 3942256 3969765 3797464
3841253 4030679 3799748 3815484
3741644 3919008 3885092 3814339
3734742 3798506 3647308 3767090
3660224 3703747 3725518 3664375
3858852 3839621 3743742 3821398
3741171 3935455 3871138 3828687
3820297 4008645 3972371 3936348
4047539 3897631 3877825 3981573
3682937 3875229 3892485 3907386
3951618 3884833 3843022 3835434
3540985 3783270 3749678 3762995
3728596 3725098 3732083 3783425
3721728 3911125 3940696 3844297
3921464 3898445 3859779 3838326
3941700 3934569 3731618 3854360
3887524 3926889 3841607 3677927
4200180 4098193 4052188 4087750
4194646 4175784 3988242 3854305
4045605 4115569 3815151 3914286
4171248 4071659 3887528 3843459
3941651 3979006 3822484 3877273
4048107 3927062 3910583 3674962
3818535 3978001 3850902 3741809
3706679 3650323 3682563 3768725
4039622 4133941 4060217 3945933
3989888 3866071 3882758 4019460
3990586 4044193 4080654 3845386
3977436 3831937 3760917 3922727
3927453 3976955 3957628 3750051
3836855 3746379 3712820 3904208
3617287 3721658 3959301 3785200
4048448 3850285 3661995 3775178
3901870 3881069 4250598 4039719
4196764 4133936 4014307 3944389
3821433 3868973 4133225 3892892
4060838 3972671 3842103 3853769
3795997 3794796 4022480 3949608
4061303 3924317 3724739 3792807
3806925 3779643 3719381 3791224
3794765 3862069 3780538 3752715
4080726 4020849 3957088 4074739
4061955 4153785 4044854 3975277
3882074 3985684 3910176 3946528
4021336 4049695 3854000 3908778
3849510 3857104 3950095 3841540
3967168 3887709 3784569 3715291
3805173 3907763 3724880 3726280
3744701 3772860 3744749 3721054
4082206 4186161 4014940 4030500
3934733 4065924 4079432 3950022
3887751 4066731 3798582 3905748
3873331 3977356 3940972 3914720
3975845 4020659 3839836 3865034
3740718 3936572 3828251 3881661
3746063 3838685 3891367 3819915
3843078 3866137 3771851 3771703
3929798 4071783 4118736 4022652
4042814 4098621 4090156 4115130
3863310 3984693 4023350 3965132
4021186 4016224 3951977 3900461
3778672 3928970 3919309 3892687
3965540 3801752 3869093 3797907
3943466 3957467 3729856 3795165
3938904 3887959 3703910 3690624
3968096 4002972 3760707 3864567
3947469 3947851 3834296 3738294
3921552 4069870 3891776 3932002
4038965 4031255 3868261 3721482
3895820 4052373 3813637 3798533
4041823 4030120 3832397 3785378
3803863 3883440 3809346 3663034
3779516 3652684 3702538 3726737
3848336 3994476 3898748 3685697
3808435 3675238 3682563 3828677
3899770 4059730 3887370 3870018
3866722 3730079 3723791 3923855
3876277 3989883 3897832 3850355
3887217 3715248 3633280 3828271
3733453 3715690 4010093 3880666
3900240 3783808 3766512 3790698
3674614 3740188 4066369 3812803
3940488 3839498 3840477 3866724
3781291 3737171 4045229 4010983
4068989 3976496 3875223 3842393
3771165 3735415 4029409 3892592
4004932 3877213 3741980 3848304
3741761 3775118 3767617 3784552
3899636 3848374 3718709 3731724
3792757 3777676 3822822 3882831
3999097 3888487 3817367 3800101
3851503 3922635 3830258 3883436
4027818 3904299 3833573 3822834
3845188 3862826 3882022 3875703
3983182 3922574 3808796 3817188
3846244 3884567 3711213 3773013
3721513 3774676 3867535 3749028
3829741 3877255 3789410 3832013
3767069 3817173 3899929 3851892
3874446 4080343 3764160 3890396
3791432 3880763 3914628 3871574
3887121 4012606 3768163 3855461
3756614 3905183 3869810 3823522
3689109 3848434 3879401 3864935
3878799 3829393 3804856 3784369
3754267 3960518 3872192 3896780
3899720 3901415 3823595 3901353
3753228 3944387 3929969 3855942
3878849 3901493 3899342 3823999
3709320 3949032 3919908 3868690
3990917 3845113 3846609 3869204
3799073 3978645 3859867 3870612
3952504 3860173 3920482 3878697
3825218 4021499 3760122 3886367
3987696 3978139 3912268 3853657
3725731 3789577 3842821 3893871
3960726 3871117 3850615 3836965
3908937 4039234 3921864 3918888
4026003 3973160 3970268 3988769
3920203 3768610 3841042 3859274
3961644 3879936 3816559 3817233
3949379 3815218 3815374 3952295
3951625 3919546 3885737 3891547
3786466 3701056 3711765 3931119
3872872 3928776 3794312 3738674
3980616 3784084 3872652 4040477
4029663 4008182 3975750 3979576
3781621 3843515 3974127 3854774
3797492 3707540 3906552 3754032
3829522 3843792 4011237 3911709
3878774 3699889 3897294 3792123
3673604 3842367 3920656 3811726
3787485 3633602 3821510 3709747
3886788 3909954 4024346 3917833
3900382 3786564 4065198 3817262
3942429 3835792 3765134 3971740
3884288 3787940 3733198 3881553
3825603 3912181 3835170 3877859
3921341 3720231 3708199 3790465
3802410 3725111 3724744 3869909
3902816 3700849 3705504 3778782
3933871 4033555 3852195 4109774
4082988 3820814 3842301 3925916
3819848 3868387 3958808 3928993
3962598 3844771 3863229 3933445
3909892 3972560 3893762 3998143
3942816 3881230 3827533 3967702
3821392 3804762 3871390 3854353
3863670 3790836 3748394 3882032
3935830 4026143 3987315 3959517
4089459 3978543 3865554 3974321
3965306 3909982 3906179 3782748
3912426 3977096 3970753 3827053
3933662 3933726 3856633 3843155
3867533 4015385 4001946 3853053
3954068 3858832 3893580 3754200
3758769 3901908 3892014 3831108
3997641 3970095 4001784 3846635
3945255 4079425 3970021 3893116
3790894 3982408 3785784 3853201
4032544 3919892 3838205 3833374
3846444 3861405 3848991 3746634
3954949 3984054 3831941 3883914
3921780 4098928 3938585 3984168
4054319 4008538 3944201 3973189
3879855 3996022 3967660 3961315
4089899 4020418 4016901 3903376
3932211 3768833 3803947 3915490
3882463 4012367 3886554 3804970
3836354 3697260 3821863 3879098
3848292 3848532 3757275 3845957
4052212 3943616 3918053 4075379
4000793 4043659 3991176 3985388
3971157 3830252 3868359 4038229
3950145 4112233 3981912 3877897
3846508 3881279 3954867 3856996
3799186 3760995 3893154 3776714
3787984 3812693 3928269 3863277
3774398 3620289 3802821 3743357
3909104 3991171 4123840 3985233
3934047 3778476 4019833 3975495
3828465 4013400 4086088 3986038
3887935 3779461 3970999 3886576
3942702 3815019 3831173 3906124
3976638 3767214 3715409 3820390
3863819 3699600 3689970 3827377
3883182 3758708 3738813 3768104
3979648 3954402 3845862 4047695
4126075 3842248 3862857 3989707
3922963 3952698 3845617 4018378
3969108 3829989 3797098 3909326
3883366 3905152 3867412 3987259
3968880 3951536 3872024 3933405
3797190 3915348 3834492 3857699
3800240 3767899 3813103 3845234
3985160 3995147 3971731 4137314
4062285 3944312 4029434 4076856
3961457 3984117 4045813 4085957
4069943 3970868 3914472 3945403
3952962 3976299 3896073 3839681
3891251 3936367 3963344 3812732
3789859 3848623 3778024 3733511
3813120 3870109 3859386 3779656
3985973 4094974 4004118 3847218
3961962 4120999 4015076 3924339
4097625 3985354 3958201 3845085
3913600 4002873 3970620 3804608
3829687 3910896 3877886 3932653
4026926 3930158 3905530 3946313
3893946 3917269 3911918 3976272
4028072 3960105 3953350 3944113
3671339 3842708 3754393 3715307
3930972 3748940 3820119 3770940
3813046 3933538 3792426 3922579
4006226 3868804 3829937 3902849
3980510 3737610 3845099 3971401
3992499 4005356 3991940 3881069
3985809 3801817 3961960 3992823
3956134 4010079 3915154 3938683
3765593 3679419 3710828 3744309
3825182 3766017 3748889 3743642
3962274 3787099 3845351 3993964
3897565 3887997 3919431 3888739
3872228 3913482 4028071 3855358
3814939 3706628 3909200 3799568
3858602 3966020 4043976 3849422
3861515 3768595 3981567 3835378
3618759 3747956 3843235 3754292
3736796 3678587 3800201 3617390
3789514 3770804 3989306 3810239
3864861 3759300 3893149 3810038
3876668 3883966 3813036 4004550
3935490 3803541 3799674 3869321
3941722 3918596 3909600 4063275
3982310 3834090 3814285 3893837
3812134 3696745 3673009 3789702
3838989 3618023 3569418 3727666
3892214 3834769 3810366 3967612
3994901 3740484 3689014 3804963
3904302 3875708 3983711 4050656
4007933 3897373 3804814 3938201
3989853 3939719 4034177 4039871
4059625 4005926 3906393 3984021
3816900 3837039 3815068 3905788
3877163 3743955 3683631 3864443
3959929 3972906 3885656 4062939
3944854 3854998 3892157 3816181
3931124 3985766 3918946 3816661
3878316 3865387 3854940 3855681
3938676 3973389 3956508 3854950
3874140 3980703 3999206 3855903
3805819 3840956 3753098 3694908
3706217 3827961 3808735 3607749
3855478 3888158 3924141 3827686
3932673 3951699 3901093 3770825
3805869 3994921 3867277 3907650
3984385 3872931 3963933 3941841
3796156 3877187 3856746 3848120
3924726 3996910 3922677 3905965
3845220 4087690 3948072 3965546
4057511 3979930 3985212 3943938
3693521 3834053 3685617 3708138
3797186 3758481 3760613 3684842
3867511 3864957 3849438 4042071
3884269 3938051 3898487 3887077
3874579 3818404 3872681 3992282
3932255 3988271 3784227 3830459
3982738 3872420 3903069 4056634
4013518 4098940 3943207 3882067
3746576 3564825 3662889 3831173
3697031 3802559 3745127 3673258
3806586 3856844 3943490 3858586
3889567 3703197 3954852 3852116
3810569 3884451 4024790 3802740
3794176 3784265 3937728 3805930
3834679 3947881 3951222 3928233
3918264 3832022 3913744 3806479
3608650 3724116 3758058 3639911
3685585 3488333 3714119 3576818
3959143 3879315 3761830 3881761
3968634 3802112 3780962 3952260
4004119 3933674 3841802 3996589
3954353 3792929 3806207 3913092
3978249 3882319 3862925 3926282
4010821 3891905 3797494 3921324
3789235 3721613 3712797 3796085
3849023 3584132 3624055 3712133
3875036 3932394 3963514 4045381
3943913 3867715 3803517 4022882
3858838 3893734 3821676 4036784
3993800 3858987 3828095 3948915
3911286 3969826 3970074 4070288
4018936 3975962 3943342 3989144
3653220 3738084 3734105 3885547
3738917 3693893 3677485 3698208
3931861 3975918 3956697 3773546
3907959 3958350 3882978 3832580
3964975 3918656 4019656 3798190
3905853 3971251 3921810 3750127
3925031 4022035 4015092 3880617
3944832 4041148 4050068 3920856
3856505 3802714 3807621 3659692
3646183 3860122 3705837 3711391
3815601 4035471 3873833 3923637
3995547 3918805 3901826 3856181
3748229 3967543 3808862 3842726
3955530 3818369 3915643 3821509
3836966 3957763 3932787 3930415
3981060 3956409 4016467 3969820
3794283 3909038 3815223 3951432
3983611 3880956 4002647 3884312
3901709 3760133 3803090 3976252
3896758 4022367 3865865 3789885
3821733 3774609 3771660 3899867
3936470 3826501 3830572 3826199
3984179 3868681 3838999 4021596
3890778 3964995 3904729 3841081
3896692 3785849 3840577 3952043
3913788 4021820 3857621 3781906
3862050 3896599 3937035 3786241
3857952 3691183 3890908 3860644
3826596 3847003 3962588 3838548
3784716 3611758 3881091 3713509
3860334 3897295 3988717 3921566
3887465 3753170 3932589 3821352
3791524 3885796 3968456 3849396
3940141 3727294 3876422 3821720
3943361 3800853 3845037 3928207
3961447 3759408 3726239 3765851
3836367 3851888 3761094 3925108
3956607 3780643 3781266 3768070
3925233 3861101 3832460 3924659
3944215 3784624 3771882 3829425
3922118 3867238 3809411 3971285
3918382 3819911 3705928 3770087
3898072 3865804 3933087 4015204
3903457 3864341 3762462 3948881
3876106 3819657 3804383 3859212
3899562 3864229 3775641 3910006
3905288 3981117 3897864 4123657
3996145 3960594 3912854 3925461
3832662 3955674 3837964 3974405
3902312 3928637 3805858 3905066
3989291 3935599 3953282 3800583
3856552 3988126 3892873 3868765
3896828 3958365 3882190 3807649
3794116 3901114 3898795 3875897
4005536 3992850 3964554 3832966
3851568 3957261 4034173 3933137
3880703 3911223 3960014 3853006
3912223 3930019 3952251 3808803
3752144 3875852 3770012 3842335
3841872 3884988 3771815 3843793
3866358 4030685 3907170 3956016
3978062 3930528 3952261 3943524
3763992 3853855 3764529 3796734
3868810 3824460 3915431 3834316
3635965 3770449 3645689 3811971
3825561 3830051 3754165 3710917
3867146 3695593 3775923 3871827
3796511 3897095 3834201 3777024
3970484 3791702 3827083 3958946
3944655 3997434 3887489 3836700
3801895 3755898 3729490 3886880
3870836 3823104 3795889 3775471
3733103 3624384 3671538 3810947
3791971 3827017 3666415 3708933
3714886 3805170 3841395 3824462
3760430 3673703 3883836 3611678
3873361 3912279 4048123 3925230
3792796 3795766 3945517 3860718
3681757 3792563 3989771 3747500
3866694 3599938 3815701 3741563
3707076 3712546 3830814 3698718
3722847 3507139 3770696 3639846
3804507 3731171 3801348 3833815
3935450 3694647 3638562 3726064
3975878 3888240 3829544 3981471
4035761 3805701 3800730 3840454
3858342 3706832 3728836 3887262
3875911 3755328 3631220 3777604
3728683 3742121 3649505 3856424
3836725 3700532 3600865 3674524
3787307 3916105 3850488 3904940
3838033 3793008 3734246 3873015
3911690 3974381 3926158 3951079
4035985 3879449 3871513 3943407
3823220 3804766 3822781 3905768
3946649 3884980 3785005 3887070
3756443 3775586 3775983 3828303
3805563 3811987 3674169 3744007
3849542 3889909 3813877 3778706
3859153 3811564 3778241 3774545
3923867 3988770 3971572 3986825
3911826 3973920 3898404 3841597
3778391 3886189 3871673 3846882
3837688 3831757 3890745 3818817
3748390 3755209 3812737 3792627
3719407 3822321 3858290 3661345
3873585 4038363 3953547 3983133
4010393 4014985 3943670 3928223
3781263 3932934 3797422 3797788
3931302 3837056 3862804 3883732
3697255 3796637 3654388 3696451
3856603 3790456 3823467 3832055
3734740 3916059 3805459 3844765
3929087 3873789 3824076 3784121
3997349 3881732 3863311 3989913
3982375 3988709 3902229 3965411
3828086 3747397 3747183 3895665
3874212 3943692 3788996 3755806
3818413 3718641 3638683 3883395
3797033 3811879 3639796 3660388
3976036 3796427 3773814 3954234
3928478 3922974 3842933 3790115
3823695 3940047 4006523 3871354
3895811 3826351 3923625 3871153
3801693 3810948 3951749 3851854
3735214 3646313 3919933 3662301
3671437 3745018 3828014 3679169
3692518 3621343 3765697 3638485
3828936 3822370 3902717 3775768
3766340 3660649 3837695 3790424
4002188 3966396 3828048 4092916
4010364 3763323 3741734 3923880
3748590 3763156 3723564 3917232
3965240 3715178 3679888 3787121
3690116 3805771 3624219 3898044
3805774 3643825 3641420 3708979
3904628 3819575 3707863 3936743
3848719 3666159 3719693 3879214
3930210 4013578 3947808 4061209
3986979 3916856 3855965 4013758
3838219 3939065 3839583 3930748
3882906 3864255 3765468 3849811
3805027 3786321 3776112 3923523
3797939 3786970 3685881 3730496
3867212 3825255 3830956 3933214
3940402 3863804 3840711 3854136
3984653 4025972 3995750 3876547
3956369 4006549 3937389 3804921
3891805 3901790 3899967 3857330
3822417 3885223 3934215 3785673
3886070 3832942 3804276 3654038
3799805 3795291 3778611 3704646
3826482 3841537 3844444 3705934
3781743 3933913 3880208 3764262
3670779 3730362 3810978 3773994
3806582 3765592 3756112 3719942
3732061 3895627 3711103 3768899
3892950 3850169 3836631 3789376
3828328 3970904 3863317 3863240
3984589 3860352 3927527 3888480
3883450 4113960 3888909 3926482
4085875 3917400 3951348 3962429
3777079 3571700 3785140 3842824
3824036 3880473 3762463 3675730
3804710 3714310 3782824 3896157
3916564 3874486 3750946 3824659
3904821 3761663 3828742 3948483
3950968 3958477 3872839 3886206
4006751 3837042 3786197 4045001
3985117 3965813 3823874 3939394
3768038 3781407 3852057 3728857
3764024 3593499 3842709 3692669
3791717 3865887 3905353 3766025
3728002 3724020 3871000 3698372
3761688 3851115 3945176 3813736
3896859 3683695 3991266 3760226
3882274 3891893 3968426 3915176
3957670 3734603 3980049 3801717
3721161 3696951 3649304 3873900
3829494 3707254 3661960 3744859
3846367 3721842 3709501 3849742
3894095 3663840 3742665 3847972
3894872 3876347 3775206 3995414
3949156 3705153 3684950 3916198
3971569 3898198 3905126 3961633
4030513 3838871 3826115 3854122
3830536 3795795 3821674 3852294
3811052 3817282 3674744 3785947
3871809 3804874 3885477 3926064
3910191 3776150 3769112 3897140
3929860 3956840 3886949 3959974
3932277 3919480 3864422 3934540
3950152 3957767 3896451 3963712
4037181 3945644 3828750 3961860
3741310 3823788 3799482 3700433
3765500 3834284 3761336 3667819
3816961 3897318 3820772 3677214
3764149 3875307 3912785 3726028
3820347 3942224 3900216 3862493
3863929 3879790 3884086 3858348
4026778 4009463 3891148 3867256
3909530 3902741 4019076 3889135
3752843 3841839 3738265 3848098
3931523 3855738 3821705 3814686
3689034 3773124 3733072 3760763
3807719 3796687 3780455 3778427
3761550 3876365 3717168 3794853
3946164 3786791 3929798 3785658
3803583 4010949 3831825 3901949
4018266 3932326 4021585 3940753
3770997 3716857 3755966 3893795
3850418 3807230 3781441 3797095
3714269 3642575 3707140 3902739
3766319 3891317 3746257 3752456
3819737 3720171 3763422 3954401
3907147 3889498 3782072 3737532
3860873 3858168 3802596 4056890
3940399 3945544 3917790 3904028
3740500 3792846 3869083 3741813
3775921 3645345 3924091 3756767
3692574 3804158 3782351 3810462
3686677 3568434 3761085 3659944
3764599 3823860 3923189 3805975
3737597 3697691 3887087 3707412
3755317 3927772 3977657 3908639
3926933 3668446 3983076 3846032
3908753 3763865 3714551 3844211
3896548 3730361 3686433 3719605
3837525 3705272 3618003 3779673
3807083 3654532 3678112 3711798
3776191 3769109 3739333 3913300
3850446 3726342 3639791 3698432
3950131 3972164 3879369 3911781
3969921 3838561 3804697 3894628
3781840 3829826 3832121 3856013
3873282 3784046 3807828 3912209
3693240 3994766 3841381 3889419
3816777 3700473 3766559 3822796
3844639 3918938 3824868 3957680
3870986 3826608 3862853 3836289
3863026 3863507 3895765 4066376
3920952 3955322 3865975 3988869
3827854 3872260 3844003 3736146
3765170 3943419 3821875 3791810
3884011 3770517 3714313 3634418
3833817 3878101 3814549 3731820
3857477 3893788 3836045 3759495
3763695 3859636 3852102 3849205
4001622 3942546 3998236 3814076
3958843 3966719 3913497 3898997
3810795 3986735 3849379 3956131
3970743 3840866 3923568 3877035
3815979 3941193 3839846 3866555
3972965 3862144 3994613 3975471
3795104 3938357 3864269 3833633
4088314 3987543 3909060 3899193
3826406 4003816 3909883 3932420
4005470 3929337 3941434 3935546
3893770 3804811 3776120 4047880
3870474 3955597 3874380 3910274
3952753 3762763 3803494 3970924
3928658 4018501 3849063 3909535
3918131 3712042 3829900 3973771
3880419 3944922 3891730 3803186
3908514 3786908 3882528 4005542
3951367 3967578 3818214 3906911
3791389 3831073 3945946 3850331
3893278 3761804 3918144 3770842
3815076 3880166 3956838 3864331
3893169 3822354 4028373 3824516
3825062 3878361 3999925 3870751
3882407 3671467 3954939 3769176
3783467 3871117 3987122 3888009
3843133 3708398 3964855 3873898
3897370 3754187 3787759 3956284
3952243 3778072 3732849 3889722
3949708 3913505 3799794 3936945
3879077 3745540 3757821 3861149
3936613 3906534 3808047 3997709
4004663 3729198 3680088 3776078
3966376 3900764 3875816 4010489
4002942 3865235 3716880 3860955
3844880 3888351 3818459 3910051
3881337 3837667 3842274 3884891
3867288 4045062 3892369 4030585
3929011 3946278 3832208 3980602
3827103 4046184 3939923 4037484
3988778 3853416 3742000 3826417
3846126 3945850 3852108 4002734
3990517 3915021 3854159 3999748
3935936 3903597 3919247 3780218
3903779 3959103 3840547 3877890
3908743 3870252 3962429 3918423
3840170 3993140 3917439 3845625
3957030 3888139 3954817 3812709
3914686 4022525 3997364 3824206
4001115 3949206 4018707 3929932
3907008 4025647 3967246 3855327
3812318 3938439 3889644 3878030
3998563 3946981 3877214 3953230
3791499 3923629 3787718 3770539
3902077 3762623 3770611 3856222
3753041 3875284 3774951 3876492
3926763 3986347 3829101 3787401
3768852 3891485 3733757 3759236
3840865 3841369 3898487 3807590
3884810 3800411 3823608 3914214
3883875 3943232 3838494 3810089
3741135 3703949 3852687 3872723
3846053 3786483 3842903 3739019
3913654 3735527 3845025 3861287
3903670 3894990 3861846 3765058
3843480 3709526 3748101 3907569
3828991 3881412 3710229 3773965
3792641 3838085 3949350 3946113
3804674 3659187 3926638 3803713
3768789 3810653 3879032 3720963
3723594 3644747 3856863 3653867
3805420 3832200 3909324 3851269
3821503 3731963 3867862 3730296
3780208 3887911 3882887 3744095
3809399 3655063 3858910 3722013
3868157 3837763 3825820 3925074
4001521 3776005 3747745 3864862
3807095 3780486 3718970 3870682
3875821 3633565 3692351 3679436
3863119 3835095 3841694 3849352
3904709 3671535 3693612 3809460
3814293 3789846 3763353 3917363
3975230 3741346 3616152 3747026
3897810 3959086 3872165 3995216
4023634 3894246 3833380 3951701
3743052 3902179 3815021 4020795
3907876 3812869 3782607 3848172
3894002 3898423 3815087 3959478
3891351 3875136 3791981 3899006
3770662 3855807 3830637 3944032
3861900 3811083 3763472 3774429
3889884 3987104 3959458 3816724
3907472 3941152 3862577 3878073
3854462 3813384 3865002 3680752
3729481 3886050 3848641 3785158
3832991 3877760 3833386 3844273
3741850 3919974 3816964 3720193
3789056 3869654 3815388 3735091
3825593 3879173 3853525 3817552
3837448 3961969 3805497 3861966
4049766 3989714 4024687 3913742
3635542 3840789 3736421 3778181
3921881 3821893 3827756 3721607
3782859 3920365 3829259 3853981
3848597 3913872 3837761 3885011
3823456 4015752 3842711 3880490
3986513 4036833 3958985 3927052
3961595 3835651 3882720 3966088
3969618 3949759 3925004 3912756
3848562 3675103 3719197 3776732
3823700 3857261 3805698 3728206
3857138 3735037 3688630 3872429
3919069 3914289 3769682 3825487
3987743 3775283 3825754 3932580
3970680 3998009 3988614 3947690
3901278 3903045 4027200 3895165
3913926 3787775 3933319 3784790
3682053 3774202 3807141 3741984
3735609 3627573 3837754 3711675
3736235 3764727 3876876 3834197
3756371 3639129 3884372 3843664
3798564 3980912 4036252 3953534
3862625 3723530 3937896 3837915
3885531 3959504 3802463 4047240
3959761 3809366 3767273 3852327
3792782 3792211 3717478 3856052
3900975 3726776 3667615 3797977
3763546 3771707 3764826 3864488
3869960 3677442 3721020 3751543
3975124 3899069 3925281 4047173
4024161 3845399 3761119 3939714
3844208 3979825 3928454 4024135
3941194 3912680 3810023 3977872
3848085 3853327 3832002 3880078
3914977 3780786 3759724 3829541
3801342 3825487 3832273 3934390
3902353 3865243 3733675 3839042
3999974 3951984 3949121 4017400
3948475 3944546 3848884 3978273
4018934 3981407 4022530 3811292
3872956 3912417 3950609 3846136
3839480 3872515 3763702 3799399
3833895 3828004 3772393 3748776
3792096 3887101 3808419 3786488
3803348 3876065 3789416 3802249
3832809 3997466 3875751 3872607
3998606 4027742 3938067 3788964
