3673804 3787601 3710860 3813033
3715318 3845281 3895189 3611548
3715442 3837854 3580970 3870697
3634442 3883963 3912771 3748998
3802109 3962903 3779132 3925461
3833557 4046740 4012870 3831148
3734021 3838496 3711030 3919144
3707381 3892125 3992064 3722333
3879607 3848085 3794059 3833009
3908359 3854410 3859918 3773529
3912250 3758176 3820125 3848739
3890325 3847603 3847312 3833910
4085203 3954136 4034677 3983199
4011077 3985698 3923662 3849732
3849175 3897035 3917462 3799401
3889922 3796733 3796008 3814593
3793202 3617023 3638263 3656792
3803362 3738479 3889639 3805765
3778112 3740871 3668192 3676400
3814940 3762931 3910406 3849661
3981922 3763323 3888400 3820842
4037867 3861085 4027669 3897446
3807023 3682147 3764785 3802928
3857560 3799239 3927373 3894793
3877121 3809673 3834312 3915969
3842025 3737543 3969400 3736724
3807137 3810564 3825974 3915423
3796077 3819840 3963790 3779991
3930175 3975853 3979205 3995595
3880434 3843594 4122348 3872014
3820578 3773322 3956449 3856759
3791236 3876890 3982319 3778007
3928418 3916580 3852039 3828392
3831991 3637620 3772046 3978464
3919360 3948183 3779691 3848611
3897851 3677728 3734431 3853844
4024174 4060483 3920791 3963672
3974327 3825658 3956445 4009428
3981405 3982441 3906194 3910838
3864199 3802408 3778360 3918720
3804628 3853679 3776527 3877722
3872216 3842884 3940917 3795690
3826522 3886898 3838139 3808393
3892370 3832237 3897202 3748074
3906409 4021315 3938042 3907670
3865497 4058606 4021042 3895383
3861415 3941138 3809473 3879934
3891044 3915794 4009573 3785240
3720972 3902113 3700042 3918508
3853546 3892600 3998458 3827484
3659904 3852064 3674537 3928633
3785963 3914385 4002290 3788758
3762593 3842530 3771055 3917296
3816226 3888691 4073328 3891329
3608632 3746683 3604738 3810005
3685184 3865393 3850840 3630769
3959754 3870245 3882792 3899175
3942941 3935572 3931156 3880225
3952819 3922749 3900428 3933772
3958639 3907024 3857512 3839285
3894216 3938964 3904723 3905784
3932419 3978612 3898556 3923548
3910288 3828590 3761639 3706778
3893570 3703223 3722100 3771360
3852641 3854773 3807093 3783373
3853343 3853236 3934964 3863575
3871542 3720029 3744605 3766638
3826988 3829319 3949328 3875878
3878442 3730255 3773114 3791962
3898042 3866726 3942805 3918057
3768372 3621738 3703775 3712142
3759253 3702693 3790996 3783417
3850340 3884488 3991161 3916390
3860728 3835985 3967164 3809442
3761481 3938314 3865129 3822676
3859605 3843165 3997242 3739638
3910564 3854895 3914238 3898050
3829026 3872716 3992144 3820630
3736925 3774396 3802392 3786837
3700135 3753576 3898122 3698420
4016552 4018113 3867093 3893367
3995210 3808329 3833555 3991312
3963130 4031462 3903388 3909053
3983238 3733310 3828969 3964611
3984649 4081907 3985062 3845540
3913715 3812190 3912970 3995830
3955618 4024382 3751544 3848898
3811919 3595465 3656937 3816216
3864859 3898030 3917010 3962380
3964937 3954795 3907513 3845222
3926867 3864233 3955416 3979141
3892759 3902509 3967785 3810019
3879793 3877156 3878807 3930935
3928151 3916023 3979338 3883947
3755374 3906921 3824402 3796398
3761305 3779903 3865586 3794507
3670651 3799214 3768201 3877064
3751790 3880506 3890823 3753580
3729773 3880127 3879285 3947601
3796568 4015407 4059909 3893488
3823503 3889020 3808577 3940402
3866826 3964466 4057436 3803509
3644868 3786726 3699732 3837897
3728754 3891797 3892403 3650735
3952666 3881338 3856463 3895936
3915404 3860032 3919255 3821793
3900746 3913476 3900726 3941163
3979284 3916256 3828383 3919406
4077441 3974127 3933289 3897694
4035400 3912706 3850352 3891361
3890625 3790011 3864224 3780008
3900939 3815753 3841510 3799034
3893607 3770181 3732310 3761214
3873353 3836228 3958789 3862582
3946344 3739713 3784398 3788254
3886843 3792877 3991159 3924344
3984819 3884641 3910550 3871884
3923453 3863481 4034673 3883309
3898366 3692168 3714986 3699594
3774855 3735293 3949788 3801637
3815890 4017863 3871201 3950078
3878862 3930732 4029995 3841088
3856651 3906903 3888005 3935687
3841912 3976909 3994179 3816230
3858511 3923369 3948523 3959072
3960951 3982150 4035661 3859495
3795952 3751131 3849671 3745498
3805128 3801310 3928861 3761920
4069324 4014766 3959274 3934453
3931766 3751144 3735837 3873777
4004801 4124575 3981311 3909499
3907460 3741380 3850438 4001104
4015376 4186889 3960892 3946391
3951175 3846638 3856782 4041132
3846465 3909075 3827475 3890333
3858308 3658277 3717022 3875195
3873592 3893776 3955680 3863642
3888337 3986677 4000363 3892033
3929318 3999975 3944499 4020639
3828046 4025786 4015753 3783938
3988900 4017575 3967613 4020361
3862617 4036124 4024877 3942429
3847763 3793110 3819050 3815769
3920271 3891813 3916435 3777701
3774428 3895564 3748714 3991621
3853608 4040855 4035318 3793295
3747355 3959448 3739218 3997946
3767630 3983005 4017574 3861981
3655492 3723866 3594777 3777672
3645576 3837262 3873960 3690838
3631635 3816246 3643194 3825677
3758763 3789094 3932416 3728813
4046528 3902587 4016039 3930729
4040008 3884131 3929862 3960862
3988168 3952242 3916242 3914252
4008338 3930570 3891123 3905178
3891300 3798205 3792959 3823331
3839958 3735415 3729805 3816878
3874270 3736358 3829938 3752716
3820526 3848048 3795063 3867101
3934531 3854621 3893718 3849079
3967521 3806154 4015750 3930222
3996678 3724824 3848213 3817881
3912739 3867513 3989363 3940060
3719245 3687325 3681822 3640189
3756139 3707580 3816295 3723093
3835397 3716923 3697242 3646829
3747659 3716857 3903829 3810154
3859719 3875339 3970759 3980868
3902182 3942803 4016882 3849997
3884653 3944794 3916433 3855493
3799725 3957052 4047861 3901615
3718382 3890937 3763943 3797726
3655050 3727648 3887267 3702638
3851781 3798494 3821549 3862985
3748160 3792973 4004182 3811597
3997414 4054428 3908225 3963803
4011511 3823996 3968523 3946785
3972522 4080164 3930671 3935288
3946922 3803196 3959766 3982793
3857852 3922510 3685556 3766796
3756375 3648690 3656548 3782431
3925997 3952384 3826955 3818562
3923370 3672258 3725538 3886226
4027537 4009682 3977811 3977588
3908695 3941780 4062089 3933924
4015350 4041431 3875318 3938677
3918576 3902264 4034501 3880780
3800504 3834062 3801014 3874889
3750858 3840586 3821033 3754542
3887181 3918992 3790186 3873705
3798103 3787829 3974179 3734646
3687912 3842622 3620177 3838664
3717809 3806069 3913052 3676354
3663455 3797844 3610498 3719328
3631351 3771331 3863654 3683907
3735742 3891087 3681801 3848159
3762206 3973543 3957118 3799592
3718002 3917451 3721305 3890389
3777843 3974684 3977108 3715018
3957932 3849831 3817600 3810881
3938091 3859779 3822558 3747357
3813162 3759336 3738286 3741155
3784686 3833576 3749396 3780696
3988685 3908193 3925645 3905916
4003134 4006081 3934085 3923963
3928995 3911847 3969781 3942314
3926618 3956805 3921325 3873672
3817270 3771483 3698896 3759197
3825776 3746821 3912711 3797920
3775089 3642550 3615797 3686367
3720192 3655519 3884471 3842852
3889314 3720411 3829069 3756502
3929433 3733718 3961269 3872355
3883424 3823836 3793126 3785322
3909278 3787107 4002726 3928913
3787304 3854044 3915236 3920037
3825208 3830916 3907039 3749245
3714110 3783786 3794249 3789312
3675042 3720939 3906296 3694410
3895579 3877872 3862795 3971272
3844469 3876946 3980045 3754961
3902081 3973216 3835260 3949184
3816241 3859581 4079565 3862047
3859910 4001996 3859374 3846056
3923464 3800043 3757011 3815968
3838799 3945105 3789231 3813471
3884289 3677163 3669785 3803364
4015863 4117245 3886945 3952625
4023873 3731500 3772320 3968678
3985266 4034749 3890612 3838706
3945887 3819449 3901581 3957491
3824230 3849601 3912218 3865414
3841651 3856701 3884303 3725174
3838526 3785735 3739451 3802254
3772505 3805065 3864501 3713084
3922393 3974521 3866889 3950225
3888577 3935092 4017899 3893279
3861453 4019039 3992881 3958713
3851585 3915764 4017558 3870724
3688725 3831560 3600811 3819246
3774343 3804310 3973298 3664979
3694110 3922835 3705548 3839186
3879429 4023575 3981210 3772245
3687146 3829750 3539981 3848135
3708248 3804707 3836961 3715338
3782068 3884207 3688661 4005131
3790065 3856731 4004609 3775869
3915534 3892865 3936865 3827618
3956441 3868254 3841443 3843073
3999068 3859372 3935021 3880094
4011655 3874910 3954897 3976605
3891815 3861907 3826520 3694210
3849171 3842519 3802458 3832719
3955431 3938074 3870051 3859848
4031565 3912280 3898413 3899530
3820945 3737779 3775392 3765473
3831339 3703948 3861862 3771082
3903176 3796748 3793947 3749756
3907209 3826691 4044010 3872646
3774334 3640872 3683853 3655206
3790827 3689884 3799654 3802130
3968137 3796224 3819109 3731709
3897602 3811563 3949744 3846846
3727588 3842334 3803673 3900131
3733283 3821236 3935996 3785940
3889110 3856798 3994779 3966684
3828899 3874195 4036244 3825134
3841338 3790617 3833105 3850244
3740678 3812686 3963217 3716918
3900934 3920208 3906900 3944472
3898524 3890179 4030729 3800447
3878047 4045765 3767893 3825310
3892738 3793218 3771754 3924428
4000383 4083694 3945847 3949956
3928001 3730293 3816694 3948666
3905386 3964596 3869819 3816348
3796539 3687669 3696971 3864231
3947009 4030028 3940109 3879546
4002918 3778512 3879424 3909784
3889403 3924252 3811096 3821711
3816833 3938079 3919970 3762999
3983127 3952606 4001084 3956000
3977938 3987761 4091149 3929083
3810145 3849794 3787937 3924483
3796383 3868762 3939522 3840617
3952298 3929572 3926535 3943471
3917467 3932711 3998985 3814231
3747517 3900918 3711718 3894558
3732121 4017406 3922808 3711364
3670358 3893211 3656547 3920475
3716720 3872001 3964851 3785465
3672739 3869147 3507304 3794358
3688299 3913859 3914417 3607578
3558240 3678654 3571913 3776095
3564068 3722914 3824019 3607642
3935087 3897122 3833666 3840310
3894698 3909007 3911864 3881522
3986613 3796698 3858277 3851472
3835935 3899931 3855999 3900888
3835620 3852075 3865693 3878895
3973241 3865269 3869526 3827461
3719006 3801837 3751311 3716944
3808368 3712318 3725226 3759840
3927261 3721031 3751387 3724330
3845066 3780868 3965855 3853775
3807384 3723409 3750050 3801645
3803066 3796056 3923268 3831327
3750195 3698856 3732671 3771373
3806429 3701411 3874532 3714703
3716799 3588836 3607523 3633295
3645561 3676882 3774929 3745525
3784102 3854602 3867530 3952530
3780142 3810488 3992596 3833772
3831217 3852223 3838147 3936970
3812754 3829240 3948702 3842017
3813622 3770078 3803533 3921697
3808962 3817216 3868145 3814964
3725957 3764589 3808005 3686238
3620549 3776187 3812447 3688245
3937309 4009819 3920499 3768432
3975815 3782115 3747206 3874705
3941814 4059236 3825867 3855952
3950958 3785986 3816270 3886986
3915877 4033581 3903976 3844398
3862992 3737193 3809550 3865456
3727920 3852822 3734543 3706211
3740037 3621179 3665223 3833671
3867005 3858636 3913215 3853170
3843591 3842164 3941698 3773153
3879534 3901584 3866981 3871217
3900506 3886074 3905636 3834177
3894888 3915292 3884450 3903455
3860181 3868413 4000287 3771811
3725197 3749631 3791260 3735611
3788553 3784909 3825633 3729973
3722051 3885093 3574635 3911835
3713311 3934765 4028023 3748408
3794442 3849914 3689509 3837662
3806834 3910920 3967990 3702984
3894354 3987310 3873574 4079396
3885304 4211924 4110293 3955210
3680178 3859546 3635472 3823791
3715055 3912481 3987295 3681874
3899829 3844821 3913433 3861933
3929202 3865603 3893300 3913164
3925413 3891694 3892066 3875246
3945128 3952728 3860163 3815926
4133336 4053783 4059097 4058438
4131718 4062046 4054245 4055891
3923470 3801657 3782911 3818420
3901594 3882552 3866839 3832930
3847744 3724795 3731933 3762056
3816546 3749271 3884927 3850167
3808745 3798040 3763849 3805887
3882510 3812326 3943509 3802420
4036073 3967639 3992581 3918131
3975503 3948462 4152082 4001783
3769053 3672860 3714330 3766027
3925057 3793282 3940909 3911827
3871359 3797593 3891742 3979755
3796954 3877183 3973878 3762881
3902835 3846130 3889085 3902618
3832355 3908779 3955989 3853078
4018063 4067262 4034261 4050326
3897796 4050641 4091824 3950440
3890397 3883759 3819988 3841292
3745878 3871615 3954004 3867631
3925290 3964080 3973457 3865637
3915447 3703163 3802084 3880356
3989360 4046664 3857966 3893382
3913750 3764463 3683772 3972066
4103470 4158563 4033891 3994995
4086031 3968633 3967014 4028448
3941846 3966133 3880544 3896196
3911914 3638835 3745869 3916485
3870135 3863156 3805568 3849444
3868541 3886745 3966864 3874068
3890680 3930077 3861207 3963853
3922220 3936380 3977983 3779760
4077003 4055698 4015714 4036251
4057284 4077607 4077618 4057790
3828526 3873109 3788463 3928439
3853923 3937409 3881933 3771056
3749741 3991145 3791413 3937088
3874230 4031669 4085384 3880563
3714326 3883950 3711605 3881158
3770668 3951080 3987439 3698560
3774512 3838394 3689840 3792229
3749310 3917724 3939284 3740927
3677938 3782072 3512360 3753376
3619526 3807867 3918002 3724895
4072403 4011032 4028752 3940804
4009202 4007957 3989338 4009024
4001449 3853860 3796300 3963398
3990204 3943226 3913278 3908818
3961724 3851039 3885383 3825243
3957994 3868222 3882578 3855082
3941233 3783856 3836694 3824391
3827439 3820147 3760077 3739534
3901098 3903580 3851764 3789914
3962875 3822280 4131113 3976880
3898565 3883100 3703123 3815114
3938901 3827731 3938689 3926906
3861041 3731290 3795773 3757452
3837992 3781393 3956048 3812997
3744653 3705560 3684984 3653184
3736394 3677922 3856489 3749483
4024115 3922075 4032854 3981128
3901952 4001739 4077212 3933553
3810883 3931592 3939206 3911979
3883341 3886400 3974888 3847156
3834393 3886177 3878603 3889032
3884338 3895097 4038142 3798972
3826343 3767709 3798161 3826019
3765875 3814084 3873634 3778112
4069387 4131107 4011754 4031372
4010688 3806375 3875526 3987015
3948197 4030328 3926929 3847210
3989126 3775510 3811909 3954032
3936615 4021457 3915062 3941066
3886276 3728727 3754825 3934464
3953572 3888713 3727757 3758813
3896839 3577284 3685721 3831024
3939297 4044769 3962717 4065322
3980022 3997193 4127130 3983265
3948435 3894600 3801045 3783292
3869639 3977299 3944253 3859924
3956049 3940334 3884879 3820988
3928689 3920645 3895473 3827517
3807096 3858449 3805004 3837632
3777951 3871157 3818772 3769878
3842169 3947836 3786182 4063701
3941512 3983600 4012937 3855612
3964113 3983908 3799052 3981054
3934815 4045632 4120062 3891356
3761361 3914583 3693570 3883494
3703256 3888456 3962729 3719862
3798342 3937395 3788808 3970956
3858618 3958436 4015636 3858371
4015842 4000158 4043428 3988019
4136832 3996082 3994653 4040731
4084901 4035050 3994775 4013560
4095459 4023372 3930822 4006483
3976854 3896568 3931843 3919211
3930835 3895569 3861347 3951248
4005047 3985062 4007126 3954335
4006174 4070186 3958995 3978669
3973169 3803221 3930615 3873778
3936588 3869674 4082493 3965653
4022852 3856319 3922320 3867613
4020186 3953732 4034849 4061152
3927775 3775687 3833952 3804697
3887127 3869373 3997440 3823041
3955674 3773113 3874662 3862710
3902482 3842267 3999140 3952431
3999728 3998277 3955845 3955377
3982013 4052590 4104821 3895011
3947500 4026413 3933300 4038627
3868540 4005978 4082176 3877748
3895413 3906097 3939400 3952377
3841000 3956461 4041993 3741961
3932992 3879301 3929711 3869809
3899952 3912714 4124683 3906524
4103391 4114194 4070405 3982773
4059697 3850766 3829525 4059999
4018188 4182408 3997189 3964930
4022009 3906194 3903908 4079157
4015901 4022277 3840231 3844105
4008291 3805941 3837570 3937199
4051641 4163184 3933973 3974605
3997188 3832487 3843854 4040738
4049922 4045680 4127332 4061369
4002958 4066145 4085823 3921804
4034809 4035030 3960367 4020816
3964314 4050108 4068338 3962021
3917520 3890421 3945654 3918605
3921044 3843513 4055085 3883507
3927926 3967920 3932918 3910640
4026649 4004710 4020209 3908695
3749620 3953985 3738841 3949747
3825637 3966564 3971728 3772506
3857630 3969338 3754576 4051478
3884883 4059483 4027761 3817501
3854062 3892460 3651654 3864290
3841357 3994020 3975072 3772273
3674706 3844926 3613842 3861793
3729453 3861141 3854465 3796475
4075535 3980946 3869034 3901989
3900282 3962674 3941527 3882058
4046990 4019731 4013506 3901584
3999855 3971678 3915120 3953229
4038433 3979209 3934875 3886748
3961369 3935104 3971228 3946334
3930940 3815059 3863902 3791371
3938235 3824489 3746240 3866293
3882286 3753341 3835828 3741758
3868141 3845740 4026352 3916436
3944320 3828451 3802204 3869505
3967890 3952559 4019680 3982753
3937105 3861162 3878916 3898576
3907300 3827832 4061208 3876385
3781837 3735341 3688996 3738973
3862273 3741196 3954875 3921251
3923503 3867119 3887713 3951426
3867427 3947754 4007104 3910738
3889470 3991599 4041449 3968180
3862396 3980819 4060651 3930784
3869183 3935306 3934296 3889717
3904892 3899227 4099298 3871514
3779896 3888294 3858634 3818620
3796239 3809107 3993461 3777914
3971728 4096411 4047328 3898667
3987604 3833168 3896506 3979563
4133564 4165524 3957104 3983509
4008403 3880067 3844343 4005708
4000931 4082944 3996188 3967609
3909574 3725876 3885572 3957445
3877086 3928799 3885336 3828809
3918346 3658615 3741968 3885814
3945800 3975823 3882177 4003551
3938176 3914751 4075530 3887087
4015239 3956936 3980157 4007948
3970425 4037657 4061785 3976526
3945482 4030382 3915541 3956660
3943284 4013219 4038481 3761632
3858493 3861016 3945792 3802999
3901576 3907318 3904833 3723802
3707359 3836871 3603845 3862531
3816731 3794685 3891098 3718072
3739655 3913996 3676201 3807809
3744440 3915448 3919935 3764875
3733593 3930795 3795242 3945106
3800855 3946757 4044233 3836897
3727107 3821722 3639053 3813100
3749646 3893938 3980257 3646972
3883336 3776562 3933799 3773425
3913547 3893181 3890372 3840388
3903238 3853303 3901069 3841294
3903844 3878147 3888437 3865228
3995129 3980357 3937068 3947890
3891640 3864780 3947022 3963636
3848162 3881857 3870884 3871681
3945403 3868728 3915580 3834438
3749885 3740145 3787774 3825421
3805452 3711818 3959141 3790312
3899322 3665685 3747110 3757038
3870568 3796765 3981731 3906372
3907413 3832863 3800846 3873978
3865683 3877416 4077169 3890015
3853247 3837795 3827490 3763539
3908714 3902303 3893432 3862471
3909726 3830056 3823381 3905458
3795758 3863435 3908191 3751282
3857888 3914985 3972377 3923052
3862718 3872091 4102019 3827760
3866351 3903139 3965876 3933645
3878553 3970021 4082409 3864097
3861036 3862051 3755188 3949636
3819920 3880882 3974802 3785671
3975835 3927277 3959854 3862180
3842385 3709523 3774924 3855726
3894755 4075406 3887371 3820758
3856489 3677187 3796557 3908771
3949906 4079504 3887954 3925765
3980852 3814707 3852123 3955594
3993874 4046840 3775711 3916029
4002434 3719709 3825345 3847245
3834000 3873094 3907770 3787466
3789396 3921959 3977888 3828589
3837689 3937667 3805164 3855800
3867546 3876049 3915416 3805707
4038278 3983172 3930246 3980841
3920036 3972149 4005990 3855200
3883330 3963721 3792383 3903204
3830846 3918821 3935994 3908334
3976055 4037880 3913616 3983639
3958132 4182659 4011554 4068889
3763917 3753305 3740359 3772694
3822830 3942126 3858357 3873166
3832744 3848048 3799339 3759523
3828905 3913187 3857295 3923646
3814942 3743475 3774588 3676416
3700409 3877460 3822701 3792675
4105557 3915162 3866954 4094465
4189932 4123519 4109605 3876921
3866599 3880897 3754895 3876959
3998121 3910906 3835558 3641941
3905183 3997787 3748494 3897141
4022242 3969703 3910400 3760904
3895620 3835456 3647429 3838535
3786138 3812644 3850750 3640311
4124017 4235204 3914323 4055803
4081260 4087873 4008789 4067310
3862742 3889406 3732920 3797816
3901800 3852341 3754531 3846053
3898825 4055300 3782076 3787721
3960460 3941990 3885320 3897669
3764892 3848037 3665462 3817358
3770593 3939598 3740454 3842023
3933097 4165569 3962486 3981980
4105018 4023767 4014403 4162014
3717522 3957385 3858607 3733521
3917400 3843411 3846635 3954869
3783685 3994484 3862358 3882818
3931042 3901082 3884615 4006163
3720501 3870921 3723810 3798662
3847640 3788957 3805740 3915873
4076649 3961336 3942452 3975403
4062189 3831622 4158319 3893957
3929648 3923295 3779340 3735498
3843377 3670620 3818817 3685295
3968709 3799775 3862170 3844411
3952374 3716661 3982137 3854815
3893192 3791519 3727812 3753350
3907154 3576084 3891588 3615446
4116582 3910964 4060859 4045564
3981613 4157811 3987486 3967992
3897050 3773152 3959306 3821677
3732487 3959252 3744724 3759736
4003200 3774395 3988771 3785679
3922330 4039679 3867044 3858949
3833963 3643599 3876948 3752615
3662124 3851507 3837009 3809308
3863676 4001829 3852171 3878415
3855263 4093644 3970369 4016678
3820540 3882491 3683568 3743094
3644821 3917637 3934797 3990636
3900500 3846810 3858428 3828730
3847271 4103565 3896160 3963907
3777569 3724573 3681112 3779769
3730508 3951057 3753505 3836025
3965284 3891279 3804247 3855412
4129793 3952427 3993115 3793201
3886759 3765123 3731258 3824320
3922508 3871981 3807467 3641776
4043856 3937795 3832635 3950734
4036748 3994385 3853894 3822141
3812832 3826116 3808807 3910609
3950282 3842802 3836154 3621101
3962666 4037739 3843861 3946743
3906673 4005365 3872688 4018715
3889612 3932548 3719692 3819539
3881740 3927234 3855237 3922482
3968556 4067015 3891891 3909387
3927469 3993067 3838696 4027075
3847115 3879556 3749116 3889329
3871740 3901243 3754137 3812788
3819527 4002661 3864427 3874689
3940751 4000000 3823401 4057335
3691254 3997008 3749094 3702972
3971395 3878469 3825325 3900229
3822728 3958548 3854944 3903704
3996753 3941308 3913377 4037191
3731399 3847934 3765851 3809492
3895511 3761597 3832662 3921917
3974666 3920308 3944476 3897373
3972969 3703100 4040962 3767747
3901817 3829222 3865186 3779703
3823355 3629834 3859310 3708289
4007103 3936370 3886535 3802815
3864482 3772867 3868745 3817844
3827637 3738179 3810173 3895925
3805392 3652766 3882804 3686799
3923164 3823056 4094551 3894201
3844551 4005917 3859115 3941025
3835873 3707963 3989092 3735786
3821082 3902649 3827637 3878275
3865822 3778108 4118510 3807656
3809790 3956484 3872768 3873928
3827594 3721682 3992719 3700066
3760941 3933329 3802201 3812987
3834004 3772595 3759155 3760289
3723824 3923112 3859073 3862862
3885933 3869448 3910470 3802790
3839805 4056890 3959574 3953613
3998667 3936920 3816625 3893851
3835116 4038611 4008438 4072422
3810516 3859419 3707863 3781970
3774986 4096312 3881650 3966012
3885401 3935243 3724319 3843988
3919485 3888107 3794731 3660170
4051842 3897533 3786888 3982913
4084367 3939424 3943012 3766978
4099819 3999825 3815360 3976096
4068581 3979598 3941726 3837451
4019060 3934697 3859547 3845329
4050677 4033512 3843263 3746556
3825903 3943864 3757358 3840299
3893181 3954846 3760331 3933874
3972955 3999272 3845667 3924450
3914221 3982167 3915465 4026556
3991313 4048182 3841604 4008990
3985733 4037780 3991313 4006202
3876835 4021660 3806209 3831187
3998080 3998451 3895361 3916095
3710414 3865364 3738526 3784860
3909302 3842805 3825607 3904420
3784164 3960728 3830504 3884558
3924786 3907186 3907478 3983094
3862408 4008795 3966540 3875470
4033368 3977301 3988915 4135397
3761601 3891344 3814922 3886289
3923730 3908280 3989280 3947578
3906568 3746490 3799337 3824442
3890242 3659563 3894377 3680078
3968335 3923453 3890003 3862569
4019671 3735788 3979192 3720141
4013707 3893246 3954748 3852552
3989003 3650551 4075785 3798496
3961446 3853178 3880057 3842728
3957478 3738549 3955109 3816518
3848599 3650898 3928436 3803582
3826359 3903783 3763687 3801683
3934786 3853059 4073457 3886613
3809156 3931002 3837887 4014973
3979956 3932851 4040072 3911778
3806581 4116560 3903381 3938012
3997493 3825908 4064106 3885172
3845557 3981017 3869205 3859336
3934105 3897109 3867792 3768417
3820196 4069008 3983422 4041168
3829797 3775371 3742247 3707711
3766019 3935095 3806365 3936467
3846519 3897395 3877294 3844332
3756760 4035615 3927358 3897623
3887829 3761547 3668363 3735936
3785669 3947952 3809731 3936686
3995723 3939456 3906097 3970936
4031689 3994679 3960292 3905504
3885721 3799883 3656995 3841938
3966330 3846667 3784016 3759873
3995410 3942862 3833483 3960656
3978408 3900686 3836077 3807656
3930183 3842115 3720667 3763310
3952591 3897109 3871324 3625455
3901043 4093300 3860175 3956596
4016881 4117278 3878696 3995475
3821244 3933484 3693613 3729924
3845685 3887647 3747183 3796420
3905968 4062664 3777228 3852679
3926060 3983321 3886057 3970248
3913220 3939630 3745640 3733951
3980869 3861209 3831840 3864258
3877926 3919320 3853650 3929176
3967002 3943429 3954894 4022949
3709099 3882709 3736083 3752520
3907155 3788392 3833796 3956911
3810133 4004720 3917150 3924677
4044576 3885127 3950930 3998803
3701641 3833875 3775029 3772298
3832430 3836665 3824868 3961668
3959402 3864565 3901253 3942167
4008643 3833745 3988214 3763793
3968155 3723716 3786765 3749853
3817140 3603145 3835858 3760152
3875269 3926965 3851110 3871922
3925232 3764090 3992969 3813464
3877163 3755256 3795024 3787262
3855323 3559379 3857668 3752540
3998217 3782313 4007397 3903278
3888566 3991338 3939811 3937905
3833879 3761490 3949940 3761549
3671056 3903053 3740564 3816635
3981785 3820687 4048130 3900314
3851278 4071672 3875228 3881276
3867250 3758139 4009266 3760669
3755158 3912399 3785006 3854906
3893596 3806660 3859916 3792320
3767905 3949108 3872552 3827288
3844335 3827855 3852529 3747191
3761147 3986413 3888033 3874780
3920836 3819560 3812755 3829339
3879501 4014083 3921167 4005851
4162510 4022411 3947293 4033706
3982057 4191642 4072493 4121810
3909483 3876375 3747564 3758259
3887528 3868959 3745446 3639694
4000550 3864114 3747070 3856124
3951861 3979882 3784511 3677355
4001394 3870077 3817254 3869363
4054973 3969466 3992754 3765425
4190637 4047499 3937782 4080040
4261401 4105947 4102541 3923099
3849904 3896796 3781352 3851059
3931105 3917720 3898861 3924032
3888150 3949857 3774721 3905161
3907761 4013615 3859749 3982139
3962455 4071190 3811258 3997211
4032721 3994528 3845042 3941386
4122461 4204464 3955811 4025533
4114229 4212989 4013635 4098337
3804096 3985126 3717947 3812535
3896626 3745083 3771981 3963109
3822169 3986882 3851879 3819126
3843233 3885934 3883165 3973449
3800971 3916659 3794522 3818298
3997429 3875177 3896736 4021628
3930896 4180206 4009463 4036921
4111723 4050455 4077114 4159218
3901621 3876788 3781808 3813429
3894836 3604905 3886285 3629645
3869665 3840347 3891686 3839501
3915766 3680893 4004995 3686277
3944269 3879372 3828149 3843780
4006800 3812804 3935143 3813546
4142086 4057009 4043963 4111680
4136699 3927207 4118102 3877253
3850414 3713531 3973347 3728352
3733095 3918035 3844100 3841974
3922027 3746463 3999334 3893008
3803365 3995039 3834193 3868445
4062350 3835092 4021961 3869735
3785785 3950142 3906295 3911572
4124621 4059173 4254747 3969174
3997259 4152809 4152667 4156316
4034489 4065114 3924732 3979432
3965059 4074611 4038746 4015609
3916135 3906696 3784754 3858933
3831457 4080126 3985021 3995925
4044622 3979961 3910683 3830938
3844258 4146293 3985748 4061170
3817309 3750824 3665546 3664913
3705283 3907530 3790391 3869695
4165200 3994273 3864892 4028341
4142827 4161704 3960445 3893267
4061559 3885878 3821297 3988545
4047518 3944263 3913995 3826412
4111072 3941972 3807618 4046972
4191369 3983294 3963865 3849751
3751754 3832365 3666100 3848829
3974251 3851460 3831834 3667424
4038727 4059132 3930765 4001057
4011370 4143070 4045914 4049084
3870957 4046459 3898228 3940894
4023209 4101166 3850291 3972933
3953620 4117428 3845726 3916381
4032740 4101224 4015912 4093452
3848609 3971216 3733398 3816286
3938599 3941902 3775237 3905137
4015285 4130279 3937443 4019980
4083102 4093891 4008334 4103866
3812296 3977146 3873362 3854976
4071703 3905004 3957831 4080730
4017624 3985959 3994913 3879321
4025982 3994548 3973556 4074285
3736162 3867814 3739819 3759151
3857278 3844008 3870418 3943418
4137530 3988116 4027066 3978065
4036900 3791255 4113469 3818613
3992807 3977336 3891650 3877327
3921431 3758726 4083564 3775463
4043113 3911368 3902667 4010417
4036354 3710354 4013540 3822438
3790620 3720325 3762083 3777582
3817830 3611243 3903732 3599801
4146902 4026972 4213385 3965400
3876893 4056800 3961148 4001050
3986933 3895647 4082331 3890843
3812423 4041938 3860524 4017656
4031829 3901304 4053355 3888605
3965404 4135392 3909695 3963788
3793552 3766544 3986802 3739985
3779804 3938172 3798191 3849271
3809119 3839212 3714114 3687265
3627105 3891133 3821762 3902248
3847508 3837306 3744219 3811496
3768814 3978835 3809354 3836010
3914797 3803099 3824645 3730915
3808779 3988473 3989651 3971812
3978301 4022290 3970493 3879537
3887871 4138776 4082571 4023448
3800449 3781438 3697749 3810305
3866964 3829915 3819834 3700796
3972918 3857027 3811156 3864851
4031136 3932103 3867708 3728886
3979275 3877228 3796341 3923320
4044941 3949973 3848837 3799270
4079452 3962367 3941655 4081214
4155642 4095878 4014720 3919734
3815065 3897267 3750480 3839933
3858624 3855810 3724667 3820960
3876230 3922360 3700276 3873115
3976655 3952880 3867913 3913849
3888828 3956458 3832415 3937848
4013384 3993084 3828433 3925383
4040211 4207394 3952145 3947663
4121212 4060943 4077293 4094189
3729458 3895745 3762415 3742864
3877417 3729256 3846463 3915527
3767891 3911946 3792326 3748321
3912424 3807042 3941616 3972302
3778459 3817291 3879645 3860964
3861850 3862675 3885034 3954623
3954927 3985549 4062773 3953094
4160638 4025462 4070522 4097514
3900535 3771159 3767578 3783862
3860710 3650976 3885466 3611031
3979352 3817174 3853256 3783594
3855644 3662329 3980965 3750496
4006274 3831059 3852680 3801411
4009876 3708772 3995883 3749895
4127213 3953813 3994492 3956314
4089688 3810865 4118756 3891710
3876762 3717871 3917112 3738220
3794866 3900396 3745309 3812209
3851353 3750733 3976240 3716354
3828098 3967947 3815711 3850545
4011949 3812403 4007090 3761845
3782840 3988056 3880872 3841205
4059186 3923912 4181926 3894783
3995121 4073438 3951044 4017214
3855105 3817623 3819765 3805701
3778507 3942364 3838613 3943496
3804854 3872913 3736982 3770016
3828085 3977925 3924859 3913055
3729338 3736978 3719220 3673327
3730859 3836257 3827216 3891310
3803748 3640749 3692614 3698509
3687150 3869899 3734560 3762301
3971624 3826630 3709075 3854824
4046001 3929707 3823785 3729383
3896687 3839523 3788920 3968071
4020487 3920107 3847947 3759358
3905757 3790122 3650664 3889593
3910276 3803827 3771108 3692978
3897391 3765909 3756086 3784632
3864268 3816384 3680101 3624789
3924047 4070865 3814632 3836839
3965153 3942510 3884654 3940591
3899888 4007583 3799463 3902103
3967371 3911099 3777867 3887793
3852301 3878716 3740685 3867094
3859416 3921797 3808748 3882884
3743884 3799314 3682518 3780737
3740270 3906648 3657257 3781551
3840081 3868870 3817432 3863222
3907389 3936890 3936136 3950500
3816580 3955851 3863321 3851843
3878235 3823188 3812026 3958153
3697839 3782202 3762397 3771130
3860116 3812832 3803597 3896851
3671934 3734828 3722258 3697660
3800783 3661770 3837083 3892506
3937855 3792880 3862789 3739775
3972760 3754461 3960969 3733614
3854947 3860958 3824986 3877492
3956270 3616308 3980852 3696263
3852621 3834731 3805707 3763849
3876075 3651831 3815936 3618015
3763679 3700559 3726110 3752413
3859227 3606563 3796115 3674569
3941096 3841527 3969188 3845328
3815959 3955649 3801826 3896322
3902841 3791937 4008320 3752800
3801486 4009678 3875229 3890306
3813842 3743508 3838383 3733782
3675482 3898405 3787553 3851253
3782160 3703654 3878600 3697101
3712270 3916331 3717199 3836703
3866716 3837337 3748794 3723407
3754359 3901286 3905473 3880874
3848104 3850118 3730928 3722208
3778238 3941456 3826441 3881005
3895632 3792189 3804364 3730530
3702024 4020414 3853840 3824361
3748726 3880154 3757563 3774847
3742310 3925146 3866458 3960572
3907728 3867007 3709975 3844149
3842887 3919318 3834987 3715698
3935678 3905328 3835851 3941403
3949400 3889136 3900891 3685934
3900116 3816076 3748866 3831050
3902735 3954242 3762017 3735054
3860572 3808078 3770214 3907896
3931178 3828957 3856655 3700066
3886976 3943055 3772063 3816799
3930771 3931887 3778142 3880007
3874028 3993801 3783987 3905289
3854306 3934251 3820119 3868507
3889145 3979431 3784128 3856987
3853450 4002517 3872765 3858602
3864220 3935344 3834207 3831653
3982766 3987343 3811847 3924049
3742612 3898399 3793326 3845504
3889527 3821965 3890638 3935759
3730146 3918382 3800885 3782757
3832640 3905417 3884867 3911312
3785068 3873943 3858499 3771315
3896211 3862938 3783844 3977200
3677508 3931026 3798615 3799656
3985723 3913074 3863612 3938755
3854621 3813084 3800493 3800256
3818296 3623112 3892493 3636001
3841680 3797951 3797919 3755173
3864878 3709821 3875901 3694314
3872026 3870291 3833967 3836400
3911563 3686733 3984567 3714620
3873906 3827807 3840825 3825742
3859615 3639298 3898772 3662058
3927501 3785606 4043659 3780966
3808024 4016342 3759139 3856945
3879619 3740815 4033215 3819693
3781923 3954638 3887270 3867332
3846834 3721974 3969833 3845639
3784489 3974883 3763355 3906233
3937478 3702782 4054788 3770870
3814149 3895722 3812080 3777778
3968552 3899488 3897178 3936123
3865523 4114519 3892681 3958080
4000919 3965594 3953836 3996584
3958230 4088500 4012569 4005794
3910201 3887793 3894813 3885839
3809707 3993594 3880535 3925631
3875838 3836129 3761861 3718121
3773490 3922771 3851964 3906156
4027889 3955898 3824099 3960196
4046651 4030690 3922551 3788494
4082413 3968667 3840078 4019962
4057039 4135226 3992027 3897813
3986824 3946094 3807868 4009941
4050011 3954477 3864200 3770677
3875648 3826174 3772430 3808648
3929177 3920586 3842186 3688698
3988432 4124947 3870137 3932642
3949027 3951019 3915308 4054844
4030926 4127087 3933714 3926884
4057063 4110632 3905947 4052444
3907191 3976893 3803877 3911007
3936939 3987202 3807919 3956949
3849614 3962157 3812390 3863410
3851073 3931141 3780950 3903525
3891770 3982998 3864051 3973964
4110236 4007924 3960855 4016894
3845420 4075800 3881523 3947323
3947458 4026423 4022879 4115094
3738091 3929685 3863251 3899216
4060301 3874137 3976810 3958589
3693359 3823786 3779497 3759312
3861998 3773706 3862852 3799949
3992994 3873991 3927952 3850926
3919944 3812169 4074131 3799847
3986267 3922682 3923654 4033908
4025129 3741951 4098293 3900430
3851969 3890566 3848706 3896543
4021844 3643403 4007098 3787693
3873580 3816177 3870592 3760377
3834867 3705974 3887328 3666007
4037482 3907781 4037023 3871829
3879175 4095535 3865147 4013862
4004354 3838647 4085946 3922457
3872460 4101304 3957076 3975362
3887828 3852407 4004432 3842533
3848358 4129674 3873446 3888370
3888237 3696415 3893327 3832444
3796797 4002717 3766299 3835046
3765568 3773468 3686034 3717586
3630516 3903937 3807668 3879538
3846399 3845018 3818416 3717197
3760555 3967608 3912961 3863780
3906784 3869074 3906592 3801568
3824803 4059969 3834082 3926287
3829795 3855736 3770647 3786917
3860688 3984444 3864515 3889411
3775787 3735063 3723340 3786830
3882676 3857319 3741595 3602964
3978523 3855907 3725667 3929693
3962480 3898169 3844278 3670387
4039270 3948229 3720631 3924702
4010473 3938851 3931119 3741848
3948149 3978225 3806718 3856105
4014370 3948622 3829857 3711338
3762462 3906765 3659896 3789225
3839061 3807101 3737768 3814432
3879198 3958979 3744706 3898562
3924774 3949804 3790929 3836791
3908537 4026094 3831042 3843266
3903335 4002061 3861917 3919204
3933414 4047462 3885511 3857077
3929960 4008925 3797143 3992754
3670891 3790107 3740820 3765726
3833375 3765188 3797822 3921783
3760236 3917566 3798871 3818846
3908732 3832473 3906126 3994997
3763331 3960961 3860825 3835707
3952939 3947672 3956621 3961373
3795547 3930898 3919287 3842503
3945001 3853251 3909215 3982597
3817171 3766251 3688741 3673902
3840334 3671477 3804034 3608754
3882989 3795427 3789988 3806909
3835111 3613461 3896905 3641342
4034682 3836478 3901826 3822189
3985603 3670151 3936966 3804485
3932126 3805987 3949555 3842340
3909793 3705326 3905578 3654115
3777648 3697368 3908050 3759483
3681351 3882089 3759464 3807592
3936872 3701577 3972691 3697653
3777141 3914501 3898213 3888596
3944603 3793961 3984062 3807316
3765586 3950765 3878394 3926430
3929884 3759104 4102491 3849580
3809229 4006534 3877686 3927095
3711684 3626885 3657548 3668409
3624227 3715100 3622776 3725661
3874833 3838989 3715232 3775954
3747136 3978710 3857436 3839818
3793801 3784338 3728070 3691922
3658318 3857385 3831564 3858445
3882383 3885040 3875828 3858042
3920691 4024979 3864290 3997444
3787756 3628963 3568046 3725276
3827855 3812489 3734676 3556068
3945089 3869532 3745596 3833534
3985834 3864943 3837703 3701858
3870471 3819000 3698059 3709733
3852254 3875036 3733893 3667425
3953034 3945516 3850709 3985484
4052331 4038991 3850154 3788890
3687961 3791113 3571583 3719467
3787507 3746339 3630627 3745812
3892263 3975060 3720135 3871784
3806349 3896136 3916712 3909262
3774430 3897292 3761205 3773393
3879313 3862126 3708493 3861647
3881616 3967622 3886306 3939571
3996274 4017291 3910176 3945663
3631656 3706061 3648423 3583982
3705294 3714623 3740517 3796738
3625986 3932201 3822151 3769745
4011349 3879757 3918275 3934447
3735441 3842037 3800235 3785373
3783660 3750837 3836328 3917938
3851146 3990932 3829649 3780677
4015207 3971976 3889262 3974690
3725023 3687552 3685351 3628845
3733844 3452107 3762047 3451744
3958877 3849803 3846790 3849677
3911027 3637126 3897736 3736246
3842238 3734177 3759945 3768246
3789620 3595270 3869395 3624129
3904614 3853724 3926767 3992878
4016093 3692961 4021779 3758138
3660826 3614780 3847842 3659824
3620142 3727396 3731550 3728053
3887878 3692994 3977722 3775734
3791775 4023420 3820083 3883393
3850912 3681211 3977531 3690472
3737594 3908688 3751949 3869359
4065412 3900822 4103098 3885902
3807617 4024335 3883718 3905449
3859761 3920695 4094398 3924854
3794823 3960072 3875423 3989306
3747306 3847116 3908121 3783090
3719000 3881389 3743600 3920422
3848413 3951741 4005698 3905174
3670742 3893956 3810121 4006344
3902373 3859111 4050681 3869104
3710198 3998354 3855959 3956766
3947191 3922406 3789503 3989179
3955876 4012765 3998340 3866413
3866246 3885932 3718200 3918768
3780577 3902765 3893374 3705299
3934256 3951412 3894015 3900448
3823817 3951965 3884453 3818697
3939161 3890448 3818456 3964260
3802841 4049146 4006448 3822907
3937607 4008289 3973083 3868255
3839843 3930811 4102573 3919589
3851620 3847282 3884721 3748440
3841301 3794614 3998913 3717693
3924855 3928647 3903796 3885965
3853278 3848390 4016749 4006507
3937442 3923788 3951271 3893926
3924259 3906637 4081421 3854559
3885534 4005164 4054764 4081891
3807954 3880044 3948051 3838825
3800551 3819263 3882772 3948390
3696656 3667897 3773952 3684965
3821930 3891944 3883629 4034124
3840706 3878408 3852919 3716230
3896721 3945864 4030140 4138054
3803063 3835795 3826842 3757233
4084381 3886695 3965844 3941200
3833780 3984432 3952376 3925710
4119447 3726939 3727422 3831982
3683295 3919226 3832724 3675136
4124453 3756955 3933514 3939810
3756342 3996600 3881929 3892737
4173311 3806755 3952428 3909724
3797959 3960944 3933809 3924231
3927208 3991761 3882185 3934047
3969421 4000832 4062533 3892625
3849944 3968746 3816599 3871235
3876345 3941248 3987378 3832191
3937133 3952333 3921627 3957877
3953383 3950295 4040053 3824471
3916299 3977948 3970514 3931893
3992435 3965121 4064971 3788247
3865838 3923009 4013257 3917930
3791174 3989055 3836434 4036233
3694307 3734739 3879502 3806634
3748095 3824946 3670624 3844865
3803928 3869241 3972190 3825104
3656133 3791999 3735749 3870033
3877125 3870625 4060409 3925376
3835209 3982203 3831746 4027585
4026286 3993103 3836496 3951465
3893135 4047334 3990991 3852566
3860531 3809799 3697289 3847006
3664600 3904252 3772591 3692924
3814509 3856270 3798887 3819462
3817482 3839871 3833575 3728549
4025653 3959272 3883846 3905404
3912895 3911643 4026609 3817398
3989830 3949800 3987011 3896380
3919933 3975145 4098864 4003193
3807656 3752624 3806003 3691947
3753976 3762758 3964188 3776425
3910065 3830453 3959647 3791818
3882802 3769378 4102745 3781236
3953627 3926232 3941678 3900597
3846638 3922607 4200625 3918530
3874207 4038894 4048670 4091709
3864961 3980380 3855955 3879938
3787102 3804327 3872369 3934196
3647577 3744900 3740968 3657098
3740536 3788233 3938954 3900294
3744075 3762416 3813579 3718505
3890908 3961649 3998217 4029547
3835891 3840935 3874386 3879536
4176507 3906493 3929623 3919623
3851989 3991538 3954321 3895037
4021105 3722482 3735862 3801057
3605033 3885411 3741425 3636420
4100849 3824386 3805897 3802863
3790221 3897393 3808114 3789804
4180745 3913698 3890365 3962939
3897927 4037707 3908844 3827602
3943728 4015322 3942414 3958177
4084861 3951794 4071648 3935042
3752222 3875667 3732475 3774107
3821501 3779338 3957202 3832581
3794187 3935842 3810305 3868125
3963237 3829077 3956112 3802829
4011840 4023215 3957609 3936269
4052513 3987284 4068178 3910026
3804479 3793331 3978169 3703797
3676237 3910219 3657810 3792521
3757527 3716890 3830697 3739618
3690273 3752385 3616962 3830788
3818149 3786590 3961363 3862223
3719535 3861069 3677688 3936116
3875213 3879672 3986226 3807409
3680116 3916774 3866832 3926799
3877277 3757759 3711271 3809551
3656645 3807179 3807297 3710466
3828220 3710174 3689188 3794637
3679332 3843239 3762259 3672988
3882777 3843139 3656538 3799932
3699325 3900950 3799881 3663505
3925788 3809311 3826943 3956257
3793072 3883660 3924249 3778065
3850556 3821732 3874441 3786099
3802515 3777402 3991468 3773255
3821137 3798150 3744210 3641982
3711476 3711341 3983060 3698114
3785887 3717170 3851581 3808686
3782457 3848380 3955227 3752575
3848670 3863173 3898715 3829452
3838334 3852349 4066498 3826349
3796374 3835801 3896602 4030783
3641314 3789384 3896900 3668573
3725307 3841271 3800605 3857574
3692708 3615507 3705699 3693177
3760022 3826360 3850564 3924240
3723726 3751240 3755697 3680596
3775840 3919482 3893382 3986759
3773896 3744401 3849061 3734460
4007817 3766213 3711072 3861339
3728878 3844887 3739894 3761070
4029871 3671478 3708065 3821806
3666810 3851628 3762292 3660921
4039535 3770018 3899931 3903537
3645761 3908522 3769082 3693806
4114305 3834982 3884018 3927116
3786125 3994118 3902484 3725159
3808830 3828539 3785584 3781271
3914824 3795414 3921722 3828960
3731606 3740075 3778755 3734882
3833394 3854031 3916854 3653776
3844461 3847959 3795034 3774062
3886078 3749493 3866023 3739207
3902944 3868393 3876265 3886459
4017352 3862611 3982499 3801859
3854159 3867050 4021456 3876309
3750683 3927296 3804945 3950162
3973523 3945305 4091716 4003536
3775931 4056865 3906684 4069465
3816930 3898690 3991350 3861762
3699770 4000948 3788017 3963947
3580401 3673301 3872230 3719354
3561269 3759732 3607401 3842812
3927753 3871530 3867082 3912953
3839706 3959102 3960438 3836898
3998019 3954024 3960879 4024884
3824007 4024057 4019712 3861361
3900207 3898850 3788090 3991144
3785129 3874924 3927495 3868023
3737736 3703962 3615723 3717608
3684769 3793446 3836773 3600788
3934994 3891880 3969445 3788702
3835653 3871814 4077208 3842884
4022818 4059295 3914780 3940630
3952317 3965748 4150168 3917895
3920205 3881187 4009457 3814159
3843453 3881123 4072059 3866879
3683423 3637652 3737965 3620944
3707135 3722815 3888805 3608820
3830175 3889259 3987508 4078407
3792650 3834894 3843648 3724937
3890131 4034646 4089171 4101701
3789384 3920654 3945185 3886686
3907969 3817571 4000260 3988780
3797264 3801689 3920696 3768708
3648001 3702684 3747067 3843198
3586418 3715655 3719885 3647156
4198428 3776957 3859664 3872386
3758828 3967869 3930699 3790511
4195005 3861980 3963629 3971913
3918442 4076997 3993986 3895690
4138543 3820962 3831011 3859083
3769515 3991505 3845540 3807000
3998991 3714192 3695811 3734227
3582426 3794304 3709565 3695394
3970562 3963418 3879398 3790261
3987401 3875516 4054252 3861537
3905224 4034448 3919875 3985502
4044277 4033707 4131737 3977187
3877792 3935255 3923004 3849057
3994452 3968957 4013356 3937534
3787685 3738731 3733440 3667237
3746443 3754735 3795779 3688173
3905145 4006380 4107636 3884041
3803376 3976850 3876275 4124122
3868640 3892687 4023242 3884873
3706803 3985026 3807597 3999566
3847490 3950338 4169381 3935328
3825709 3964997 3835786 4039000
3756999 3792784 3961087 3800830
3723439 3865865 3688940 3868389
3934738 3941565 3903498 4006724
3872944 4015431 4036893 3956250
3912459 3866135 3816426 3970942
3832677 4008686 3962696 3768379
3944001 3982572 3886860 3927036
3872726 4014229 3925252 3834519
3875447 3824862 3748068 3813552
3691444 3831241 3821482 3688637
3940719 4026970 4076717 3898392
3947797 3954933 4155973 3961194
3961859 3967633 3864122 3781686
3903881 3873626 4134203 3884529
3933114 3970924 3944735 3907234
3810056 3898769 4152718 3993408
3825471 3908932 3793397 3728562
3763148 3822893 4001655 3713987
3941095 3998118 4082271 4152066
3798882 3973094 3999499 3825472
3850031 3887538 4022429 4000958
3783043 3862374 3848656 3814467
3906920 3918956 3981888 4078006
3792877 3861868 3897240 3814410
3858101 3878199 3817112 3933000
3713477 3726239 3784077 3733130
4243101 3939356 3886488 3983641
3848842 4076055 3974072 3905001
4191654 3876115 3922406 3891110
3806434 4033996 3910426 3848263
4168210 3907660 3912197 3967298
3875714 4090575 3993517 3912940
4093402 3682780 3738028 3845579
3690025 3877545 3829186 3726943
4046092 3984224 4037376 3986760
4059191 3975539 4171291 3966389
3985531 3941240 3904585 3818463
3922972 3981677 3939166 3839179
3895257 3958307 3962262 3832973
3950483 3970669 4117729 3862409
3880507 3928779 3805565 3778075
3885419 3803595 3977252 3715487
3832890 3817719 3969962 3867231
3707419 3970136 3751262 3872670
3760198 3854748 3954534 3823404
3693583 3879664 3843726 3932556
3715312 3848750 4020745 3815732
3653652 3836728 3751359 3890669
3947259 3952831 4144912 3966546
3833381 4012877 3889859 4008911
3909413 3844178 3839206 3903088
3816654 3995904 3870937 3705828
3877595 3814549 3833648 3839256
3712253 3882589 3889184 3694552
3844503 3828463 3853614 3870110
3793945 3895454 3844405 3730891
4046440 3929182 3871733 3983364
3905406 4065768 4063809 3895678
3866290 3965126 3909572 3802263
3737159 3789548 4102166 3896466
3913732 3857664 3852212 3718436
3840415 3838338 3987953 3775981
3927952 3832745 3956488 3781260
3788299 3828994 3985373 3833229
4009875 3936599 4085605 3970374
3952367 3960003 4143296 3968554
3773945 3847741 3950689 3970141
3797170 3767070 3895042 3708473
3778654 3778681 3927964 4003235
3745703 3745879 3848787 3722028
3787843 3865033 3964382 4019163
3659270 3743620 3830786 3745158
3932769 4005315 4095036 4189702
3947905 3897204 3917323 3874191
4141681 3799908 3886368 3891475
3694002 3998851 3805386 3774052
4039369 3819989 3727448 3809219
3760878 3924486 3791591 3832282
4054715 3774617 3795763 3872993
3709994 3973432 3837290 3795001
4265125 3950998 4042313 3935537
3876849 4057931 4007911 3919616
3835036 3917607 3794746 3869726
3878589 3961089 3911419 3878118
3853131 3922745 3881773 3862679
3875078 3889476 3962158 3771920
3871581 3936174 3848405 3914255
3935663 3829290 3954776 3801774
3974346 4057225 3930260 3861932
4118097 3989531 4104356 3953846
3803739 3867285 4035399 3880686
3754969 3929372 3806047 3913351
3802639 3892702 4134433 3916498
3771319 4017182 3803348 4034656
3772717 3731758 3970396 3803881
3666965 3805526 3594877 3919570
3766347 3809620 3873304 3844935
3746367 3839985 3711963 3862909
3900523 3876687 3829546 3968187
3856467 3989060 3928076 3860259
3968173 3936077 3927580 3909072
3852797 4037413 3953383 3780042
3820617 3705506 3717789 3762487
3758853 3821590 3794285 3712927
3871806 3755761 3681820 3936754
3761219 3916260 3908207 3722358
3938260 3922808 3951729 3787899
3814942 3869251 4057381 3792284
3915469 3887866 3903345 3810744
3903795 3875068 4134573 3774179
3769141 3875096 3847606 3723884
3760624 3804936 3845966 3749217
3783545 3896197 3833591 3723313
3769592 3887256 4070813 3821734
3809406 3875108 4018753 3977481
3826638 3866788 3825252 3765022
3825201 3924232 3992730 4020172
3800697 3802928 3832774 3882089
3708685 3766616 3904895 3940463
3661720 3774139 3667726 3732550
3755801 3783147 3889924 3996510
3826799 3721810 3758476 3776073
4102243 3789860 3791758 3886639
3800776 3980303 3862661 3837337
4193700 3797964 3890382 3948952
3849278 4123979 3940221 3816200
4036611 3676920 3786230 3730146
3746537 3882909 3767502 3651626
4068737 3737805 3810981 3852544
3700144 3915662 3897871 3769265
3875488 4038901 3885436 3859550
3974057 3992808 3960811 3783783
3919716 3990358 3899826 3926161
4024182 3932497 4086493 3885920
3889523 3853041 3782203 3792018
3857673 3825414 3943307 3767578
3877183 3868427 3807472 3832095
3885261 3803715 3984640 3748389
3837551 3958782 4131648 3897844
3819421 3916728 3880171 4013197
3688838 3749955 4026234 3750467
3601385 3832349 3678488 3875615
3737592 3777699 3969112 3707366
3562376 3780434 3658372 3878414
3862172 3898048 4079118 3930979
3762804 3990551 3910218 4076478
3892349 3903113 3758802 4003539
3789933 3884464 3961835 3904150
3832117 3804395 3697095 3831312
3676268 3893663 3813836 3675870
3822247 3756143 3664743 3840534
3673297 3859995 3817356 3671339
3989749 3942690 3839053 4101204
3923641 3983795 4002955 3745868
3941726 3886744 3902814 3875359
3928170 3931473 4190665 3849869
3844441 3786168 3817721 3723242
3718153 3831475 3982423 3749622
3865846 3890609 3894508 3686790
3768951 3799643 3974256 3772425
3918772 4019771 3995413 3919754
3933551 3939194 4074548 3911023
3814112 4014606 4106143 4077023
3876330 3893203 3890590 3847146
3718131 3750644 3909627 3967444
3744655 3690149 3724407 3768968
3770938 3696186 3838579 3935057
3677401 3739076 3651294 3614634
3883571 3953314 4031947 4066225
3841733 3851864 3957686 3908800
4047065 3865083 3887879 3944443
3764263 4012502 3948308 3798858
4037840 3783484 3756928 3814238
3676330 3843232 3780849 3743918
4004429 3747175 3728899 3776240
3683932 3897225 3773569 3751719
4186220 3850496 3863542 3921369
3860639 4048544 4006228 3905939
3905173 4007689 3923126 3873464
4060984 3974980 4135213 3848639
3767896 3812181 3879051 3803937
3894953 3840960 3842430 3784273
3875849 3850542 3863967 3768240
3818898 3744197 3894437 3724342
3985206 4019179 3956484 3973159
4063208 4033511 4041884 3864289
3851654 3945730 4090533 3936014
3705878 3999140 3771823 3960706
3691794 3692442 3856236 3731376
3517088 3777574 3671000 3841079
3778206 3856236 3938566 3812148
3763453 3895751 3681725 3951301
3673979 3804741 3882448 3716505
3651132 3861266 3618795 3865463
3949353 3884729 3854996 3926081
3746638 3935772 4013956 3858961
3804855 3734100 3706529 3842346
3578483 3842356 3758332 3668493
3753613 3771758 3764940 3961668
3799942 3884723 3923287 3860507
3842692 3783054 3718130 3820869
3704658 3884193 3758754 3617856
3971240 3797451 3955784 3903440
3914833 3879390 4078546 3818776
3713547 3747099 3855685 3631946
3733915 3769606 3921201 3761377
3928866 3854281 3960985 3784222
3796112 3880965 4040847 3749081
3783316 3847329 3707050 3721619
3691072 3722669 3969731 3749089
3821840 3965296 3983849 4017961
3825223 3808148 3886851 3839660
3753650 3710382 3787832 3797948
3699467 3734847 3670100 3602623
3847275 3912200 3911142 3943367
3730491 3777841 3786332 3723785
3721529 3671454 3827026 3904591
3766857 3636956 3725184 3606446
4207452 3865144 3866860 3954356
3819576 4039099 3897913 3862991
3972056 3659508 3673299 3777614
3667686 3853469 3755187 3675268
4079862 3801329 3783500 3855278
3783467 4029987 3966360 3763764
4037263 3731685 3680552 3834563
3653965 3809348 3773727 3720190
3952923 3977841 3917635 3870312
4014231 3858452 4098372 3895747
3733249 3735584 3857156 3726809
3790285 3780962 3873109 3725432
3830701 3944402 3852909 3800103
3967311 3856659 3935283 3807692
3741663 3839871 3760322 3783108
3856412 3852193 3869636 3770025
3754470 3794214 3939604 3772546
3655125 3896766 3673137 3867728
3903753 3958192 4032334 3874024
3805467 3941881 3822651 3972552
3831265 3896183 4043394 3892730
3702663 3959265 3745809 3994064
3905211 3932480 4102065 3908371
3793269 4026806 3833714 4040410
3758404 3808142 3717926 3841730
3751525 3907646 3873914 3766898
3949681 3799636 3797466 3976488
3724743 4004105 4009593 3780398
3954609 3924085 3855059 3958031
3753910 3935503 3970336 3820111
4020997 3866059 3870797 3874141
3881202 3992336 3968196 3743170
3802158 3714358 3856056 3735740
3769845 3731226 3966544 3725766
3893794 3947001 3872405 3867862
3858488 3819104 4107226 3796921
3860513 3891666 3975081 3796812
3848462 3860564 3970402 3923661
3981006 3944117 3932337 3830216
3877844 4026331 4149059 3931559
3751175 3758043 3881695 3843264
3694312 3683282 3718851 3685019
3880972 3926012 4003709 4028827
3815274 3810352 3879828 3805030
3876750 3940252 4006280 4047982
3844598 3898061 3866279 3739588
3849940 3953558 4082401 4067947
3828042 3922458 3923411 3813132
4036521 3762610 3678337 3796946
3689069 3891214 3798665 3760422
4213090 3782153 3796592 3885572
3787082 3958192 3933859 3807978
4160732 3842891 3834871 3959949
3750225 4001463 3967362 3783384
4184788 3882123 3920786 3968976
3836129 4063249 3943378 3839276
3828930 3871316 3801970 3824794
3906852 3885215 3983646 3738616
3908279 4001821 3903043 3826434
3967153 3861875 3992580 3830350
3997841 3976620 3858844 3937252
3980869 3974418 4035071 3851705
3916294 3991720 3944014 3952214
3952185 3934208 4027454 3857040
3687011 3730748 4045595 3812325
3724640 3877093 3625208 3843496
3850063 3879680 4015349 3861735
3690952 3900546 3817968 3915325
3786042 3848409 4112228 3864079
3728063 3872312 3750582 4024246
3837121 3915415 4046187 3869964
3809274 3961586 3830070 3968923
3820661 3761827 3651792 3847466
3699721 3889088 3836039 3702825
3950301 3867065 3746564 3882865
3786647 3920264 3896762 3818648
3919524 3862674 3759258 3928202
3752934 3913187 3923481 3830163
3998138 3905674 3828596 4019871
3801575 3879257 4001392 3825293
3832126 3800492 3843963 3816434
3702264 3791105 3940044 3798119
3852427 3943957 3895794 3923885
3828299 3900750 4059990 3818635
3876004 3867158 3908578 3804826
3894050 3887777 3989893 3841418
3989444 3939028 3923809 3933669
3911660 3974124 4122266 3961947
3747138 3839970 3917779 3928914
3694993 3744732 3795788 3692198
3802660 3943963 3923189 4003339
3743158 3793796 3803222 3795062
3855579 3937570 3957716 4034369
3734598 3783906 3822104 3827518
3942420 3865502 4013210 4110824
3803590 3851105 3879576 3766117
3915750 3706745 3800018 3904087
3659314 3839187 3856723 3821329
4069603 3751865 3815025 3930156
3811086 3980679 3841843 3795166
4102687 3803058 3823406 3867845
3799806 4045549 3946545 3802324
4091672 3882703 3924035 3900990
3905981 3997779 3905937 3847482
3795447 3855007 3848172 3796903
3869056 3809916 3900658 3752275
3858432 3987634 3908699 3986086
3997574 3979254 4020557 3876846
3903137 3884162 3912671 3923185
3935660 3873601 4036411 3846752
3893713 3941542 3890932 3901978
3976147 3997714 3982898 3893580
3809796 3842579 4006071 3835157
3686217 3835393 3759821 3925225
3748123 3833690 4096565 3855853
3785971 3816182 3757838 3966177
3940163 3892694 4179262 3902358
3807341 3936940 3889004 4004741
3769159 3841141 3916465 3810644
3667783 3896891 3712156 3901582
3925711 3822219 3789801 3831703
3754317 3921113 3848539 3657288
3932515 3800509 3712453 3926822
3757113 3931765 3898462 3710954
3895025 3880926 3778581 3930656
3889361 4000810 3897620 3813657
3793428 3766085 3732675 3859660
3741201 3931386 3893481 3743494
3877056 3880434 3844228 3790683
3732364 3852992 3986652 3727327
3877458 3941102 3948002 3779547
3793608 3891772 4112131 3823277
3968333 3966032 3991178 3906470
3862895 3870440 4155546 3807479
3894193 3825950 3846480 3737462
3763194 3833151 3972510 3708216
3699405 3791192 3856764 3881447
3805133 3783351 3732681 3711097
3770984 3850092 3917854 3938981
3809706 3785240 3876213 3706615
3842355 3974165 4094635 4060839
3809240 3837135 3869070 3786277
3809420 3849221 3928237 3871622
3648267 3725178 3773905 3694645
4054289 3720974 3823133 3861481
3719211 3943887 3874532 3748171
4080193 3870703 3829707 3932995
3703311 4032610 3816554 3815127
4172105 3917077 3870864 3914266
3860541 4160770 3984561 3823129
4049197 3771497 3827229 3845221
3701382 3891561 3845240 3765841
3850175 3854802 3866572 3820202
3866523 3797875 3947492 3760068
3911345 3928069 3882179 3786935
3957074 3896135 3950543 3824067
4028591 4003032 3897254 3912303
3959460 3935531 4025670 3968268
3767625 3883529 3795348 3746697
3820850 3887697 3848789 3741485
3930215 3914472 3934182 3960108
4133841 3911362 3789318 4107609
3820476 3806153 3854683 3769675
3967354 3845591 3741459 3903365
3626856 3654493 3730884 3701618
3866502 3642449 3575106 3878092
3655890 3709911 3773138 3708285
3979565 3814486 3680187 3945260
3961004 4070153 4060228 4043006
4022140 3910182 4029269 3832306
3856020 3828421 3866685 3975542
4039638 3843921 3991525 3757483
3774989 3835821 3826624 3753941
3838603 3737166 3795454 3585157
3846340 3883502 3844636 3827933
3829588 3692790 3808457 3676262
3964117 4011798 3876303 3817637
3969755 4163678 3982832 3907534
3840816 3805226 3755131 3743198
3863327 4081832 3828751 3873657
3735677 3849242 3587270 3623321
3826162 3922115 3769308 3666025
3764769 3843893 3647967 3670378
3863387 3856203 3809116 3712156
3881083 3976799 4104864 4104507
3971169 3943610 3896953 3851645
3736693 3758739 3970378 4041349
3962193 3849672 3850404 3774084
3617183 3765125 3827297 3839366
3752893 3746012 3764899 3563477
3691090 3789548 3851613 3892925
3887800 3815854 3782062 3704138
3945703 4029002 3955581 3855829
3876396 4053786 3905048 3974693
3771218 3862702 3834003 3815315
3729967 3913032 3706538 3959824
3717665 3740571 3755761 3678180
3727421 3801467 3564321 3771089
3710248 3825058 3764513 3647913
3763471 3868642 3775415 3812071
4046735 3916658 3881816 3923395
3988974 3890439 3968406 3864535
3931439 3824234 3791561 3846614
3885504 3812215 3947820 3747300
3779995 3689432 3641727 3729760
3762852 3689104 3672543 3664060
3823354 3772119 3726857 3776517
3797359 3687359 3771504 3709242
3785433 3753008 3819618 3734077
3868303 3768762 3731498 3942485
3699087 3773406 3800025 3704334
3954396 3876559 3766037 4028160
3815738 3862045 3901821 3856298
4072583 3791386 3778459 3936278
3985615 3898321 3970305 3935598
4088526 3885481 3896146 4136358
3836249 3882545 3913774 3907966
3880221 3796054 3815564 3671089
3807839 3873167 3865198 3803542
3917698 3731799 3755835 3743325
3803127 4020198 4011796 3923892
3981484 3855491 3996000 3800371
3936254 4064733 4074020 4017117
4081394 4050901 4038000 3854893
3739868 3864787 3770474 3691837
3786421 3958644 3909153 3786526
3858443 3859599 3776847 3725990
3893335 4018950 3879296 3782001
3844547 3973010 3841864 3732582
3920340 4101664 4001332 3900106
4076375 4019181 3924494 3829707
3992432 4107458 4024471 3937534
3679237 3826467 3907007 4012773
3803604 3776523 3707797 3714737
3627377 3809366 3969432 4062127
3893190 3881558 3775619 3736730
3812836 3925633 4109670 4027665
3971405 3883731 3825554 3749659
3885389 3960727 4061515 4060589
4006061 4003537 3912958 3901075
3753504 3894605 3743909 3692606
3688132 3892706 3702608 3846704
3767200 3859422 3779798 3750805
3693417 3930502 3779215 3884363
3854067 3956524 3800832 3820895
3809245 3960028 3755768 3933884
3964788 4005420 3959341 3976840
3931131 4082609 3912197 3975629
3874942 3794816 3709758 3887585
3835075 3802727 3821188 3745548
3882995 3791532 3841932 3819044
3854860 3855847 3869909 3830172
3852769 3790989 3835989 3801980
3915971 3888560 3911956 3826187
4089009 3929608 3916116 3958205
4028579 4008400 3967107 3892730
3764582 3774664 3857937 3848966
3973139 3757509 3681150 3953863
3848924 3862839 3838981 3871340
3994180 3892297 3781067 4022250
3667518 3630125 3740418 3728596
3855336 3758145 3650535 3885134
3768969 3770540 3857372 3787602
3900019 3876754 3771529 4023562
3891265 3867512 3942291 3853987
3987754 3787993 3966957 3752803
3997720 3984043 3949909 3934497
4033819 3810374 3951436 3861290
3789182 3872258 3784036 3740346
3832260 3694496 3773494 3619848
3850434 3854062 3888780 3916346
3926517 3774391 3829007 3751890
3842569 3905643 3788302 3739213
3869897 4015104 3859846 3803694
3945209 3994557 3801852 3760504
3960440 4014219 3975652 3887362
3774636 3872204 3767765 3586474
3762292 3876993 3745649 3716844
3860279 3894693 3764765 3662725
3796710 4026876 3904912 3766717
3772784 3909413 3943496 4012576
3907677 3870472 3819563 3705871
3778736 3854931 4034797 4066782
3982487 3897063 3836510 3697253
3638231 3760181 3897406 3872948
3756789 3808752 3625742 3646193
3703595 3800519 3969932 3903056
3837507 3774995 3835180 3760825
3832582 3841975 3817357 3806384
3751297 3901595 3742398 3900444
3900668 3859122 3826009 3918139
3795547 3879909 3820951 4014631
3684384 3831256 3734771 3713393
3648864 3842239 3640016 3815626
3818948 3827927 3784688 3784497
3724090 3928194 3776623 3841718
3910202 3792129 3870552 3786856
3866380 3856757 3853672 3770388
3906644 3867495 3806187 3905011
3988627 3892044 3909452 3787195
3847320 3674049 3684964 3748878
3761578 3768040 3736455 3724086
3901300 3870348 3829966 3749357
3891290 3829852 3832024 3730256
3767692 3764507 3800556 3722924
3855884 3708596 3695040 3941324
3689869 3592817 3681412 3642279
3774495 3706769 3593014 3817561
3762478 3701661 3826936 3797573
3882346 3839436 3743418 3922734
3782179 3723785 3802393 3733303
3904378 3805853 3655373 3904952
3768310 3830888 3873937 3780213
3853010 3786254 3844960 3674943
3624648 3790054 3768280 3719722
3840613 3719277 3682101 3602941
3857459 3918143 3864751 3849192
3886644 3784156 3864374 3713295
3858215 3880728 3825516 3809510
3890487 3760757 3853206 3697926
3784920 3870507 3713035 3703680
3784017 3902096 3860596 3838379
3749825 3690953 3656153 3585236
3720174 3831668 3734053 3673655
3795019 3803004 3692247 3726443
3854539 4032791 3796275 3773665
3817058 3868797 3682563 3725438
3854451 4013265 3786240 3744591
3784742 3707447 3946647 3918529
3768314 3635709 3703246 3743108
3612452 3646162 3934748 3775598
3741509 3651063 3634657 3629887
3757094 3793988 3980279 3921852
3845545 3809482 3812141 3704983
3692516 3743036 3941922 3942316
3799809 3795783 3747399 3664917
3736533 3813644 3759626 3710517
3659679 3810995 3747448 3880288
3699724 3770788 3714402 3632288
3570101 3821275 3616252 3675952
3758555 3838663 3744760 3718078
3795824 3842314 3691065 3886468
3807966 3829191 3749736 3720396
3665641 3861016 3694532 3924770
3815741 3772006 3775494 3754545
3788749 3789228 3783912 3687265
3760064 3663410 3675127 3671547
3761224 3679785 3768064 3586763
3852213 3765480 3873916 3827838
3790128 3830551 3831150 3754314
3758698 3761966 3752937 3787469
3754501 3769885 3830631 3629440
3780924 3792376 3948445 3864540
4034509 3814221 3794640 4003503
3825780 3774018 3834643 3763081
3897839 3790216 3771612 3938550
3803284 3747471 3757680 3792286
3932677 3799595 3795742 3897909
3780246 3796760 3899165 3827589
4024924 3857591 3767984 3966530
3894339 3967133 3952401 3850471
4030367 3805307 3956123 3832215
3836450 3906369 3911271 3877077
3949759 3817900 3892519 3765227
3797100 3874331 3867253 3879363
3903032 3750384 3950182 3666320
3860294 3902517 3895116 3827800
3952526 3785322 3918533 3769851
3910857 4009382 3814396 3830507
3995092 4092006 3898717 3915766
3859497 3892307 3808247 3737225
3897786 3963252 3882606 3752377
3818746 3940490 3733709 3710248
3823313 3882591 3823341 3786941
3877660 3885761 3783803 3742568
3945914 4036918 3967440 3869022
3770653 3886267 4106996 4017303
3851120 3905445 3859276 3762157
3710751 3827627 4038794 4046625
3904685 3814064 3878700 3706446
3658319 3767040 3908740 3959026
3876584 3838091 3763403 3641718
3693898 3885571 4040471 4048878
3946248 3908178 3797248 3746053
3928529 3902157 3915539 3781433
3843190 3938317 3848592 3932146
3868131 3910802 3807487 3776442
3715250 3992316 3795960 3836767
3832703 3920083 3721253 3799385
3742116 3844927 3787521 3875082
3852175 3860293 3878364 3759781
3756247 3984753 3728902 3883294
3953580 3853279 3850377 3823072
3975433 3834887 3906983 3803183
3925870 3757271 3792552 3860312
3805328 3836463 3928714 3712253
3916514 3831476 3788022 3792051
3765051 3767328 3795905 3719495
3875651 3827299 3836261 3854943
3763319 3922072 3853818 3720493
3811050 3838563 3959487 3913459
4017543 3823020 3886074 4043381
3765405 3772718 3727369 3796099
3897012 3751850 3821929 3952611
3845150 3856982 3923638 3851691
4061542 3878652 3789509 4034524
3644276 3618090 3651114 3705499
3772612 3645917 3606762 3776029
3861542 3999439 3970779 4008806
4015688 3814138 3901925 3838820
3812281 3891579 3850622 3763454
3931561 3781630 3816203 3751319
3887278 4045580 3930958 3927730
4002059 3911342 3935679 3804924
3728820 3808804 3798771 3678523
3740145 3592762 3664157 3533658
3954253 3969981 3816913 3784687
3918126 4039536 3958241 3878557
3821516 3817670 3735594 3767659
3888384 3975557 3879186 3818130
3858162 3959962 3885216 3767484
3995549 4055328 3987750 3813022
3680656 3729321 3597154 3487127
3713915 3807377 3713492 3709838
3813981 3931043 4065242 4039173
3913939 3914811 3962020 3778700
3681439 3773848 3931641 3970535
3767341 3743165 3778033 3695100
3794310 3904638 4035100 4041683
3918119 3826925 3805247 3821693
3576929 3676694 3791778 3806874
3660430 3642135 3654309 3598418
3948554 3923768 3857566 3884966
3862621 3994912 3788045 4021638
3781690 3735393 3829235 3760919
3688709 3822573 3749334 3785560
3889306 3968390 3855017 3900943
3823117 3997443 3792230 3944781
3626982 3717105 3570105 3646801
3503237 3726781 3628292 3734065
3951558 3878975 3878341 3876963
3856419 3910262 3894356 3911436
3937198 3769768 3781481 3797034
3904095 3833843 3713513 3701154
3960833 3802851 3841851 3850871
3938473 3940389 3944230 3753098
3679854 3709425 3695300 3631589
3743934 3614287 3627444 3591138
3968836 3909263 3967742 3866143
4095999 3994885 3810905 4121159
3910706 3911643 3939578 3883147
4062675 3930069 3895195 4070783
3891630 3851936 4003215 3872589
4132397 4038905 3877678 4112412
3628470 3624058 3574062 3598444
3739256 3640895 3530054 3718424
3982282 4049471 4093013 4069968
3982577 3929625 4020236 3898475
3959131 4055867 3990865 4039698
4128281 3893230 4003982 3838655
3931168 4051507 4062832 3946278
4059110 3877948 4031469 3870733
3628071 3736585 3706222 3685898
3757083 3563224 3713952 3573859
4010250 3982592 3935775 3885821
4051284 4066738 3954209 3990495
3933835 4049497 4002427 3838397
4002695 4166678 3978441 3913811
3967060 4050503 3934389 3894724
3992224 4174501 4025674 3889911
3596378 3742797 3609646 3579743
3693799 3774484 3639980 3581454
3875890 3951806 4156531 4052749
3990908 3939451 3901792 3797642
3887751 3953540 4122617 4147236
4037621 3899188 3942302 3846691
3792122 3928612 3996402 4182882
4015501 3919160 3913512 3924517
3469965 3688197 3769117 3701607
3644900 3581352 3660025 3570913
3993765 3979996 3938033 3887240
3877545 4098189 3883417 4053200
3958023 4049667 3839731 3870485
3916124 4075301 3852229 4011814
3877046 3996193 3942846 3963405
3869399 4049613 3958828 3965254
3594436 3757746 3621379 3605041
3542354 3734823 3532234 3659330
3946632 3963031 3901231 3955774
4009800 3971842 3978695 3928393
4025961 3980189 3946082 3999808
4025430 3974126 3967778 3826834
4013196 3940675 3928166 3924056
4030638 3872925 3906332 3883546
3715827 3654386 3648916 3700174
3656058 3676683 3716728 3498077
4026441 4000675 4183847 3990001
4185233 4067679 3955958 4211145
3812481 3820665 3845386 3871961
4026510 3765416 3734904 3939780
4028619 3967763 4067011 3969279
4269128 3930518 3971089 4188080
3871725 3806977 3914470 3832448
3974876 3855837 3797475 3982384
4091433 4102100 4127917 4158763
4203584 4039372 4219649 4009847
3910907 3960367 3922217 3897328
3923412 3838423 3914940 3862090
4030214 4150188 4205716 4132461
4219197 4002799 4191146 4028946
3818654 3956495 3977861 3833279
3987613 3786286 3905536 3709620
4017059 4128637 3979192 3932802
4101696 4244116 4176358 4091894
3813493 3919558 3822682 3694469
3939999 3955853 3896404 3902410
4025001 4160328 3946933 3971678
3998912 4173141 4147252 4108229
3852024 3912825 3834074 3733133
3886029 4054638 3900689 3870944
4005695 4148465 4212905 4270362
4126436 4045948 4095226 3918499
3806393 3894713 3981866 4004949
3920801 3884030 3906915 3720905
3963092 4099614 4197289 4197350
4062960 4038373 3988146 3896415
3739275 3877834 4014242 3961429
3856259 3842954 3907742 3801929
4063268 4109283 4050893 4036050
3917756 4228222 3942683 4142553
3867795 3885690 3794773 3776928
3775316 3998796 3792924 3921474
4071858 4092055 4022131 4055782
3957380 4066093 3937188 4124157
3787117 3849088 3779633 3753855
3788269 3936188 3840242 3890292
4159941 4035597 4021888 4080698
4121180 4042230 4136128 4057754
3892844 3794335 3764439 3862260
3861487 3808436 3891497 3769558
4097589 4075322 3998735 4084659
4086371 4067810 4028739 4010844
4046644 3865795 3846336 3759726
3824922 3910844 3990036 3792708
3842933 3888241 3877923 3847796
4051629 3858033 3735394 4091008
3747999 3740437 3891800 3857839
3969345 3822927 3746991 4027674
3892360 3880088 3877748 3932992
3995947 3908544 3827981 4008641
3853132 3678924 3835487 3762801
3946140 3791460 3771620 3903734
3862188 4000652 4026899 3947777
4096852 3885315 4019412 3859077
3777767 3900560 3889289 3927795
3884194 3832149 3876951 3751975
3982463 4080482 4004765 4042291
4036339 3889857 3995424 3842371
3837796 3959924 3946767 3882079
3947588 3739649 3920225 3761705
4002684 4008350 3877045 3903263
4027475 4062308 3907798 3914982
3789984 3900890 3884558 3772058
3884869 3986340 3897926 3852638
3883698 4019997 3947462 3815571
3979892 4000372 4022655 3906675
3800613 3879569 3760349 3721920
3917683 3934149 3895995 3806484
3720840 3905029 4050883 4064088
3945876 3857915 3904985 3758511
3784419 3876508 3967089 4005734
3911991 3881581 3815499 3634066
3860606 3958091 4047707 4117364
3877040 3930538 3895259 3816427
3660845 3807550 4003983 3909229
3843612 3837621 3755062 3757236
3905376 3928492 3889142 3852770
3807706 4068878 3794935 4010603
3862608 3862405 3870093 3794435
3782664 3910980 3751875 3790778
3901852 3950033 3906088 3878701
3897899 4001843 3845991 4033243
3709772 3826833 3689762 3756289
3690406 3919545 3730018 3908095
3994997 3870998 3900842 3922527
3994924 3924787 3953664 3842859
3904009 3845061 3803610 3893878
3833901 3844875 3875138 3804210
4019052 3914301 3880341 3941091
4037196 3941929 3952699 3877187
3901912 3753766 3749457 3773444
3786573 3740929 3781600 3714870
3637044 3725061 3762484 3787355
3822856 3761406 3525299 3892379
3868848 3825517 3865265 3853647
4028540 3869226 3773076 3904345
3823792 3895028 3855006 3861809
4096473 3924019 3712099 4055286
3751167 3712984 3796864 3821012
4000118 3836634 3708129 3954896
3744710 3853693 3771092 3804491
3841321 3730536 3760057 3645063
3898588 3894218 3896792 3971779
3909340 3776862 3943558 3721992
3914070 3963462 3933390 3961886
3925225 3873834 3895914 3812007
3808194 3920763 3811995 3839159
3859143 3753511 3811817 3658972
3756745 3835785 3690188 3772936
3788718 3945450 3855595 3716577
3816906 3996330 3847138 3794177
3940440 4086284 3878820 3799342
3898454 3954996 3821558 3859436
3935288 4020875 3910347 3852662
3800247 3889236 3794965 3712078
3883683 4019380 3858628 3731580
3651146 3826037 3876003 3856040
3797992 3672330 3730708 3653190
3833230 3861580 4055143 3970751
3881690 3802402 3904372 3804969
3868317 3893350 4029030 4088246
3948550 3927090 3794332 3837921
3700203 3764901 3981809 3884036
3811834 3822638 3771557 3743041
3762895 3807865 3710462 3713387
3711064 3853345 3679955 3828351
3841599 3944090 3874132 3870526
3825603 3930399 3778722 3983349
3931048 3927684 3849751 3879235
3775662 3887020 3801649 3942181
3882378 3871347 3802119 3805476
3729103 3792473 3672496 3991280
3847997 3749355 3771897 3720363
3788013 3825491 3732141 3738077
3975094 3797129 3806865 3865249
3872847 3856767 3921554 3807059
3961946 3838999 3879724 3925677
3922298 3946438 3894699 3796960
3889535 3802861 3780673 3784249
3816934 3815117 3759581 3700409
3783021 3747187 3889596 3810083
3910564 3843869 3710134 3990819
3745255 3746603 3844381 3784862
4022428 3676126 3699792 3916832
3698792 3674737 3757851 3731869
3847114 3718096 3641323 3881357
3784826 3739396 3836165 3746393
3958266 3815759 3733976 3962976
3879452 3964858 3977469 3917560
3985105 3756597 3907306 3757523
3828339 3951950 3906241 3882081
3872507 3743040 3836769 3752556
3767011 3718130 3795546 3752032
3854032 3675694 3751816 3641908
3778355 3819462 3908156 3840809
3904151 3822101 3878448 3782495
3829458 3809953 3800006 3726545
3903371 3974489 3905711 3838767
3801921 3888824 3806822 3720519
3882714 3980760 3821702 3785388
3713988 3756918 3680713 3631578
3784309 3796546 3769974 3641006
3781974 3899896 3778139 3692080
3938173 3976503 3813062 3741353
3788075 3865003 3956316 4036184
3932147 3828446 3782243 3821682
3685284 3767033 3968394 3908815
3841576 3851096 3751743 3643579
3545568 3770200 3903509 3844592
3826039 3693957 3716072 3673386
3739189 3819925 3951044 3923608
3836611 3742323 3864987 3712950
3772975 3889670 3726229 3783896
3757807 3895380 3782576 3909790
3825858 3832544 3846807 3735685
3612905 3919092 3720408 3833288
3687051 3739363 3724603 3678618
3666190 3774591 3596198 3756007
3818047 3808431 3839493 3695410
3676176 3947608 3710141 3866003
3910431 3797785 3729129 3858112
3867363 3846316 3873106 3763846
3834726 3729974 3761650 3783397
3797574 3783928 3781453 3791815
3756762 3653475 3704984 3698112
3822608 3720398 3676318 3678155
3775544 3744073 3735707 3753515
3917458 3808298 3884894 3724525
3778622 3734437 3834198 3709780
3944307 3806275 3783862 3965446
3855225 3789590 3874459 3874182
4022030 3792914 3750551 3995865
3729205 3717811 3681212 3811964
3857012 3704002 3722084 3795950
3774755 3798067 3978346 3885800
3984329 3954852 3801995 4026817
3809321 3865554 3963396 3917014
3956063 3800277 3890737 3762342
3847291 3933933 3969661 3897488
3939271 3780563 3936112 3808242
3698107 3792767 3784493 3798811
3853511 3746578 3807000 3688790
3972491 4041076 3932227 3974474
3930113 3854462 3942136 3816904
3833218 3884879 3827198 3766579
3878119 3952612 3894610 3793875
3879613 3950795 3795710 3729643
3915085 3961625 3892067 3881965
3690357 3780300 3670906 3609840
3814734 3866273 3770782 3749638
3892503 3964948 3867448 3810162
3920633 4108156 4016649 3834454
3693597 3798259 4011784 3901144
3836914 3860929 3840548 3734669
3766621 3898562 4057240 3969424
3967487 3865444 3854949 3727146
3637857 3752143 3982485 3956465
3871424 3746136 3602988 3621602
3778645 3877774 4074809 4024065
3910315 3893577 3821847 3774197
3866118 3894970 3848219 3782113
3779327 3968976 3686513 3944881
3935860 3932832 3862846 3823003
3874804 3921376 3726679 3919376
3738033 3840094 3670614 3742203
3689582 3763190 3746344 3750682
3878864 3978917 3829877 3808488
3744546 3971865 3857278 3972748
3872692 3850283 3752211 3825148
3904634 3814644 3890451 3740392
3946096 3825318 3825293 3817155
3930338 3822309 3914242 3844905
3805477 3838457 3789703 3699033
3796327 3796524 3839364 3721690
3999543 3834797 3889803 3920770
3918724 3898019 3924423 3796594
