3928624 3874165 3986455 3732333
4041870 3669001 3956804 3849969
3817908 3935853 3960290 3735904
4072544 3780871 3933365 3933495
3872344 3893808 3888510 3767708
4077612 3665398 3945259 3857999
3928881 3960437 3962681 3783978
4096013 3748882 3966463 3892248
3854549 4107163 3959780 3840944
3851815 3833895 3945637 4038512
3912396 4182873 4075669 3857364
3862301 3777868 3943080 4050375
3809183 4112999 4017979 3786514
3928344 3794084 3931003 3979423
3797341 4209166 4032730 3845473
3913389 3833322 3977981 4039270
3812477 4069037 3981336 3932933
3915069 3903839 3766620 3769974
3840450 4092143 4023146 3949242
3899039 3953226 3848030 3803815
3879934 4072748 3946522 3914008
3915865 3979675 3741117 3780405
3858124 4105581 4019761 3900079
3917239 4066582 3941994 3838915
3857070 3910261 3903965 3778473
3871494 3957283 3853104 3855689
4043614 3838160 3981547 3775437
3905586 3975282 3842956 3882046
3981775 3925075 3954393 3801879
3854595 3941677 3872012 3897784
3947197 3982125 4000328 3723895
3815559 4063260 3846433 3895806
4022503 4009444 3880244 3896025
3900592 3935339 3973102 3769445
4058903 3956997 3907811 3919607
4000788 3985568 3972403 3693655
3978695 3939845 3888561 3898672
3996282 3940078 3931028 3818767
4036408 3975747 3928879 3962499
4033806 4043509 4068255 3789913
3923015 3870226 4016069 3696582
3907911 3941193 3883918 3788406
3953648 3932492 3999801 3815361
3952802 3945636 4037657 3812752
3988118 3859897 3942318 3705843
3958796 3987023 3941422 3879531
3949242 3958898 3916096 3851470
3991733 4030712 3935740 3904345
3806408 3746616 3937375 3656258
3982000 3648355 3904931 3793878
3830433 3818982 3920918 3750439
4028009 3717472 3932782 3815092
3978244 3965240 4055253 3897041
4094255 3869116 4009468 3925330
3873612 3853517 3782123 3686753
3883039 3643761 3785266 3781611
3835711 4028834 3890460 3843965
3774490 3795072 3816769 3958245
3816452 4122108 3940369 3879484
3810061 3804575 3867218 3932943
3838419 4202693 4074566 3980707
3969286 3939436 3994673 4149021
3748024 4022500 3954434 3790326
3826961 3700832 3774371 3917496
3757180 3989148 3849966 3840299
3809427 3953443 3806823 3624126
3769948 4058391 3808079 3868893
3871194 3969008 3739135 3797925
3927131 4181536 4128423 3975871
3993490 4023764 3917127 3844254
3678389 3940526 3878460 3902178
3817810 3871564 3724007 3766348
3904543 3853246 3959905 3752232
3819055 3982182 3782357 3795242
3889409 3867247 3970109 3748731
3822764 3910820 3786866 3832410
3968615 4001463 4019425 3972388
4033413 4104613 3931625 3973694
3912395 3790259 3904303 3704801
3772860 3938196 3755193 3794629
3990200 3947040 3848723 3781657
3901014 3853064 3951393 3636912
4001475 3935782 3860818 3829507
3954109 3893851 3902479 3677376
4099587 4047668 4048651 3959684
4057348 4062302 4014422 3774211
3972439 3870406 3860695 3847062
3877138 3849084 3915487 3746895
3881393 3784014 3831766 3789494
3846588 3867584 3859200 3778078
3877282 3831330 3868886 3767971
3838912 3850532 3855129 3782643
4019747 3962193 4062406 3901373
4010879 4025482 4085901 3857040
3910425 3820879 3878487 3653074
3807424 3823765 3801214 3715484
3804240 3813889 3866122 3620418
3877262 3698818 3843785 3793787
3884288 3849096 3940576 3774209
3972233 3703867 3916907 3914672
3724635 3706087 3696330 3674405
3841856 3598439 3737257 3693664
3960494 4030597 3968082 3764413
4097163 3808330 3970591 3828478
3741919 4053990 3937484 3825500
3730002 3714504 3758166 3933912
3766103 4150102 3947945 3820745
3839360 3763711 3913056 3901019
3678919 4019497 3827723 3761086
3654697 3613724 3710180 3837220
3919993 4187381 4091832 3977199
3973793 3872153 3919419 3911386
3739166 3946037 3899839 3881012
3738202 3915664 3693374 3743735
3826651 4052606 3974158 3857207
3903646 3992570 3780165 3654793
3693873 3938505 3735593 3783429
3765146 3834081 3703470 3625735
3901833 4022136 4026073 4012922
4028320 3996859 3865408 3855828
3966839 3811558 3956170 3787041
3753371 4024463 3752295 3784361
3895292 4013178 3950506 3800000
3871547 4062292 3963041 3870045
3748691 3760935 3753761 3607558
3772344 3844308 3627809 3828161
4039902 3934493 4072923 3899499
3912112 4114918 3996887 3923858
3908729 3900672 3844989 3755561
3824749 3937159 3826460 3676609
4040847 3932245 3881956 3897775
3918295 3846130 4009270 3705766
3838988 3864595 3741537 3644821
3800004 3786107 3831751 3620257
4052065 4012491 3976197 3866333
3970732 4099363 4104147 3784851
3904176 3805705 3917649 3728336
3828278 3801048 3847308 3747017
3895791 3793120 3886552 3758317
3995007 4004443 3846625 3820847
3799395 3681084 3731847 3653896
3644939 3793275 3748223 3711053
3963026 3863748 3977829 3931249
3993055 4052810 4082682 3798496
3911630 3803529 3892220 3615030
3950294 3672370 3851446 3852431
3842143 3857327 3784770 3603439
3984141 3646374 3829281 3713185
3718520 3834649 3875717 3652980
3988902 3634511 3911803 3708662
3986958 3982559 4010739 3744712
4010361 3775244 3955683 3883937
3766511 4040086 3910391 3808206
3859243 3815199 3797565 3997904
3750290 4089144 3880276 3747737
3867029 3760348 3855213 3907295
3717486 4006782 3906845 3720148
3732255 3749092 3915246 3905781
3824486 4157711 4013275 3940468
3959311 3880518 3949480 4072920
3736663 3992482 3963458 3887103
3916518 4015774 3784980 3765268
3749224 3999046 3877945 3788788
3804120 3932216 3770602 3753574
3715941 3923207 3891860 3864007
3831166 3863170 3748748 3686112
3834688 4171982 4017345 3956869
3970811 3989020 3907775 3834361
3906103 3793485 3946978 3724654
3732289 3925767 3814279 3757513
3924547 3867540 3857141 3685946
3735189 3899858 3775357 3821899
3899921 3876187 3960640 3762690
3797699 3890897 3745605 3863596
4018497 3993018 3989887 3844139
3989965 4008130 3851402 3970241
3920101 3857743 3846482 3827830
3855465 3815757 3898723 3648745
3829930 3874020 3864365 3824248
3930420 3862844 3945620 3662510
3871610 3926303 3791624 3802074
3880878 4030867 3850561 3661424
4025366 3948892 3942057 3935811
3969415 3977634 4125304 3815280
3877546 3762554 3811486 3779593
3840244 3905493 3954115 3759728
3835545 3682020 3826851 3761599
3738073 3847589 3848827 3696348
3785530 3767590 3871865 3718558
3826494 3852799 3816468 3771222
3954068 3892495 4019007 3872089
3963682 3959712 4036286 3920784
3856088 3861843 3867939 3691571
3994673 3740588 3846139 3913205
3901797 3924957 3989597 3775737
4075948 3861610 3940028 3859914
3744312 3745730 3827710 3667209
3831848 3662685 3811281 3777596
3657832 3776245 3739499 3545432
3899275 3611133 3829912 3734340
3868834 4083140 3971654 3918812
3804602 3813951 3925992 4071126
3838179 4160935 4052308 3955836
3895217 3851377 3871828 3979932
3694641 3996483 3900636 3693841
3728743 3706358 3792940 3868276
3789724 3993888 3834683 3765131
3743830 3689002 3732965 3856809
3772318 4105334 4027765 3957925
3923093 3986390 3833973 3786808
3788691 4079020 3985412 3934345
3849158 4043272 3890451 3833068
3644606 3982285 3786436 3776706
3830412 3718350 3702645 3624871
3667265 3958250 3794004 3821896
3802731 3788114 3678781 3634746
3910389 3876435 3962554 3852272
3808540 3985108 3802611 3927105
4048687 3908559 3998853 3727535
3873002 3995089 3817111 3928174
3696914 3739815 3822556 3706676
3781905 3879504 3694489 3630931
3714530 3875909 3792830 3727051
3721285 3843217 3615566 3690019
4039232 3891674 3923588 3814388
3971606 3954783 3954395 3762376
4023510 3990317 3902802 3908944
4003320 4065788 4065147 3777271
3901783 3858548 3773470 3729823
3846527 3769759 3809500 3580050
3904912 3834838 3802650 3766048
3866007 3819288 3817500 3631164
3903492 3805136 3963622 3770207
3986834 3956684 3910510 3769466
3960793 3914630 3957152 3822282
3975888 4028174 3985185 3896002
3810431 3701601 3797707 3610242
3718323 3852928 3753256 3669082
3785064 3806573 3794753 3666120
3805536 3792834 3856306 3636140
3706525 3817328 3813733 3592930
3853277 3593915 3781918 3724022
3670842 3797096 3742413 3549056
3849252 3579187 3811067 3760615
3835082 3913444 4009603 3745860
4047271 3681456 3820515 3857265
3770141 3740444 3749284 3536602
3906294 3713569 3831724 3705643
3677971 4007993 3785837 3702244
3685578 3723134 3782878 3909336
3662388 3974795 3865243 3736505
3828669 3709189 3772152 3860615
3810469 4202338 4014655 3829621
3881719 3775515 3810311 3971873
3762183 3972004 3976473 3772543
3734362 3667791 3739285 3808752
3638025 3972680 3744808 3788655
3695559 3783862 3673816 3530178
3659020 3883074 3871532 3767144
3736291 3761671 3651424 3566200
3882463 4014266 4018633 3907297
3873037 3980254 3768209 3740504
3649953 3928435 3870198 3836742
3761980 3734083 3683414 3657828
3740753 3712576 3816795 3621566
3732947 3798827 3759141 3690015
3618241 3757159 3803227 3540077
3744667 3804887 3668246 3686711
3953112 3923897 3935649 3759109
3900585 3980575 3743424 3963610
3812214 3734694 3810427 3669226
3667714 3903086 3696308 3749606
3867447 3717666 3691079 3731498
3777109 3780015 3780180 3609929
3833684 3901001 3752513 3679230
3812121 3885630 3731733 3589217
3984125 3877342 3920607 3826705
3896726 3975646 4012144 3691674
3904343 3804325 3891462 3760721
3823754 3778508 3825152 3587597
3735458 3622458 3887563 3669406
3751774 3726041 3823217 3677582
3838890 3661655 3665043 3721367
3737972 3797925 3787383 3678574
3955085 3776449 4045977 3838119
3962885 3962266 3930549 3859607
3783161 3730617 3898966 3688158
3743666 3855567 3804896 3680994
3687789 3709776 3754942 3663664
3851914 3647725 3778293 3713147
3871867 3904424 3963502 3693934
4054648 3747562 3906314 3911450
3915245 3950348 3894009 3803319
3964483 3749717 3830004 3787550
3743468 3863538 3814765 3662313
3880434 3699679 3755619 3740851
3598882 4025019 3808696 3773316
3645060 3619955 3732836 3836879
3917873 4103651 4031169 3835305
3832976 3893201 3947570 3994456
3822137 4181230 4019624 3822672
3891238 3772378 3852631 3934216
3750315 4006433 3893785 3707119
3744405 3709955 3712397 3894927
3669276 3986365 3821594 3809360
3697071 3688398 3636822 3610500
3824123 4090149 4005989 3950135
3892025 3954946 3891904 3722478
3754540 3971897 3939895 3897568
3872828 3950775 3717532 3727129
3714848 4002103 3935099 3775446
3738807 3875796 3836737 3652573
3777476 3753032 3842374 3704416
3691831 3789240 3645472 3762216
3964709 3908081 4023086 3837977
3895798 4002940 3816083 3944712
3817974 3893260 3963215 3837806
3862521 3957650 3806538 3883565
3851229 3858844 3878172 3731486
3847089 3903638 3607797 3772891
3845154 3756257 3742007 3707404
3842042 3888495 3853764 3570847
4003387 4050148 4012573 3903960
3947739 3993379 3950712 3712470
3960318 3912436 3869122 3829035
3951200 3970002 3938800 3691819
3935598 3892332 3799784 3746739
3828942 3823991 3835701 3630284
3832943 3734331 3781383 3654705
3731908 3783623 3781570 3633601
3961207 3871791 3994471 3849231
3988716 4029874 3974370 3886494
3791705 3817027 3908669 3745885
3841902 3810825 3815915 3827974
3792284 3759981 3879668 3754044
3711366 3781597 3819807 3679133
3767090 3843123 3873394 3704643
3911419 3698903 3809883 3821629
3905906 3948235 3924931 3795898
4008082 3714216 3980549 3846922
3854298 3882457 3922980 3732395
4038680 3693279 3907755 3891779
3721178 3825211 3839164 3638501
3931172 3664036 3872033 3841446
3711615 4064775 3930689 3834680
3836259 3775000 3812516 3940464
3887219 4190122 4076989 3910744
3904101 3803898 3890240 3949778
3845941 4152942 3923447 3813934
3881917 3832473 3912194 3987977
3807995 4053488 3856844 3743585
3733726 3723306 3748288 3932243
3755451 3935810 3870548 3875084
3799303 3881893 3732791 3665514
3825856 4001022 3966869 3877611
3908345 3962496 3856656 3779155
3837775 4031052 3953738 3841272
3826505 3901356 3754703 3729003
3795511 3937354 3870514 3887761
3815372 3835919 3789817 3784030
3894660 3756906 3915530 3675802
3754831 3844944 3771613 3770241
3947990 3983853 4027299 3759423
3908476 3995446 3885320 3835037
3917438 3912319 3954674 3725222
3902176 3943284 3784785 3910838
3826439 3806102 3934645 3704727
3894244 3886192 3652337 3794502
3908125 3830406 3825032 3695381
3889091 3826363 3771881 3625374
3971339 4033148 3898614 3874750
4064878 4007213 3957100 3712087
3952009 3908064 3840873 3863398
4034732 3999321 3901761 3672505
3868752 3837481 3775400 3754345
3827033 3833927 3919522 3625161
3832295 3774401 3818667 3699717
3769325 3832140 3861120 3699215
3985596 3866269 3937145 3866977
3887180 3900164 4034468 3817751
3911749 3792225 3984039 3772669
3875624 3882214 3946237 3764163
3856091 3769882 3769580 3731684
3866631 3867391 3822559 3730761
3820020 3845752 3859110 3763282
3983192 3720925 3909021 3829967
3877508 3889182 3912333 3783042
4122779 3758095 4054217 3856674
3975457 3828713 3880333 3695570
3918652 3808183 3923814 3880218
3793084 3797600 3823915 3754399
4008813 3659996 3836030 3876477
3730838 4085854 3878217 3800255
3798828 3786378 3865387 3892999
3921431 4230685 4009290 3939282
3885924 3815727 3948379 3988303
3919184 4122267 3962303 3853489
3831790 3875414 3963750 3979853
3788146 4045810 3856505 3808501
3836561 3725840 3792209 3917280
3765808 3979692 3935750 3801107
3842271 3884405 3688399 3624775
3755333 4150948 3984436 3917405
3921310 3994439 3892170 3816445
3754382 4027128 3904335 3791713
3913997 3946571 3837218 3739813
3748199 3978059 3851998 3766023
3853337 3907985 3723284 3674571
3933735 3828062 3936033 3636846
3861568 3897223 3831221 3805520
3930892 3926067 3937050 3795738
3911871 3998387 3876739 3997622
3890831 3849190 3990295 3769124
3916030 3964212 3910249 3855164
3850445 3861704 3862159 3665418
3784365 3880681 3683248 3848206
3965039 3895508 3820765 3815205
3868715 3814413 3835533 3717064
4052419 3998119 3918284 3871103
4046247 3966530 3987527 3716969
3969957 3929909 3892735 3871852
3956060 3981810 3991555 3748335
4010978 3886187 3806282 3759117
3925394 3882144 3862782 3618958
3855719 3811414 3874134 3706358
3837722 3954385 3893694 3773862
3943910 3905199 3898901 3803859
3948754 3952449 4031347 3793338
3812858 3821970 3878386 3852278
3945704 3964270 3930375 3800349
3846757 3758481 3880079 3718921
3839582 3824911 3761719 3745715
3894657 3959374 3979997 3750807
4044392 3763152 3970335 3946129
3724121 3747230 3788771 3583463
3901050 3578133 3730015 3704544
3718167 3807537 3729220 3571946
3885900 3572795 3745395 3705859
4005091 4013839 4141404 3851692
4112459 3848718 4068486 3993081
3880782 4148877 3953666 3894894
3807297 3834163 3921319 3967382
3661448 3992661 3785443 3653694
3727883 3768369 3754600 3765370
3663132 3948725 3957549 3699079
3742103 3678204 3713157 3777037
3951075 4275038 4150149 4078393
3976092 3935873 3988084 4036463
3778725 4099765 3949029 3963219
3893547 3955999 3773900 3871821
3683388 3821090 3790298 3765076
3778808 3777765 3702311 3627385
3632089 3905757 3833751 3703159
3738923 3692394 3584003 3554017
3863453 4197201 4121080 4070417
3944559 4046642 3912940 3847416
3928414 3896955 3958620 3857813
3879714 3988892 3849012 3907456
3849185 3800561 3894645 3671167
3794012 3840722 3711844 3696161
3749922 3805160 3804829 3627201
3673647 3802759 3602494 3714942
4086822 3995725 4039383 3931085
4006341 4062227 3967798 3998991
3969937 4019577 3946488 3916325
4009940 3961225 3981378 3752730
3891020 3812578 3796669 3673533
3774774 3844647 3750766 3543018
3768179 3867666 3693228 3733885
3876707 3804406 3838879 3570492
4101800 4089185 4060036 4009270
4074563 4143285 4050337 3889841
3953995 3875305 3971626 3840501
3914537 3999515 3952200 3825418
3775447 3662688 3716988 3669077
3743975 3783292 3844213 3645152
3743800 3693495 3744796 3619956
3757015 3733462 3736339 3693143
4047648 3960551 4014786 3957375
4088002 4099551 4051505 3935456
3854719 3919626 3893937 3791244
4028447 3742323 3873430 3811021
3866537 3760940 3871386 3646806
3882094 3737909 3967688 3740707
4035545 4048446 4100347 3857170
4118804 3946628 4097039 4019880
3968435 3914941 3984617 3810486
4148840 3865581 4043824 4112838
3828111 4156664 4005066 3875338
3826988 3826636 3886295 4036254
3723432 4103097 4067525 3872313
3818959 3800058 3881724 3936066
3929643 4224222 4167083 3947793
3967787 3919668 4061041 4144099
4001556 4310419 4122741 3906006
3989006 3957929 4042019 4154294
3724039 4042876 3982255 3895449
3833718 3965198 3788887 3789959
3710884 4016074 3922576 3956560
3851780 3868369 3771789 3687525
3858090 4259084 4102603 4005635
3995494 4098419 3897144 3887821
3870886 4278649 4152522 4084342
4047751 4102400 3846837 3870756
4015787 3921733 4049752 3791885
3908212 3901911 3803239 3835719
3867088 3826076 3952585 3733512
3857738 3889100 3761105 3699050
4071709 4006355 4068107 3933371
3976657 4067866 3974187 3963806
4062897 4055358 4016269 3968956
4041728 4136997 3912868 3981169
3957412 3892968 3857225 3821579
3920098 3873548 3900144 3727210
3951708 3882558 3721620 3832474
4010262 3949876 3875892 3651588
4140083 4062668 4029602 4043781
4128217 4058697 4132108 3824212
4085449 4007802 3939414 4002463
4062341 4024460 4100721 3886807
3869113 3829992 3995724 3801694
3930034 3956894 3992708 3783057
3877920 3817302 3770021 3716467
3794473 3895151 4006273 3777301
4025899 3950089 4060565 3900373
3990762 4060989 4031920 3959186
4023760 3943588 4028001 3866004
4036837 4027152 4075238 3936738
3875009 3817436 3861772 3736573
4013946 3803545 3914713 3841562
3825631 3859471 3908784 3637077
4033513 3678900 3868307 3790444
3883967 3902774 3910491 3699671
4057471 3756475 3899192 3881038
3855908 3816860 3811368 3670578
3982643 3683279 3851900 3783932
3850102 4123452 3992565 3891350
3929000 3782783 3834895 3962020
3755400 4091021 3868230 3844556
3809835 3719161 3767498 3903522
3881228 4179492 4038244 3905199
3914390 3905049 3952126 4075149
3825654 4078549 3874738 3911532
3803431 3817720 3829086 3944006
3722258 4114671 3908326 3905909
3781513 3863971 3789151 3702560
3719194 3892887 3837710 3849147
3767508 3855926 3753051 3688712
3791907 4146486 4008483 3978802
3953690 3979523 3870681 3854486
3742819 3978032 3867617 3799956
3853254 3873768 3748151 3673463
3946609 3810533 3959027 3828350
3828912 3936447 3726001 3771092
3851767 3884220 3867798 3678724
3727638 3840953 3813695 3832313
3983738 3945664 4011979 3818361
3889269 4028460 3889817 4021945
3846306 3894341 3888345 3703460
3834852 3853475 3754901 3788238
3964217 3871358 3890070 3810115
3909395 3890391 3877300 3762470
3969072 3895552 3825965 3764467
3876307 3843365 3870515 3640946
4065997 4005899 3937689 3827373
3976641 3977452 4039665 3744910
4050315 3921864 3878640 3845254
3935915 3891361 3939978 3645167
3902824 3783373 3818921 3720024
3922214 3851720 3897706 3837703
3832463 3759828 3844861 3732573
3851068 3803427 3804103 3788467
3992538 3855775 3981258 3828541
3993329 3991161 3947936 3831189
3935240 3745354 3901255 3711639
3851380 3929325 3848203 3759219
3663425 3670935 3679878 3812517
3721157 3719717 3729254 3828684
3978058 3874968 3962559 4014841
3867438 3956932 3874133 3987305
3948686 3843693 3996119 4010505
3979879 4092544 3936157 4006064
3953642 3874131 3990252 4039108
3962639 4032447 3966208 4030237
3713987 3731315 3753743 3753168
3736477 3659423 3749620 3582259
3936138 3827264 3933890 3916290
4018456 3822346 3913521 3750897
3959669 3970100 4007388 3878264
3975066 3854377 3954012 3711440
3992745 3929699 3947905 4023105
4059385 3855474 3911585 3815726
3731293 3663169 3576720 3698779
3648510 3777236 3784841 3736652
3891359 3835703 3844072 3880393
3950960 3976730 4020640 3922554
3929151 3831157 3819988 3923846
3933726 3992144 3988364 3890670
3930071 3901122 3880697 3930261
3953559 3966537 4033502 3949834
3684464 3612878 3635893 3579815
3763763 3750975 3675696 3645833
3913963 3797743 3871817 3856497
3941015 4012334 3876968 3925273
3962275 3821298 3905919 3843099
4058762 3950778 3967263 3941405
3987175 3837910 3956550 3880513
3966625 3971576 3959409 3919330
3622645 3746008 3646594 3754474
3748119 3748299 3662563 3717011
3875170 3934028 3755960 3890828
3963551 3902335 3818722 3905340
3848585 3930124 3803993 3984324
4017675 3918063 3889330 3903356
3860065 3919219 3879168 4088203
4059518 4019809 3887526 3930271
3754731 3675841 3694116 3755449
3733086 3687543 3709173 3551554
3923111 3913969 3930281 3985822
3959035 3890516 3915493 3725338
3979864 3901283 3832353 3995352
3968513 3875535 3931689 3842987
3978849 3879790 3903218 3934401
4047531 3936005 3920428 3843967
3887885 3890685 3798391 3885401
3771339 3850512 3862149 3904215
3939145 3983055 3988483 4021859
3914465 3996901 3919104 3988022
4047505 3954562 4019692 4098091
4007771 4163173 3980031 4116102
3790934 3724059 3844062 3850963
3791461 3763977 3830694 3887268
3891059 3795793 3934567 3840720
3881997 3834485 3890596 3625130
3958217 4027644 4084342 4040425
3968866 3970290 3996522 3824051
4150026 3977713 4040223 4063264
4099672 3930892 4086674 3952674
3836885 3816588 3827116 3787841
3861902 3720949 3807281 3585402
3760726 3811346 3815059 3740068
3865561 3896613 3909017 3850836
3983423 3984886 3833760 4023740
3993459 4033436 4138538 3909714
4020015 3948937 3947648 3983261
4025755 4016575 4036327 4035608
3772165 3791977 3712348 3768595
3869214 3878268 3879407 3778881
3814630 3736627 3870556 3797671
3829349 3906307 3862239 3844304
3875346 3890117 3973238 3907716
4030738 4087831 3997413 4013316
4050204 3886983 4037617 3948661
4034583 4140766 4022443 3927754
3716768 3740215 3724077 3782660
3774469 3839160 3863796 3784840
3781634 3928058 3657627 3831657
3850979 3843996 3865412 3779582
3840822 3973741 3958152 3984333
4077280 3992393 3981989 3942764
3879491 4034976 3987679 4003330
4072083 3994423 3934085 3997366
3698778 3865888 3748330 3767134
3919528 3851138 3791983 3774154
3816366 3767734 3814558 3818550
3877959 3789353 3809991 3721779
3932394 3956720 4010305 4018893
4010005 3868069 3887840 3831864
4029945 4021462 3992930 4117691
4054002 3865505 3910460 3946041
3809825 3729002 3737086 3800035
3880770 3723154 3770975 3708903
4078786 3888742 3971552 4037811
3961964 4043995 3912611 3937966
3774683 3760711 3843160 3828272
3899432 3899076 3827681 3936031
3875616 3869933 3939733 4017542
3869710 3971700 3888760 3905481
3954558 3863063 3982348 4067310
3905290 3972603 3896897 3980181
3986029 3985190 4066214 3921503
4038390 3993897 4041881 3776390
3836531 3826679 3818738 3865250
3834591 3797641 3904462 3705944
3937908 3941489 3965405 3877191
3989463 3930418 3933293 3844344
3909911 3913934 4021768 3960482
3958177 3796102 3925405 3754361
3983988 3950064 3885910 4009429
3950754 3963161 4065968 3996059
3854897 3791942 3684238 3725225
3935420 3884024 3890363 3805473
3934823 3798440 3841009 3935306
3910012 3950527 4003868 3950266
3953164 3913912 3865934 3926537
4015056 3938090 4002469 3882640
3941328 3812792 3918749 3932805
4053249 4060133 3994878 3952978
3762001 3698541 3861467 3793901
3854162 3887556 3881482 3842539
3986320 3759005 3955575 3853287
4028131 3989077 3906556 3866926
3874628 3883929 3823727 3827060
3946575 3997649 3828036 3913853
3896703 4010932 3913905 3945199
4057935 3854446 3935087 3912056
3709660 3795184 3781328 3840790
3878921 3850548 3745693 3771785
3829622 3976746 3876624 3963987
4017762 3953744 3894405 3871211
3867742 3927229 3835716 3899735
4069799 3947928 3889979 3851753
4005544 3897494 3888141 3938219
4076885 3897905 3924145 3878333
3836313 3785854 3843674 3862636
3951994 3773390 3805320 3700747
3951759 3796438 3812188 3926298
3979577 3870443 3813584 3760060
3943438 3898108 3858541 3951181
3986799 3830188 3878156 3828113
3835298 3676582 3777064 3957663
3762514 3775835 3737216 3920442
3871519 3784690 3897751 3906249
3841143 3837563 3914440 3916413
3862954 3804392 3888518 4041796
3886043 3950335 3833496 3930164
3890878 3884953 3884274 3980881
3900794 3977174 3942580 3901867
3809902 3794034 3853072 3770612
3816191 3696555 3808140 3643627
3851809 3838458 3860246 3815445
3915848 3726291 3829564 3715652
3898668 3907081 3942325 3876062
4052797 3856405 3941225 3672672
3865820 3928366 3938099 3895877
3915315 3844054 3933755 3771262
3744555 3779153 3672250 3821235
3915755 3782829 3866912 3816011
3816014 3761889 3738196 3777508
3812674 3868029 3857671 3830316
3815726 3866533 3875850 3995845
3912600 3860206 3952009 3858069
3848448 3870736 3754190 3905676
3968959 3969300 3993547 3889958
3832525 3652330 3772959 3677111
3816033 3891385 3789825 3818498
3803793 3734762 3884155 3713593
3889881 3853234 3872577 3873456
3821669 3671761 3892161 3754708
3870406 3985309 3874267 3807343
3923961 3763397 3828851 3763429
3907095 4038807 3917302 3904564
3756627 3810281 3691710 3854011
3745274 3743925 3731384 3750484
3740568 3829631 3754648 3789770
3836798 3840302 3774673 3765077
3835613 3891576 3738043 3886998
3857429 3837376 3833329 3875790
3780895 3915649 3841057 3897018
4028173 3923956 3882246 3876977
3835090 3785001 3755302 3792446
3854563 3708424 3786116 3696391
3907331 3817164 3814812 3852749
3945312 3847023 3789257 3708251
3884053 3868215 3893656 3815649
3962648 3858806 3861375 3767347
3910529 3903628 3869559 3917271
4041540 3886765 3806224 3783144
3903857 3762849 3909598 3916481
3753140 3855446 3794385 3876659
3872352 3773882 3962159 3959074
3786068 3882452 3850040 3939961
3830902 3812079 3824415 3837230
3829083 3846865 3803998 3836847
3793123 3793322 3840941 3913525
3855426 3942674 3802706 3885556
3802109 3833355 3890074 3849640
3921906 3740679 3833810 3692688
3853630 3875501 3993671 3969732
4043927 3826546 3879880 3700729
3783271 3850085 3839074 3852087
3914665 3752780 3840157 3684796
3905562 3811182 3943920 3874127
3875382 3873071 3912462 3733568
3764210 3813986 3718699 3859021
3813473 3849729 3850179 3763412
3882306 3835045 3883545 3882801
3910501 3928880 3997031 3851680
3723629 3778592 3709871 3829772
3821683 3787896 3816166 3838485
3870829 3828266 3767718 3881459
3981087 3877231 3931697 3864024
3796495 3679003 3754812 3760449
3905555 3868089 3783765 3809249
3778876 3758427 3923269 3772436
3971766 3957151 3869910 3833235
3797701 3580180 3785101 3766361
3848200 3795109 3784370 3810151
3819403 3748922 3839246 3787607
3979904 3880595 3882753 3793035
3758626 3839072 3724600 3897514
3940414 3835706 3837821 3800769
3791837 3930561 3865270 3925903
3898436 3896559 3837525 3849543
3682731 3830728 3787784 3855166
3844996 3780682 3754729 3824124
3752326 3842741 3814277 3849084
3959005 3859656 3785747 3856072
3837023 3798294 3724703 3835833
3902432 3820580 3675773 3664680
3966480 3836537 3835516 3973794
3935869 3930851 3823533 3826441
3745569 3731818 3648560 3725310
3864592 3677360 3766154 3677341
3856915 3825695 3877778 3953807
3888142 3869992 3846277 3725018
3874904 3828877 3894802 3900746
3881775 3926146 3915304 3960842
3902126 3828021 3974967 4006401
3841080 3922074 3890211 4001461
3881532 3839479 3983746 3979030
3902923 3952692 3919819 4023038
3979399 3853795 4038818 4034799
4038834 4071674 4041763 4076023
3881876 3874455 3925584 3890397
3969322 3835726 3874467 3779221
3812239 3915224 3886234 3892961
3895554 3850279 3880975 3750321
3907812 3918520 3913303 3969507
3983749 3802417 4010119 3730452
4034246 3996348 4029267 3988893
4068444 3932739 4039758 3851143
3880950 3834636 3792467 3905312
3948076 3945909 3868362 3887093
3884168 3803967 3814575 3792730
3841444 3903188 3868207 3833545
3943860 3920791 3777247 3930080
3974801 3908117 3993477 3860570
4004911 3970150 3934449 4037413
4042417 4022400 4046632 3971085
3852659 3709154 3831061 3816597
3893308 3878034 3849934 3793297
3803665 3793015 3876521 3816963
3911780 3954752 3905729 3844701
3961264 3752280 3941601 3801864
3968611 3962931 3895643 3932291
3973602 3861030 3938955 3846755
4009783 4078490 4018186 3985462
3740647 3829589 3896537 3887523
3986381 3877426 3773447 3818033
3812985 3907778 3850066 3892591
3896069 3905734 3845342 3809740
3923694 3929638 3894279 3874848
4001583 3992484 3891080 3804568
3894732 4090713 3876515 4095644
4053189 3972464 3930186 3887047
3852835 3863235 3822756 3829567
3859777 3842319 3793782 3730432
3904405 3892361 3838504 3863223
3943715 3834210 3866324 3697673
3952851 3956383 3953294 3921510
4023222 3841988 3909704 3786663
4007100 4001843 4009252 4022828
4113647 3933809 3891509 3925054
3991439 3926864 4007084 4047361
4061313 4088661 4031199 4000531
3893381 3671540 3855705 3818264
3772824 3854311 3759697 3887014
3794104 3725290 3861303 3840545
3759095 3863818 3735358 3866400
3923195 3645970 3889215 3877330
3873870 3910382 3700135 3854672
4028598 3964498 4057150 4004084
4066686 3969350 4017907 3795891
3810653 3711765 3832920 3773944
3873548 3710711 3836305 3684885
3855731 3684489 3810849 3774440
3871741 3761098 3752846 3607779
3816638 3728250 3926210 3775344
3882414 3760084 3795611 3658904
3953807 3951670 3904393 3962153
3930337 4046889 4097530 3912750
3825082 3754675 3723871 3745905
3838457 3812313 3883579 3862968
3819518 3738246 3690762 3743280
3853688 3824684 3895294 3802714
3876987 3764979 3630255 3768384
3800370 3883156 3965013 3808147
3999677 3875201 3981688 3996253
4058744 4067474 4040244 4031336
3787687 3677351 3819119 3653604
3884397 3819291 3865272 3783668
3754332 3722258 3788402 3751481
3863693 3843201 3785297 3772679
3704907 3688925 3814993 3778872
3858668 3894919 3812570 3935362
3942969 4015596 3803233 4007743
4080768 3924368 3910710 3949345
3752840 3803221 3783926 3753745
3883814 3876761 3721271 3742673
3673551 3805916 3678782 3745432
3786263 3766270 3700819 3742121
3675266 3826473 3667323 3784774
3860413 3780469 3766562 3790479
4009894 3959365 3943117 4026567
4038078 3940496 4002022 3837392
3759083 3814910 3739566 3808089
3850534 3808840 3715133 3659721
3760531 3778322 3720822 3730454
3892542 3696162 3721713 3703224
3827641 3786096 3827842 3845554
3928351 3781222 3824972 3734223
3944960 3886131 3932882 4059728
3934908 4001227 3985915 3968702
3964612 3921695 3920348 4025340
3906260 4011438 3949997 3957318
3850645 3878426 3952889 3932124
3909971 3965150 3868671 3963071
3902916 3769130 3897588 3933377
3988746 4013933 3935033 4007420
3954000 3962821 4003260 3969732
3985171 3860553 3939228 3765604
3966363 3921064 4002604 3931394
4037672 3937588 3975819 3766829
3901195 3968184 3956911 3927958
3975146 3844653 3913522 3746577
4041519 3906005 3884512 3910353
4048283 3813846 3900844 3826731
3937969 3869711 3850690 3904765
4001911 3966366 4047740 3979895
3896778 3941936 3809666 3940990
3903242 3957882 4042363 3878734
3846942 3888151 3777940 3816995
3902158 3986739 4044176 3850021
3884302 3871950 3872295 3887755
3942643 3912117 3918692 3887307
3946440 3816520 3913240 3893901
4074207 4042336 4041269 3903760
3880040 3837017 3898748 3871616
4065995 4051472 3961984 3906310
3840142 3628860 3846310 3860139
3923436 3934369 3882284 3849578
3875225 3922752 3944315 3831654
3935692 3984031 3970225 4007273
3838497 3988013 3934696 4048749
4183858 3969227 3917954 3918275
3835237 3863169 3857963 3985284
4075019 3866121 3809589 3916703
3753161 3881482 3864908 3918974
4056175 3948599 3775557 3881072
3892352 3968700 3802615 3952945
3968213 3938926 3887847 3875269
4000090 3809110 3901883 4030348
4002994 3862702 3912567 3841482
3898663 3967093 3888176 3888202
4035173 3806142 3841772 3785887
3910227 3831613 3806548 3873176
3899058 3895882 3872282 3756155
3979229 3930754 3951677 3910017
3981470 3863634 3839424 3848516
3756731 3825347 3882951 3936797
3842025 3949335 3855974 3871360
3830453 3732634 3926266 3874706
3774828 3909979 3784983 3915559
3939514 3820696 3883294 3931600
3918280 3964399 3894556 3885500
3749771 3765249 3818192 3874071
3822695 3804647 3800522 3848391
3864283 3843927 3917686 3859703
3947594 3820744 3892134 3761828
3847064 3792329 3881016 3858689
3887293 3733835 3846658 3672611
3916943 3841340 3976492 3941550
3957736 3858209 3892378 3800174
3768312 3818986 3895280 3838099
3836404 3765600 3851697 3640555
3788555 3791102 3757342 3770361
3905251 3918083 3902091 3875450
3799563 3788996 3686328 3746576
3806995 3800554 3842038 3797227
3810697 3926993 3804080 3946609
3965719 3938812 4056250 3868631
3807763 3764154 3720685 3791450
3875900 3883069 3851182 3767701
3896925 3829754 3855237 3727636
3817192 3854572 3830176 3870148
3760869 3739389 3815950 3720073
3911733 3911040 3805499 3721926
3904943 3816150 3788718 3804649
3987271 3889886 3882730 3847804
3771359 3654594 3829887 3822268
3925626 3854803 3786739 3736388
3752050 3870087 3758984 3835596
3919086 3848953 3750715 3858104
3763062 3923429 3805015 3836666
3890193 3870914 3748233 3775566
3845702 3936755 3819849 3944551
4083857 3877240 3779780 3847942
3724615 3845829 3727543 3806838
3913005 3785261 3790528 3759001
3917227 3898603 3784549 3820317
3777702 3807528 3818729 3761167
3900453 3894465 3722863 3815150
3821476 3750563 3698005 3720093
3948737 3838778 3870660 3842025
3925089 3858331 3868521 3789482
3812396 3792295 3776009 3770694
3827977 3766460 3790484 3718822
3889045 3745268 3901257 3953066
3889808 3904694 3757533 3892446
3856414 3842391 3886101 4019779
3821697 3958426 3883812 4019786
3721642 3701792 3746443 3864930
3738416 3763854 3798258 3894094
3919443 3895521 3906658 4036518
3912613 3957927 3926335 3994072
3902349 3884804 3932650 3861739
3912516 3868739 3830252 3665855
3895351 3835839 3962544 3892272
3992778 3837434 3962898 3752994
3760546 3655990 3895761 3803243
3853085 3673559 3753674 3574784
3876439 3838399 3976291 3885295
3974819 3814488 3909395 3729624
3726688 3759400 3797791 3806996
3890705 3837080 3905096 3836426
3887534 3824339 3868195 3868191
3929308 4026993 4005066 3942693
3663006 3617021 3659856 3722638
3698069 3828772 3878887 3746676
3868583 3921302 3822542 3897747
3956971 3908706 3885643 3886025
3790039 3741214 3794108 3744376
3879455 3909611 3818677 3819889
3879873 3895927 3885320 3835641
3996088 3902277 3931464 3963117
3755583 3543957 3696695 3664654
3819082 3783647 3755377 3743285
3895264 3788291 3925625 3844662
3971267 4020495 3882166 3843806
3746738 3904028 3754660 3856160
3859575 3899514 3829035 3822077
3900290 4048794 3849776 4022435
4027563 3917901 3873181 3892534
3670701 3709504 3627897 3812936
3924771 3703677 3592130 3728848
3765186 3935494 3826330 3856582
3990757 3859013 3802122 3868684
3791430 3789773 3890894 3862592
3873084 3729480 3763853 3712505
4005639 3897284 3983818 3907233
3957744 3868431 3840848 3853413
3757768 3746967 3696680 3768837
3771882 3694453 3673018 3641969
3889251 3815795 3890351 3925239
4011049 3829138 3890073 3755907
3949797 3846348 3971987 4006619
4054267 3987456 3948701 3993440
3892453 3781468 3883427 3963950
3903686 3984404 3948829 3926889
3846329 3821306 3926841 3973558
3860131 3887195 3869636 3974097
3931910 3742477 3890752 3965312
3885441 3892954 3840236 3941345
3995092 3894778 3934625 3941409
4046386 3912450 4014630 3873619
3935172 3915257 3962096 3965134
3953558 3938495 3952863 3817143
3891092 3881440 3880354 3890499
3997033 3882270 3883741 3725645
3933747 3868287 3890061 3912991
3965148 3877045 3866914 3756317
3957071 3924318 3881624 3976272
3949512 4009555 4032421 4004687
3861283 3937365 3809205 3869576
3943477 4023881 4035273 3842119
3791300 3938871 3798702 3950788
3925731 3901568 3940134 3879295
3911876 3845369 3815225 3858490
3892192 3938106 4040215 3870453
3855060 3800209 3911532 3919209
4023639 4033406 3995139 3893286
3891376 3831158 3870871 3831757
3933837 4028551 3902880 3927150
3827812 3853714 3833080 3773324
3948873 4047992 3926128 3850168
3907945 3729316 3822423 3791151
3898130 3961980 3937466 3807034
3914223 3986274 3912166 3979225
4084675 3976767 3929995 3959365
3854729 3925112 3764793 4003091
4010491 3926303 3900943 3910129
3838806 3895026 3784595 3939675
3925896 3918819 3795570 3848788
3778665 3901896 3825503 3844480
3966898 3835841 3790236 3835461
3962795 3889165 3866309 3970468
3967722 3862644 3977225 3741574
3916214 3854779 3869375 3940040
3967719 3924462 3998540 3771863
3959733 3883329 3877507 3920156
3961587 3842807 3855952 3788142
3951266 3818225 3772019 3940010
3953224 3818418 3871495 3697933
3790611 3779026 3873460 3839154
3840389 3855699 3892238 3911720
3907387 3849812 3929945 3940257
3923278 3980078 3884866 3849273
3848491 3799036 3863144 3892055
3828868 3853096 3873980 3859594
3816875 3743530 3854381 3949390
3822098 3910751 3850429 3841811
3901724 3824728 3845938 3856983
3932200 3796291 3854268 3584783
3946803 3841166 3924128 3837727
3973010 3893378 3921066 3734131
3772120 3840585 3853135 3892116
3902511 3796626 3891825 3788878
3862609 3794334 3883157 3820710
3865878 3786815 3853635 3660341
3849146 3840056 3790214 3817884
3900631 3876952 3909722 3804455
3847167 3898398 3787964 3926783
3862328 3890260 3987008 3896100
3835030 3847238 3713280 3893783
3839068 3810498 3834437 3867074
3800104 3804073 3628231 3850410
3849614 3948974 3928467 3800504
3841850 3766562 3816629 3804491
3953731 3863344 3859821 3773324
3851469 3775170 3920566 3806172
4015906 3902884 3887103 3829338
3849506 3819355 3737647 3632844
3889794 3931058 3880415 3850786
3744268 3680600 3814824 3709965
3830710 3900401 3777795 3811114
3749823 3870192 3797953 3802728
3958221 3826695 3746903 3749525
3823260 3879451 3802061 3961125
3997633 3995351 3889235 3889880
3832944 3893280 3751336 3902803
3946475 3870233 3730162 3847828
3688949 3835626 3751369 3854003
3872729 3871516 3714289 3843752
3953883 3860264 3768964 3894021
3967683 3823441 3812057 3722412
3909888 3867880 3822251 3932236
3952098 3835853 3860624 3745114
3830045 3833594 3766541 3861590
3914616 3771066 3834351 3659627
3892729 3794655 3741188 3842077
3828744 3730416 3773499 3730632
3910409 3696433 3676205 3752059
3694030 3700406 3639974 3830605
3894743 3642743 3749891 3675587
3658404 3717866 3691038 3877077
4025904 3800984 3854195 3905372
3788826 3757218 3797799 3985014
3917803 3707029 3790763 3789368
3742789 3743704 3723575 3868357
3802921 3774949 3939072 3700561
3790786 3793556 3760062 3837391
3910523 3756405 3948934 3680896
3781963 3852627 3714137 3917868
3884257 3755123 4071242 3762148
3983685 3922697 3920098 4048465
3843403 3689886 4060366 3656923
3792864 3922562 3733195 3902175
3883850 3806004 3811760 3805550
3710748 3776487 3791552 3705903
3933971 3909254 3863575 3829744
3753302 3817976 3858289 3779823
4021691 3875117 3939350 3914672
3841079 3861139 3942666 3812256
3888842 3875399 3799583 3875013
3778827 3770876 3962868 3772488
3702265 3737519 3649221 3656717
3711263 3863946 3682772 3691825
3724605 3753503 3746297 3668000
3690443 3771091 3527044 3775457
3672405 3811920 3749820 3789167
3721640 3932068 3686984 3749642
3740866 3754153 3659023 3681525
3730587 3866923 3669653 3656274
3695188 3857966 3802170 3854533
3747216 3715123 3782650 3828545
3720713 3966485 3693069 3892166
3841763 3700187 3884189 3878869
3843947 4043152 3850599 3992109
3910435 3814121 3925413 3923417
3721314 3938053 3820612 3903965
3799116 3781275 3861011 3780600
3729011 3794475 3921556 3799406
3822284 3714584 3806008 3692421
3791644 3855089 3906489 3821264
3782275 3697860 3852532 3706922
3842194 3889829 4005514 3903861
3959994 3817154 3919720 3705745
3810140 3775061 3917362 3855448
3838573 3693258 3771999 3763150
3997817 3787170 3828667 3869808
3750382 3727055 3804123 3896329
4072170 3725501 3879246 3860405
3869810 3839684 3797776 4008988
3844132 3596677 3756220 3768182
3657166 3686898 3720263 3772471
3930236 3746736 3808209 3821234
3768168 3827488 3822805 3959524
3870307 3793662 4096600 3842131
3850665 3868668 3865282 3912412
3964638 3806564 4089956 3809127
3970131 3986290 3877482 4100332
3715127 3659326 3870434 3606481
3746531 3843032 3693230 3803672
3921832 3850674 3943980 3764929
3901683 3896820 3939780 3877307
3945216 3895277 3913023 3827731
3821448 3825679 3964410 3811813
3970795 3991788 3946535 3937034
3918154 3825396 4001235 3832654
3862696 3732059 3800044 3786911
3728111 3629509 3866551 3636807
3984836 3835728 3965527 3858495
3782257 3770722 3921225 3824879
3732082 3807663 3731654 3743876
3793449 3924202 3665654 3719223
3851107 3827804 3839738 3714084
3836419 3938869 3759684 3816808
3627156 3752976 3665217 3644863
3621452 3789135 3577979 3636040
3776697 3862258 3781947 3821869
3801090 3990675 3765095 3801507
3797609 3936489 3893963 3924686
3843621 3790929 3895139 3915138
3766054 4026702 3941474 4032704
3914046 3899250 3940737 3976115
3654108 3869421 3685569 3822040
3767891 3699797 3847205 3756488
3781741 3982017 3838141 3960635
3878422 3882270 3959040 3898850
3792170 3900804 3947328 3915168
3895514 3737380 3936087 3798619
3981299 3897047 4000848 3905568
3961315 3821894 3950896 3815706
3704974 3754023 3860343 3735791
3774418 3712624 3810799 3689229
3777173 3831822 3946363 3916097
3959495 3728016 3850286 3857429
3915755 3738037 3785809 3821562
3762623 3724117 3773383 3862147
4052269 3899389 3859027 3922232
3891296 3844692 3839185 3924371
3950501 3723008 3731842 3821676
3764907 3693775 3718374 3868969
4024547 3727717 3832209 3833150
3775763 3796575 3751266 3925233
3857928 3771572 4042036 3691286
3857285 3823067 3715916 3884732
4041428 3886169 4121245 3744540
3968488 4106568 3866821 4052775
3830608 3693231 4018450 3663756
3859229 3872303 3849020 3933681
3875936 3835559 4102429 3772763
3948267 3931260 3883265 3936523
3945150 3811819 3867147 3971911
3798010 3673960 3866015 3731626
4061793 3997321 3989144 3952405
3892293 3836200 3978066 3828430
3888209 3838644 3808813 3802391
3705959 3727006 3891582 3756840
3996380 3923345 3944361 3915095
3827994 3733012 3946086 3804330
3877957 3820629 3786254 3683223
3779385 3979234 3680687 3704410
3818583 3896805 3798638 3775835
3790009 3886959 3805889 3743613
3685857 3726485 3684249 3739356
3853330 3802252 3754957 3740853
3761455 3824409 3796356 3819929
3839846 3925618 3732165 3755180
3799621 3941797 3841641 3919489
3763411 3812027 3910635 3875710
3803465 4082611 3857133 4050333
3994023 3916366 4079444 3997014
3703746 3897610 3828796 3919386
3800140 3766494 3862085 3822842
3754515 3950870 3821971 3955131
3853646 3916462 3964620 3855859
3838349 3870951 3891120 3939051
3849946 3686324 3845706 3706428
3861810 3965736 3897098 4036715
3994265 3869469 4003141 3890214
3744989 3844634 3857413 3768876
3850006 3759735 3760442 3722677
3859915 3856260 4021728 3866308
3916463 3769528 3878384 3839372
3969897 3680401 3812880 3877413
3750117 3658428 3813616 3826644
4031741 3767153 3813313 3781753
3722949 3786018 3803269 3891895
4042304 3821171 3890120 3846231
3858353 3854029 3887928 4057300
3823147 3698893 3745953 3738074
3708706 3622039 3764945 3854509
3916491 3733338 3993986 3700640
3898494 3823034 3769891 3875976
3836899 3809428 4055061 3676069
3906600 3839847 3850573 3910439
3978721 3813634 4074488 3911603
3926362 4056369 3954329 4031871
3819127 3700915 3927948 3718650
3814959 3770630 3736396 3838313
3861245 3907545 3845373 3773605
3792450 3778880 3879793 3754228
3963258 3941072 3948117 3877580
3811864 3746450 3960218 3852402
4102085 3964916 3992728 3976781
3913548 3814443 3989774 3938304
3858445 3802639 3796362 3827955
3641355 3664410 3834195 3689199
3737098 3800506 3665152 3677249
3687784 3876012 3652249 3722552
3832202 3867554 3830736 3792610
3827106 3934555 3716759 3735447
3832343 3842502 3858148 3885145
3854518 4022686 3777209 3812185
3707924 3709319 3691150 3746127
3760069 3777130 3632589 3709693
3657225 3877346 3790693 3922953
3849967 3821704 3883964 3798986
3871144 4006983 3894159 3974887
3743952 3845870 3883788 3952923
3860100 4074960 3831127 4044346
3973855 3892039 3968925 4031264
3649082 3882549 3778966 3910605
3775078 3714558 3850211 3835628
3756929 3780178 3922769 3872495
3887225 3666096 3809834 3723719
3811793 4005011 4044022 3846372
3902161 3725537 3889122 3867631
3876575 3928766 4017589 3922303
3959441 3888963 3956092 3911206
3748421 3796862 3884961 3726065
3838062 3741219 3796457 3735137
3994134 3712915 3904481 3817307
3807856 3763501 3874300 3988157
3946123 3739416 3794519 3834713
3662689 3757429 3733594 3876337
4016071 3762827 3937657 3934776
3842697 3801839 3809209 3914942
3942225 3720378 3805280 3704063
3800337 3755187 3770407 3852618
3885079 3814135 4064568 3719294
3831176 3941250 3870285 3899910
3808122 3705211 4065740 3694701
3843734 3848001 3850195 3872347
3882646 3842249 4022995 3819624
3954521 3898640 3947441 3998654
3739186 3803349 3964395 3715953
3842818 3842756 3817830 3893067
3971182 3901399 3814610 3889101
3796894 3841264 3947417 3755879
3925907 3873898 3792419 3796247
3757935 3774441 3890534 3799312
3973092 3987862 3883127 4025643
3824960 3813487 3929750 3861329
3841701 3856776 3878025 3943084
3675189 3760349 3948836 3765736
3810095 3824413 3781508 3715257
3816825 3900303 3629263 3738951
3650314 3784463 3786164 3719086
3692162 3885946 3691541 3688616
3816753 3831986 3804369 3829356
3744570 3940590 3764453 3769575
3684712 3831987 3762563 3721381
3699120 3825255 3699802 3746145
3778576 4068332 3838279 3920692
3835857 3881161 3864652 3873567
3796425 3933617 3780880 3946531
3869901 3841720 3890178 3902683
3784268 4033967 3867583 3958370
3920080 3913256 4027456 3970340
3738488 3872726 3777088 3900731
3816410 3887869 3881151 3777180
3767912 3872386 4078867 3841663
3912200 3804102 3846854 3799368
3774989 3839287 3875070 3850499
3900015 3652965 3818719 3760045
3861790 3914891 4005431 3953908
3939191 3837378 3910608 3775927
3721118 3866125 3883421 3868272
3855479 3715040 3828985 3718948
4083101 3858434 3995402 3936971
3869524 3905279 3990381 4044814
3936413 3765847 3869393 3848644
3820088 3789564 3770587 3948871
4045513 3819532 3921012 3919361
3852360 3792075 3842810 3909062
3813078 3730586 3766054 3757622
3676109 3602562 3697724 3894349
4043356 3922851 4200190 3855158
4108618 3971284 3945694 4004791
3901523 3759349 4068671 3716979
3897357 3938143 3845036 3938348
3922824 3974540 4092467 3761084
3964729 3954966 3889334 4021603
3829494 3789605 3944502 3572840
3822458 3847698 3740213 3877453
4090722 4051692 4085124 4049471
3909927 3921708 4003368 3878807
3955134 3967340 3867247 3863304
3799915 3755282 3920333 3744112
3966726 3995776 3993960 3929570
3794370 3826315 4060860 3899954
3905019 3863726 3818535 3775956
3706425 3666926 3853407 3831234
3827133 3992510 3888828 3802089
3907547 4036137 3843994 3824292
3735430 3755632 3811483 3724021
3906873 3777999 3715877 3784601
3841289 3880099 3845514 3789259
3904860 3998607 3729072 3790978
3764115 3696954 3710163 3726807
3743243 3829936 3537073 3660825
3981685 4142427 4016902 4128174
3926358 3921672 4141498 4103941
3865835 3959843 3888853 4015595
3840217 3867662 3931079 3883921
3779378 3984688 3919469 4018814
3969832 3977503 3952875 3967124
3603544 3994173 3781877 3846350
3827392 3840635 3879495 3811035
3878267 4017150 4032706 4060525
4103274 3882234 4039133 3909946
3848500 3875073 4015539 3979268
3966644 3767712 3885806 3868477
3903932 3929524 4005130 3912618
3968903 3817500 3954122 3828373
3767172 3822218 3806196 3798683
3789400 3717766 3787697 3727085
3928783 3767122 3824765 3782107
3770395 3754716 3777996 3891090
4156684 3866598 3996496 4011411
3804400 3834586 3873302 4065025
3981734 3750769 3897780 3895863
3756362 3747293 3820740 3970522
3888788 3716428 3881905 3775708
3698355 3752099 3723234 3871056
3925504 3752787 3976512 3705889
3837837 3970123 3750362 3862140
3996394 3941569 4194807 3841809
4029033 4045941 4021554 4062947
3956251 3908817 4056053 3756539
3942417 4004415 3882027 3977584
3761168 3777231 4007085 3723434
3876070 3842728 3701267 3778914
3940899 3789071 3862822 3871673
3776398 3775052 3984878 3787008
4013020 4033545 4027745 3967882
3898213 3869990 4084770 3940724
4088142 3955413 3928786 3909236
3846874 3833209 3936343 3846813
3927981 3877803 3792679 3748497
3739318 3663993 3815129 3749527
3754173 3720984 3628134 3703986
3749723 3887223 3673834 3787239
3921634 3957266 3888860 3872321
3985533 4066970 3782478 3851356
3746654 3866721 3857676 3791942
3767038 3950147 3789097 3754656
3796509 3683017 3642778 3702960
3732690 3772707 3623128 3627736
3757503 4046533 3884899 3978396
3883106 3850524 3939487 3913574
3891692 4069142 3980593 4105745
3983498 4008630 4004958 4012524
3817948 4056451 3894186 4068221
3913007 3896526 3909193 3945394
3743886 3963257 3737354 3951107
3800796 3819185 3803223 3840065
3747796 3880020 3879271 3901242
3905104 3760628 3816297 3757977
3916187 4044519 4084346 3987345
4092069 3938834 3994778 3893734
3896360 3966222 3928766 3861153
3961689 3782263 3906457 3817679
3737972 3744155 3841805 3767501
3773549 3701528 3817967 3736794
4111271 3943510 4053060 4037698
3990022 3899650 4026140 4115927
4030505 3821102 3942156 3947811
3841760 3777565 3801553 4026604
3920587 3716326 3830163 3849070
3788144 3695564 3713503 3970902
3904899 3664834 3758133 3783469
3803161 3707957 3722779 3877976
4138928 3978050 4317903 3913401
4077749 4183141 4019340 4181269
3957600 3835563 4089988 3835737
3856091 3970637 3962713 3989491
3882175 3771500 4030976 3696869
3927454 3883835 3711205 3948680
3795135 3708120 4057001 3665947
3912080 3890879 3800827 3896318
4185695 4231766 4087307 4158844
4008823 3959082 4251095 4031277
4009880 4002658 3967213 3968912
3914822 3869557 3963613 3867601
3878593 3856046 3857862 3890099
3692579 3761273 3876044 3789746
3879808 3917184 3799169 3790664
3765934 3740809 3896358 3767881
4012063 4102527 3962483 4035943
4078747 4104298 4002866 3939875
3828920 3915287 3822283 3850618
3876519 3968574 3721371 3832531
3735743 3868745 3693961 3683847
3755534 3891960 3618804 3691446
3675633 3668717 3656158 3742251
3695807 3842783 3626400 3670576
4008236 4218037 4042683 4221903
4115480 4092482 4086346 4137220
3769768 4058530 3860992 4020587
3955903 3868240 3986923 3991433
3775226 3892222 3811583 3950419
3814459 3778066 3881080 3872571
3676269 3989404 3795701 3882401
3833797 3774936 3877357 3893374
4134749 4112207 4123450 4073499
4116156 3987002 4126587 4014789
3940755 3923606 4017888 3960078
3941072 3885568 3881624 3870295
3768240 3777845 3878787 3882067
3811867 3758420 3861041 3763013
3793508 3862076 3803928 3788592
3842328 3777151 3895543 3752016
4011850 3782737 3811443 3873709
3811499 3735495 3818173 3970218
3955809 3705925 3843476 3857332
3730578 3686578 3751574 3893791
3957764 3715285 3937746 3801470
3738663 3822526 3826200 3890286
3840194 3630868 3626057 3618905
3701551 3641980 3667741 3907820
3880603 3835737 4067779 3693649
3929479 3971405 3893536 3960752
3917970 3790668 3968486 3753213
3842502 3970129 3867826 3948490
3866663 3745202 4142855 3800746
3910666 3892280 3820971 3916701
3756916 3776882 3970179 3573056
3785734 3845804 3808052 3830953
4014604 3916726 3940971 3883923
3900103 3807775 3925646 3818148
3965164 3917751 3865978 3869527
3781152 3691958 3971792 3776639
3870409 3902230 3818128 3911820
3819451 3855551 4008839 3865120
3837403 3824809 3790348 3813074
3766821 3648232 3876822 3645954
3901934 3851673 3756165 3853625
3852974 3901540 3720193 3774025
3730339 3760852 3760961 3704517
3785652 3944502 3642240 3716840
3763834 3795539 3739058 3832550
3795179 3947767 3627199 3765386
3653446 3675900 3680535 3574635
3692011 3841806 3579396 3624669
3773861 4032183 3827282 3939566
3893606 3885298 3940724 3866416
3712080 4002857 3884671 3894448
3822611 3877340 3932105 3892114
3741806 4000380 3758668 3890588
3889331 3862586 3888346 3875995
3621062 3797933 3726810 3901706
3719280 3789023 3845122 3736862
3892320 3926005 3930540 3832918
3940419 3801036 3825458 3776188
3864957 3840089 3942251 3937884
3917370 3830889 3881746 3709724
3776832 3870874 3934663 3872509
3929431 3753190 3942071 3714621
3721893 3830571 3817938 3728907
3720458 3723208 3739653 3691673
3934572 3804963 3835134 3863075
3804642 3785671 3790269 3965819
4074316 3961537 3945994 3960348
3940552 3818562 3903068 4088094
3858090 3757376 3850571 3730850
3707008 3679039 3732627 3864745
4036789 3874408 3921410 3910798
3822414 3833850 3874919 4021822
3950644 3885382 4045575 3758803
3925082 3992529 3862654 3963589
4017814 3971891 4162380 3860265
4019260 4035294 4005861 4155222
3789312 3769065 4010740 3657829
3803314 3860485 3851632 3825585
3989732 3864448 4103879 3860888
3940448 3985134 3937893 4021807
3994706 3899345 3977373 3962470
3857311 3766005 3953396 3770006
4016328 4031616 4049605 4072490
4029194 3920716 4102364 3953550
3852140 3943365 3842332 3812970
3773288 3737356 3852908 3691115
4004408 3992991 3953025 3984095
3882325 3857746 3991576 3933065
3843474 3853426 3813814 3817871
3940244 3944217 3771182 3829083
3950146 3975977 3929318 3914266
3928554 4032474 3807599 3870614
3684667 3762638 3765089 3695258
3771966 3815502 3568091 3722641
3862662 3961298 3884286 3807619
3876402 4010340 3767306 3844208
3814367 3953839 3907628 4085783
3919325 3854358 3965447 3979906
3917654 4167514 4061552 4053146
4067778 3936362 4157086 4019965
3676134 3944143 3848856 3892966
3855142 3842434 3845362 3855187
3833164 4006788 3943986 4114911
4063438 3995351 3978291 3914700
3848165 3886540 3977926 3921525
3989247 3830681 3927408 3805548
3998823 4014188 4019629 4006303
4065955 3979307 3991526 3895330
3793711 3748394 3866179 3800974
3804972 3677677 3769437 3770775
3907996 3995879 4024811 3989785
3981486 3862124 3938731 3860958
3917627 3854761 3828088 3822705
3753316 3798719 3751310 3998558
4036134 3847692 3812323 3881435
3861816 3798128 3799327 3942604
3995973 3828993 3865403 3843840
3857115 3881671 3833955 3958373
3984714 3728978 3849764 3790328
3804367 3784666 3762127 3855541
3804665 3807839 4024754 3761737
4046666 4001220 3937859 3928976
3889197 3854729 4189035 3728095
3927018 3909361 3860405 4063029
3912164 3891188 4101212 3850558
3928138 3998191 3898854 4002838
3927116 3781038 3969542 3724172
3882136 3959834 3810318 3932172
3929976 3929074 3975805 3955381
3806571 3755158 3943128 3723471
3994206 3909517 3966386 3981457
3845872 3862112 4008265 3854534
3987665 4038919 3966116 3967754
3877651 3830140 3975306 3832470
4013735 3857309 3902108 3835925
3801382 3802582 3986974 3824903
3874064 3866740 3775346 3814005
3766684 3877878 3704369 3808977
3851514 3885840 3835784 3800889
3844147 3952262 3830437 3753964
3842559 3829439 3772681 3922539
3798012 3957397 3803099 3815138
3727748 3802396 3668306 3688329
3794933 3860044 3671184 3762157
3742076 3948218 3883478 4002660
3904839 3815434 3946977 3952638
3849435 4011136 3917506 4012039
3978527 3912325 3918189 3993001
3815587 4013040 3898761 3999204
3948626 3938853 3971147 3966006
3686138 3972748 3816495 3941600
3860482 3887626 3983634 3900803
3815797 3935300 3978305 3853061
3879461 3840915 3905417 3794153
3884778 3991546 3957749 3958831
3940569 3815929 3885895 3848733
3977230 3939005 4023226 3920422
3982674 3879005 3855289 3845047
3828568 3849423 3909478 3764910
3918972 3755002 3836839 3741606
3889179 3675216 3804625 3800407
3684573 3626602 3684929 3879226
4052608 3863400 3892063 3804514
3835300 3750793 3758978 3911020
3990308 3799400 3905083 3871716
3731690 3747255 3760688 3997539
3961167 3822626 3714830 3748693
3805516 3669468 3745403 3921840
3846259 3799954 4075221 3603927
3832257 3809130 3829118 3871236
3926595 3888768 4079417 3751354
3915072 3991231 3813525 3948215
3887522 3933388 4071459 3729127
3856941 3974107 3781159 3999137
3844439 3796098 4044904 3718915
3777767 3812321 3831047 3849369
3888563 3819873 3856665 3796147
3775332 3762274 3908727 3740478
4005499 3882456 3877150 3912810
3820811 3795043 3989354 3763673
3974293 3939290 3941402 3949021
3803522 3844043 3991201 3816766
3865257 3901597 3863927 3858343
3743147 3761128 3886513 3718323
3709256 3739412 3731533 3625849
3726499 3799962 3697431 3642977
3806909 3850707 3702123 3704442
3819987 3935535 3761789 3701172
3840836 3870774 3837089 3733820
3779841 4000625 3686272 3731328
3717301 3769355 3735111 3674226
3756457 3899623 3607757 3725267
3694428 3961453 3826579 3915196
3840509 3798914 3857605 3809433
3852017 4064773 3879337 3924642
3970362 3868367 3993479 3870955
3724307 3983747 3900295 3978808
3954463 3871447 3980354 3943355
3701137 3922481 3878498 3958332
3795691 3745859 3843964 3872521
3760775 3791053 3831123 3855718
3861674 3725902 3839997 3697589
3817790 3942409 4034058 3911864
3954215 3745996 3936985 3810828
3840832 3945102 4007077 3940423
3929452 3827925 3941893 3781668
3718511 3826036 3893352 3817846
3789904 3760877 3748360 3715039
4016315 4154067 3999515 4104345
4051728 4127285 4131647 3872292
3681101 3829279 3682761 3790788
3820169 3761431 3831475 3720935
3867451 4020370 3984423 3854678
3920058 4012114 3894180 3864226
3740992 3833747 3833085 3834008
3794784 3890731 3870605 3782297
4091136 4019756 4011841 3989048
3948502 3869444 4004953 3983908
3806073 3784702 3799822 3727691
3693928 3578546 3733909 3737818
3910201 4016815 4013275 3860849
3907518 3774706 3852061 3874800
3872584 3783865 3787273 3838321
3771849 3584298 3783148 3743538
3902576 3926550 4084448 4193033
4077370 3889597 4028352 4156227
3616469 3657114 3797841 3835361
3754247 3670470 3715690 3824696
3850576 3869614 3925219 3986468
3957297 3833734 3903923 3967153
3722629 3707004 3907236 3942591
3806662 3643769 3694952 3864547
4090667 3970563 3913300 3961790
4023179 4210962 4153045 4225561
3707820 3669353 3620845 3623545
3630354 3852427 3779836 3810125
3922038 3878952 3853407 3876691
3907647 4040442 3973058 4005964
3771604 3802023 3693351 3745871
3821252 3885302 3851225 3950828
3823164 4156047 3939338 4135825
4244994 3996296 4272317 4133586
3527864 3771729 3710249 3828828
3835905 3731883 3882194 3828956
3662355 3930196 3887864 4056689
4018845 3908372 4083524 3965516
3584802 3809037 3685789 3937099
3895071 3811581 4010783 3904225
4002442 4048847 4094317 4071285
4079399 3973653 4018795 4114567
3705115 3732250 3812302 3731818
3767704 3692568 3740030 3789117
3865402 3937148 3915277 3914528
3956459 3923147 3919626 3903824
3769475 3782277 3858744 3760815
3847615 3738647 3806490 3889163
3795182 3848388 3853588 3920682
3841653 3925373 3892729 3762089
3709644 3873134 3752404 3854319
3817557 3858295 3779512 3807747
3796857 3914832 3782526 3908417
3820219 3882269 3918477 3811109
3852746 3941422 3852103 3959917
3916792 4003706 3983123 3834938
3823634 3921470 3918163 3873442
3813378 3569392 3850134 3819504
3842620 3784433 3780257 3848113
3783181 3540947 3779838 3729930
3911973 3861810 3841604 3751533
3861041 3639616 3822563 3760455
3910450 3890670 4049152 3932859
3963045 3674805 3849649 3816002
3771214 3789642 3874269 3931539
3910095 3787863 3733679 3941024
3711464 3664035 3812660 3910029
3907269 3686176 3772640 3780664
3780385 3696236 3884029 3937935
3905167 3774691 3785949 3823317
3803207 3832519 3935623 4049783
3939389 3804495 3943780 3977400
3797225 3819254 3715883 3731949
3883583 3999915 3887709 3928220
3807539 3710743 3569515 3846521
3801017 3944905 3799143 3937334
3853509 3896085 3718259 3818028
3837302 3980615 3935351 4004523
3872011 3874240 3723799 3799920
3854576 3974725 4007322 4062016
3584980 3884844 3788928 3965988
3932326 3798490 3966915 3908841
3568599 3895695 3698336 3845875
3984187 3801230 3937610 3804639
3655239 3869118 3735135 3984410
3914442 3768686 3993128 3932929
3692613 3934969 3796804 3979768
3998521 3859315 4100469 3817328
3783132 3896584 3912719 3929071
3886484 3848965 3848992 3805088
3786951 3848564 3950959 3819932
3776314 3714918 3725388 3814176
3795468 3967683 3904234 3894533
3883180 3750240 3919440 3882930
3841452 3990832 3958076 3963916
3921976 3837195 3916781 3922207
3877567 3861858 3828385 3842356
3939403 3866849 3941299 3793784
3721452 3889207 3715427 3861046
3799240 3851827 3901164 3779103
3661702 3882199 3750727 3896943
3805382 3803372 3819544 3687764
3835092 4022787 3896184 3988039
3971222 4005200 3886846 3996955
3914196 3801659 3997544 3780000
3827689 3663689 3844549 3780292
3773573 3840634 3803068 3765684
3744834 3587680 3810888 3714706
3751690 3729629 3801193 3781386
3670535 3576653 3710276 3735460
3961735 3896250 4026911 3914516
3890261 3694350 3922203 3942798
3717110 3721043 3860247 4030758
3878376 3743067 3757313 4061099
3671115 3683501 3863547 3830090
3834778 3698392 3700256 3987588
3650840 3615831 3799629 3868576
3833334 3687148 3711651 3824754
3777957 3839713 3933184 3983791
3931881 3877278 3835791 3999974
3776252 3803870 3677414 3742858
3804465 3935900 3849193 3862838
3870694 3733509 3702062 3735302
3867745 3844353 3814173 3830234
3783659 3701554 3690289 3753075
3717400 3917298 3836101 3850088
3882209 3871128 3777920 3822622
3818483 4010860 3940670 3988456
3673294 3910205 3799430 3980480
3976379 3850350 4055121 3924468
3614659 3870263 3732561 3937614
3883802 3777919 3924996 3800074
3571162 3841931 3695865 3827207
3878332 3716571 3881239 3838083
3700426 4010238 3828813 4007298
4032502 3915253 4023830 3952164
3856510 3829356 3851347 3801309
3819872 3773038 3886525 3875605
3783902 3806653 3888096 3849870
3801384 3745758 3813691 3712487
3767606 3765088 3868404 3732798
3783652 3734268 3773428 3898480
3822794 3944471 3960430 3928216
4044539 3910464 3904278 4049453
3814971 3881003 3829670 3883107
3823870 3867617 3835814 3746850
3855954 3969103 3896699 3981936
3958560 3956732 3996979 3869462
3667324 3880730 3794011 3885866
3882528 3901695 3908611 3811843
3989457 4002661 3955722 3993565
3974124 4060662 4031163 3874836
3822069 3772952 3914556 3837094
3827199 3610122 3824689 3786592
3941996 3997300 3951245 3880043
3844220 3720932 3834670 3847151
3983055 3826337 3910612 3819326
3773085 3659119 3791244 3826488
4093484 4012082 4134323 3922211
3933064 3783701 3856068 3933587
3766827 3752049 3870877 3994430
3782018 3699818 3861487 3862834
3783309 3857141 3941485 3930873
3912222 3830658 3771635 3983421
3739744 3685819 3874371 3960198
3850513 3795564 3856614 3909233
3846131 3857341 4008986 4055799
4015242 3918820 3970941 4041615
3793716 3815027 3680774 3738124
3847699 3943142 3879737 3986001
3845209 3797350 3791542 3812375
3849272 4066869 3942942 4050781
3865048 3743088 3635964 3731298
3834126 3877219 3881093 3924411
4006640 3938713 3825596 3996159
3955006 4051694 4040449 4033128
3646020 3836677 3792014 3864404
3956093 3825527 4019765 3912266
3737272 4010751 3831780 3913168
3973018 3956662 4031954 3975623
3610405 3874674 3792377 3956500
3914581 3790458 4049434 3981775
3710171 4098710 3941501 4123962
4157517 3916049 4155943 4049994
3815363 3880595 3829208 3925750
3900504 3703406 3842752 3880429
3871487 3971621 3903066 4001912
3960488 3948524 3899455 3904120
3808840 3980147 3831710 3990516
3911263 3785776 3848257 3885801
3963711 4003211 4065639 3965412
4031595 3877590 4004247 4117693
3820674 3854528 3771086 3801711
3767891 3799207 3835764 3712577
3936127 4053596 3913887 3917486
3917015 3965523 3931915 3853068
3822555 3907995 3752278 3924933
3880345 3898829 3817406 3931670
3869820 3962878 3866760 3960936
3923499 4017767 3949583 3846135
3866675 3827208 3920951 3771711
3690876 3627631 3829109 3784735
3973094 3986663 4041270 3836855
3832188 3768491 3960375 3807964
3927301 3840297 3923441 3875960
3818854 3717065 3921439 3864012
3948639 3878766 4003329 3911001
3866058 3704988 3906816 3847778
3755580 3734442 3919088 3873085
3843197 3696358 3715355 3847200
3789376 3756946 3937220 3986740
3950218 3806857 3914366 3920020
3798683 3725959 3842118 3959689
3850509 3768620 3760414 3896141
3822146 3839101 3963527 3923142
3975408 3826199 3795207 3897438
3776825 3794814 3692866 3672055
3727841 3898403 3847161 3849602
3835674 3825898 3832887 3894255
3896377 4012101 3921393 4059831
3894751 3774498 3780265 3858477
3773230 3935898 3890243 3983117
3816216 3799226 3743943 3804959
3882892 4010533 3898708 4096591
3583892 3904971 3732781 3853344
3830585 3771502 3928655 3805596
3685562 4073821 3871528 4027486
4027585 3966381 4077577 3932690
3615589 4009728 3763313 4075420
3958786 3844332 3999283 3895314
3732067 4051023 3760619 3983880
3968887 3849954 4047215 3937435
3771001 3812173 3851191 3845771
3888751 3727573 3802922 3759047
3909768 3897457 3913838 3968745
3939753 3869182 3933498 3927436
3811227 3907427 3998461 3849228
3948600 3820543 3850969 3843271
3861984 3962321 3890114 3928202
3953882 3867681 3867705 3878680
3868596 3933241 3811991 3933560
3849395 3923517 3930172 3837714
3869504 4032368 3969696 3954721
4025131 4036035 4013117 3854795
3964526 3990728 3882538 3997632
3993366 3999360 3976106 3936089
3848916 3964314 3850468 3840888
3930528 3992682 3843839 3706474
3946747 3896239 3950738 3929325
3793850 3647377 3783013 3743951
4023947 3961924 4068939 3993545
3976327 3806812 3982611 3889004
3929040 3966492 3905326 3976297
3925645 3703581 3866698 3951732
3941875 3784517 3857042 3814504
3857426 3769896 3883917 3858019
3792877 3745145 3795161 3954336
3826001 3746214 3836615 3758010
3869704 3804366 4025879 4098161
3993705 3857359 3894317 4076487
3850759 3879880 3970276 4056049
3970834 3847148 3907342 3991487
3827162 3692942 3814858 4014094
3895076 3727182 3822857 3900235
3845531 3873532 3698678 3766123
3824457 3993739 3864493 3938138
3948383 3905901 3847465 3977953
4030644 4108054 4005024 4005683
3963754 3875348 3802721 3840336
3919198 4020911 4031533 4086384
3814827 3833851 3639564 3855030
3806773 3944188 3927230 3992190
3601658 3876546 3774670 3972077
3961889 3799371 4021935 3907702
3701964 4092522 3883413 4027951
4081163 3958852 4106435 3991434
3720576 3992118 3831109 4065577
4011989 3917135 4168687 3983976
3662215 3960864 3800316 4028042
3873485 3833397 4105073 3909954
3920009 3948023 3887890 3886797
3922071 3758389 3856595 3936772
3879070 3959104 4071732 3997122
4019056 3984475 3992603 4043528
3848918 3958234 3945753 3969813
4065536 3869080 3946449 4048138
3827233 3933472 3893587 3731846
3982451 3773335 3855905 3905454
3838024 4127587 3964320 4080882
4014711 4000133 4084951 3945265
3711874 3762120 3735227 3865046
3737147 3860483 3817787 3794986
3730264 3822082 3754991 3819215
3803493 3890619 3856073 3799608
3826717 3945990 3799205 3843197
3798622 3905339 3864838 3768727
4013606 3907607 4129713 3933158
3916465 3767892 3962625 3906163
3832541 3739234 3858171 3672690
3739752 3636634 3697102 3707933
3837523 3839944 3829495 3778240
3692449 3592390 3700193 3726668
3881856 3797050 3884790 3796526
3750599 3558784 3802974 3695940
3897291 3848660 4059572 4072729
4026053 3865538 3938101 4133247
3636323 3630556 3742303 3808791
3827726 3647675 3750744 3875620
3718188 3638513 3819753 3872196
3821053 3687320 3757932 3875427
3762609 3706661 3771928 3998548
3872079 3675824 3827074 3916728
4019529 3937589 3871496 3937701
3884476 4109906 4064508 4195657
3769211 3783488 3618537 3712697
3746302 3754771 3868582 3852954
3787744 3718868 3738928 3746127
3709886 3911757 3815767 3832438
3813945 3830567 3680605 3777254
3776441 4009529 3876211 3890016
3748632 4110536 3885526 4170512
4109684 3975030 4210234 3995718
3544195 3844105 3663372 3836805
3858968 3695601 3949223 3829236
3488389 3907032 3672653 3853103
3862477 3836125 3915529 3784554
3591243 3858605 3765302 3954309
3968905 3773693 3998495 3864478
3988608 4070698 4006014 3925451
4120888 3912579 3993043 4023449
3718459 3873067 3874728 3785608
3772382 3737740 3773265 3833768
3784126 3813698 3848010 3725667
3802710 3634776 3795407 3754249
3749678 3834097 3885297 3848803
3835615 3767941 3840333 3842004
3743409 3920715 3783406 3884931
3878473 3901014 3864094 3788276
3713070 3821641 3695245 3761934
3723369 3809671 3776551 3765017
3907787 3999949 3954848 3937629
3938138 4080122 3949864 3973405
3847742 3951625 3866153 3951996
3889531 3865303 3899607 3784908
3940093 3881250 3901709 3897269
3852447 3667855 3864806 3816843
3759669 3720620 3780295 3754840
3746058 3547524 3765161 3630388
4020813 4040635 4059656 3893526
3898807 3753709 3931306 3918945
3908250 3877289 3989757 3883214
3874221 3800253 3838433 3773617
3746983 3624242 3919216 3979049
3880767 3771531 3789993 3854501
3665537 3720579 3803435 3787447
3785080 3695446 3776331 3797407
3991178 3798662 3996382 4069092
3954521 3857856 3908873 3973395
3778419 3837081 3890395 3993797
3869290 3825283 3811514 3992464
3852963 3764521 3650602 3705470
3815430 3938602 3798417 3927358
3767007 3686012 3481690 3732685
3696848 3889864 3824411 3798963
3921729 3928878 3883640 3930263
3896246 4120377 3990491 4027667
3899072 3923354 3807568 3772138
3868892 3956421 3956398 3972511
3647168 3925081 3830646 3980910
3945183 3786092 3994433 3854220
3463680 3928399 3718149 3852529
3823769 3703646 4003927 3809770
3716294 4059253 3868127 4008512
4062639 3966099 4167679 4000102
3679739 3885366 3767543 4022308
4047383 3847455 4059684 3921909
3763434 3814567 3982695 3922783
3853227 3761394 3899571 3922173
3683796 3787111 3766773 3686437
3770382 3683003 3809820 3810501
3956579 4020152 4053982 3945022
4003685 3966464 3951708 3962165
3863901 3843715 3962268 3871925
3990462 3879913 3899589 3946035
3653865 3852954 3764583 3755783
3757856 3832853 3781732 3704633
3833291 3919456 3819351 3875254
3900633 3871667 3872775 3788998
3805203 3889709 3812356 3980639
3791500 3947458 3833814 3779689
3843089 3933388 3906566 3924565
3845334 3961195 3933432 3778486
3736093 3780826 3864406 3745782
3727268 3606595 3733632 3676512
3853113 3820277 3863008 3817222
3852737 3689491 3745724 3753828
3855263 3869638 3935554 3852099
3836451 3689720 3858721 3835699
4011538 3909293 3940685 3894954
3838689 3723874 3833538 3849976
3716855 3678138 3843747 3838121
3772748 3667819 3757650 3833725
3772371 3732983 3926729 3939898
3774721 3621794 3765049 3889009
3798991 3796472 3855240 3982261
3937911 3733450 3796344 3961483
3753360 3729314 3820849 4021219
3986916 3734479 3917511 4064294
3736873 3684904 3581871 3767166
3728223 3810151 3867092 3904924
3801851 3838877 3706117 3829848
3763513 3863857 3892107 3904484
3790201 3814206 3699799 3807378
3817272 3908587 3950470 3976450
3890552 3924605 3751101 3799337
3856705 3995379 3927922 3988681
3575945 3778721 3749766 3819118
3812683 3754634 3913549 3837041
3631881 3859978 3689034 3955515
3931086 3761278 4027887 3885033
3666967 3988953 3789620 4093253
3886758 3869150 4022382 3930358
3680994 3874806 3871317 3962169
3976680 3860968 4073647 3957189
3727272 3796648 3829976 3809816
3839892 3717589 3755995 3845782
3824669 3844102 3866483 3913722
3884968 3790078 3828433 3896398
3700617 3849763 3881498 3877798
3967594 3825038 3939619 3894088
3826714 3877924 4005757 3922991
3928887 3776684 3884638 3894693
3917102 4076849 3970919 3906687
3983979 4031037 4011738 3876092
3839267 3792493 3717131 3815642
3778859 3875368 3921161 3755376
3654845 3786840 3663575 3758226
3704889 3824144 3758103 3632644
3835181 3946481 3952522 3915830
3893943 3937116 4022488 3899255
4080024 3950882 4007614 3936255
3958989 3800503 3912167 3903441
3833225 3777076 3793640 3803859
3758431 3587556 3820234 3753494
3775370 3651356 3782143 3702324
3647114 3571852 3624442 3675379
4022752 3986921 3972900 3941427
3868752 3736711 3853068 3878241
3913843 3802559 3970261 4073260
3956109 3880197 3911802 3954266
3807468 3711507 3857070 3851873
3824946 3749294 3694802 3840988
3577573 3607543 3687528 3805572
3794497 3648238 3697037 3707918
3840738 3802070 3889811 4058175
3865485 3819314 3926562 3951654
3948105 3902647 3880362 3790331
3985555 4014206 3991153 4073044
3842324 3839751 3642397 3686868
3724852 3888100 3805489 3837719
3694573 3629744 3624326 3677905
3706930 3889056 3747531 3760328
3886658 3892608 3794723 3871480
3931447 4101175 3939107 4037245
3743304 4060781 3773377 4007762
4095272 3991156 4157888 3951358
3664594 3951431 3666534 3955510
3884592 3842590 3929938 3869482
3416370 3816362 3644755 3865871
3799460 3663156 3918978 3694820
3666982 3969049 3791981 4017855
3984185 3845763 4050780 3956447
3997537 3994761 3965435 4008450
4018956 3873652 3856822 4022185
3802180 3794586 3844431 3829991
3778280 3745837 3830283 3815160
3688100 3723372 3811208 3787228
3783444 3588887 3784858 3818377
3935657 3996349 3987319 3969625
4021946 3803732 3872745 4012433
3938667 4031463 4016880 4052996
4053017 4049388 4051846 3936652
3912443 3989173 3917365 4010098
3859980 4094879 3985535 3896716
3790172 3939629 3795262 3828135
3807340 3909849 3828381 3807919
3867386 4067798 3836142 3955991
3893331 4016497 3934731 3908948
3950528 3906386 4044221 3998332
4007703 3804075 3979562 3902419
4032976 3953228 4051882 3903329
3844707 3753323 3972479 3875009
3822411 3814823 3901666 3832818
3745948 3575559 3836433 3745465
3943533 3935321 3960125 3823228
3781286 3699147 3942446 3789398
3926091 3869527 4070621 4161284
4083464 3829000 4007522 4011816
3905103 3876685 4090625 4050664
3925041 3880324 3899714 4033161
3705137 3802110 3952780 3948483
3809577 3668546 3774901 3881706
3798383 3774212 3987796 4027053
3923430 3874925 3837652 3950329
3980002 4019123 3886457 3859133
3959026 4178941 4022096 4116609
3987273 3938367 3836069 3853776
3929324 4038375 3997621 4111627
3818680 3838458 3724503 3721097
3770533 3884494 3792596 3907808
3941447 3869034 3797917 3889086
3916348 3942180 3965021 4002978
3847718 4053648 3848360 4049437
4098416 3969051 4144845 4006798
3776203 4014778 3861947 4096433
4108614 3813461 4149013 3994869
3612252 3975674 3842947 3996797
3929592 3803938 3979871 3925371
3663238 4022909 3889842 4019879
3999785 4003561 4117113 3959334
3889399 3958678 4070101 4087228
4089227 3892639 3954423 3947085
3884257 4003694 4008954 3966366
4030092 3936145 4064667 3982559
3842850 3851610 3885268 3875761
3902495 3783256 3761027 3781299
3895101 3964195 3998786 3961543
3969397 3831490 3963038 4024241
3950922 4037018 3915954 4028676
3987266 4105401 4005893 3945450
3885047 3985703 3869093 3921607
3928678 3978997 3963382 3847780
3790582 3996726 3909785 3864336
3938996 3928134 3934884 3846498
3807105 3863022 3892812 3820812
3801503 3882560 3872896 3812430
3995978 3957077 4106134 3986290
3958258 3775810 3899655 3982971
3919420 3907002 4059448 3911757
3876005 3762103 4013584 3812512
3961164 3905984 3955728 3890610
3849824 3636251 3851157 3839547
3875969 3811326 3845357 3814695
3732177 3597576 3870696 3763461
3938536 3899080 4071934 4060824
3971320 3796926 3947708 3970215
3779747 3777234 3899552 4008543
3949887 3811619 3838777 3929884
3792501 3813984 3870505 3968883
3882571 3775061 3862507 3967393
3724785 3706742 3914100 3927151
3798765 3712373 3745597 3864373
3929805 3913353 3838365 3838074
3973349 4118125 4018126 4076783
3848262 3866925 3803671 3933913
3876709 3982295 3910156 4076661
3846606 3807171 3686361 3779432
3797223 3964944 3893496 3951347
3823849 3789130 3638612 3866754
3789752 3814777 3867045 3923106
3707209 4099903 3854342 4087323
4088958 3974842 4143207 4016307
3721047 3996702 3856031 4030972
4078245 3882139 4084902 3926155
3644332 3943452 3758065 3946059
4006667 3792351 3964758 3964913
3510740 3876015 3736541 3857222
3965769 3708826 4019136 3776745
3933152 4086480 4011284 3984466
4031200 3921170 3984752 3966568
3887795 3947214 3960422 3954399
3966398 3751367 3880776 3894617
3883803 3935698 3940211 3965695
3976086 3717369 3932924 3937192
3794454 3902990 3866589 3839713
3812678 3700223 3864853 3906653
