3912831 3920449 3979109 3963378
3961051 3986249 4023908 4075566
3711278 3696271 3762221 3717354
3870871 3785183 3836338 3770790
3986268 3955966 3889943 3971678
4060391 4100035 3973758 4075774
3790873 3734614 3734307 3875539
3999490 3999113 3958350 3896601
4095667 3938130 4073022 4115519
3977076 3996233 3843276 4033423
3882146 3640775 3866601 3943705
3781761 3830422 3595220 3662829
4048345 3943551 4088430 4121958
4016030 4140079 3911751 3950440
3973004 3778512 3924965 4068225
3887959 3887701 3801884 3753967
3950002 4046950 3957208 3967652
3943113 3922108 4146009 3966913
3642303 3784688 3658548 3781172
3736777 3633194 3855187 3699045
3889384 3992035 3840860 3879874
3921216 3962517 4017910 3851979
3740659 3938544 3880558 3907778
3817313 3784077 3907348 3738676
3893673 4202774 3982044 3932586
4152047 3987176 3886589 4028418
3674570 3882491 3767351 3759368
3858844 3862396 3629684 3799618
3930638 4201074 4018406 3980810
4202549 3912226 3918039 4124053
3796972 3985570 3875836 3856569
3976082 3823193 3777273 3914326
3980902 3876212 3905888 3900895
4033389 3990107 4028036 4130758
3818847 3677489 3723586 3754842
3785908 3836046 3715663 3880806
3984711 3867697 3958169 3963153
4016400 4030728 3918144 4050810
3799803 3818267 3785410 3796466
3874511 3924754 3874388 4041128
3934518 3994736 3894987 3923523
3895583 4016296 3977521 4162115
3798338 3714019 3715321 3678301
3684780 3757966 3731038 3939163
4033000 3957068 3937539 3976843
3889285 4001976 3979630 4101090
3866595 3800616 3798521 3809836
3782250 3822600 3821318 3974427
3694447 3610670 3653914 3697668
3768121 3730767 3818847 3804310
3780131 3742810 3763482 3810001
3765611 3873842 3867457 3839868
3837585 3696521 3823130 3795047
3967272 3902882 3918343 3902673
3839366 3771374 3872379 3879185
4016236 3977421 3914598 3994642
3832743 3672662 3818177 3810195
3761401 3817497 3610722 3726512
3815896 3781845 3856706 3919298
3821485 3896794 3690985 3797503
3951669 3879175 4030701 4097874
3945912 4037333 3815449 3922552
3940729 3866229 4107716 3993961
3818691 4011461 3764676 3807707
3699796 3843406 3658417 3705238
3730370 3689169 3772830 3634064
3764925 3877970 3715761 3774043
3823010 3665896 3804492 3627144
3832647 3912789 3792999 3892755
3866298 3846941 3973436 3730799
3880168 3923160 3790524 3772216
3808538 3799663 3951296 3791949
3599902 3884823 3700020 3739755
3786143 3695841 3640812 3821056
3728701 3946471 3836094 3858883
3968110 3830564 3732797 3943095
3898811 4053852 3838636 3935274
4047942 3806608 3880198 3988619
3765262 4069856 3860002 3897419
4033559 3830961 3790906 4000320
3758544 3702195 3606704 3754237
3699446 3808602 3713426 3840200
3867752 3677051 3659616 3709863
3857832 3859855 3791609 3930411
4017641 3888737 3783633 3876961
3853081 4029414 3980071 4049470
3881959 3849384 3853364 3839030
3969713 3994931 3905720 4078305
3776174 3659902 3681451 3759343
3568430 3672021 3687596 3922169
3719587 3805798 3745520 3777888
3738144 3787730 3795816 3971700
3876886 3841278 3788263 3856615
3788470 3899135 3871351 4020529
3816590 3880726 3741320 3912320
3820425 3836684 3915725 4000195
3742168 3660775 3750136 3774137
3925809 3874302 3829676 3881713
3885888 3690265 3822275 3837032
3889340 3931395 3882696 3863151
3652065 3707544 3754168 3832926
3870167 3858337 3843800 3888825
3878414 3700281 3862996 3916076
3960635 3913667 3941532 3956515
3830180 3805682 3913866 3900530
3789232 3870660 3707112 3742621
3830641 3844194 3977612 4097329
3855333 3940793 3689269 3865630
3904908 3792947 3826427 3937948
3851539 3827217 3698617 3802577
3997202 3841370 4004565 4071261
3935825 3905962 3768531 3897644
3690879 3793623 3642022 3742496
3750176 3695035 3859383 3809525
3757067 3826539 3701469 3820074
3768265 3760918 3930125 3701584
3667543 3786905 3776877 3755368
3808573 3670608 3893535 3684532
3791419 3945816 3837055 3898661
3845799 3803008 3995392 3746300
3751437 3912595 3758387 3829954
3881065 3861330 3742422 3879378
3746677 3978586 3888236 3904506
3994724 3880521 3706346 3915226
3708270 3922551 3838900 3786845
3924997 3814229 3730331 3846120
3753034 4022260 3940856 3918805
4076340 3908552 3771849 4077967
3776443 3805623 3717398 3781531
3838639 3798597 3742793 3861412
3857467 3785005 3664591 3772473
3888795 3901404 3915887 3998397
3769432 3737834 3735726 3774839
3809449 3869461 3766582 3881232
3906868 3844371 3874160 3831829
4006801 3902915 3956962 3994352
3801190 3688007 3721445 3670275
3753347 3819939 3815803 4011359
3799320 3718269 3740172 3869113
3758653 3808678 3842776 4036274
3685844 3733351 3729947 3738382
3707226 3714212 3769245 3925158
3887426 3828145 3762036 3875882
3912156 3896999 3882392 4029836
3823498 3800120 3889243 3889434
3952302 4041908 3906016 3970727
3775209 3762324 3745645 3937107
3957376 4021565 3945934 3923295
3878875 3773273 3754671 3849405
3993064 3890427 3953629 3833890
3956360 3824063 3891671 3967431
4024164 4046602 3933892 3924470
3978131 3953628 4004362 4071843
3966681 3970896 3877072 3898383
3958367 3862891 4026209 4124115
3861813 3993204 3800752 3868177
3955509 3843883 3952675 4013207
3889445 3968307 3757325 3882063
3997640 3919765 4017081 4024187
3928663 3949237 3877692 3904880
3819437 3893808 3807461 3909923
3939715 3829837 3972942 3896743
3805404 4014464 3754532 3887089
3881003 3819879 4045803 3832381
3774151 3951030 3784587 3866485
3884686 3767330 3962456 3841375
3907383 3908480 3809509 3908544
3875305 3839041 3968689 3807483
3897881 4060516 3957858 3944446
4123102 3901395 3734808 4015790
3751400 3987864 3920892 3951887
4006233 3861346 3763795 3997309
3802236 4087179 3909518 3906571
4011734 3801734 3792199 3970999
3843589 4058835 3950095 3947364
4154433 3901304 3777126 4036014
3974935 3892766 3833580 3892888
3948324 3921629 3874304 4072116
3873916 3799058 3811644 3849196
4001149 3938511 3957233 4019868
3870096 3867031 3796171 3898551
3859412 3956799 3812111 4034224
4017797 3872993 3888167 3941798
3988311 4010177 3912334 4068770
3896509 3826069 3879514 3926467
3842334 3943739 3936400 4084978
3869397 3874490 3723113 3837809
3736619 3912957 3823706 3999345
3875968 3906976 3777782 3794545
3783825 3894932 3828647 4079502
3950119 3948019 3867985 3893249
3755962 3969562 3912933 4061095
3823606 3709525 3782563 3818164
3968729 3859719 3886189 3944515
3963330 3857410 3867090 3903105
4069202 4116364 4054795 4021163
3678887 3676042 3765317 3766604
3868314 3791611 3798318 3743854
3762610 3573782 3744644 3698411
3802852 3886001 3706512 3758022
3891666 3815542 3934730 3958071
3936650 3959871 3799390 3909755
4030429 3865691 4127070 4185219
3953570 4103468 3835191 3964086
3844287 3734302 3898603 3937130
3829917 3777789 3678486 3688419
3800584 3712980 3902470 3942774
3664199 3849797 3648747 3794375
3784346 3910497 3723223 3780955
3726724 3709243 4024790 3848303
3903015 4019552 3918597 3959829
3872466 3820762 4073018 3975674
3741976 3807077 3738276 3733796
3700795 3638626 3805433 3651754
3764514 3779008 3691060 3655770
3699380 3630108 3776803 3640344
3759949 4057818 3855157 3882498
3984322 3868749 3710019 3919480
3843197 4176368 3945727 3940111
4108457 3956601 3837124 4098471
3650095 3886579 3754294 3796223
3926855 3774582 3638890 3835248
3694791 3900180 3696123 3805275
3815525 3708723 3604401 3792660
3772811 3745633 3811636 3834720
3927784 3865339 3871315 3920425
3999212 3934318 3914423 3983201
4006302 3974587 3981949 4056639
3779814 3721395 3690451 3772789
3708425 3731922 3819086 3900637
3662169 3696383 3723605 3669031
3777700 3805029 3767572 3822234
3769912 3872546 3739577 3802254
3719398 3891204 3757353 3907342
3976075 3911927 3942611 3951218
3854609 3999713 3985194 4146007
3754189 3800232 3650708 3751258
3787833 3735552 3768449 3859948
3649940 3678483 3593341 3648666
3673288 3689262 3765925 3888264
3795587 3658958 3813030 3739098
3871670 3882210 3762941 3842095
3788968 3691570 3748867 3880458
3874372 3997754 3948724 3861873
3859930 3699810 3796529 3885650
4022596 3934997 3952387 4020196
3817762 3771194 3871574 3973870
3895863 4006178 3961140 3983081
3805209 3760952 3891021 3984302
3768496 3837318 3760443 3816707
3884021 3758499 3938591 3986868
3908044 3818360 3649462 3759658
3945291 3885342 3994453 4058876
3927443 3958676 3794014 3884561
3956219 3878996 4063409 4144570
3932504 3997444 3810486 3966985
3742695 3808956 3782429 3794058
3830074 3701448 3836259 3727306
3862267 3763434 3831392 3765419
3795037 3769123 3845823 3794544
3785408 3970633 3818187 3854812
3929407 3714602 3983641 3869036
3933364 3936049 3854426 3881497
3967651 3788316 3982942 3897073
3699496 3952531 3724094 3787048
3934125 3703695 3647329 3837212
3783652 4035240 3788727 3946159
3961106 3860387 3768099 3986188
3809453 4060863 3933708 3956766
4056514 3914861 3801624 4009009
3859258 4049058 3949749 3980317
4119589 3912537 3872017 4016375
3827476 3747232 3726915 3741222
3805139 3744420 3797438 3876226
3842388 3793829 3720132 3828071
3789662 3840266 3855004 3886229
3929918 3807187 3856707 3843089
3961093 3899618 3866682 4126663
3965571 3871695 3862077 3818251
3929393 3960158 3952081 4116201
3766933 3789132 3645894 3801482
3703343 3782709 3819290 3962653
3774645 3843769 3718232 3776674
3809465 3846415 3767779 3969871
3964255 3900176 3850878 3875687
3845310 3959185 3887883 4096511
3907460 3924091 3810266 3880334
3781545 3964341 3904973 4032941
3851579 3798627 3894090 3916822
4015746 3970244 4029187 3980354
3814595 3754765 3864858 3781908
3975217 3938888 3957563 3960222
3840783 3770543 3942176 3939166
4046897 3944952 3981706 3963990
4021424 3805711 3786628 3893000
3945253 3982981 3924994 3959978
4079021 3896893 4039950 4091762
4031072 3960226 3842290 3978810
3947083 3863757 3974088 4031577
3943853 3876481 3773085 3894779
4011728 3879808 4022095 4013081
3894121 4000501 3837491 3934473
3960842 3845209 4050493 3978546
3784701 3969910 3772909 3863126
3878146 3961059 3876981 3917086
3869833 3843183 4016432 3840870
3877985 3940001 3819765 3937437
3885836 3766620 3886608 3884479
3898873 3888572 3883750 3886996
3980163 3830440 3956169 3786765
3866326 3922528 3844963 3882874
3831245 3835376 3975894 3869286
3839836 4164305 3894820 3941150
4037711 3923257 3822869 4064274
3867626 4075413 3853374 3862651
4044299 3815628 3821085 3983888
3816999 4098361 3879254 3969598
4012049 3897999 3788034 4022848
3723056 4079086 3895682 3939179
4037414 3913629 3792601 3982973
3968155 3881288 3823693 3806194
3958757 3962717 3955072 3978040
3885421 3763130 3783735 3842826
3902401 3871627 3902616 4032535
3911974 3885073 3953165 3892306
3935838 3989462 3976930 4005524
3928099 3824854 3900550 3860974
3935259 3956262 3951569 3945297
3923368 3842351 3753409 3919160
3876832 3927715 3950644 4122797
3889848 3772089 3797220 3822379
3864575 3867591 3877025 3973300
3929379 3833250 3824941 3858849
3803451 3994755 3874282 4030947
3868127 3791146 3881058 3859894
3856113 3906288 3962634 4000343
3732223 3740094 3817491 3868865
4047629 3840270 3962837 3890028
3653221 3555004 3633623 3645459
3821765 3778884 3774370 3850914
3826207 3739578 3871410 3887899
4012053 4017759 3953560 3963621
3965645 3939521 3908759 4019569
4077936 4146139 4055022 4044259
3977638 3838945 3947120 4056377
3839976 3935574 3692200 3894950
3778649 3664175 3800904 3889821
3764257 3864012 3622495 3718673
3962458 3794732 4033761 4093694
3895198 3992745 3814592 3870583
4052665 3895386 4065096 4180844
4009706 4032660 3890771 3937288
3859054 3813105 3807763 3836317
3862625 3854386 3947588 3755130
3668651 3691630 3594011 3665781
3654510 3530605 3783108 3637175
3815864 3825529 3807859 3858949
3896393 3760399 3977251 3840427
3891214 3920474 3914069 3939708
4035190 3912594 4153282 3785363
3825829 3974574 3859170 3873363
4079590 3819831 3717931 3942250
3676337 3804241 3642534 3674356
3819445 3647865 3614501 3753435
3783862 4022830 3922756 3876394
4032625 3830966 3829705 3981745
3868299 4219871 3916646 3940056
4071949 3881923 3907120 4066302
3928762 3785400 3846105 3871529
3848038 3849400 3886002 4045845
3705603 3730081 3661474 3663138
3726486 3728910 3749141 3733041
3890552 3921010 3862469 3802643
3837712 3930970 3843180 3966209
3962669 3898231 3876784 3972813
4074833 4006612 3965080 4081498
3791433 3845755 3727690 3843086
3756946 3894370 3883920 4036558
3673360 3641665 3703308 3740455
3651015 3756953 3766606 3790115
3898222 3893204 3832818 3859849
3790883 3878243 3859750 4003132
3953945 3904546 3939035 3962375
3923144 3934204 4055103 4169198
3887702 3708423 3893639 3869243
4009418 3975991 3979439 3957144
3685022 3630910 3767408 3723389
3862219 3831328 3734536 3775600
3900230 3814398 3871117 3884818
3960941 3923956 3940596 3910774
3883701 3639412 3778920 3889631
3907438 3957621 3928864 3966534
3966197 3915810 4014271 4038795
3920456 3960555 3817086 3886133
3848683 3666248 3805288 3872881
3695971 3791309 3661465 3711324
3995895 3788598 3916718 4056410
3969179 3961353 3780826 3842366
3952546 3832712 4009441 4009642
3936260 3987693 3790912 3905362
3730904 4003922 3799700 3831719
3809950 3837433 3979248 3739108
3667801 3766575 3627948 3729322
3652226 3677613 3785571 3656909
3801942 3966864 3793735 3802240
3844409 3825412 3971925 3842420
3826184 3851395 3812050 3970881
3809424 3805255 3953192 3809250
3861645 4031758 3863124 3930836
4081375 3905359 3747846 3969808
3614240 3877897 3767201 3732611
3785325 3735728 3573938 3883771
3836269 3986734 3858066 3943194
3999538 3821914 3722936 3987890
3822884 4025082 3879131 3922233
3986432 3918277 3807818 3925561
3904589 3949442 3866851 3846586
3937271 3942114 3855722 4046616
3692343 3638761 3665893 3782466
3842682 3773596 3676622 3806015
3943549 3883818 3810903 3794993
3904578 3910756 3871561 3899618
3897767 3822744 3785718 3849844
3985453 3951687 3877978 3998072
3957803 3900281 3835151 3859265
3915623 3950953 3973682 4007150
3758288 3740115 3656164 3635510
3629793 3752827 3738216 3841738
3781619 3745663 3785885 3904079
3838987 3957637 3848456 3925965
3913140 3870595 3789700 3883698
3832794 3919792 3852402 3980572
4018389 3918887 3988423 4050580
4079704 4070716 4105964 4028739
3908618 3786330 3826454 3951097
4046828 4027937 3989788 3965044
3796589 3638699 3720923 3730462
3856387 3952395 3858601 3902281
3713301 3660552 3707005 3793014
3904226 3859548 3800689 3843480
4039829 3994483 4056289 4125948
3893107 4077756 3813891 3963308
4050308 3898483 4020473 4134268
3935565 3993460 3778205 3930265
3933032 3798286 3869013 3920846
3814010 3862412 3715437 3789131
3867811 3743292 3945574 3993691
3837473 3812144 3676565 3801950
3949241 3962023 3919947 4008357
3938861 3918140 4113303 3865881
3900073 3977765 3824705 3954287
3935526 3846980 4004727 3835705
3797851 3876682 3732226 3795426
3786188 3727473 3801528 3843159
3760841 3843593 3745792 3788866
3849974 3716122 3914390 3738116
3950021 4085671 3945691 4018867
4148196 3918814 3862212 4122070
3891763 4116447 3908317 4012130
4114233 3934493 3827387 3979399
3759882 3926382 3737540 3837518
3879292 3805064 3680989 3852928
3711862 3993127 3803201 3798849
3874742 3766484 3796895 3902702
4029141 3926586 3981202 4010111
3963197 4006412 4023905 4110511
4016488 3839182 3875273 3862866
3909837 4004863 3938515 4084217
3840533 3710255 3745556 3746630
3893417 3810278 3847192 3923503
3756768 3784090 3725782 3696610
3826738 3883513 3762944 3983577
3912653 3904550 3869686 3944966
3944760 4028497 3952004 4140420
3888298 3935572 3837940 3959835
3850032 3914703 3958376 4025115
3787412 3815380 3714109 3794173
3717550 3742933 3743645 3954653
3821286 3770838 3672582 3770235
3817487 3795930 3794730 3982075
3819805 3769295 3769456 3825321
3979506 3955056 3959750 3873201
3940075 3770489 3823965 3922786
4043507 3975509 3987377 3898565
3961134 3864823 3881161 4103631
4084103 4096743 4005877 3968194
3900821 3827713 3894254 3959041
4007031 4018787 4027571 3979279
3949368 3888839 3925956 3984520
3838380 3917419 3728132 3825402
3993264 3861471 4051453 4097021
3991010 3953533 3774462 3879315
4101793 3961862 4065284 4177395
3955988 4091232 3860417 4053662
4021972 3987223 4019951 4086257
3952080 4012402 3894817 4015253
3825267 3879209 3763536 3873159
3903897 3786746 3910491 3810696
3925080 3896359 3821173 3809840
3910874 3790998 3935925 3868148
3953045 4014095 3932134 3934324
3992560 3846066 4026421 3980288
3864785 4018623 3879261 3942222
4008334 3892716 4058094 3890069
3816332 4045327 3854854 3879785
4114290 3892611 3769350 3972388
3809588 4090207 3995929 3855837
4101707 3849296 3789599 3987208
3925867 4223263 4068806 4032121
4135211 3916301 3838400 4109305
3862333 4108028 3959716 4016222
4127126 3932862 3948834 4038764
3970303 3842063 3853457 3897398
3910383 3937796 3920855 4032309
3879479 3790414 3817617 3831154
3997992 3853867 3970074 3995168
3979632 3948823 3916987 3990084
4076124 4023728 4076014 4118869
3943121 3956016 3836156 3931422
3924271 3997366 3965835 4091648
3808235 3818041 3764556 3909389
3807806 3927074 3875389 4036731
3865588 3895795 3825700 3862406
3871883 3927995 3897071 3946145
3932608 4024409 3793331 3953925
3851865 4055975 3944437 4161157
3998467 3928310 3830282 3995952
3883240 4013026 3949014 4151090
3697901 3670357 3680758 3724163
3797925 3764692 3840268 3884246
3830226 3759114 3893460 3834117
3997425 4000007 3969950 3977904
3816520 3855657 3858114 3948616
3974770 3987526 3951000 4006525
3667359 3640028 3725353 3850686
3866981 3840108 3837802 3770670
3853922 3689674 3812787 3826038
3779773 3836634 3686749 3733555
4017585 3806671 4015365 4041769
3918959 3893507 3781660 3920327
4058381 3788492 3942962 4016298
3996991 4002903 3798521 3845788
3757534 3777649 3808368 3925889
3844627 3826714 3693942 3774040
3685140 3811577 3653512 3723999
3776367 3641636 3814820 3693292
3892693 3965040 3832690 3927457
3871532 3785665 3910402 3844386
3853698 3900824 3855521 3919629
3819514 3873735 4018694 3778184
3661122 3793480 3666664 3731475
3730739 3666380 3810122 3704727
3609125 3860928 3713378 3752485
3817304 3720332 3684520 3934469
3793388 4027450 3954406 3933754
4075831 3928757 3742389 3930237
3835091 4082033 3886355 3928680
4066147 3888820 3803327 3988390
3697638 3862486 3774625 3791610
3938821 3792693 3624438 3859374
3724063 3679285 3688503 3740380
3702910 3780490 3800341 3772029
3946032 3863269 3820016 3855848
3891595 3926439 3849087 4011323
3923021 3804208 3849682 3858727
3886926 3976395 3944607 4050967
3782680 3706974 3725036 3679979
3796838 3803702 3816945 3929828
3691780 3725096 3650542 3672907
3659465 3608010 3784700 3827928
3971064 3880588 3776203 3904712
3835472 3841087 3911893 4003066
3868156 3873541 3762216 3913696
3913397 3906857 3912521 4092414
3790240 3684882 3708042 3749350
3723790 3765764 3727413 3872675
3889195 3884405 3849613 3925072
3736156 4105208 4047636 3950815
3959749 3907693 3829177 3900485
3855661 4047961 3970540 3898281
3858646 3750418 3814945 3856568
3784517 3985645 3913973 3941681
3868368 3729001 3709375 3802252
3666706 4013635 3922053 3901336
4013340 3842237 4029322 3972212
3883514 3991631 3935118 3908138
3996764 3829309 4054174 4018542
3907123 3906537 3869979 3932550
3889021 3810120 3909060 3904760
3745289 3826041 3851889 3796610
3810009 3764869 3904394 3920729
3752574 3853745 3755639 3754216
3890247 3862360 3855417 3882692
3883645 3921445 4078206 3759028
3879342 3849846 3828576 3915628
3920561 3879446 3901920 3797026
3780416 3668847 3748794 3808806
3745492 3764885 3858137 3682732
3732402 3700559 3853275 3826657
3768936 3815249 3901350 3654097
3882072 3856089 3850442 3921072
3891230 3912453 3874852 4052346
3850381 3921789 3863460 3845088
3888544 3897345 3731827 3917278
3762632 3782659 3767027 3715490
3780122 3829068 3681359 3868037
3672395 3804528 3754406 3753004
3759312 3821075 3700094 3952919
3996169 3798937 4056241 3995154
3899669 3944820 3813294 3860134
3955214 3760726 3952168 4013492
3814716 4050199 3805239 3824913
3821013 3734448 3865174 3824520
3740959 3885099 3762880 3788298
3749268 3659735 3869670 3908782
3722577 4059865 3870934 3831589
3846456 4012537 3932976 3688205
3880024 3794392 3908718 3881922
3926926 4041277 3814268 3797624
3899227 3896152 3871214 3865867
3749242 3932529 3793240 3719301
3809322 3733013 3758993 3752107
3826206 3965293 3780884 3819301
3769618 3812984 3779958 3842966
3922938 3848727 3886159 4022605
3871925 4011610 4003516 3992338
3827890 3665477 3653570 3825417
3646424 3834756 3772747 3830899
3877028 3682502 3802512 3848708
3753805 3973572 3896855 3904189
3970644 3824202 3794551 3933750
3712258 3985630 3973743 3947515
4008884 3832585 3913081 4039251
3887200 3893671 3911213 3890593
3740011 3655282 3815137 3816269
3641095 3759978 3748216 3712848
3852104 3741393 3925650 3884088
3650009 3922290 3892732 3786805
3896455 3784093 3990087 3905810
3734212 3889046 3818506 3855579
3867190 3823332 3880190 3900323
3925863 3939400 4067597 3756825
3672000 3556630 3707921 3739159
3605857 3791884 3788796 3634782
3820545 3729905 3861893 3777793
3778116 3800385 3887982 3685740
3873822 3841984 3907723 3830197
3868462 3855948 3893607 3719817
3858360 3880768 3842346 3890380
3890065 3933262 3826093 4061655
3674352 3619847 3667784 3746119
3664140 3793703 3566764 3775842
3771737 3793601 3731523 3806853
3787022 3785124 3653732 3959453
3797133 3780556 3737200 3825497
3782241 3892525 3723605 3932133
3991329 3850548 3984548 4024378
3819852 4011459 3834396 3823303
3797758 3666020 3782644 3765294
3653151 3872325 3720093 3671131
3835779 3744243 3920846 3896058
3708040 3988172 3800528 3719445
3921769 3730491 3930401 3923552
3773643 3957905 3816006 3745237
3913551 4060553 3954085 3823290
3880597 3800932 3963927 3993132
3732240 3905743 3679539 3560227
3687989 3713747 3672361 3703761
3714365 3881709 3808073 3722342
3784745 3797146 3854539 3841037
3831251 3948954 3853464 3771883
3820945 3746447 3842570 3865932
3890619 3799790 3885906 3990431
3782105 3947601 3965659 3870712
4150348 4032796 4053072 4060828
4039391 4251020 4226102 4145276
3887846 3787058 3829501 3913323
3785020 3991523 3973593 3974219
4006867 3951314 3947162 4052224
3892815 4155256 4125485 4062411
3880984 3821264 3948203 3906927
3776539 3877135 3952203 3927194
4189652 3946891 4148701 4197948
3985364 4163976 4154891 4057952
3947295 3831767 3960667 4004363
3822410 3920591 3960756 3886708
3989449 3876420 4055409 4114371
3932156 4018531 3992266 4004274
3857358 3772121 3948132 3884083
3849757 3849245 3926810 3711462
4033724 4015140 4092330 4032079
4024804 4136939 4234152 4040881
3880735 3767112 3863753 3875204
3824319 3865319 3968843 3698712
3951824 3870252 3958490 3960410
3821779 4012677 4120319 3736464
3805040 3805127 3736915 3797583
3805015 3959817 3777987 4007662
3944181 3947801 3990576 4007392
4004305 4151043 3955571 4250423
3756578 3826245 3739059 3781651
3806221 3905264 3689185 3983029
3882725 3970200 3944630 3936364
3894964 4036311 3893435 3993080
3893641 3801154 3959989 3984895
3804532 4005098 3873527 3833975
4130898 4013546 4155271 4150158
3913627 4220835 3979025 3917395
3893166 3782207 4034642 3905731
3784410 4023050 3783220 3810922
3964292 3892627 4072293 4027720
3932608 4134466 3906934 3969327
3895331 3923507 3918287 3721019
3797795 3813786 3839505 3905419
4110136 4138365 4169735 3983950
4018636 3977932 4060388 4142581
3853804 4005101 3904060 3806186
3829886 3842289 3837432 3887583
3997028 3961903 4021273 3909857
3877952 3934523 3940556 3945521
3942738 3849008 3934553 3931661
3836784 4066992 4050102 4079218
3904043 3816622 3831597 3910952
3870566 4143209 3910961 3838684
3925138 3846172 3898380 4004928
3824213 4117467 3938724 4094548
4026451 3834100 3841592 4025841
3881103 4136236 4080892 4025726
3881217 3831708 4036296 3973313
3891733 3995626 3897337 3889614
3932781 3826215 3924453 3910186
3749086 3984021 3872739 3784007
3956230 3845472 4062917 4041423
3821789 3940885 3959563 3929074
4002749 3889862 4089980 3956137
3916393 4001836 4005732 4040394
3882454 3893675 3993341 3921117
3988163 3889264 3972690 3805885
3832305 3756108 3863422 3841514
3758111 3885821 3950592 3715374
3873016 3776721 3856809 3806328
3795974 3942624 4030072 3762629
3918304 3939524 3904252 3924704
3920314 3981571 3986631 3809778
3893800 3841339 3813107 3819574
3912669 3999418 3849491 3984061
3869184 3779084 3799059 3765318
3771138 3957077 3753390 4001375
3845405 3887418 3855720 3786312
3935411 3870536 3849356 3987038
3882506 3878431 3796633 3931945
3894738 3997464 3868140 4155935
3988434 3869552 3988788 4041968
3890327 4087363 3786831 3839228
3865984 3704358 3978863 3959042
3809217 3920918 3745488 3822798
3970886 3760716 4061156 3892412
3897945 3997394 3822368 3875486
3934258 3904117 4032830 4022382
3828490 4044063 3972851 4016030
3901918 3930336 3897644 3832171
3870233 3830360 3912286 3919363
3777903 3935471 3902261 3782894
3850904 3809317 3758733 3870588
3841591 4037019 3874232 3736690
3859080 3856022 3956350 3910426
3973613 4088333 3924710 3872897
3936056 3893403 3940157 3952323
4060474 3982150 4030387 4080739
4041953 4264759 4157986 4058573
3703231 3579045 3707021 3730342
3593746 3830375 3760069 3819582
4117739 4028427 3964896 4063870
3976923 4157652 4108528 4135313
3962276 3788059 3728263 3994547
3844131 4046383 3936085 3983844
4160652 3991578 4166584 4096961
4011675 4099130 3992411 4107843
3731075 3734287 3857734 3735241
3659938 3784093 3723707 3657910
4123118 4075863 4109962 4128600
3995633 4082340 4073107 3964013
3981117 3818973 4029944 3980166
3887033 3954907 3880175 3917415
4035489 3878873 3975535 4030252
3990604 4035385 4096207 3928167
3627901 3665196 3713295 3648263
3640142 3653243 3753470 3571456
3941689 3965988 3998509 3963037
3970634 4061672 4152444 3973710
3899401 3835687 3930248 3802470
3909363 3892540 3927578 3808453
3994701 3954044 3940526 3915561
4018451 4100052 3976954 4120918
3585829 3679728 3583321 3651884
3641770 3729357 3575222 3799318
3934520 3933734 3966238 3929995
3994398 4005852 3927870 4228941
3856215 3820778 3773251 3803746
3801142 3905249 3874360 4054360
4009199 3993428 4089608 4087827
3976547 4134278 4003456 4004703
3677227 3427912 3759934 3742440
3642880 3869591 3589370 3650941
4041047 3979499 4173599 4191146
4029037 4121814 3945294 3905812
3927562 3853028 3982495 3926235
3823919 4061199 3860986 3863696
4000475 4117408 4022153 3963479
3989413 3940453 3995295 3970553
3735678 3697008 3691696 3636615
3637614 3626180 3707894 3695365
4042990 4209037 4030412 3924118
3925713 3971241 3963420 4115531
3899725 4090004 3926135 3823272
3845689 3921794 3873228 3910463
4002969 3933245 3870647 4018866
3877118 4103991 4106733 4063558
3988656 3798704 3880891 3855189
3862182 4102642 4054080 3987316
3947621 3852288 3847394 3855934
3843963 4102686 4011417 3991655
3868031 3800470 3861313 3879716
3744415 4039279 3933437 3941728
4032054 3903024 4045684 4089603
3927336 4041856 3940472 4008055
3964486 3889637 4068357 4012621
3838216 3962009 3943244 3898962
3945198 3889521 4080444 3958796
3855002 3913362 4039163 3908365
3873355 3826714 3951811 3954709
3798234 4018334 3961114 3932157
3907523 3869636 3918148 4038469
3919637 4003578 4127176 3788109
3890546 3872865 3949682 3919103
3906600 3930829 3914422 3786491
3900631 3829042 3916157 3911821
3830557 3950470 4080052 3801212
3871167 3822434 3844320 3807555
3803623 3816038 3877674 3624403
3913459 3911698 3829788 3863222
3940635 4035262 3861892 4155328
3867685 3809732 3799969 3870439
3882582 3925313 3835147 4070061
3816782 3890229 3759272 3896518
3900229 3960365 3792033 4035261
3799149 3784877 3647394 3735203
3846966 3830120 3761010 3971630
3999664 3774248 4051103 4034092
3881116 4095378 3901604 3866791
3974978 3874285 4070194 4070692
3880973 4121055 3838255 3852981
3952749 3851929 4019719 3991958
3822804 4118653 3859461 3845895
3932279 3747176 3962556 4008930
3782563 3898548 3842398 3825653
3952261 4056967 4023308 3868184
3891948 3934577 3956459 3918357
3908513 4034954 3929290 3820184
3830758 3867308 3933238 4043374
3955188 3987936 3936535 3880652
3812009 3905592 3976066 3894223
3866835 3864488 3825885 3760319
3821327 3774751 3857993 3885101
3841850 3795378 3869232 3921871
3852916 3988344 3985308 3924560
3965709 3880695 3851089 3997751
3835358 4166498 4068696 4025747
3842662 3825584 3776213 3857075
3767305 4020959 3942730 3999715
3912328 3796065 3782702 3857067
3762394 3998826 3913612 3874269
3995385 3779858 3989614 3898142
3808866 3862223 3868652 3960956
4066222 3939144 4040104 4070378
3949324 4031180 3958263 3962721
3993853 3798314 3999491 3959316
3830077 3950625 4024000 3853529
3829211 3695537 3969144 3860040
3772265 3961887 3825515 3810960
3920748 3773897 3826073 3836880
3821901 3857072 3919306 3709165
3961707 3892879 3927333 3899346
3921846 3967974 4097039 3849695
3774621 3777820 3790014 3820018
3778211 3871960 3984013 3751894
3799674 3741768 3827366 3881755
3780444 3866639 3849224 3651531
3856345 3847155 3818374 3772633
3812642 3865776 3738345 3994046
3974637 3881481 3803884 3947775
3941518 3957570 3865117 4059748
3771593 3807576 3710350 3773872
3861933 3903935 3734033 3895048
3748481 3735277 3735211 3737031
3797265 3808723 3761954 3928292
3954751 3753318 3975323 3970898
3741090 3968342 3764543 3818215
4002584 3823042 4058576 3970610
3868809 4077618 4047441 3893683
3877538 3722139 3916480 3934851
3784866 4027615 3839900 3806341
3927139 3727571 3859798 3927749
3684211 3949002 3834505 3754194
3931456 3980309 3883713 3760305
3800697 3849369 3889597 3856173
3940969 4080303 4032649 3839587
3819720 3911079 3936941 3973823
3769184 3938852 3875278 3734311
3746891 3894055 3868664 3814293
3879684 4005286 3887589 3703780
3778137 3790535 3845592 3833189
3812588 3734207 3776948 3864206
3724936 3974923 3897408 3815276
3866198 3723604 3818946 3805727
3744703 3982625 3909212 3899443
3813626 3751358 3718129 3835242
3709184 3943724 3898349 3875106
4050121 3884232 3842427 4014224
3820177 4097583 4050054 3997977
3908811 3757862 3911130 3920343
3790951 3842171 3901045 3773543
3856199 3788839 3925414 3893819
3750640 3838340 3845930 3788179
3909852 3688624 3958022 3866666
3738789 3913201 3848668 3920268
3990978 3913685 4064716 4089062
3954580 4013365 3919051 3873074
3807701 3737537 3836350 3891290
3689010 3854623 3908995 3711158
3757666 3635494 3805713 3780444
3744918 3795121 3884147 3702669
3791011 3797718 3848241 3827695
3758104 3883351 3857436 3774377
3826067 3807800 3930044 3929018
3881136 3938549 4011416 3801364
3789504 3764951 3719417 3738713
3835310 3844434 3708263 3913471
3765176 3734549 3766301 3742272
3801543 3802740 3758073 3931551
3772333 3769079 3708836 3750340
3881033 3875593 3748872 4006540
3838806 3818630 3819672 3832851
3895342 3977889 3767904 4001416
3820858 3747506 3888256 3892526
3688709 3961691 3756126 3803540
3868343 3746319 3866244 3791836
3742561 3921734 3778067 3731680
3862296 3751733 3920873 3972672
3647208 3963164 3817468 3773733
3933290 3818870 3967790 4046974
3868057 4066202 3875048 3888941
3872813 3857068 3861675 3715123
3752024 3825473 3809532 3776706
3759738 3864354 3863030 3713318
3784707 3789783 3856262 3795203
3842924 3933736 3876948 3763503
3845291 3722795 3797698 3774373
3878441 4042897 3930815 3813737
3853386 3925782 3946141 3912072
3852750 3763374 3784172 3774972
3725716 3996752 3852880 3854561
4011357 3857960 3920493 3989496
3830662 4066796 4010893 4032419
3835455 3805166 3823923 3930996
3785957 3984099 3976829 3973650
3866147 3811139 3870685 4000902
3806276 4014297 4023139 3900760
3805536 3797842 3928872 3860056
3714160 3925475 3797094 3840984
4039801 3919312 4063607 4052996
3872512 4011173 3939618 3919199
3911502 3776922 4002250 3951226
3809267 3936498 3918984 3800321
4145577 3742928 3940408 3947015
3866064 3892521 3886111 3919673
3712771 3719771 3820044 3789036
3775935 3815387 3867770 3635860
3947946 3865307 3956364 3960994
3889128 4036180 4082523 3798762
3857827 3735277 3886611 3833338
3799019 3886415 3972817 3734572
3891274 3852680 3896796 3907970
3879179 3842235 4008881 3792830
3650163 3704606 3723050 3753232
3729024 3795204 3729585 3927359
3881161 3926288 3894398 3848291
3917359 4071757 3893905 3984520
3844269 3821418 3744698 3846926
3798466 3887444 3769851 4016212
3789600 3889399 3761901 3732336
3868517 3882201 3798400 4015176
3774654 3727512 3822666 3889651
3718139 3892422 3775768 3719291
4009292 3835179 3960409 3997441
3751118 4039192 3793019 3803622
3873448 3733708 3935586 3888077
3760326 3924457 3855776 3877061
3920155 3816317 3979336 3947379
3783439 3974806 3768337 3834661
3844517 3932654 3795677 3671790
3726478 3783427 3831461 3756501
3921787 4036153 3959889 3860942
3920672 3908096 3854136 3956342
3837563 3984475 3882855 3753396
3812651 3825039 3787422 3876446
3830337 3989070 3874319 3702214
3813283 3957523 3846744 3906277
3895057 3778052 3833741 3890945
3716336 3952382 3908950 3821391
4010391 3849726 3841340 3929345
3836931 4067366 4087686 3901664
3966340 3862811 3906870 3967055
3864769 4081937 3935531 3948079
3987888 3935376 3926722 4100222
3915110 4174354 4097004 3999057
3903775 3703790 3921944 3942697
3776345 3905164 3817533 3797572
3957691 3892276 4048338 4017107
3938150 4019306 3957680 3991439
3965370 3798204 3988800 4007753
3861588 3943918 3982972 3796802
4056125 3816612 4164014 4024355
3883239 3994438 3997026 3978457
3757720 3791587 3866303 3755481
3774979 3822444 3988009 3780387
3896433 3868820 3925093 3892938
3920096 3889139 4019112 3845000
3932187 3941106 3870249 3913616
3862881 3860438 4004186 3772466
3931564 3876764 4022466 4056900
3947968 4009180 4083210 3783833
3697029 3766668 3832084 3843415
3835077 3901451 3709578 3958246
3930759 3866841 3824575 3851108
3935004 3937096 3892892 4034285
3892627 3827485 3822808 3760791
3855029 4045107 3798871 3965619
3987900 4011887 3870921 3928968
3976563 3994210 3874678 4067994
3855527 3709774 3834409 3985576
3759153 3962875 3694044 3659265
3965754 3858377 4070722 4000365
3893483 4066755 3919342 3929367
3946669 3806821 4054876 4007067
3901955 3927491 3802842 3891405
4035856 3845818 4040223 4046760
3819192 4118132 3959064 3946240
3891885 3869246 3877692 3712309
3774320 3763559 3854239 3916381
3887362 3991778 3988121 3877561
3848108 3792628 3958686 3882909
3910322 4003766 3947575 3797666
3846382 3894383 3953824 3917056
4023569 4108831 4038229 3918277
3887904 3821186 3999547 3983183
3919894 3862176 3814152 3931775
3890198 4030531 3936742 3907582
3948083 3839126 3892310 4018631
3817246 4064367 3964782 3989393
3993225 3825328 3938284 3926447
3927916 4117768 4032383 3976254
3785811 3745404 3729455 3861010
3704785 3979487 3873665 3841851
3954770 3761903 3912588 4000942
3796114 3882697 3915909 3951609
3927786 3803496 4049196 3961783
3881687 3921627 3869781 3960448
4006765 3909252 4076015 4011583
3917732 3948703 3935260 3963064
3836319 3757717 3901226 3841108
3701488 3893285 3727478 3739794
3908020 3787888 3861966 3867128
3857453 3879070 3910747 3722256
3870292 3868721 3855211 3787972
3952477 3895405 3946637 3765354
3905850 3874732 3943600 3902143
3924762 3864389 4020116 3819630
3784117 3716261 3730469 3841026
3771573 3782331 3870582 3638897
3917879 3835800 3754940 3787280
3840449 3872455 3828604 3965149
3769871 3797372 3846434 3836672
3863205 3877021 3824992 4001354
3823869 3769524 3885064 3822103
3862289 3925086 3896909 4040809
3709117 3731033 3765012 3749913
3767564 3824447 3735379 3859760
3901483 3788954 3949768 3937461
3862237 3979253 3840813 3844689
3870334 3740900 4022610 3880865
3726080 4008494 3800276 3831736
3942275 3896766 4054143 3969390
3863706 4022604 3844695 3859724
3823002 3757470 3919356 3933649
3760102 3946435 3810414 3716497
3833485 3910784 3940896 3731084
3799533 3844406 3892126 3864993
3828062 3984708 3901029 3704261
3827377 3793542 3886545 3821208
3876947 4033607 3914576 3873906
3837338 3889996 3916711 3953664
3881126 3904884 3744027 3667569
3762663 3798493 3803691 3787776
3930816 3811109 3813276 3916378
3775237 4036123 3916537 3982030
3857333 3782520 3827556 3917412
3805857 4071115 3909871 3940144
3961428 3818821 3770385 3822862
3802608 4045310 3970294 3972623
4007177 3831886 3898478 3993760
3831319 4010259 3960744 4008667
3953709 3791609 3964536 4005375
3804412 3924571 3922095 3792194
3894679 3751922 3849515 3902517
3791092 3871367 3790359 3808986
3921046 3837505 3974911 3990699
3790035 3981127 3936786 3815578
3989383 3838938 3986355 4029213
3825530 3986581 3936409 3883867
3808608 3779461 3964753 3893111
3898867 3887901 3940184 3787881
3808318 3731648 3798643 3799957
3878019 3768175 3977015 3762590
3851566 3830086 3854648 3920583
3863258 3801080 3909849 3706702
3902309 3773963 3954082 3865436
3913426 3916139 3978131 3732263
3897407 3848070 3847874 3739643
3871251 3922725 3727700 4025074
3781534 3823929 3835000 3814149
3810262 3920101 3770541 3987435
3755889 3856585 3770243 3795850
3813469 3905940 3816668 4001487
3771848 3827689 3857793 3792118
3831933 3988838 3813643 4018567
3973744 3869980 4014852 3995121
3936354 4093545 3851452 3829865
3854175 3757157 3920083 3957094
3786260 3966814 3781126 3752103
3887770 3823434 3986879 4044684
3827319 4017964 3865875 3876221
3948589 3836588 3992089 3969786
3819184 4049944 3869593 3889864
3946869 3954210 3890386 3809355
3758234 3858603 3863949 3897019
3839120 3911252 3809835 3721098
3796805 3819165 3783986 3753806
3891258 4003151 3936972 3807111
3716806 3864152 3868945 4004098
3907772 4054947 3928734 3754242
3809967 3884034 3863362 3901361
3897911 3728989 3829849 3769500
3717243 3697114 3761572 3811364
3946116 3888714 3972345 3897894
3810328 3855798 3855919 3833667
3869397 3800142 3897823 3891536
3747907 3778440 3825751 3922710
4062845 3930851 4086993 4040112
3841602 4001362 3958135 3962718
3724252 3795928 3656287 3782119
3699733 3759264 3856920 3772366
3818099 3939775 3782582 3961574
3963011 3762784 3892113 3855054
3781159 3851327 3687319 3946204
3824158 3721648 3824311 3810954
3935547 4034435 3825979 4042989
3982257 3901528 4034570 3984520
3716757 3788381 3754489 3896160
3841877 3714892 3788156 3824504
3834244 3948436 3808633 4007029
4002334 3786076 3913799 3925285
3764327 3797355 3760057 3883598
3882998 3657897 3813584 3830270
3959265 4015486 3902581 4041332
4108958 3897816 4003996 4018368
3776233 3760910 3900768 3794043
3726479 3787783 3893999 3723172
3892179 3906854 4076910 3919127
3823780 3942398 3927688 3960203
3893850 3800223 3960838 3827838
3783807 3809450 3856962 3835196
4033935 3933849 4061490 3961186
3923192 4001982 4006806 4035029
3766006 3685211 3771891 3888659
3646769 3619488 3851349 3665449
3886883 3760723 3961988 3912420
3806949 3924096 4043295 3819572
3818345 3722687 3834917 3954821
3702756 3778763 4000250 3860848
3947306 3840957 4070166 4089954
3815801 3908596 4153465 3831535
3601463 3702067 3623841 3789044
3691462 3779212 3776078 3828925
3737555 3834587 3821249 3862124
3719890 3906547 3856833 3968391
3586753 3671212 3717983 3886492
3718399 3777062 3749817 3894474
3786795 3799288 3899425 3985259
3818811 3885020 3892313 4097237
3933973 3841334 3968511 3908185
3781379 3882794 3838946 3922403
3941044 3825535 3976787 3951186
3781407 3821696 3868962 3894020
3925446 3883565 3954348 3896509
3837619 3923720 3873433 3896982
3906903 3823819 3922727 3804226
3860233 3792225 3871979 3906726
3917398 3881498 3788396 3963413
3937280 3771738 3963189 3821606
3843644 3912128 3740292 3864507
3878882 3741663 3931220 3826927
3907004 3961874 3782595 3947261
3936942 3789849 3890473 3923658
3863780 3991852 3765643 3914830
3912589 3803137 3882202 3931758
3805343 4020058 3860466 4040030
3973467 3780180 3928426 3973259
3907061 3939833 3927522 3958544
3871394 3711296 3903842 3867823
3912903 4029623 3834007 4001518
3939346 3837865 3952487 3934403
3896879 3991355 3900791 3994630
3987202 3832360 3959954 3936497
3950881 3871457 4018285 3878039
3859284 4025645 3946646 3880451
3844530 3832411 4007485 3853694
3875355 3893052 3825773 3879104
3923837 3904036 4052701 3886114
3900736 3957261 4008924 3888779
3857452 3888388 4059408 3829202
3941337 3952866 3856561 3974345
3922250 3873288 3894778 3989906
3777350 3837626 4049062 3835915
3799394 3748327 3949232 3949160
3777205 3792152 4021955 3761871
3934593 3856411 4029505 3936406
3791675 3856784 4086278 3888900
3884807 3822362 3934431 4042094
3755806 3808900 3990697 3816135
3701286 3821742 3849648 3921534
3744013 3896816 3925091 4034796
3632173 3779270 3792995 3887534
3651266 3849267 3881294 3908495
3757510 3787942 3844648 3948389
3784212 3822135 3863636 4002098
3715670 3879364 3870881 3961927
3707859 3794542 3885051 4031061
3879136 3913017 3957515 3903625
3755868 3868057 3913189 3866299
3972351 3962642 4034302 4069616
3897897 3957483 4104604 4016595
3835950 3788284 3884235 3722328
3710879 3728472 3749289 3805745
4123848 3896463 4067670 3931743
3874930 3995084 3919359 4104448
3906795 4057562 3766200 3915259
3961601 3742818 3961555 3854305
4050713 4062143 3885164 4064610
4015030 3889757 4109897 4034722
3821409 3869330 3686858 3824439
3855023 3662514 3859973 3846635
3871101 4044343 3848302 4054268
4004285 3890507 4030767 3967840
3888549 3936724 3927420 4003644
4001696 3801318 4018559 3894423
4023039 4137736 3965733 4041162
4087005 3943874 4047131 4106115
3830774 3797362 3919928 3921139
3862887 3684931 3899804 3768751
4015543 4003347 3941281 4099850
4055892 3908081 4141212 4050824
3958231 3782266 4036179 3829969
3866822 3902878 3950826 3929237
4084576 3957999 4176677 3952498
3994481 4126719 4040883 4143583
3796656 3817526 3948799 3812826
3783573 3831001 3765288 3806405
3936196 3967458 4134337 4037868
3993420 4026499 4032294 4067169
3848832 3707533 3884779 3941068
3764771 3801039 4073450 3832538
3986812 3923049 4067193 4081710
3881609 3975336 4142262 3962617
3784032 3663232 3946555 3911141
3770312 3809025 3938213 3734178
4055621 3910790 4011070 4062367
3848662 3895279 4082626 3940487
3607731 3792453 3792339 3877617
3733795 3847738 3856177 4064615
3773544 3981147 3943825 3944368
3806397 3990346 3982507 4085998
3617722 3762688 3789918 3811361
3560271 3755498 3807568 3899930
3767707 3960612 3862990 4068008
3763070 3999754 4006636 4077584
3953628 3906661 4017450 3902923
3792661 3874144 3874749 3947238
3868396 3827394 3907684 3803798
3718711 3867129 3884633 3860115
4049358 3935644 4016008 3949052
3909046 3879027 3860545 4076919
3885551 3880193 3895885 3875444
3810733 3892901 3862855 3956882
3809921 3912212 3756651 3946753
3944233 3821245 3914343 3915663
3824288 3885251 3742185 3919099
3880108 3729216 3865618 3838515
3975676 4168963 3896411 3983494
4027678 3851016 4008791 3981840
3884413 4004975 3785894 3908268
3929692 3840455 3937877 3897324
3878663 3958969 3851084 4002777
3961848 3760168 3921044 3873293
3897438 3889362 3847750 3993985
3962262 3720846 3948684 3868546
4008631 3941023 3875172 4085472
4037490 3947534 3970567 3957332
3922961 3976425 4002169 3947127
4016711 3845175 3990755 3930314
3877070 3935622 4007537 3885216
3791862 3880048 3909763 3905788
3853202 3853991 3963835 3852253
3833826 3949346 3811010 3839184
3920714 3956439 4131141 3996904
3940502 3991329 3916726 3984104
3942561 3886738 4033021 3933509
3957387 3874267 3873217 3973019
3887416 3833188 3869569 3972669
3743593 3839517 4045057 3822684
3823655 3739822 3968730 4044265
3809858 3803547 3940123 3814378
3958128 3877410 3972166 4134463
3792460 3894978 4044100 3931878
3886797 3817985 4030639 4001662
3889254 3898528 4062285 3908119
3749730 3808051 3851326 3868268
3788064 3802646 3805686 3893322
3666832 3797031 3758222 3867567
3658216 3868049 3824602 3920967
3778438 3870226 3960274 3914214
3816108 3973898 3885770 4037707
3725559 3859732 3815080 3947864
3769641 3831171 3961184 4022886
3868174 3854072 3958810 3912264
3747333 3792446 3907015 3916276
3924778 3902775 3993481 3955437
3791000 3870435 3868916 3958351
3786889 3753498 3858376 3819299
3737307 3743453 3797399 3885130
3918480 3746785 3842131 3813141
3717914 3705217 3802348 3812555
3784214 4030404 3791112 3953721
3943510 3799406 3886957 3894217
3871112 3990131 3795959 3990841
3934933 3730097 3880401 3875718
3794119 3899449 3670199 3763017
3956758 3689898 3837009 3626174
3797785 3874728 3592703 3889908
3816018 3765439 3887228 3755226
3916739 3871221 3790049 3979015
3952262 3796017 3958670 3897142
3949356 3935966 3811383 4035920
3996599 3845455 3993763 3906849
3839943 3857748 3735762 3957301
3821776 3727213 3865966 3838727
3705913 3920094 3836198 3838400
3817859 3651240 3907107 3788907
3846157 3798236 4039423 3917801
3866164 3967013 3910765 3920748
3969267 3916977 4026922 3918813
3833370 3945201 3959815 3915327
3837226 3778164 3979992 3746518
3764064 3930918 3848041 3887698
3766350 3706838 3967447 3773492
3772100 3824968 3802261 3833305
3913370 3860539 3922898 4024175
3777608 3774554 4010179 3845514
3904569 3840365 3963908 3962100
3810864 3933273 4000675 3905839
3735799 3686597 3783154 3908063
3704060 3751488 3924506 3724552
3741066 3697699 3835620 3805420
3626679 3819242 3982455 3664918
3696521 3816446 3791021 3870874
3739683 3814696 3865132 4056399
3792353 3822726 3799943 3854623
3691315 3847540 3916926 4077696
3611751 3732029 3667039 3869983
3693292 3831073 3681650 3907486
3679317 3673857 3793714 3785723
3596271 3823880 3824723 3888214
4038459 3848175 3963319 3928724
3758404 3890075 3924689 3937924
3908763 3821250 3978084 3797280
3783765 3825205 3854286 3909033
4002774 3923570 3964984 3995263
3934702 3957476 3880040 4069911
3935803 3765280 3984592 3873622
3789059 3894040 3879246 3940124
3961968 3992605 3739434 3957063
3933427 3798745 3956649 3853743
3775967 3904230 3692770 3869987
3953076 3808670 3901781 3853009
3940238 4046779 3798104 4076077
3985632 3815632 3989902 3894240
3956658 3924776 3786827 3904239
3943682 3823963 3861787 3944109
3868194 3996138 3879790 3979115
4012587 3897116 4007953 3863423
3825067 3828743 3783427 4045112
3912749 3750518 3868351 3929763
3893856 3964469 3877266 4004119
4002094 3863705 4107735 3976449
3850403 3923840 3931970 4003549
3923623 3771218 3913804 3939852
3888281 3901504 4036074 3983932
3976405 3942988 3940899 3929299
3852919 3847838 3994942 3836176
3773128 4064874 3892617 3909123
4015287 3982038 4075438 3952714
4023623 3957256 3954487 3954748
3927685 3979497 4044129 3863065
3829811 3923662 3910495 3915933
3913291 3796559 4040351 3957479
3820048 3812697 4055839 3791838
3838896 3775896 3844001 3958696
3787799 3745634 4084998 3831207
3952467 3838903 4040529 3981247
3854546 3895405 4123203 3966464
3888330 3816412 3883786 3932621
3791140 3888613 4069352 3828980
3722927 3850065 3785860 3951012
3710215 3959195 3901244 4005494
3648111 3749621 3796942 3840831
3737057 3850855 3856988 3926101
3859009 3854530 3900084 3936385
3764366 3973048 3906757 4069479
3663210 3868272 3887678 3819338
3677255 3844690 3880364 4041535
3842191 3847336 3878269 3829553
3651467 3783571 3830317 3881072
3942176 3814624 3942063 3890727
3766943 3806768 3881170 3877742
3944912 3864307 3985151 3936115
3842654 3940896 3908410 3975570
4017472 3970731 3924945 3928895
3879509 3952054 3961668 4069540
3846362 3858099 3739053 3856139
3930322 3705115 3994741 3861020
3928687 3827608 3739129 3828145
3893369 3667791 3890287 3851235
3950581 3967910 3756096 3998760
3944779 3868730 3891801 3945090
3976003 4038638 3850991 4023754
4070668 3812099 3973877 3948125
3810048 3836752 3765381 3912144
3906598 3703291 3863853 3844781
3785770 3857642 3876373 3942247
3925702 3789519 3853326 3919907
3870617 3929907 3886416 3991502
3968905 3847287 3977974 3924104
3917497 4033763 3907833 4106821
3975456 3886900 4007666 3986039
3858241 3891896 3939065 3857536
3803151 3977767 3808492 3863192
3905767 3875199 4053746 3758293
3795352 3886481 4001879 3919962
3851284 4010437 4073721 3831125
3869794 3949880 3905975 3981652
3923916 3950203 4113345 3943903
3913226 4012607 4037465 4029140
3872443 3777997 3938985 3916032
3694814 3738352 4026654 3705832
3877200 3754180 3910817 3940196
3757755 3769958 3955752 3767728
3927766 3805314 3938122 4009181
3801778 3829707 4084163 3798702
3944280 3910023 3960233 4014684
3773556 3907537 4115916 3900331
3663867 3767851 3786483 3785183
3723378 3825391 3797983 3965536
3684966 3777281 3683192 3822586
3795168 3789028 3858104 4007992
3713474 3878065 3793789 3925900
3751377 3887503 3945175 3967105
3820344 3861415 3878462 3920866
3825004 3950545 4010198 4107582
4018598 3839267 3942425 3929777
3873315 3952159 3809831 4008565
3839232 3757705 3836918 3745179
3696627 3798595 3769792 3854410
3948542 3846657 3992286 3947887
3778510 3834246 3945521 3962927
3965118 3793409 3992090 3966291
3855330 3910873 3929463 3957778
3845806 3973498 3706398 3868337
3899226 3723771 3947015 3939077
3759466 3893670 3740161 3920943
3842692 3720824 3896059 3760224
3885034 3999733 3796342 3867863
3899857 3786551 3892954 3877270
3912324 4048370 3787208 3925181
3982179 3834675 4009545 3912490
3859932 3926282 3836014 3896409
3968833 3872334 3918800 3955909
3771237 3878956 3827908 3930273
3906955 3767477 3926528 3843042
3879153 3980392 3852229 3993955
4051482 3805325 4011602 3928996
3877694 4010332 3830486 4066005
3963900 3865193 3942887 3964797
3898417 3861196 4071253 3840420
3924047 3909724 3932564 3962828
3796662 3828170 3972725 3820976
3751301 3879417 3883337 3775166
3944251 3847834 4081046 3922018
3831996 3940463 3853505 3914991
4005756 3936950 4049106 3970206
3848536 4069617 4005526 3945929
3872190 3858385 3905953 3962923
3828226 3946409 3974663 3829781
3764316 3753071 3804679 3921613
3647973 3706240 3949090 3746858
3937511 3841868 3896444 3994480
3854999 3794070 4104264 3788301
3906831 3882918 3903503 3993775
3829358 3836662 4080715 3882143
3638298 3770828 3860801 3872519
3729297 3864331 3852946 4037568
3622562 3727985 3742934 3827983
3671357 3754186 3799688 3924974
3720825 3894940 3819594 3869213
3705314 3755573 3931063 3959944
3830845 3767358 3801628 3963155
3802850 3932570 3923309 4003435
4069920 3975970 4053260 4024768
3912397 3997439 4007221 4090864
3849927 3762759 3875401 3771222
3751237 3804299 3787006 3838018
3949503 3883400 4002826 3912739
3857082 3853033 3975592 3971815
3835602 3765514 3855136 3834835
3638350 3701714 3739295 3908628
4001512 4067449 3937631 4096195
4094117 3928334 4053957 4009568
3762875 3744745 3711494 3804978
3792783 3658991 3787041 3797903
3868471 3966646 3777310 3924844
3929156 3785281 3923027 3938618
3857725 3961437 3667434 3812767
3789774 3646861 3793305 3846845
4041489 4035822 3996489 4084566
4076937 3953825 4075059 4022324
3715820 3866374 3807450 3902698
3823296 3749289 3938366 3818588
3955809 4000873 3971358 3975214
4023765 3822117 3957467 3981417
3754390 3842271 3771745 3954767
3831726 3747012 3814527 3853943
4043972 3965027 4183305 4062420
4060903 4096770 4092617 4079686
3768160 3807487 3867576 3784374
3685667 3863447 3845503 3866947
3966431 3845336 4008815 3929569
3882093 3964879 3867025 3925440
3795474 3856347 3913710 3828195
3847940 3806891 3796648 3805690
3995307 3951606 4084939 4132113
3838926 3942917 4148122 4056565
3773788 3720206 3814203 3889549
3705589 3743819 3976114 3765837
3996468 3843869 3953644 3947544
3800701 3922423 4079984 3834365
3814255 3732406 3782776 3903337
3663129 3741371 3893447 3756143
3804500 3978447 3884280 4047086
3882847 4002586 3979034 4112302
3635697 3782085 3766103 3762246
3679492 3822150 3797784 4022329
3771773 3892590 3905824 3787733
3840690 3835430 3974553 4099081
3653068 3673841 3725371 3806555
3635364 3795075 3790166 3854793
3874948 3839466 3982821 3956258
3784756 3843475 3830136 3968184
3861761 3853845 3987948 3871063
3817488 3937320 3853209 3959038
3983228 3947084 4067371 3982788
3836830 3898364 3902852 4045026
3968949 3903189 3937013 3986751
3848964 3937984 3977785 4038515
3804301 3994333 3785917 3979959
3929970 3811597 3896950 3818891
3826879 3927422 3660137 3912948
3928337 3752728 3834148 3805679
3944985 4040116 3836045 3993176
3998418 3888701 3940824 3880394
3926365 4116545 3802129 3908332
3986569 3911913 4007199 3867029
3831135 3943040 3814282 3990641
3926792 3920667 3936803 3815252
3800631 3927727 3812826 3958026
3919567 3789565 3910835 3902233
4043503 4021145 3874110 4062953
4075810 3950882 3948792 3949414
3932162 3912004 3967074 4056895
3956422 3830792 4046875 3973310
3792813 3809145 4130954 3822954
3863206 4017379 3909875 3910364
3873007 3840025 4016284 3885892
3855220 4053218 3918307 3919991
3975326 3843986 4102608 3989199
3961992 4013133 4012465 3960011
3951981 3918737 4131706 3886153
3857772 3992887 3987821 3969547
3842906 3762916 3941180 3980076
3691836 3785571 3992808 3796952
3833109 3811236 3930533 3989970
3773595 3800395 4027390 3713983
4026025 3832680 4064282 4044593
3835524 3929490 4152242 3899318
3959485 3882870 3982440 4076547
3873478 3922691 4097416 3825598
3683415 3777653 3836961 3862329
3689794 3874962 3810722 3984463
3700532 3748881 3806163 3947134
3739575 3852756 3783531 3928248
3835173 3896287 3800672 3995005
3808321 3837799 3931243 4150050
3802185 3793340 3800154 3943488
3771692 3848749 3928102 4018141
3851006 3710181 3878672 3880794
3765889 3784121 3985535 3854490
3986581 3874977 4017016 4100181
3782023 3916022 4003755 3977073
3930534 3844736 4012417 3926495
3790822 3874133 3960183 4000338
3810089 3711496 3805041 3802902
3643694 3744382 3748627 3862843
3869178 3860659 3633321 3826520
3803457 3748392 3833349 3848540
3952655 3918631 3759232 3975267
3952991 3822863 3940317 3777247
3982042 4011067 3839057 3986338
3902976 3860691 3974972 3880067
3801798 3822430 3601083 3802832
3874014 3714254 3827999 3780306
3870402 3902773 3845035 3984482
3970283 3756795 3896554 3878393
3953133 3986253 3927060 4002695
3997002 3868801 3973368 3957829
3891376 3952064 3962786 4029388
3946926 3928004 3944467 3934108
3735069 3832589 3697863 3897486
3829668 3754878 3825741 3817130
3819991 3850237 4046329 3805744
3797652 3915800 3857113 3883504
3911382 3994515 4105459 3952747
3905798 3968342 3953779 3950832
3934038 3938701 4158334 3907363
3875190 4029834 3932891 4020207
3765754 3719272 3956127 3705785
3732336 3838336 3820242 3834874
3836263 3766252 3896433 3986665
3773512 3769632 4047515 3818864
4010594 3811114 4074656 4023361
3849174 3977090 4105224 3857834
3912024 3875677 3965612 4042537
3751429 3900898 4035500 3814119
3719017 3647735 3826440 3898973
3639688 3635491 3972385 3706918
3640979 3790406 3757489 3814939
3770249 3778036 3863360 3911582
3778394 3832750 3888774 3828028
3781394 3885489 3942231 4034770
3756006 3823376 3865272 3918355
3772514 3978963 3921001 4057314
3622875 3708630 3676970 3810563
3567496 3705845 3681942 3981040
3911677 4000405 4095771 3973782
3784965 3926897 4011324 3939967
3951203 3851181 3902995 3886667
3743250 3688042 3842172 3916912
3925296 3871376 3892389 3934268
3797966 3855879 3864760 3897119
3972185 3887655 3946707 3967918
3881683 3905351 3930301 4052708
3936161 3986590 3776713 3984413
3976991 3863267 4008444 3982153
3890962 3901208 3657104 3847954
3799605 3717496 3944105 3849806
3887379 3947365 3818736 4005383
3901085 3779439 3962034 3876288
3871825 4021751 3789987 3926259
3870800 3751319 3990291 3902596
3969963 3927291 3979385 4018261
4043109 3868533 4014642 3949847
3857264 3888774 3791135 3931082
3871898 3768236 3903940 3921036
3891236 3912515 3933130 3945719
3934402 3835663 3962823 3928939
3886722 3980708 3870443 4018527
3965169 3844038 3984751 3907033
3917193 3923189 4196699 3959937
3900869 4076112 3991380 4012403
3860334 3927053 4030692 3871176
3820315 3950100 3840021 3914142
3829603 3862792 4039951 3861168
3968393 3994176 3924962 3857698
3914174 3910086 4038894 3870251
3913023 3983401 3949514 3970960
4007969 3820366 3977463 4180892
3767853 3913193 4126240 3895452
3863180 3767284 3843738 3935375
3693277 3726573 4043362 3705113
3857220 3757741 3951132 3972463
3630380 3829562 4115277 3820767
3930006 3875923 3937238 3985814
3820701 3850787 4061153 3845051
3762979 3838584 3821512 3945901
3817556 3857544 3921317 4099509
3642472 3786591 3798906 3767187
3655677 3846202 3848661 3930380
3730241 3836156 3831401 3871972
3662283 3861083 3864253 4030845
3684000 3813844 3899080 3869561
3749791 3854730 3936364 4088458
3994357 3785675 3936826 4176280
3849621 3940324 3793714 4047443
3873743 3728755 3843899 4069646
3714121 3929833 3851968 3846786
3983349 3867117 3957419 4104504
3850497 3940309 3939659 3950583
3854156 3829269 3821435 4014927
3777676 3856780 3813700 3779490
3909112 3909065 3831722 3885494
4057481 4050622 3944464 3918177
3803708 3883285 3832240 3815762
4025597 3903285 3764839 3829341
3983620 3977070 3850764 3838087
4121778 4036502 3970430 3911445
3856181 3916092 3723898 3805961
4038158 3947974 3787749 3881283
3911799 3946424 3909336 3942248
4021263 3951821 3943313 3963742
3777436 3947484 3934643 3988003
3938277 3834952 3823172 3958071
3865009 3910236 3994065 3974989
3952708 3977148 4003712 3972910
3760680 3861383 3945528 3896822
4025742 3818083 3871913 4003380
3848141 3842631 3909822 3960165
3974552 3977218 3931489 3927777
3885228 3894331 3921051 3897665
3948509 3997579 3775757 3780137
3881371 3960966 3934440 3958814
4026233 3984779 3924280 3818846
3789074 3867006 3888195 3903651
3979299 3847398 3956189 3834008
4118322 3937562 3994626 4006299
3995888 3919217 3912691 3933071
4037803 3880073 3919632 3782013
3923194 3882578 3861353 3843584
4157174 3976550 4035956 3947410
3994279 3861262 3908788 3934141
4024088 3947980 3932159 3782385
3887769 3803930 3856170 3842770
3917727 3808072 3968710 4030379
4071566 3981468 4059576 3843499
3856956 3774149 3879841 3878382
3981380 3982632 3978312 3858896
3922487 3862650 4001778 3945042
4087741 3886841 3967414 3865634
3910324 3674363 3866747 3969642
3971943 3859560 3925216 3796230
3874534 3754773 3826101 3999226
3764532 3863819 3739636 3934047
3834818 3705398 3771394 3853218
3669430 3723661 3661925 3775460
3921914 3767675 3858741 4043022
3705469 3798467 3671596 3888832
3906156 3798360 3820713 3969625
3751756 3869920 3748409 3948018
3886013 3800587 3807989 3810645
4007973 3960698 3801628 3848746
3805709 3750368 3633757 3721089
3912771 3820869 3642377 3714222
3843323 3764391 3688791 3821970
3988628 3862842 3741449 3850951
3871142 3933668 3781432 3836004
4062527 3932412 3821905 3826880
3844333 3897339 3875884 3860602
3898669 3906513 3899609 3999818
3686614 3688143 3746773 3790039
3745057 3782033 3711163 3858818
3726397 3798450 3816727 3935714
3744969 3890611 3706943 3899806
3925371 3924704 3938653 3836893
3898412 3799164 3865513 3895639
3838433 3827333 3881838 3905982
3974402 3896992 3820865 3744435
3601138 3768865 3756283 3783733
3883389 3810410 3739868 3682762
3685813 3853159 3794649 3797809
3938983 3799788 3783972 3746093
3852451 3916094 3889839 3868453
4025033 3889336 3892295 3838666
4064033 3875228 3860401 3788197
3860895 3892526 3878857 3799834
3973404 3810483 3738241 3778025
3816073 3656690 3709251 3702333
4043120 3829216 3925821 3785628
3885787 3794769 3767188 3766344
4053877 3908052 3972041 3786007
3854844 3834952 3880349 3825405
3850356 3765265 3889928 3975598
4000443 3929267 3996969 3782267
3720242 3686031 3749584 3854144
3887905 3783354 3820950 3690109
3822011 3666294 3836986 3922457
3934528 3867997 3928428 3752215
3830461 3731513 3907438 3946462
3990147 3944256 3966115 3770572
3877445 3764978 3880345 3956143
3723210 3805945 3780107 3778532
3933172 3932119 3915258 4133147
3768119 3968067 3802843 3863955
3741901 3708544 3717449 3915432
3623560 3779483 3636585 3796934
3942985 3846097 3957398 4222501
3935397 4069956 3883366 4060965
3822926 3806860 3722063 3736910
4091776 3854723 3798751 3810355
3993168 3939681 3868535 3906962
4092316 3978446 3827265 3902125
3824992 3783820 3684714 3612019
3878449 3845679 3678649 3683915
3983316 3983169 3927614 3911340
4149511 3997387 3947041 4019372
3839670 3797123 3855394 3952210
3771144 3859655 3812034 3979808
3898353 3914845 3954459 3998376
3966287 3963310 3847172 4038185
3693159 3796706 3781249 3809056
3787771 3735191 3813680 3856228
3938093 3936753 4033146 4102562
4054340 3996878 3975572 4016287
3759907 3784150 3867127 3844905
3908412 3835855 3935892 3768102
3807014 3909758 3959136 4010069
4023229 3838285 3903004 3868905
3695406 3705515 3707959 3803977
3807597 3699616 3840706 3669642
3969091 4002826 3965309 3951565
4115469 3967137 3964258 3944240
4025870 3890488 3826857 3763964
3907465 3784315 3789393 3827188
4114939 3984454 4036368 3919515
3976689 3838918 3902725 3874333
3980674 3810090 3836057 3676266
3789800 3759810 3726626 3717060
4194461 3990812 4044698 3935570
4062783 3936961 4010911 3947705
3879604 3652006 3840662 3886809
4013450 3951854 3974004 3759514
3994512 3788747 3942442 3998549
4119612 3998502 4086842 3875373
3785522 3635843 3754680 3884284
3986982 3819768 3873597 3603451
4027733 3911384 3981001 4164783
4185908 4076143 4131951 3894776
3847906 3733014 3746972 4005795
3648566 3771501 3666449 3738091
3977231 3795630 3879621 3989130
3742064 3866975 3788399 3905838
3790080 3675121 3722703 3973545
3759145 3871870 3723408 3828575
3930755 3835282 3937199 4033437
3819793 3881949 3792427 3863543
3853444 3752825 3672302 3658589
3908815 3826314 3689440 3859076
3899708 3835373 3719256 3829852
4037674 3936569 3835763 3878920
3763428 3809867 3735568 3711925
3922897 3825348 3727492 3773735
3829129 3977680 3778795 3857691
4026781 3947332 3861128 3901769
3800032 3825844 3774688 3815789
3794451 3708675 3721867 3906653
3897001 3843967 3878659 3884028
3850605 3828630 3819369 3958537
3696766 3836181 3833861 3765624
3853490 3820108 3840023 3869405
3805982 3899160 3947962 3879824
4030071 3863585 3907079 4005734
3712765 3723464 3815743 3849178
3859249 3724309 3821342 3778995
3792881 3838137 3939843 3880521
3965766 3852547 3943051 3774475
3688055 3799377 3784266 3821554
3813387 3792878 3780083 3789808
3815832 3908545 3894763 3955410
4006082 3909371 3951395 3827586
3983443 3767215 3914406 3793401
3836241 3756384 3764483 3674570
4052602 3945177 4028419 3824015
4003018 3890102 3865763 3911197
3984120 3859736 3907584 3787802
3825301 3784741 3834372 3701201
4161133 3955097 3945092 3843969
3957826 3881438 3886718 3864207
3858182 3704410 3810223 3900366
3897356 3855818 3891791 3654760
3848135 3712916 3887559 3980103
4001472 3988630 3960141 3803261
3764462 3543818 3839915 3980423
3890798 3895383 3929709 3726444
3936133 3800338 3934300 3966244
4087991 3919170 3969687 3905299
3915068 3826618 3926022 4056725
3812507 3853835 3704053 3836553
3986143 3846334 3906576 4071471
3756816 3880416 3807765 3912139
3822017 3747472 3761750 3988988
3718517 3811426 3717670 3849853
3740067 3568462 3741749 3885543
3654177 3757755 3632371 3723157
3878712 3902375 3829502 3820575
3996068 3987244 3811756 3916891
3974748 3894859 3790216 3734872
4115609 4039635 3774983 3893553
3768767 3851354 3740604 3785616
4006173 3920726 3754918 3878524
3730914 3605962 3643323 3642550
3877895 3836778 3626152 3596524
3859012 3824665 3931015 3917959
3958078 3874280 3868773 3987181
3992772 3934999 3887599 3918951
3872355 3928564 3844350 3969763
3741425 3853104 3855403 3875457
3783978 3904282 3761490 3866335
3644687 3645242 3731327 3753010
3718693 3772530 3694517 3760912
3823297 3864833 3894699 3856455
3930282 3926732 3947024 3825786
3819755 3900199 3892546 3899186
3940944 3911044 3929744 3871632
3830741 3771214 3821474 3938370
3928064 3788075 3890275 3715491
3717049 3681766 3803027 3734885
3830953 3705115 3687281 3645366
4104790 3884355 4009881 3770132
3968448 3925863 3916985 3814494
4161824 3955865 4066436 3890055
3890160 3892264 3867713 3850078
4028499 3823755 3849710 3842311
3910409 3827831 3838174 3726493
3936946 3707263 3722247 3694523
3704209 3695079 3635644 3673177
3896428 3791432 3884295 4007841
4071105 3939125 4020328 3864674
3891119 3781143 3889340 3999876
3997207 3857370 3972754 3847567
3763448 3684983 3846562 3969470
3976620 3848011 3908405 3735323
3779762 3663020 3692908 3896095
3832247 3774862 3871218 3644863
3668017 3579126 3617630 3837777
3586213 3670293 3564571 3721028
3818909 3727305 3736297 3994657
3749247 3774760 3664721 3844528
3903418 3792804 3852169 3907388
3789403 3963308 3793400 3920798
3982256 3876415 3986051 4072596
3841003 3949566 3815943 3786104
3700895 3658636 3630550 3608259
3812916 3761910 3701502 3676569
3860292 3782558 3731711 3742639
3942982 3949434 3778418 3770494
3923852 3825804 3742874 3842777
3976371 3937524 3780325 3858532
3853907 3947771 3829901 3853646
4073910 3890258 3914325 3931301
3696072 3674318 3682854 3718300
3676132 3734673 3675681 3695707
3700268 3770514 3797336 3908557
3862945 3794131 3750067 3917787
3806300 3872599 3807189 3896462
3887148 3783434 3834869 3994103
3887954 3907978 3953596 3892051
3925447 3859986 3892953 3954594
3619398 3667053 3665254 3705696
3768500 3795083 3668626 3631256
3759921 3796391 3850964 3779312
3814747 3845559 3913246 3694974
3802491 3797424 3860613 3848921
3940623 3797416 3830101 3777000
3829219 3879184 3916903 3865314
3981792 3913139 3909539 3827379
3823529 3807495 3786640 3651888
3717662 3657658 3713400 3692410
4059192 3881538 3883757 3730643
3818461 3779823 3830691 3736520
3956446 3961499 3956325 3797294
3890841 3745086 3857815 3780701
4077343 3924022 3942537 3836603
3989901 3925157 3959436 3862925
3627076 3530945 3723185 3800861
3857136 3695647 3795748 3555838
3822261 3711348 3919738 3932552
3944088 3842620 3961457 3734211
3863425 3728705 3928074 3940730
4026745 3952862 3926686 3874301
3861113 3798849 3924007 4047026
4113883 3965252 3998918 3791864
3932934 3817425 3932969 3998090
3797790 3826259 3915377 3784880
3884705 3785028 3855005 3939877
3675400 3865936 3790076 3845570
3865539 3777156 3905958 4020329
3802725 3897404 3755869 3851813
3881264 3715487 3797088 3978865
3758472 3877780 3726921 3792683
3860357 3919708 3861831 3880793
4062187 3952018 3881484 3964466
3884192 3765202 3757544 3803166
3996230 3906061 3728621 3845904
3858583 3826860 3765500 3784353
3996561 3934980 3892699 3865612
3797986 3760158 3706821 3728383
3936133 3938746 3768522 3797624
3780972 3786101 3949387 3913783
3951797 3888797 3898093 3954773
3719885 3827531 3840103 3847309
3849930 3822624 3818707 3935477
3821528 3855727 3841342 3878281
3913689 3877258 3878171 4024438
3737547 3821892 3884779 3899722
3784621 3841906 3822258 3882221
3857494 3923338 3941575 3987855
3929332 3911968 3952102 3886952
3822588 3712737 3819596 3784463
3830174 3862062 3837306 3852355
3785589 3863382 3925523 3895514
3901449 3813239 3912786 3812771
3789021 3875480 3903976 3856679
3863301 3830535 3820271 3721785
4051437 3958349 3915975 3880437
3972088 3933580 3848430 3829023
4064262 3955609 3895432 3799862
3869810 3819988 3766170 3750223
4056544 3897061 3956082 3852370
3974010 3891112 3814620 3854815
3988737 3783587 3878156 3788756
3905778 3855783 3832450 3724953
3940202 3776805 3904592 4003360
4023781 3948220 4014526 3806648
3824662 3711352 3810821 3923813
3923439 3867604 3946474 3733092
3829528 3685879 3898572 4004517
4061779 3955640 3970473 3759331
3895191 3713416 3835092 3933029
3919160 3876383 3953878 3702451
3846164 3680120 3776624 3982037
3700036 3792060 3755940 3863317
3942031 3867080 3997872 4057133
3809120 3961078 3787134 3874565
4012378 3805659 3927773 4042533
3781042 3900107 3776965 3907002
3937007 3836115 3908106 4060603
3799381 3977814 3802902 3914695
3778274 3774106 3699348 3780654
3923582 3872420 3769135 3821644
3935784 3853322 3815850 3733647
4082353 3973134 3804939 3915728
3807329 3920069 3792655 3892205
4063306 3938308 3866839 3918224
3926529 3922366 3758577 3751058
4134914 4007608 3949505 3876237
3765074 3781690 3837031 3831256
3824372 3829639 3836140 3839067
3886173 3840199 3932387 3927539
3934459 3920656 3873189 3932200
3854645 3928811 3973741 3949529
3897147 3954011 3935873 3964281
3914081 3909450 3952420 3959965
3799889 3964894 3902460 3984582
3761158 3794658 3858475 3868737
3847526 3758674 3815895 3720203
3847233 3904921 3985892 3962559
3984189 3923227 3991627 3816980
3852995 3834491 3928252 3912313
4046035 3959034 3912382 3930836
3857182 3879112 3910017 3958097
4007704 3938325 3962053 3848158
3967328 3804672 3833965 3743673
3948413 3778222 3749422 3751428
4120349 3883598 3993645 3885323
4045703 3840012 3907745 3871494
4108076 3925736 3947368 3882026
3988436 3817162 3902867 3813442
4122158 3866595 4007790 3897253
3992874 3864069 3938517 3915972
3869518 3714426 3856015 3911034
3937722 3936475 3871236 3744585
3873649 3774037 3907051 4034523
4177953 3942993 4073426 3770092
3967591 3711333 3941350 4086680
4046788 4002561 3986290 3805538
3941089 3864015 3992106 4055069
4169570 3900038 3954814 3785256
3877568 3787346 3912297 4073761
3794270 3811531 3818244 3885759
3897015 3733398 3762459 3879226
3685737 3837881 3677975 3794164
3866914 3752641 3869232 3971577
3812660 3836120 3743257 3873778
3817564 3727589 3761444 3848626
3711017 3796630 3683283 3771166
3906658 3918904 3767657 3775039
4020549 3978988 3775612 3878044
3680415 3802318 3709116 3719249
3917111 3739802 3738115 3774575
3835295 3775276 3734644 3749639
4047228 3952036 3727362 3783056
3737396 3780862 3642693 3739350
3854109 3905754 3680263 3760965
3819309 3843496 3936808 3914286
3863135 3884522 3818891 4016007
3774901 3717915 3842939 3810839
3843937 3717095 3794233 3901098
3729905 3725630 3789708 3898259
3826874 3825341 3805377 3868860
3799075 3706366 3872739 3841417
3844508 3761364 3781968 3742123
3807034 3964497 3954256 3940344
3899417 3929245 3937824 3890949
3693171 3716526 3859648 3858349
3843845 3816966 3832292 3605823
3775956 3853690 3834729 3913753
3881893 3890778 3879702 3775692
3688317 3792300 3782136 3718988
3837177 3842889 3757750 3724152
4024457 3950319 3960967 3809567
3955663 3818703 3868977 3821974
3967792 3796351 3820517 3704161
3874459 3782292 3762371 3737131
4043819 3868391 3931228 3769791
3958913 3841192 3817852 3787799
4006395 3824365 3837690 3785830
3870929 3804682 3818177 3812660
3882187 3799776 3875688 3953292
4045273 3924024 3960679 3824852
3779615 3620648 3793732 3891901
3979197 3890637 3869605 3663176
3782906 3749145 3841433 3950960
3928915 3824336 3950535 3751894
3855965 3680632 3758843 3861330
3943673 3821885 3938854 3679497
3800443 3723656 3806751 4002401
3668461 3834180 3639532 3818331
3815702 3716753 3732252 4021197
3662576 3800696 3690179 3819361
3937717 3708851 3842696 4090895
3765199 3834903 3759077 3876799
4014189 3894950 3947318 4128266
3789433 3943008 3859853 3891369
3756690 3797742 3651862 3733975
3933145 3899577 3755180 3761948
3785469 3746749 3640774 3682597
3910010 3879358 3725708 3797943
3947617 3849249 3821148 3821508
3997753 3954066 3889710 3865300
3956650 3911415 3802876 3942030
4148556 4036398 3905181 3839488
3794988 3877386 3893367 3897072
3921741 3859972 3824062 3859924
3685671 3750921 3839930 3789867
3741503 3740347 3769016 3882637
3918337 3822408 3889432 3902048
3817616 3917979 3888175 3928776
3911975 3856698 3947277 3991193
3943550 3981142 3851757 3958237
3722699 3764149 3900444 3798301
3868296 3785659 3829713 3746666
3745375 3706165 3763719 3835217
3899154 3835515 3783325 3740484
3805196 3800352 3860030 3883661
3947373 3837626 3939435 3829022
3853495 3814214 3999514 3886570
3997556 3968534 4002971 3851308
4013299 3831841 3886589 3709689
3863329 3808841 3863372 3816413
3918080 3852738 3880635 3747271
3808853 3758183 3736645 3685235
4086169 3908672 3951649 3783267
3823366 3828586 3831211 3872264
4091011 3937560 3992660 3845236
4049060 3948783 3875780 3942441
3809185 3730486 3744015 3977230
3949322 3867758 3851730 3813377
3853892 3686149 3837068 3805943
3975153 3902393 3881786 3742430
3883162 3766968 3871305 3951553
4020485 3948705 3980253 3769481
3955676 3896340 3992963 4009808
4061528 3992984 4001930 3861627
3973958 3839062 3951935 4133709
3918099 3899258 3772752 3947203
3948062 3858394 4028687 4106761
3931512 3967134 3899416 3954770
3864753 3769532 3801496 4017707
3749572 3784219 3712360 3813077
3946307 3732465 3892753 4101800
3807878 3859072 3828169 3834052
3889962 3943925 3875839 3879341
4008349 3973329 3828493 3910908
3915538 3862595 3804071 3832952
4157347 4012136 3987802 4050428
3836218 3742322 3686924 3696856
3965364 3903053 3754266 3802366
3896048 3877863 3827772 3834796
4049649 3889182 3880083 3844733
3832554 3897980 3945154 3970603
3863798 4011615 3871772 4033468
3890723 3963659 3990066 3934846
3956220 3899401 3963979 4034072
3760083 3759123 3813239 3865365
3922171 3860181 3778127 3890166
3900479 3896421 3931524 3914516
3871285 3920963 3863338 3955824
3846349 3970136 3965331 4006919
4004948 3967063 3870680 3831211
3902266 3913060 3963581 3956017
3978254 3970944 4038903 3954970
3754999 3743697 3893390 3837472
3860724 3851659 3805704 3731751
3753864 3836354 3894104 3897295
4016719 3866729 3887351 3829367
4164813 4001851 3946516 3863877
4001149 3987475 3905799 3842463
4103404 3949736 4009398 3954054
4028200 3936873 3929849 3946637
4070059 3903246 3806572 3828152
3873860 3752918 3794799 3731764
4104921 3894725 4038893 3813263
3918927 3901687 3896567 3909176
3997608 3772236 3862643 4066537
4063338 4034798 3995901 3874704
3978091 3774266 3927884 4065636
4056325 4021750 3979067 3919442
3876688 3739138 3800434 3835158
3938236 3805904 3895999 3737589
3982656 3737457 3836408 4050892
3967528 3918627 3947630 3877411
4046312 3869956 4026500 4168354
3893682 4023724 4002186 3973942
3918775 3782104 3816782 4031431
3802772 3778481 3825497 3855045
3839070 3697234 3806860 3913639
3694049 3796926 3694536 3794213
3773326 3573255 3694730 3872854
3532484 3650422 3638145 3781508
3984378 4033774 3918869 3937670
4184652 4162679 3970113 4023444
3898167 3946437 3797588 3716396
3973041 3923878 3761335 3884488
3783898 3864154 3696027 3690882
3765233 3816830 3746340 3756943
3754008 3716021 3714439 3627445
3888036 3835424 3699755 3666362
3993204 3940978 4107188 4035484
3962077 4052732 3978341 4106107
3781085 3866785 3929480 3877588
3905576 3810812 3925819 3976504
3740622 3797515 3765266 3820343
3852744 3790658 3697246 3847540
3684033 3733245 3751608 3662090
3825831 3677419 3799247 3866396
3928182 4021555 4030288 4056208
4101983 4036408 4007334 3910194
3826747 3890002 3904705 3923525
3893990 3850758 3836020 3841818
3723635 3742984 3811763 3812146
3840263 3793481 3780318 3709505
3660986 3738504 3721642 3752005
3776949 3730763 3815716 3694105
4192464 4133220 4157409 3974743
4028760 4016273 4018715 3989800
4020328 3955116 3931656 3861785
3978253 3815972 3849983 3827295
3993569 3856608 3830090 3831134
3802338 3759058 3851723 3836748
3968225 3767908 3871013 3699566
3796557 3741568 3751268 3684905
4073369 3892132 4050050 4146961
4231626 4139018 4083248 3859645
3901712 3786039 3898772 3970688
4060754 3906578 3948429 3803139
3747928 3706725 3746626 3928471
3918214 3805498 3818324 3704455
3698463 3513860 3635805 3887222
3933473 3810536 3871564 3642858
