3942470 3963727 3963212 3986610
3968485 3938184 3991624 3996856
3603947 3698228 3774537 3760069
3739400 3725066 3820684 3711094
3999750 4058093 3989034 4054571
3937166 3991193 4042959 4013025
3891047 3856445 3861023 3875590
3743946 3789970 3880608 3821123
4091817 3959296 4187804 4115090
3891521 3969300 4118074 4079857
3772642 3663477 3942540 3751769
3719793 3696469 3781957 3700316
4008012 3969946 4129531 4107564
4005340 3885428 4096882 4045866
4036374 3764358 3982687 3890390
3868834 3812985 3931374 3843174
3928735 4021657 3932402 4079198
4105216 3957329 4045901 4025327
3697116 3799238 3695814 3766303
3879112 3663259 3799682 3770117
3975386 4045409 3865992 4053747
3989878 3926956 4038427 3966680
3880136 3952076 3757746 3874253
3981790 3767434 3913205 3870611
4049886 3883674 4021708 3962842
3831099 3917764 3996581 4037208
3892326 3706459 3804135 3666168
3646302 3712218 3711048 3759718
4113158 3921658 4007317 3911321
3909942 3940269 3997142 3993330
3969633 3767418 3828079 3792400
3772125 3818720 3742412 3931100
4018400 4101225 4046995 4092024
3993469 4016026 3984152 4079400
3773426 3886239 3852185 3857543
3711644 3661234 3846975 3849692
4040642 4005858 3994106 4022018
3871057 3961313 3981344 4082134
3894078 3919740 3906425 3898092
3826196 3944086 3924761 3928341
4047822 4063894 4036917 4055522
4082875 4030040 3982900 3925408
3738559 3826008 3782502 3757938
3902310 3702242 3765119 3643877
3969097 4049175 4014545 4033324
4141157 4029565 4001462 3864573
3839547 4002807 3858106 3921565
3956496 3889958 3841656 3857214
3613973 3743049 3734006 3795219
3795665 3723179 3795560 3721855
3771934 3827360 3801789 3822700
3675898 3781126 3861504 3741578
3835828 3856026 3895205 3922209
3806329 3906392 3933441 3990279
3758763 3832252 3833869 3927254
3840743 3811463 3908271 3877896
3817988 3733632 3878579 3810303
3780660 3706234 3883145 3722882
3842446 3719049 3994287 3902421
3737951 3764945 3901780 3832643
3943185 3855470 4038024 3968435
3860592 3915186 3954804 3914859
3982317 3805179 4027753 3974214
3841565 3850722 4076071 3970236
3716868 3796820 3662487 3838512
3825116 3672079 3843172 3776903
3749531 3861527 3688083 3900265
3804801 3741431 3930481 3823696
3906176 4038908 3813475 3889197
3941069 3913178 3979192 3960493
3868727 3875927 3764514 3979718
4025527 3845973 4005961 3965050
3780636 3653373 3762350 3607575
3645999 3696686 3686395 3718307
3853177 3783044 3845574 3639389
3748707 3768525 3717386 3780136
3922030 3794051 3851984 3756937
3785546 3926504 3928619 3981770
3969895 3810176 3865417 3720770
3732638 3886900 3918576 3911359
3789569 3779713 3739131 3861178
3730574 3742785 3753225 3800087
3812924 3904214 3768551 3833268
3760367 3762273 3802800 3958281
3979433 4026842 3954094 3933706
3899470 3896045 3920385 3954028
3904555 3949758 3945594 3918072
3889954 3893295 3820351 3893447
3781149 3775955 3771977 3797615
3875540 3743184 3819926 3649257
3854914 3966000 3819308 3901929
3984843 3802982 3839483 3836632
3891238 4072122 3911001 3897391
3986116 3836882 3824735 3785502
3894529 3904620 3959024 3984673
3977509 3914453 3847725 3818576
3687236 3721898 3827638 3825486
3732086 3817886 3872682 3749710
3703534 3769336 3828652 3835448
3838046 3801633 3894546 3762083
3752606 3729045 3796712 3748927
3643189 3769850 3814441 3763362
3845493 3889026 3969397 3948288
3826195 3874270 3947278 3849121
3865506 3747690 3929043 3762908
3854466 3772994 3935724 3847937
3918122 3824507 4122142 3970312
3794895 3782908 3938955 3788638
3794137 3799286 3928217 3800765
3752684 3795497 3886085 3750736
3979676 3907957 4076055 3979798
3835113 3836629 4008482 3968798
3780319 3754249 3681430 3807568
3888486 3658688 3847900 3857053
3872835 3857207 3703303 3894383
3962821 3783244 3960642 3799063
3827726 3877686 3654144 3855605
3887194 3717653 3848881 3778687
3973248 3922201 3805056 3862124
4019286 3781407 3976287 3919889
3894831 3765156 3847031 3636831
3675779 3811818 3742860 3862624
3899179 3767247 3857068 3764323
3725869 3860606 3794412 3830461
3865367 3699802 3821499 3691460
3670151 3807472 3717295 3860098
3978446 3790353 3890104 3766782
3758551 3806631 3920629 3951840
3851425 3909920 3873560 3900279
3782602 3746186 3854948 3887599
3831858 3934152 3879374 3950292
3843594 3865801 3866453 3957377
3855208 3849026 3830831 3916409
3802999 3755158 3843649 3845359
3956187 4001000 3967843 4046835
3941081 3857300 3902645 3934012
3728926 3879024 3880499 3807366
3914565 3847289 3741082 3687305
3855686 3928892 3881127 3886828
3923849 3897503 3837372 3808060
3805876 3931727 3827465 3803442
3880404 3891586 3878367 3671760
3910509 4008659 3886983 4035237
4015682 3931421 3945385 3857568
3790178 3918609 3949221 3926948
3843882 3856747 3909600 3858954
3773160 3888627 3821275 3870196
3856676 3913726 3921321 3831859
3858168 3765282 3910604 3880897
3769787 3918682 4002364 3999648
3892947 3876655 3863148 3922648
3885792 3963812 3987184 3916608
4030235 3814828 4088511 3942053
3843515 3843322 4037614 3870156
4013872 3826608 4081944 3960303
3822346 3833593 4023837 3912531
3926412 3820990 4053294 3968107
3813850 3831138 3974732 3970780
4025845 3913324 4063355 3980885
3878763 3922881 4038951 3893007
3833130 3975247 3780566 3961147
4063692 3819450 3977958 3887498
3769904 3956001 3841417 3849466
4049890 3809068 3973050 3909149
3809375 3989532 3754079 3834824
4011981 3797095 3924772 3868664
3896399 4027951 3855863 3958832
3997877 3829083 4031606 3963823
3944154 3884606 3962395 3791464
3784309 3882822 3869424 3940124
3894838 3810761 3824846 3771319
3724539 3910296 3920341 4009474
3890548 3830242 3827994 3735345
3814218 3886619 3903909 3913277
4025715 3829719 3886245 3758528
3800679 3994413 3862176 4001190
4017164 4018175 3881409 4024127
3951416 3908989 3950539 4021654
3925544 4017925 3930634 3961567
3843108 3969741 3893758 3941207
3888982 3955999 4012764 3916304
3877900 3876076 3932105 3920084
3905591 4020742 3931171 3987953
3955418 3909861 3972352 3957472
3893662 4019136 3958003 3937082
4021153 3962085 3908014 3860397
3931959 3971061 3885458 3923873
4008031 3821369 3884594 3783174
3943802 3948003 3993608 3939654
4046533 3883189 3902395 3786633
3987575 4000916 3944141 3985796
4043486 3999420 3981797 3857919
3812595 3776886 3904756 3893685
3770933 3824091 3972045 3922511
3884398 3985342 4047602 3961728
3903890 3952035 3979082 3940010
3746495 3784460 3752640 3728215
3749136 3749137 3876653 3801482
3725261 3678352 3767789 3639771
3706296 3690499 3750271 3798826
3909375 3775993 4057524 3937707
3824804 3797194 3931838 3896371
4032605 3884551 4179205 4032824
4060794 3957135 4055863 3980630
3822152 3725029 3962510 3834619
3826757 3747219 3887337 3740245
3797315 3712543 3878767 3900827
3675536 3683220 3793519 3680870
3896272 3958570 3834621 3876640
4018052 3773508 3869823 3861725
3986572 4017414 3873737 3951853
4055422 3885295 4023912 4062969
3773707 3837546 3697620 3758890
3844325 3666665 3765164 3894823
3730249 3859676 3581376 3747026
3850903 3710349 3748671 3779565
3878457 3790684 3779557 3786810
3756470 3803706 3846354 3963147
4032014 3938439 4016252 3853591
3856653 3955904 3958985 3980292
3798214 3765496 3757297 3730323
3682521 3833446 3765861 3810586
3791585 3667540 3717367 3657396
3591320 3688676 3719696 3746890
3918136 3923399 3843929 3902149
3885586 3817828 3844671 3898881
4028377 4050512 4105071 4051013
3928389 3923270 3957743 4039919
3827470 3861004 3777151 3847186
3770231 3792293 3753972 3798041
3704215 3755014 3788074 3738680
3706121 3728645 3687362 3790181
3935234 3920853 3904102 3894862
4039617 3856266 3882468 3826298
4039983 4053800 4079085 4015655
4068417 4043520 3994232 3911606
3763743 3860903 3817257 3814565
3894727 3792005 3871819 3718103
3743307 3744123 3760237 3856076
3829375 3759841 3747356 3592989
3723762 3767834 3784370 3775204
3756523 3818772 3803974 3855261
3735429 3804089 3812466 3851175
3721348 3758278 3864740 3842054
3876660 3807097 3900343 3970874
3827944 3782292 3905099 3900727
3916692 3845674 3990161 3906903
3819650 3842422 3978157 3933218
3826886 3685859 3967473 3933573
3806824 3772188 3970483 3796367
3924798 3776872 3949895 3909530
3778729 3860970 3962614 3829573
3949643 3847341 4075562 3874943
3926127 3901633 4051460 3915650
3965635 3867879 4047273 4034746
3902769 3895396 3982566 3963401
3794411 3806212 3700417 3858120
3951506 3705880 3822973 3832525
3707526 3867992 3695818 3835800
3946794 3720984 3828847 3820663
3906002 4039700 3811081 3866879
3959162 3841610 3949068 3910881
3854463 4032386 3783971 3987494
4029467 3852488 3905256 3991359
3899180 3724035 3881530 3624119
3562237 3823708 3770292 3886309
3906756 3751705 3801187 3644648
3713698 3812951 3828765 3878090
4044661 3875391 3934669 3777989
3812507 3831123 3895833 3964481
4018171 3916728 3946466 3813286
3852688 3913542 3911433 3976298
3887786 3916813 3782745 3887709
3722327 3859129 3838786 3819188
3905145 3900848 3931693 3864855
3793458 3813266 3837652 3903581
4032699 4008281 3958114 3975474
3951246 3880645 3913341 3936487
3943934 3961397 3893540 3992976
3937941 3856764 3935779 4001226
3779734 3829918 3907148 3779853
3905361 3820487 3719828 3749103
3858291 3948461 3892390 3940106
3988300 3838699 3750256 3819595
3870657 4011996 3968525 4007334
4128656 3879949 3988082 3857166
3923589 4072686 3935051 4045489
4022853 3874392 3884987 3870995
3860552 3892808 3904966 3929614
3902614 4005613 3984661 3831348
3813640 3812614 3967751 3894704
3861542 3806534 3973830 3832411
3880488 3864383 3867261 3980670
3948385 3892947 3977326 3910704
3934877 3811620 3963860 3886616
3761220 3873014 3891423 3890058
4011412 3910491 4108308 4035427
3874987 3871802 4023838 3973794
3992720 3799915 3999051 3898952
3870664 3828244 4093285 3923191
3975280 3938006 4087115 4104595
3957172 3888047 4071014 3941509
3948042 3859843 4090732 3930716
3795585 3950746 3961197 3935674
4056349 4024509 3824742 3913589
3983727 3923065 3949372 3982200
3968984 3948628 3828044 3953080
3916784 3858107 3860875 3918368
3917073 3977241 3804454 4011261
4065254 3875249 4016162 3884352
3909309 3957438 3804003 3894378
3965129 3736879 3940280 3964459
3938239 3790010 3913925 3787361
3867800 3894322 3978460 3977120
3946602 3826977 3881687 3778707
3709497 3853372 3848151 3886294
3981409 3873170 3856063 3817150
3787714 4012204 3885427 4014925
4030724 3846887 3909735 3769680
3783668 3900394 3910184 3947728
3971937 3959538 3995194 4073625
3955293 3998153 3825788 3996465
3968673 3922037 3902437 3978389
3828174 3911679 3933929 3956506
4044552 4050954 4051455 3979610
3879469 3947990 3951232 3927924
3973866 3960713 3936634 3946869
3901241 3946935 3926915 3917808
3941862 4010756 3994089 3981329
4107698 3935402 3973181 3831218
3892691 3983124 3908188 3990682
3989597 3971776 3886100 3730577
3988729 4066655 3953390 4007485
4028139 3940369 3915757 3832178
3891111 4017765 4046709 3910084
4003333 3842976 3873637 3781467
3886256 3862812 3760824 3885788
3765715 3814527 3887935 3855711
3662582 3675768 3732782 3640784
3652244 3680955 3751758 3626560
3772058 3842532 3836950 3965259
3874161 3908351 3968615 3907601
3940006 3949523 4075755 3948924
3862149 3872758 4003270 3972936
3917049 3846111 4034990 3911521
3797815 3824934 3894838 3914574
3766328 3558590 3823571 3844055
3661384 3670418 3783802 3718830
3955781 3848517 4105776 4008653
3873068 3876823 4024587 3884046
4006682 3917244 4034296 4046516
3953055 3923697 4075644 3969762
3875856 3898939 3723240 3925281
3993380 3795907 3939709 3874923
3723469 3728755 3555058 3692652
3863016 3677799 3743844 3690923
3853244 3975856 3845434 3934161
4003217 3847017 3922987 3960719
3981280 4019181 3818910 3992774
3951571 3934882 4038731 4017540
3891056 3800030 3894271 3783420
3812540 3880308 3887793 3925998
3739169 3560667 3719830 3593075
3669712 3695458 3617356 3735127
3972863 3819967 3946379 3779671
3776766 3887766 3895191 3907533
4028604 3924836 4012316 3902677
3914791 3976123 4014837 4085448
3899886 3878073 3831977 3962934
3922905 3865465 3840860 3961917
3829742 3735490 3773873 3869524
3738661 3662770 3709516 3766950
3923231 3923486 3907624 4036417
3894552 3847672 3956581 4050105
3988533 3973004 3931237 4083076
3977362 3947076 3934359 4121972
3913695 3960468 4005366 3981367
3978179 3863522 3830754 3725788
3732442 3817680 3823919 3729470
3907631 3688602 3745331 3682676
3938410 4000489 3998048 3898537
4046614 3825467 3820280 3814998
4027869 4072883 3963105 4020516
4143779 3947422 3972894 3932241
3819667 3816615 3929203 3895716
3812434 3919303 3903087 3858310
3682314 3643602 3725167 3704163
3764821 3730154 3783337 3677528
3815152 3800835 3892919 3898290
3800937 3838151 3911440 3835802
3820933 3813406 3888169 3917656
3828841 3971503 3873974 3939064
3930321 3860582 4056993 4066756
3877946 3904344 4083016 3905674
3669134 3700401 3844919 3890902
3691450 3717023 3848806 3744989
3943428 3908463 4027397 3929784
3819780 3810357 4021439 3897517
3966897 3796797 4058354 3948380
3751814 3859309 4020361 3891828
3899965 3981451 3774970 3907314
3957571 3772782 3966805 3892859
3625960 3792358 3616717 3718543
3802049 3703820 3876890 3788618
3839278 3915539 3794034 3990374
3980634 3805229 3940144 3841371
3872309 3938557 3740088 3833907
3962463 3920020 3956071 3909796
3932205 3779789 3929926 3824467
3817706 3854250 3852948 3904652
3747595 3708338 3745117 3691849
3668808 3663669 3751823 3777220
3903971 3750537 3870792 3647185
3764802 3839926 3733076 3920262
3881852 3776444 3861754 3789381
3725398 3801613 3877005 3897825
3939370 4033177 3944865 4067869
3893786 3878061 3881882 4035211
3796925 3725166 3667729 3834964
3721732 3725354 3665809 3772047
3940427 4027493 4063269 3977525
3844929 3852673 3893034 3912805
4079217 3968920 3849300 3984815
3946159 3869781 3872140 3931976
3927516 4050788 3935650 3992467
4050690 3934348 3933216 3856105
3801445 3829788 3748820 3790157
3891154 3808536 3697250 3676923
3899983 3910738 3901983 3829942
3974879 3906901 3909892 3775544
3917675 3902979 3970340 3861754
4006888 3911081 3905432 3869853
3980459 3999511 3986895 3957752
3951745 3935353 3977260 3904114
3879332 3825975 3949251 4007122
3981055 3892391 4022099 3938357
3806819 3737750 3781181 3837782
3785190 3792461 3745570 3796285
3705007 3717410 3828711 3887566
3750838 3717967 3921516 3753145
3987797 4001816 4231868 4026778
3937602 4028046 4054457 3977612
4041181 3943355 4180063 3981137
3948797 3980104 3992336 3991919
3891535 3697380 4009656 3885591
3748014 3744177 3975528 3794510
3938264 3747639 4035185 3855633
3845855 3753274 3966767 3804615
3983760 4048814 3875647 4041051
4078338 3913450 4057322 4068127
3991220 4027032 3785711 3944403
4134445 3903216 3905732 3960480
3842155 3843450 3620172 3948686
3876906 3685818 3898555 3771844
3786933 3803133 3727821 3869535
3918353 3743495 3832905 3865148
4058143 3912409 3990486 3917488
3820067 3990883 4006065 4050990
3981275 3900640 3984631 3733468
3868603 3902292 3982303 3978357
3865080 3735462 3869126 3720093
3638406 3806386 3786649 3888792
3814821 3738513 3865444 3652839
3684620 3836948 3797707 3820709
4061746 4015123 3979832 4105208
4041752 4037912 4011061 4056402
4003995 4053110 3964718 3970033
3914240 3914344 3937002 3997060
3913506 3907447 3828713 3819664
3800272 3795784 3845526 3830387
3847523 3902510 3817761 3871662
3834329 3774895 3832022 3888630
3995749 4173479 4130297 4065944
4041210 4042232 3991568 3884959
3975403 3947032 4017272 3928579
4119420 3967321 3965369 3923219
3852857 3798462 3756290 3823761
3973232 3768515 3788709 3723345
3807459 3845946 3868952 3851462
3956616 3753987 3869033 3773797
3814007 3887479 3850358 3920249
3865343 3889887 3879797 3797610
3832204 3869361 3894972 3968176
3895852 3852108 3942829 3921451
3883234 3965161 3962227 3967225
3962441 3948187 4035659 4024489
3786246 3906775 3884567 3958477
3924088 3924521 4021992 3976177
3954957 3818682 4064931 3998038
3837556 3837277 3956748 3842413
3949323 3844174 4048642 4041848
3866886 3796119 4046947 3929382
4098981 3951183 4144462 4052754
3928742 3977271 4095566 3953917
4042698 3927376 4170306 4046088
3909312 3893711 4070157 3967346
3908427 3962015 3714151 3971393
3953669 3733130 3924067 3873020
3893808 3953363 3848105 4013154
4049293 3825545 3914397 3963434
3911164 4042444 3892846 4012752
4089595 3917159 3985294 4012371
3968843 4015627 3914360 3951485
4031293 3915016 3916434 3958496
3985499 3831472 3922600 3745387
3728703 3904631 3873891 3914728
3969768 3826928 3916319 3844622
3747607 3807025 3847357 3932272
4089532 4003144 4032607 3903164
3891469 4017867 3948418 4059296
3907021 3868122 3965453 3806395
3821849 3951840 3989075 4014021
3919124 3983691 3940175 3957217
3891343 3875529 3854297 3992330
3906922 4046768 3979116 3938107
3869611 3881152 3867265 4012641
4036524 4097304 4048492 4114476
3938479 4015776 4016911 4046990
3920824 4016800 3926754 4094578
3930751 4006263 4007498 4081465
3933703 3952479 3967792 3979814
4038152 3888822 3897753 3795546
3918067 3965269 3905764 3933866
4075978 3916520 3934649 3808566
4042775 4010547 4073387 4131278
4126714 3934548 4035029 3934656
3959474 3955412 3986355 3948684
4085611 3969673 3930587 3854364
3744371 3694338 3751243 3719335
3724650 3659197 3763859 3754164
3807802 3915985 3864952 3884732
3857396 3880158 3946390 3866242
3877878 3857320 3905470 3874306
3854824 3868040 3864789 3926536
3749012 3726100 3738556 3700282
3677473 3714307 3753398 3725910
3810438 3704264 4003750 3899938
3718585 3725299 3884221 3666566
4015458 3851975 4090458 3965235
3887119 3849337 3979112 3832562
3962202 3830269 4032567 3982062
3897304 3941036 4021302 3879248
3771862 3731253 3937570 3875296
3719021 3781509 3879522 3748182
3693850 3837968 3675069 3726613
3823677 3620970 3802289 3716734
3842238 3987564 3713363 3954808
4038766 3806648 3923250 3877342
3912798 3919187 3767643 3923598
3962353 3868529 3947535 3993232
3816734 3752465 3751817 3772469
3888727 3732739 3766151 3777879
3796426 3612661 3766463 3672577
3609977 3779459 3722829 3844664
3899104 3794370 3816674 3672527
3798079 3870719 3872564 3975194
4006649 3820664 3960120 3761325
3707201 3836558 3864202 3891689
3828518 3697990 3749480 3658175
3652742 3766550 3747401 3798903
3712078 3835705 3816300 3814053
3792497 3747998 3776330 3742905
3988308 3992940 3926756 3940497
3886769 3756752 3907318 3955353
3879777 4043789 3966598 4046274
3843875 3978916 3975301 3991504
3880127 3908964 3831353 3902200
3778620 3759579 3757279 3859931
3838198 3770182 3740951 3747683
3832295 3804428 3782030 3755395
3854925 3955976 3889829 3906281
4015213 3900203 3948802 3867622
3955099 4027528 3948159 3882191
4079456 3963134 3929400 3791800
3767738 3841541 3898789 3732537
3892069 3752165 3938665 3673893
3889014 4005210 3884972 3906619
3982716 3822109 3962409 3931991
3931293 4041367 3917512 3890464
3984667 3810108 3898568 3960552
3852436 3880897 3851478 3759078
3798279 3710636 3704371 3857026
3855435 3970999 3873484 3713992
3734294 3692377 3676895 3895606
4030200 3760212 3826099 3894439
3820553 3912081 3890209 3812519
3903084 3858965 3892256 3930989
3798627 3945772 3846282 3765719
3971426 3670724 3667063 3781988
3773354 3876174 3776235 3726829
3898463 3708219 3615521 3857114
3689689 3930338 3755601 3734375
3979667 3984658 3939704 3800664
3796980 3843056 3886924 3860280
3924436 4010194 3859940 3801791
3862546 3782105 3888194 3849717
3874341 3836595 3796989 3753730
3700458 3744713 3743744 3695543
3838630 3901804 3862613 3778208
3779664 3676125 3751445 3730534
3813635 3991886 3831288 3998452
3987851 3743497 3869592 4008595
3753346 3999966 3778463 3974258
4034394 3722249 3873549 3954481
3593862 3829769 3746291 3851693
3842614 3720655 3759363 3864822
3709821 3829680 3703833 3948226
3852329 3654143 3788042 3891144
3882379 3918184 3943437 3870448
3873126 3972958 3890753 3900657
3829918 3975312 4015095 3796891
3842687 3871650 3919405 3866140
3838190 3784577 3837363 3703628
3723395 3782116 3764769 3823492
3741251 3803336 3838381 3759849
3770057 3701237 3831747 3767139
3822416 3967015 3935767 3820801
3965706 3995521 3945696 3863649
3809118 3971329 3916768 3876118
3998135 3970809 4010717 3760152
3667235 3858439 3825527 3733977
3859321 3862103 3825595 3800457
3708008 3773400 3818564 3767274
3831417 3895250 3780536 3810210
3961507 4067731 4078288 3835484
3927893 3826849 3828834 3975602
3630221 3780248 3771218 3789054
3698468 3678188 3682569 3756235
3842198 4047335 3845035 3712892
3738066 3795274 3792965 3954497
3870579 3934246 3872268 3839862
3899015 3712792 3820512 3888576
4042405 3785971 3865332 3938755
3859403 3979665 3805995 3884481
3785283 3652835 3654279 3790721
3647831 3748698 3660257 3601878
3977686 3761856 3793605 3847745
3839358 3929041 3766095 3786448
3868565 3729613 3799239 3890930
3804134 3878413 3826292 3719003
3901465 3978869 3963747 3882461
3792689 3840016 3882579 3777682
3761436 3733490 3793359 3686648
3723811 3669513 3707577 3641788
3818594 3893774 3813348 3738100
3680755 3755517 3749741 3707124
3914730 3887164 3881466 3821474
3890177 3794511 3751867 3736389
3808156 3976289 3842449 4030606
3959486 3806642 3885442 3894472
3606862 3706569 3713917 3752026
3861325 3630711 3780840 3816438
3772450 3920399 3764486 3893676
3891503 3694364 3824058 3838814
3773954 3926333 3795644 3866372
3970494 3722860 3857336 3852912
3870152 3881619 3977437 3883804
3778704 3904964 3842766 3860511
3716036 3664822 3759815 3686670
3725878 3648917 3727091 3693370
3818199 3799470 3907986 3736469
3708270 3770591 3836143 3809640
3786776 3825532 3984798 3750802
3720136 3819546 3844807 3874661
3852073 3929309 3885179 3859839
3980637 3932817 4023355 3881386
3705549 3770167 3751891 3612938
3768841 3779248 3826265 3680801
3780123 3819404 3871490 3812002
3843075 3878521 3929600 3777560
3742929 3939895 3920215 3744115
3916141 3934456 3865049 3831717
3890105 4064177 3897032 3828831
3963729 3737108 3813183 3953084
4121127 4236113 4119469 4042653
4127660 3954312 4066828 4101408
3881130 3988208 3875393 3781721
3896909 3739355 3849309 3900120
4044373 4070719 4000755 3970190
4028325 3911067 3994108 4004632
3920190 3779510 3781663 3892417
3827202 3934698 3820197 3806812
4205142 4018911 4046140 4094040
4015831 4169752 4086918 3944049
3934346 3764509 3777506 3805232
3772165 3855129 3884307 3819887
4037619 3878535 3952350 4004566
3958490 4082733 3987271 3859874
3995121 3957517 3883411 3903009
3809285 3770240 3826877 3865517
4051432 4183352 4126525 4054812
4050884 4012829 4083571 4013326
3987413 3924297 3874465 3825313
3857786 3843134 3808692 3857066
3994951 4133573 4065044 3856473
3877195 3830598 3963287 3935541
3726690 4027691 3892561 3916074
3990794 3781062 3791470 3930945
3956316 4240422 3996373 4166489
4216339 3964732 4066932 4209585
3791176 3973010 3838414 3949860
3950009 3685615 3820037 3931428
3859117 4086070 3989354 4043318
4109672 3922713 3903927 4055721
3895536 3886975 3896759 3843628
3788721 3840001 3819800 3921519
4115656 4090573 4115687 4031386
4043601 4053918 3994775 4086130
3885221 3767084 3865263 3768654
3833941 3826478 3853423 3813139
3921080 4025313 3960865 3934527
3885749 3865795 3990268 3864876
3775224 3960181 3899319 3823024
3961432 4002674 3787960 3780527
3943399 4103771 4072728 3944103
4192728 4073684 4163788 3961761
3780908 3876408 3927056 3799556
3917100 3923970 3969293 3791857
3804530 3943961 4010256 3885143
4042554 4090222 4025480 3937536
3971988 4121796 4016763 3906407
3914651 3896617 3878843 3896044
3879002 3985248 3882541 3821772
3841900 3697967 3848676 3806168
3935197 4037417 3944511 3872068
3809266 3837863 3895666 3896322
4009348 4056175 3902121 3969593
3984440 3866983 3918886 3919067
4039573 3837572 3916733 3954174
3895288 4008793 3805744 3892412
3907409 3759956 3756275 3866903
3833420 3981409 3917455 3826361
4051010 3882443 3778798 3942297
3889080 4004715 3880486 3780101
4045383 3908507 3867914 3958637
3911743 4018073 3880921 3927075
3962884 4012763 3926284 3914404
3902194 3784224 3931300 3838208
3829793 3929300 3927108 3884767
3855821 3777802 3778297 3852990
3912046 3964867 3869953 3858309
3833828 3743195 3881078 3785294
3940596 4021280 4036763 3968861
3838267 3853525 3942837 3872876
3811392 3972249 3858773 4011050
4082582 3806503 3944372 3982275
3771939 3939294 3758753 3864962
3931796 3711928 3846395 4003167
3835441 3995133 3873261 4050062
4027044 3778487 3912747 3994224
3876718 4017637 3884734 3984169
4038512 3777680 3913495 4037182
3932740 3939111 3957945 3842915
3815635 3897851 3946401 3872928
3821464 3858282 3973065 3729823
3768539 3806524 3858870 3790287
3905436 3933669 3981622 3856997
3763774 3814504 3943169 3976894
3965078 3925070 4003202 3950967
3878473 3886504 3888090 4004209
3953290 3948592 3908502 3935997
3950419 4033409 3954371 3837204
3758060 3875522 3820255 3726245
3898150 3918522 3895398 3768262
3734319 3929404 3885102 3896691
3970465 3937019 3910110 3862202
3825718 3944966 3972031 3848619
4103652 3988789 3963635 3921539
4116928 4116224 4122895 4059997
4020945 3927299 3994617 4091981
3677332 3845748 3728654 3642301
3714784 3717108 3589578 3673659
4106342 4089479 4065322 4041716
4018617 4032868 4045817 4027028
3902901 4036795 3899282 3882732
3870781 3843050 3897642 3969457
4179887 3928255 4075271 4083206
4027598 4218079 3906225 3878155
3739774 3557637 3623222 3690890
3602529 3773237 3616149 3599946
4161442 3943225 3934431 4011500
3950715 4107227 3968829 3941025
4048420 3732001 3866356 3972687
3921461 3931073 3920711 3885968
4048697 4158841 4061314 3906024
4019502 3903288 4014061 3877122
3696088 3776776 3686298 3613319
3639172 3625407 3658419 3558535
4011885 4167433 4168485 4044731
3925892 3923157 4026149 4001662
3938616 4007641 3874481 3835331
3799204 3693915 3878704 3817462
3906189 4159103 3979057 4076639
4162085 3976872 4086648 4139848
3526418 3742529 3655955 3739111
3734895 3510050 3613792 3685692
3932579 4123084 3924139 4135486
4144691 3845828 4117986 4185582
3770384 3957626 3776386 3905173
3989099 3836131 3928715 3962962
3984242 3961977 4054036 4000134
3992728 4013618 3995389 4032820
3677845 3702112 3706737 3628248
3623079 3670347 3661210 3650222
4010693 4023196 4053328 3927808
3923227 4052213 4035505 4035993
3896496 3882549 3808752 3835862
3774603 3869911 3925260 3886353
3938480 4043935 4032478 3975152
4085102 4041520 4074376 3967402
3653547 3766233 3677263 3605809
3764290 3812384 3697281 3643858
4031535 4125142 4082023 3997923
4116860 4041681 4219588 3936629
3927168 3899702 3877553 3796343
4018085 3905083 3965310 3890332
3950931 4078598 3902132 3926469
3965929 3945981 3831413 4015174
3952555 3995219 3996111 3868176
3958401 3805910 3912156 3886003
4045067 4056658 3890222 3945721
3967421 3826172 3892793 3992212
3927501 3962343 3896918 3908799
3953205 3784709 3814279 3886536
4059881 3887162 3910085 3955429
3894941 4048896 3912308 3801045
4070090 3755153 3881701 3958085
3802558 3992870 3856162 3846963
3949291 3836238 3827178 3955637
3838625 4004180 3921452 3913244
3906876 3734206 3795615 3920103
3876203 3930536 3786528 3726347
4074800 4071855 3990533 3943362
3873363 3939662 3915916 3842042
3959736 4027108 3901619 3856219
3790337 3882703 3832299 3773387
3922737 3967320 4005242 3918241
3862116 3889237 3978395 3876062
3960841 3903546 3942401 3828329
3747319 3763467 3938266 3758746
3856495 4054147 3931376 3942586
4083705 3805204 3938079 4023118
3782963 4018575 3808025 4024585
4038440 3842855 3884568 3973318
3808300 4008063 3881027 3993071
3983827 3761996 3974893 4006339
3730939 3914674 3768906 3994527
3992877 3766293 3859086 3938997
4032022 3995900 4004384 3868874
3926342 3870929 3919291 3938404
3891700 3962374 3952533 3880474
3892597 3940112 3913375 3917687
3952820 3951142 3972023 3876022
3884994 3909001 4026775 3915260
3925282 3907663 3932337 3772411
3787718 3790967 3824021 3834145
3799748 3971586 4040889 3876269
3922722 3959863 4013337 3852764
3867164 3964858 3942642 3842825
4032978 3989778 4030338 3845220
3855889 3871668 3940785 3811161
3987027 3925813 3984222 3833148
3786634 3898074 3835044 3776552
3984463 3893531 3922539 3732444
3902553 3946052 3979565 3830589
3938369 3854401 3749608 3885878
4093357 4081962 4008298 3948780
3938510 3884637 3953292 3936118
3851382 3958271 3859548 3848712
3899734 3800202 3849010 3841943
3887361 3979287 3868613 3842443
3907214 3732957 3774563 3897774
3979197 3768193 3810626 3901168
3805487 3935701 3851804 3785095
4100173 3862681 3870298 3985323
3931295 4012533 3857440 3836816
3931316 3849344 3791843 3846550
3765803 3920567 3746383 3734413
3983700 3795760 3841544 3891168
3778464 3809643 3844741 3707291
3869569 3903107 3876482 3822066
3930721 3803243 3853236 3839166
4000595 4062342 4051560 3959272
3928310 3890298 3986164 3907949
3929624 3949728 3948044 3867404
3709875 3794835 3856792 3827217
3849830 3906574 3909226 3794281
3854393 3742509 3765277 3761717
3757685 3861456 3836517 3895092
4059599 3767483 3851529 3972663
3873523 4023249 3904219 4053510
4016097 3810724 3944156 4005202
3804955 3947808 3780553 3930883
3914178 3742996 3836886 3900097
3723734 3948725 3757334 3994726
3902609 3617833 3761502 3859196
3852027 3881001 3945329 3851435
3739809 3836005 3796253 3872192
3975521 3832462 4002430 3865569
3785878 3920430 3879601 3935923
3848620 3837347 3950594 3819484
3829492 3840584 3782702 3846542
3815369 3772465 3857049 3765884
3818716 3756657 3820727 3845684
3780526 3920651 3882111 3793043
3948102 3934207 3930179 3794670
3860736 3987032 3907605 3872860
4059089 4035866 4049136 3864260
3756791 3868749 3878987 3847608
3884383 3849131 3926268 3763765
3721364 3900280 3853798 3757744
3943824 3935420 3807144 3778280
3873774 3965446 3863143 3810884
3914634 3624767 3870445 3780351
3847884 3891442 3855389 3784336
3821753 3710420 3741444 3791755
3871617 3980255 3976463 3885059
3868698 3803559 3791849 3820722
3965046 4086238 3931466 3892639
3918937 3875888 3921116 4000816
3909506 3677753 3780802 3916437
3712007 3920611 3763946 3729693
3939148 3685538 3724633 3813309
3712115 3844702 3805924 3733055
3970358 3773652 3783987 3893269
3790087 3890626 3803925 3767992
4020212 3849178 3858157 3964967
3935247 4012958 3879501 3888526
3878033 3844473 3786597 3797627
3797278 3666051 3757554 3675461
3832993 3829396 3838273 3782777
3747751 3679347 3765176 3762992
3847584 3892854 3886957 3792583
3733242 3705257 3925100 3753489
4060956 4091449 3938723 3876026
3882568 3854053 3903700 3881320
3672039 3849967 3813882 3906876
3933149 3709578 3810831 3924847
3716156 3837843 3716680 3879891
3889356 3674983 3837179 3799818
3725398 3925362 3779843 3952065
3936546 3679445 3877084 3905471
3857694 4075836 3835485 4020249
4003548 3886688 3865477 4025496
3810995 3772036 3910489 3735126
3682627 3768630 3863879 3789517
3762997 3783095 3857251 3654688
3693336 3747431 3810042 3792226
3812556 3817350 3966099 3674955
3787833 3759873 3809569 3810266
3928466 3959346 4051852 3916270
3953358 3900542 3862734 3889626
3687521 3857328 3865244 3786314
3909204 3921269 3850338 3804824
3745808 3839792 3740715 3661529
3865037 3908936 3824510 3738479
3780988 3823589 3839127 3773010
3873118 3897756 3949304 3694337
3787349 4076022 3925764 3891069
4000213 3988521 3993099 3868443
3742833 3914498 3827058 3755025
3834552 3740881 3740177 3857282
4022641 4098177 3953118 3977751
3979594 3829434 3954348 3940622
3859279 4008326 3898852 3870391
3826785 3780848 3802418 3958606
3918404 3999941 3906686 3864421
3904592 3798823 3873247 3882875
3881039 3671097 3767343 3860589
3731914 3787807 3768190 3730747
3920191 3909775 3877170 3952619
3897045 4069276 3945033 3809230
3984343 3787316 3785399 3887863
3829994 3997525 3828361 3727877
3961464 3755633 3870750 4025583
3918700 3922351 3808177 3808072
3837104 3887506 3827794 3797060
3820280 3710651 3838387 3666964
3930325 4053579 4022472 3863135
3864870 3826599 3904316 3838816
3891500 3952154 3912349 3827172
3754627 3652316 3786936 3741024
3922553 4014807 3980190 3869739
3785370 3814760 3865577 3769866
3652988 3952893 3778624 3860222
3932267 3714545 3814079 3859646
3830819 3960026 3942497 4073230
3948830 3788826 3915337 4067396
3812437 3952511 3841835 3972664
3959510 3708316 3862421 3998819
3747145 4065483 3926961 3995022
4040238 3751055 3891301 3980970
3843741 3777296 3799631 3692533
3777195 3671747 3759167 3773655
3846861 3872157 4044852 3848218
3801638 3844413 3904759 3837905
3835308 3829773 3842090 3792273
3780137 3924897 3904376 3838968
3917628 3868254 4007773 3750346
3816002 3893348 3926607 3910748
3728327 3853779 3748989 3691698
3797094 3880418 3892922 3691148
3824110 3981466 3998084 3861255
3955668 4026443 3990308 3884638
3747193 3856241 3861903 3765360
3875496 3926540 3925628 3800963
3817851 3920704 3880562 3876748
3913651 3970418 3984170 3902029
3858539 3969957 3881166 3831493
3955314 3723872 3739698 3791631
4003461 4068717 3956301 3942757
4021224 3887837 3862320 3914422
3935528 4001593 3986017 3901528
4031644 3918926 3833255 3981366
4049060 4083203 4051660 3996493
3973075 3849499 3861839 3999887
3965801 3742335 3776354 3945892
3803958 3881489 3816669 3796506
3993840 3842294 3777400 4030409
3941442 4040016 3779117 3831822
4059532 3813114 3837135 3883396
3818134 4057416 3906896 3870540
4085419 3904493 3890868 3981500
3994632 4021527 3884787 3921068
3885220 3947733 3869398 3852570
3788836 3728500 3757521 3721209
3919383 3987280 3953669 3892461
3828848 3747747 3907437 3834271
4044667 4012936 3885584 3894007
3796962 3883896 3972911 3857718
3995674 3943461 4049845 3924469
3916593 3901452 3895342 3910505
3633338 3900364 3826040 3880694
3942345 3717708 3863630 3901108
3811900 3998682 3819394 3979919
4032204 3808262 3909747 3981681
3732876 4014547 3797347 3975941
4030832 3726881 3926870 3962655
3951686 4076762 3952154 4070558
4115226 3816642 3916966 4076848
3853944 3864464 3856033 3738909
3735073 3830178 3845708 3771991
3823364 3900975 3906091 3827117
3799065 3933988 3942740 3882785
3884246 3876930 3976801 3855082
3919008 3740092 3883535 3905973
3910000 3929924 4057767 3906624
3874177 3881033 3940809 3972503
3753309 3796334 3878040 3727935
3889598 3901590 3871495 3707551
3840995 4014859 3923856 3863932
4004517 4014351 4008540 3869851
3791673 3942135 3959129 3853387
4009039 3978046 3919139 3833290
3842899 4019523 3908615 3952513
3995270 4008628 4047214 3900841
3971490 4031772 3961079 3864830
3919228 3856864 3735652 3905872
3923297 4083906 3924251 3903178
3875748 3812347 3889992 3889267
3928658 4039736 3950590 3955335
3944609 3926870 3877913 3921241
3879207 3923420 3800542 3777280
3814614 3744142 3773952 3888266
3984202 3767648 3842431 3906759
3866272 4001712 3796055 3844061
3918673 3799980 3865931 3863342
3772200 3938265 3825499 3818083
4001355 3771552 3844034 3881544
3934262 3914706 3941672 3903939
3981621 3760245 3767363 3813952
3771921 3861203 3759745 3775043
3971424 3943675 3996648 3867760
3939296 3772866 3785847 3815845
3952296 3961477 4062259 3824275
3847288 3765180 3861700 3810638
3947463 3998673 3951628 3907999
3937275 3967749 3872693 3839357
3839619 3934874 3884677 3754290
3709589 3679828 3866567 3666281
3781915 3912489 3888285 3929331
3943258 3738572 3817316 3992768
3755943 3950252 3890830 3922053
4013487 3713569 3860975 3901331
3887435 4032101 3838697 3980439
3991571 3753500 3919805 3935954
3694668 3963378 3759445 3927895
3837922 3752206 3830987 3873288
3812972 3924814 3941933 3777825
3783646 3818706 3782212 3919784
3865264 3910908 3883512 3886011
3826221 3809593 3864369 3887586
3889748 3925608 3937237 3880105
3816007 3925938 3863611 3952103
3779100 3868697 3864624 3706502
3737008 3777672 3756725 3778749
3760718 3976193 3947294 3801139
3961076 3900418 3895411 3833953
3767695 3897116 3928870 3837789
3904371 3929324 3902372 3824399
3878931 3955351 4013704 3885136
4020572 3939167 3952421 3900063
3704590 3827046 3836888 3839686
3812598 3890661 3783435 3708573
3984416 4037022 3938681 3859638
3948476 3744840 3972345 3937015
3919625 3962024 3866412 3820148
3877980 3790613 3858290 3880908
3898628 4053088 3922670 3970631
3899639 3784313 3809709 3893828
3893356 4102814 3926608 3843651
3869340 3837588 3802301 3953439
3906148 3774681 3909364 3914467
3835184 3960747 3936812 3823236
3971024 3766320 3754950 3805464
3739511 3917341 3751771 3709726
3961597 3819638 3861097 3870683
3880012 3969914 3889089 3861415
4030956 3764113 3857594 3934469
3838864 3956162 3881653 3826461
3907497 4030197 3857647 3875266
3837214 3816671 3959003 3761645
3897946 3944511 3899262 3741969
3776473 3773451 3761311 3767153
3925013 3961061 3975545 3893597
3750604 3810673 3844257 3860616
3959363 3963643 3875453 3940797
3908963 3730520 3908717 3871869
3805837 3981679 3834822 4085185
3975714 3745990 3963182 3957174
3730110 4037938 3742608 3916384
3895943 3694162 3888322 3914597
3844072 3977018 3792485 3943346
3953558 3668109 3869905 4009211
3791785 3963845 3836267 3984634
4007521 3742814 3870711 3949484
3919512 3892839 3956047 3872083
3799196 3889124 3886073 3891526
3870473 3844468 3852748 3722941
3802814 3837285 3821629 3800956
3835787 3948213 3929162 3840764
3796798 3851830 3829060 3887039
3908060 3885906 4044904 3801886
3790943 3880538 3869336 3880631
3769034 4013279 3816522 3758370
3955413 3955079 3988857 3819800
3785450 3880637 3897197 3803171
3911195 3961936 3846255 3789420
3808507 3881852 3912547 3789578
3956062 3984811 3920720 3880829
3935069 3925023 3876515 3846631
3915290 3979229 4018795 3858616
3904026 3764260 3786040 3842374
3738173 3774343 3663543 3887155
3933622 3783722 3952064 3895515
3860936 3919867 3755042 3879561
3939856 3745221 3852713 3786461
3722054 3830603 3795717 3820363
4056876 3998156 3924198 4003653
3951796 3959841 3901702 4037831
3845682 3697470 3725458 3794281
3695931 3732603 3635468 3795351
3915033 3872095 3889461 3885117
3802449 3734628 3720816 3852643
3821996 3696572 3699073 3847677
3711471 3783852 3718174 3765812
3995297 3911653 3961813 4033541
3893353 3920567 3784600 3958319
3741223 3855726 3624672 3981418
3741144 3670399 3619608 3755480
3930073 3947807 3793596 4019928
3827430 3829899 3756004 3955781
3771946 3896779 3654035 4078143
3767998 3750116 3693972 3742016
3985039 4064562 3744975 4181840
3874938 3922519 3899862 4017516
3787754 3712593 3733839 3733458
3799881 3777739 3843955 3779361
3846891 3932439 3852657 3838661
3922729 3819997 3903157 3903052
3721386 3811182 3642210 3887865
3742697 3779222 3922990 3723476
3882740 3943949 3801745 3987394
3967139 3918358 3986408 3908529
3768784 3592373 3749703 3641646
3750707 3789476 3800624 3636418
3844553 3791578 3915073 3807640
3868099 3855137 3827198 3806687
3851028 3588164 3831476 3711910
3755491 3756819 3808248 3711794
3927842 3862543 4115900 3794898
3902324 3869617 3910666 3834655
3790199 3680271 3772596 3845365
3778312 3906773 3948638 3694490
3916729 3791103 3821015 3911580
3914115 3971547 4002821 3899719
3821290 3690700 3875030 3924870
3769593 3983973 3965652 3752549
3853337 3934371 3974729 3991797
3986428 4109497 4106429 3988792
3966054 3830637 3863357 3876897
3837909 3820175 3825343 4021413
3861193 3763707 3829605 3863349
3775058 3836060 3789735 3938395
3994835 3827847 3954201 3853808
3831013 3898109 3770737 4023726
3906789 3843998 3900632 3905934
3950465 3875638 3795619 3941633
3867981 3859011 3881066 3856441
3776063 3812331 3757270 3840781
3820864 3798149 3787654 3943811
3719503 3830868 3759338 3820748
3939909 3853802 3882642 3980370
3879171 3907835 3701718 3950087
3973147 3870700 3886224 3893466
3807649 3774006 3749976 3811682
3844099 3981071 3733570 3918067
3858141 3874184 3778240 3900273
3816645 3933447 3766961 4040284
3797208 3851012 3756381 3888808
3889282 3983447 3686683 4056228
3919223 3844381 3819751 3841477
3852438 3961791 3760608 3942154
3771311 3873070 3854687 3763332
3821708 3872754 3836394 3895320
3869938 3921010 3938334 3948707
3793210 3921600 3856330 3864660
3803930 3874720 3911678 3837151
3774724 3924596 3802659 3883015
3870085 3927877 3981214 3825557
3820039 3893816 3817266 3901253
3857052 3855169 4019115 3861286
3828000 3787525 3859888 3898369
3930119 3862566 3865204 3785740
3833560 3711377 3860946 3792958
3837667 3711460 3877981 3713164
3846445 3751233 3941572 3813846
3939549 3784040 3886755 3842200
3833816 3695728 3872164 3815891
3912865 3764232 3821774 3892972
3898202 3807306 3908010 3915885
3900421 3986723 4039120 3892763
3873176 3762259 3937858 3928797
3895536 4055150 3855248 3853840
3854817 3879868 3939990 3955973
3948416 4107446 3929593 3964713
3850259 3875840 3923200 3946151
3813778 4023987 4033232 3901863
4004023 3851910 3915107 3863593
3940345 3886201 3796537 4004612
4097354 3929118 4069460 4013111
3968459 4034340 3910508 4132458
3833886 3730187 3940131 3756524
3811477 3829708 3703445 3841321
4079515 3975891 3942382 3984497
3953814 4065173 3960534 3999708
3916604 3800144 3855248 4000718
3831368 3849370 3719089 3875662
4097227 3952105 3872713 4080281
4005845 3953143 3814630 3989775
3893089 3705573 3814676 3928474
3770801 3756735 3688254 3881989
4011221 3910023 3889922 4001801
3888993 3863714 3778025 4051406
3807983 3992845 3694168 4017772
3840805 3860213 3720482 3877677
3910690 4150124 3775435 4171323
3986980 3930845 3858090 3983403
3755275 3903337 3668794 4074139
3783678 3714701 3697113 3757933
3853429 4041813 3751758 4191766
3932800 3976260 3910483 3997402
3836000 3919583 3853147 3787752
3822143 3871111 3942277 3920134
3956353 4032359 3955858 4043445
3963549 4033378 4144499 3978595
3749862 3798388 3787384 3814457
3770194 3748622 3850059 3828431
4008566 3944998 3907538 3980559
3950313 3987694 4137636 3954414
3845851 3701386 3926835 3853989
3806735 3867633 3837988 3896209
3976833 3884681 4021760 3949233
3980292 3945598 3953001 3961664
3794483 3644163 3917638 3695922
3814538 3878622 3843125 3725495
3891744 3770385 3987782 3949953
3979280 3991511 4001227 3936000
3870267 3881166 3924922 3985495
3771257 4026584 3998775 3924488
3967103 3864160 4098235 4013546
4012124 4135930 4122936 4062413
3846907 3681677 3825808 3778255
3811827 3963675 3842409 3803465
3972691 3940671 4053746 4043522
3983168 4117212 4102199 3972626
3938134 3861196 3970834 3822497
3871831 3929998 3811172 3978867
3904398 3781445 3860595 3884840
3851816 3918662 3775199 3976115
3999028 3947198 3945426 3994629
3966479 3892046 3863232 3990267
3945404 3860594 3891727 3935500
3936395 3946648 3794402 4033429
3895850 3764987 3825727 3945883
3869137 3856729 3822248 3933782
3923492 3776261 3859667 3903752
3771054 3804108 3642104 3788541
3971073 3890912 3944042 3955776
3875246 3976074 3812262 3953358
4027537 3894654 3855760 4031772
3962594 3825130 3792940 3860451
3844208 3947652 3694241 4059762
3936221 3799355 3756021 3917136
3864260 3878572 3717837 4002359
3725254 3840007 3691937 3787125
3954938 3991334 3758321 4156525
3896992 3811842 3872536 3988821
3844331 3943506 3755015 4190190
3862410 3941915 3752285 3903594
3821740 3896796 3813516 3899824
3871048 3886734 3962399 3864204
3774229 3769292 3823648 3800540
3833938 3768439 3892905 3853496
3900905 3938436 3872837 3928148
4019956 3885228 4084706 3973576
3843771 3852379 3913560 3904817
3899064 3885041 4043442 3929563
3897710 3750870 3862591 3871269
3919167 3745349 3836852 3852188
3861581 3670628 3912085 3773237
3830933 3764630 3857305 3783424
3931725 3780927 3984271 3949006
3988271 3898541 3937817 3970014
3841547 3776941 3891802 3927920
3824185 3837207 3889819 3788221
3907909 3785099 3938787 3899906
3925048 3912973 4027644 3913354
3931697 3750227 3919520 3825042
3811074 4016620 3954044 3850710
4016140 3847186 3974044 4037573
3897334 4108496 4113633 4016572
3954373 3843383 3922630 3932135
3853115 4090919 4005318 3890473
3928607 3859397 3888751 3931016
3846048 3912567 3741595 3958464
3982031 3914453 3896562 3941311
3884523 3930971 3824018 3915371
3913085 3742759 3803305 3823280
3787276 3770386 3680612 3880295
3850280 3858592 3836322 3830651
3865949 3870794 3783216 3836149
3938706 3856362 3826155 3920963
3875908 3840209 3711346 3862298
3911855 3843700 3825485 3929711
3877947 3861069 3691294 3948081
3854988 3724448 3713888 3826661
3696055 3726221 3645922 3818866
3785628 3703090 3739391 3869468
3736914 3669889 3728481 3675136
3853422 3973409 3749757 4037924
3787722 3837781 3746628 3855185
3844854 3987053 3713452 4044606
3853754 3792029 3741763 3838462
3771270 3899964 3707611 3959748
3801607 3763984 3603153 3663373
3814093 3830567 3654931 4061895
3794875 3768549 3700210 3866424
3803855 3817604 3774434 3854438
3825033 3895796 3989719 3831200
3787809 3962054 3881793 3923373
3827393 3888904 3966167 3906799
3736137 3804857 3671314 3778655
3716373 3734914 3864818 3792678
3813589 3752180 3810699 3708984
3769687 3850518 3901710 3774607
3784020 3651979 3893204 3791482
3838941 3851464 3864292 3753247
3859945 3755188 3869593 3822179
3961544 3864709 3951116 3843565
3696350 3683772 3733015 3761116
3781258 3733747 3694599 3735446
3767101 3617305 3866455 3780860
3687603 3720880 3737801 3674658
3882570 3789132 3911850 3918922
3832687 4062776 3961857 3859639
3906428 3815796 3947652 3877007
3889587 4017166 3985549 3886784
3746571 3706000 3872876 3813855
3817400 3893163 3906488 3814505
3787515 3740996 3811685 3876299
3798551 3953301 3937367 3727167
4003801 3872899 3900674 3862586
3876847 3951342 3797938 3990098
3923252 3852034 3882696 3829772
3828313 3903558 3790811 3880069
4036632 3889589 4092999 3999620
3954640 3968346 3864306 3994215
3894734 3829475 3878069 3851140
3853038 3845387 3786606 3978013
3977414 3718637 3833763 3928910
3902162 3831631 3728265 3892418
3883838 3783532 3853219 3870279
3825252 3847102 3695619 3889333
4008429 3839723 3856602 3971033
3935037 3908107 3843827 3974214
3945287 3813534 3835941 3944129
3862292 3860460 3748487 3848983
3897123 4006208 3787017 4179462
3845861 3789480 3786355 3920385
3883593 3913762 3684459 4010465
3811000 3807068 3691297 3859695
3913176 4035934 3700761 4173775
3875123 3904279 3869695 3970469
3853124 3942178 3790886 4056277
3911238 3848657 3838578 3860276
3853254 3866913 3877992 3913877
3895763 3781898 3981570 3934924
3762602 3845738 3797306 3836808
3806226 3782286 3982550 3892664
3890175 3968374 3959336 3892362
3965632 4043105 4146081 3897886
3828587 3913773 3862287 3870037
3859978 3908493 4035386 3828609
3862470 3732012 3991660 3912353
3964944 3968132 3976208 3883475
3796392 3668978 3948230 3743524
3817683 3827080 3875476 3751790
3947661 3811576 3990743 3901178
3975773 3907866 3876985 3819867
3802674 3759254 3967276 3851799
3831498 3894688 3874570 3798895
3947738 3856670 3916998 3882683
3904793 4067942 4065750 3919792
3873423 3834559 3874355 3879750
3872226 3914481 3971254 3940015
3943300 3765884 3920993 3987108
3949690 4151918 4131081 3973168
3871717 3868888 3979425 3950866
3916392 3990886 3993996 3915108
3897375 3785038 3787606 3794179
3758786 3890061 3727575 3873307
3915038 3922985 3865385 3824084
3826927 3859546 3784016 3936563
3965374 3891008 3954844 3855122
3889549 3948857 3783066 3990556
3967301 3913483 3946664 3905105
3875476 4036564 3923792 3989024
3929593 3748887 3825266 3947381
3774915 3875798 3670395 3774140
3874875 3846323 3887313 3934082
3831403 3824281 3687658 3867370
3959523 3885426 3871797 4006688
3812686 3848517 3808463 3878919
3974799 3855706 3884722 3962162
3919239 3904106 3782845 3902328
3806899 3830894 3685690 4010995
3838999 3886511 3758652 3812121
3844750 3886019 3658854 4033223
3863946 3763250 3699636 3841289
3847440 4033387 3763901 4012994
3843117 3803438 3829844 3926246
3867343 4045133 3881441 4071766
3872787 3896393 3867616 3937890
3746088 3816215 3740986 3857595
3823952 3817484 3907813 3802226
3730401 3820133 3748132 3833359
3828318 3855187 3904468 3828851
3932327 3949189 3836484 3859785
3876261 3843925 4072117 3861477
3835624 3961908 3884920 3918392
4014886 3948078 4023913 3997028
3787536 3743649 3785728 3742702
3796614 3780116 3862545 3683008
3848817 3729298 3893687 3720979
3840017 3790796 3855000 3735300
3947113 3783663 3928079 3884643
3981635 3864369 3897328 3863591
3859437 3812950 3947662 3858604
3966251 3974364 3953503 3838661
3789976 3711608 3959888 3846614
3852323 3870115 3951746 3818005
3858874 3817777 3952736 3882955
3848741 4005975 3973083 3876786
3943363 3893326 3950609 3876886
3948416 4008558 3978269 3906029
3966829 3890347 3952433 3946185
3952003 3982730 4095201 3940611
3959304 3838820 3875419 3904672
3869357 3878425 3793153 3932160
3826244 3759104 3848341 3826837
3778247 3865430 3682119 3901469
3963156 3850994 3936283 3908929
3943548 3851312 3782083 3871839
4070725 3875286 3934556 3879765
3812276 3861126 3837273 3926810
3927038 3857624 3789346 3990250
3814565 3792359 3683560 3889522
3809113 3691311 3749970 3890102
3791337 3801724 3591801 3764264
3975886 3817994 3829943 4031513
3860028 3811602 3821518 3855606
3960742 3847590 3836983 3919261
3827296 3766172 3750528 3930584
3809752 4020152 3695678 4053624
3914977 3854441 3793362 3859364
3859415 3867260 3687207 3938770
3745538 3789271 3691840 3836005
3872520 4028764 3816909 4077014
3758881 3865341 3788847 3916861
3861006 4006364 3644198 4143271
3915406 3853031 3864306 3904715
3783090 3952317 3854808 3879116
3845254 3849220 3981030 3814321
3712177 3697909 3726637 3745163
3699705 3803112 3927960 3723487
3789623 3888804 3819117 3847389
3904715 3874566 4037494 3917976
3822452 3906313 3857369 3930592
3937700 3904005 3943492 3967153
3852385 3777494 3894074 3819566
3897609 3790725 3832544 3825736
3796102 3655701 3799940 3737335
3815963 3753318 3807143 3720686
3853056 3756469 3913908 3909376
3901974 3896896 3858370 3784885
3891412 3794855 3982274 3910003
3950956 3860332 3867213 3900219
3912829 3823304 3929586 3906598
3833530 3998186 4037411 3857527
3770544 3735306 3871788 3803127
3788351 3904455 3907683 3749562
3924207 3837534 3908906 3967061
3863285 4060935 4041082 3907671
3955431 3875980 3944782 3965883
3857557 4060495 4025606 3889131
4143433 3911922 4103651 3966609
3998589 4083233 3910199 3991081
3896149 3794583 3802109 3731995
3696650 3808063 3716097 3872911
3968518 3919254 3994941 3927765
3906342 3906855 3816867 3892057
3941280 3710995 3860655 3749516
3738631 3776902 3660156 3850546
4084202 3985835 3994046 4106640
3941530 4008326 3876082 4081656
3862470 3709529 3801272 3838234
3692188 3731730 3718333 3756537
3923547 3772467 3877322 4050155
3912543 4011657 3820035 3865532
3805597 3772605 3769034 3823063
3708615 3719069 3653446 3823239
3981552 4084489 3838379 4212217
3994410 4029428 3787229 3968522
3746531 3857975 3642520 3929584
3740536 3735924 3709110 3830650
3970021 4039739 3734762 4086004
3926215 3849948 3795863 3879768
3766445 3870769 3649961 3885314
3749765 3676793 3695944 3784488
4072261 4037269 3961197 3949912
4036224 4034287 4068046 4033996
3741432 3905489 3761064 3718916
3817532 3743571 3833697 3801620
3867903 4001168 3886869 3926325
3912543 3915526 4008532 3895785
3729119 3836429 3632010 3762950
3787750 3806347 3888812 3737985
4039220 3885565 3977296 3940598
4017823 3963762 4064631 3928242
3765981 3675917 3874911 3745854
3776614 3717281 3755086 3749583
3909391 3760153 3948333 3800734
3918275 3835071 3913874 3868383
3779712 3700505 3761774 3774233
3835617 3771635 3852278 3788516
4053291 3902466 4011028 4065582
4016448 4219740 4155095 4066849
3796796 3766827 3719239 3786585
3798112 3910900 3879423 3787662
3923009 3889928 3885406 3899857
3907829 4026992 3989108 3974891
3728615 3704172 3806042 3780796
3703492 3881395 3916621 3870594
3905668 3837871 3912784 3840563
3877599 3867811 3767459 3858671
3927786 3829902 3939458 3829986
3866584 3818506 3784689 3991955
3990834 3934399 4013249 3949134
3943049 3963443 3876321 4041890
3998293 3966701 3982144 3914831
3893634 3986765 3820738 4036785
3927451 3797578 3804293 3907680
3901275 3837397 3674441 3844688
3978442 3777413 3833524 3844259
3822330 3794135 3693121 3807607
4062229 3955154 3916102 3998650
3972187 3857373 3809227 3954833
4033241 3871613 3891060 4006572
3853087 3933625 3774782 3945974
3794175 4042279 3706790 4043384
3825960 3892657 3755356 3843703
3841471 3934633 3693310 4037150
3809017 3801815 3784264 3926139
3973551 4082866 3792657 4154866
3890040 3924476 3817992 3953338
3889436 4016447 3812002 4113830
3870057 3865058 3799441 3904895
3865717 3753955 3838386 3839188
3853506 3868356 4008447 3835198
3835704 3881726 3800825 3864413
3930203 3827598 3877961 3866603
3895078 3982691 3932682 3936655
3969693 3875112 4112058 3973622
3833497 3967684 3882410 3921079
3788952 3943118 4046863 3887890
3866834 3706919 3864852 3782787
3856193 3799572 3817476 3768823
3792264 3674844 3866952 3832657
3918520 3721481 3890849 3721252
3970548 3800871 3950608 3887815
3892297 3951722 3975210 3819960
3835932 3793028 3922634 3848486
3953753 3925432 3805663 3808706
3931963 3785452 3915115 3872874
3821766 3986926 3969664 3854781
3845364 3797449 3887896 3915878
3883700 3991251 3951809 3938611
4025095 3848848 3970842 4027139
3886296 4049118 4127041 3939095
3867065 3891956 3937329 3977072
3856387 4037241 3966038 3954265
3867210 3808460 3896691 3867839
3808693 3912684 3751960 3933674
4057694 3829891 3995571 3932844
3912623 3853847 3822672 3944880
4021466 3920569 4037136 3854116
3821368 4012830 3826752 4020548
3789282 3713526 3775055 3807048
3701062 3727019 3626438 3823342
3871821 3758818 3749871 3855260
3758366 3751821 3669337 3770245
4021735 3873273 3946287 3988736
3888711 3838677 3810571 3904051
4019930 3895874 3919653 3974498
3903105 3944690 3764120 3911563
3784282 3663278 3693803 3808755
3707712 3753877 3480288 3785164
3841722 3943618 3687682 3989265
3886309 3777966 3747348 3816977
3833780 4024873 3740464 4073717
3944700 3903226 3863694 3931978
3922575 4032880 3768558 4118372
3965794 3880269 3792142 3898827
3700294 3902879 3633633 3909571
3689931 3741175 3719252 3755401
3793380 3783443 3769428 3866548
3815811 3854819 3940909 3775999
3893347 3966115 3833951 4039166
3885293 3986206 4010645 3929062
3962965 3915530 3875844 3916066
3885457 3881939 4064484 3978534
3690061 3797297 3700995 3728149
3742704 3727014 3764172 3732703
3802789 3673883 3801451 3773374
3882696 3791143 3748734 3712039
3890958 3776625 3957365 3857734
3892253 3893821 3925612 3860663
3966488 3751123 4025397 3843218
3988848 3896362 3947950 3811191
3721698 3646865 3799768 3677522
3810689 3739866 3765033 3694165
3841782 3775134 3872323 3848255
3836417 3916745 3936950 3828852
3888235 3854825 4002420 3884284
3926328 4025084 4050044 3975235
3985185 3924216 3939977 4002856
3880100 4050960 4094523 3997401
3810541 3640774 3807282 3736200
3757945 3882649 3865358 3689622
4087936 3915732 4013011 3923497
3937568 3986789 3814531 4011093
3930763 3738685 3823819 3851005
3809187 3820301 3735260 3791658
4036676 3905446 3871181 3901991
3831145 3932175 3698734 3942987
4017767 3910654 3951458 3886165
3870201 3951858 3799272 3957200
4016295 3840539 4016249 3980997
3909426 3973111 3790342 3953882
3839102 3789131 3843483 3867604
3750630 3709267 3748993 3791248
3928820 3796599 3877435 3881099
3906332 3880607 3635647 3981191
3893368 3799580 3809980 4002441
3851385 3809199 3760272 3787310
3984233 4026992 3818324 4185766
3986104 3863626 3805268 3937413
3797469 3984729 3693253 4030667
3801082 3793070 3800915 3856907
3842071 4073884 3693325 4005388
3806558 3803787 3735079 3842332
3911912 4056708 3769967 4051877
3898084 3866067 3759096 3968849
3933530 3899320 3875796 3943062
3831109 3856711 3994235 3954707
3757763 3821630 3756112 3779622
3751621 3765800 3857580 3743780
3873428 3806865 3851993 3874093
3865236 3872010 3969239 3836766
3824936 3912388 3846611 3918056
3905528 3834511 3975728 3901184
3923104 3744379 3937923 3870167
3882420 3946142 3936428 3863931
3829078 3679799 3854227 3794792
3905928 3753783 3778695 3704537
3837817 3672486 3859992 3764957
3850377 3822971 3832976 3722282
3891213 3700031 3911868 3841624
3951090 3905530 3851623 3790398
3921028 3832266 3976135 4005571
3870128 4033257 4064055 3954152
3780389 3893560 3887959 3914742
3851335 3952110 3956523 3870913
3892896 3833747 3899967 3852283
3851948 4022496 3959581 3900638
3912832 3947253 3955505 3972812
3900636 4005412 4029845 3981722
3842883 4029819 3907081 3826210
4148898 4036635 4046523 3907712
3742578 3857165 3884065 3672741
4027480 3904970 4095254 3929007
3871025 4016221 3952895 3775303
4072547 3973689 4130828 3993395
3783499 3942370 3909714 3668850
3996337 3977832 4015594 3918983
3996381 3827162 3944382 3853419
3876815 3997444 3836562 3954432
3940559 3865307 3899058 3863582
3871308 3942066 3781844 3932433
3984760 3906030 3895324 3902301
3862576 3912746 3872611 4001617
3998737 3785990 3837414 3834003
3805123 3955588 3861401 3881031
4061818 3914147 3936041 3976899
3876862 4059580 3945948 3831204
3921961 3890002 3925006 3939307
3811259 3929258 3907028 3764530
3942591 3946971 3851626 3999082
3888450 3971304 3888261 3937937
3907488 3893498 3856510 3842536
3920982 3966971 3915268 3890208
4019904 3931658 3876518 3864034
3943534 3948411 4011751 3990378
3969023 3924201 3798567 3810508
3836914 3893119 3861176 3969295
4055008 3967098 3896389 3868910
3863861 4001778 3953118 4003465
3955949 3930424 3787952 3786408
3879391 3839282 3903348 3951501
3971380 4004896 3927085 3927741
3937469 3955664 3906989 3915860
3863715 3960957 3881655 3909615
3814954 3762419 3821858 3836575
3966640 4117370 3945749 4002510
3862682 3874358 3924961 3928484
3849647 3916192 3800224 3860726
3816166 3842136 3837724 3890588
3951651 3964194 3811330 4010357
3923182 4124843 3947601 4027738
3942435 3804670 3752478 3931231
3854070 4006660 3827560 3926455
4099909 3991769 3895632 3917965
3856542 4048089 3915596 3983596
3986551 3896302 3748660 3855016
3851074 4007247 3868464 3975534
3724587 3847529 3809391 3700784
4041021 3913798 3964643 3801016
3665739 3772362 3798120 3573128
3936977 3810930 3942339 3777815
3742692 3790577 3843190 3606786
3962298 3908444 3991840 3870778
3766518 3959267 3866175 3675273
4039114 3984240 4046855 3929451
3981095 3746556 3876681 3804713
3801090 3927095 3772769 3836814
3772289 3665643 3711283 3712115
3746210 3855401 3685370 3808014
3899102 3704381 3836354 3751134
3748735 3831524 3723543 3827504
3986523 3897823 3864833 3858152
3798357 3937698 3712331 3866460
3892483 3797648 3798567 3841287
3721439 3959515 3893386 3835345
3768309 3778822 3684729 3749590
3676002 3749547 3789488 3686385
3800718 3809406 3809698 3795821
3709759 3866027 3856593 3759721
3944860 3872915 3868480 3912240
3785370 3936596 3883892 3839312
4012325 3818602 3786472 3836615
3823401 3858821 3908652 4008892
3843331 3748933 3701735 3732876
3742005 3764678 3758346 3825783
3951722 3784737 3817528 3742022
3747476 3879177 3843651 3911639
4009405 3805261 3730314 3850814
3841689 3870407 3872938 3950552
3840142 3933697 3750654 3849150
3859816 3777318 3829974 3792138
3719732 3824239 3779900 3760505
3724128 3697771 3690498 3678824
3821582 3948183 3714581 3850438
3761102 3796998 3684397 3751782
3845357 3976705 3850832 3836967
3784078 3854037 3807885 3849774
3926209 3852633 3805631 3883356
3812887 4002498 3786481 4019939
3794711 3784945 3630538 3738397
3684149 3855610 3698596 3798231
3923444 3846096 3832707 3838147
3711501 3905613 3777489 3854324
3882491 3871633 3746153 3840492
3778956 3966441 3805762 3939494
3732707 3824465 3831466 3689105
4017589 3900563 3928145 3824340
3823116 3908424 3932170 3771210
4071138 4013043 4061813 3944513
3600141 3860934 3814953 3587930
3863470 3766895 3951943 3734762
3883167 4019841 4023919 3819748
4120402 4041471 4139313 4011090
3922867 3757972 3845741 3749099
3795125 3873664 3727535 3829193
4084582 3890745 3812787 3927438
3881320 4056667 3819675 4040086
3783720 3739390 3725442 3703006
3770081 3797451 3650976 3828467
4012344 3932400 3944489 3973442
3912826 4000081 3976487 4082717
3926750 3893138 3840568 3842048
3734839 3931020 3898212 3823613
3966116 3969321 3937426 3923211
3853822 4046366 3951791 3914794
3856629 3775651 3764906 3713857
3704875 3897332 3755168 3799915
4086603 3994161 3998569 4003730
3913244 4135171 4012366 3896193
3950910 3850637 3751064 3857081
3877396 3797500 3843966 3864455
4049549 3996497 3835205 3950885
3858640 3786679 3993079 3958719
3892852 3703632 3700897 3718206
3687488 3825917 3817306 3782212
4062509 3957109 3841852 4016225
4018526 3989593 4042669 4021968
3874004 3963256 3745670 3865005
3813677 3800788 3886538 3799412
3957591 3949439 3888244 3914953
3864669 3925602 4001966 3835717
3698747 3860547 3801493 3820360
3735146 3686849 3719810 3810050
3980592 4063201 3952416 4010466
3968800 3984818 4000544 4019145
3906174 3842932 3746946 3828124
3714662 3967800 3816606 3913192
4015626 3974504 3824964 3951911
3756370 4023602 3946874 3977549
3740619 3742209 3617218 3718424
3661262 3841105 3686364 3792885
4038685 3979731 3903735 3960450
3996719 4090647 3967428 4122367
3736102 3850527 3748610 3695929
3993760 3855291 3974295 3919310
3791067 3902987 3924204 3771997
3973482 3987282 3967738 3915490
3654743 3764937 3747721 3670456
3953240 3889720 3869313 3800972
3719261 3828088 3917914 3787996
4097470 3933861 4014743 3880262
3953604 3768822 3810214 3725054
3867642 3802888 3639137 3772953
3998442 3783196 3808403 3878737
3844830 3964778 3791587 3917403
3803504 3734842 3855174 3798048
3764131 3852723 3621664 3807511
3981919 3867971 3855892 3894338
3900837 3946048 3823055 3919222
3793516 3729461 3769032 3850827
3655938 3765852 3818988 3717157
3973397 3823471 3865105 3870389
3783274 3948171 3905662 3789725
3850342 3858564 3736827 3746678
3637580 3815883 3801327 3757930
3962248 3926880 3887301 3958540
3742354 3983089 3929208 3891689
3914520 3797822 3688104 3659559
3841830 3801071 3827863 3858373
4003343 3857636 3869731 3874495
3945064 3841245 3963550 3988538
3927182 3758179 3726241 3705351
3739373 3773755 3804838 3869555
3954041 3841971 3749422 3775135
3895464 3931762 3928121 3983026
3777788 3844943 3814215 3692833
3729071 3753436 3841720 3744598
3897016 3988911 3858730 3911011
3822786 3812670 3853274 3956970
3872801 3889000 3781898 3806172
3738016 3754480 3805862 3821509
3934242 4003110 3884522 3968473
3864677 3945970 3890723 3902696
3855140 3797474 3691077 3755869
3695339 3968554 3693512 3924581
3984061 3917065 3766865 3875341
3789566 3984242 3839812 3943894
3823046 3798344 3705052 3766757
3676963 3873822 3684661 3868069
3993618 3896919 3792341 3838822
3823273 4041189 3820812 3929842
3851544 3915891 3863197 3912658
4031567 4042406 4028674 3908560
3761662 3942388 3888312 3799177
4047541 3979644 4050530 3914677
3685412 3831181 3767362 3737611
3893180 3900832 3889243 3829342
3554508 3788745 3743029 3600405
3895689 3768729 3897985 3778884
4028813 3856300 3963169 3896137
3894092 3886965 3796958 3879855
4010635 3901591 3834784 3913879
3897974 3953183 3781222 3943795
3884909 3770901 3787036 3780392
3733135 3869366 3683810 3864276
3797002 3664440 3676495 3700360
3733197 3769842 3664211 3733026
3899905 3895325 3903474 3912153
3838179 3988394 3978950 3833689
3975949 3974976 3849460 3902450
3795115 4022005 3931479 3910678
3877260 3878535 3793413 3770685
3761905 3879628 3872830 3830271
3797005 3797965 3735289 3773869
3678710 3686024 3733554 3668264
4000057 3849776 3847129 3868112
3988554 3930366 3976066 3948871
4015714 3992307 3848940 3880920
3872938 3882993 3884894 3993246
3916131 3802991 3714862 3800287
3853484 3809068 3860309 3899997
3853137 3635158 3550737 3664672
3686394 3698471 3713831 3793012
3922490 3969267 3772785 3978912
3871258 3881743 3908193 3905210
3902224 4049649 3907148 3844492
3886577 3810941 3874260 3930918
3892913 3921573 3754558 3803775
3701294 3818468 3828972 3800606
3765459 3841199 3669724 3680916
3627797 3704972 3784871 3623745
3939760 3929392 3804543 3842804
3810869 4008943 3822862 3966859
3971378 3878755 3721390 3871836
3952946 3964411 3807849 3953790
3919995 3820988 3693509 3815316
3764030 3897803 3840107 3989029
3800327 3739708 3598943 3694339
3740176 3776719 3666526 3765261
3601933 3653926 3643400 3509670
3792507 3758968 3877135 3768500
3764111 3794391 3844107 3698284
3960207 3867281 3921550 3882767
3708768 3872750 3855084 3747913
4044006 3878599 4057106 3838198
3789740 3853343 3987037 3760155
4044335 4029082 4071353 3861317
3701874 3600647 3670587 3674864
3686058 3694115 3623395 3702458
3829997 3740673 3833769 3796902
3743466 3778970 3711576 3859335
3971570 3830061 3898200 3945783
3823155 3901267 3728955 3934506
3955251 3829803 3891942 3941251
3875486 3912972 3800992 3985386
3778839 3731641 3693226 3723714
3649129 3826702 3693524 3665782
3870534 3881988 3797487 3871376
3739246 3854073 3857031 3699543
3871658 3923750 3892666 3921975
3821302 3870484 3908364 3720179
3961612 3884245 3923552 3979041
3847073 4073442 3983273 3844827
3803090 3700837 3590975 3717153
3632789 3701122 3624166 3757153
3868015 3799341 3672259 3785234
3832455 3755947 3962664 3860269
4002151 3902649 3732543 3859566
3813942 3859109 3837328 3920756
4065652 3900685 3879217 3950314
3765893 3913826 3884128 3864264
3683715 3778435 3611006 3692294
3564802 3687134 3699305 3658243
3839943 3899653 3726324 3818181
3688578 3810217 3751808 3779090
3857808 3870766 3824249 3851008
3894788 3819936 3883423 3916875
3880406 4066475 3867659 3943993
3871111 3788115 3826542 3856222
3659302 3713953 3573608 3709401
3599347 3766004 3561475 3741413
3945266 3790227 3763683 3816518
3771148 3948963 3757550 3873335
3958694 3844516 3788969 3786596
3710516 3969080 3740324 3883180
3941387 3963759 3878411 3896456
3844540 3994726 3842852 3988877
3780475 3893300 3930974 3765358
4089193 4029456 3973245 3985393
3704230 3857280 3836327 3715611
4017463 3855128 3929697 3861123
3769648 3800915 3827881 3788516
4064677 3960236 4016414 3911307
3762015 3796807 3733889 3653429
3980889 3885938 4034620 3841025
3947835 3791648 3895690 3868197
3927590 3896930 3759324 3893442
3832872 3773891 3821684 3823376
3813006 3901089 3675808 3913622
3995281 3811765 3832187 3840615
3843305 3910916 3761146 3858493
3920667 3746291 3800928 3809161
3780787 3830053 3780068 3863863
3948984 3895639 3847566 3944729
3745440 3894861 3950222 3851591
3918810 3888612 3760665 3836462
3706575 3917201 3891125 3797694
3965187 3990641 3851319 3884282
3697389 4009048 3876722 3895284
3802702 3838818 3853820 3880540
3702455 3828258 3771495 3731046
4038526 3918432 3812208 3824577
3860441 3980554 3917456 3975166
3902045 3863200 3754587 3834494
3795450 3851396 3820276 3822119
3955294 3899220 3779447 3842530
3762965 3853933 3834132 3921218
3914040 3848759 3729667 3822778
3894619 3825004 3908984 3859493
3896079 3982341 3838647 3915357
3796247 3915211 3978333 3824826
3841918 3869037 3813212 3724320
3871198 3780185 3839183 3834873
3804302 4002363 3868926 3941832
3784523 3814851 3841254 3816470
3783875 3903865 3815732 3850364
3764048 3742765 3864047 3849091
3938539 3954292 3851700 3855653
3821134 3985883 3823788 4014285
3898558 3758060 3738369 3786683
3696494 3901638 3704859 3856870
3912411 3884307 3840175 3852828
3787679 4064082 3792601 3932197
3854574 3787421 3700883 3826413
3778121 3949680 3721065 3887194
3669973 3798723 3823258 3656522
3971584 3916871 3966500 3787904
3804208 3921852 3888207 3767837
4089926 3991072 4083330 3991843
3809182 3914817 3916139 3833672
4082824 3949147 4079476 3931227
3742997 3938322 3923401 3774251
4080978 4002186 4073875 3959258
3826089 3715414 3808089 3807617
3783315 3856905 3746188 3892227
4018489 3909432 3883318 3873896
3923830 3920596 3846284 4016899
4045595 3848266 3931035 3838599
3962419 4007355 3749428 3947387
4035662 3888077 3961451 3901218
3925161 3950941 3845438 3978557
3873056 3804625 3777143 3827188
3677325 3876142 3880022 3808511
4014114 3889240 3888054 3840988
3818777 3927869 3928910 3830740
3978264 3882540 3929135 3865296
3809957 3928543 3922130 3827434
4060693 3891391 3867676 4017379
3840520 4027108 3999693 3822159
3921823 3810111 3705655 3786932
3703877 3800912 3854376 3856410
4032440 3920925 3843439 3889025
3906723 3929129 3907749 3928265
3966061 3901003 3903339 3948902
3966923 3930517 3894369 3945466
3977116 3848765 3787577 3924032
3917249 3945397 3932698 3977354
3838526 3844642 3789285 3882533
3783461 3814225 3884713 3794761
3939032 3972735 3948167 3928301
3792577 3845961 3929188 3805156
3877603 4034533 3877260 3919461
3909231 3840246 3967417 3886116
3919305 4004624 3803162 3930991
3918313 3983439 3969472 3892259
3941024 3841284 3749489 3820419
3754856 4020987 3770912 3901164
3979797 3996362 3830898 3951687
3851769 4011856 3782399 4019829
3952975 4000618 3851616 3891118
3847194 4014818 3890467 4074390
4040645 3817320 3851904 3903039
3790716 4059249 3839051 4023688
3799772 3893232 3873113 3732433
4026527 3974448 4000800 3941624
3732484 3792820 3814730 3686744
3930533 3849537 3971516 3792896
3741445 3891315 3877402 3664285
4010847 3871666 3957216 3859989
3719471 3880556 3834196 3531944
4004127 3847410 3907144 3809379
3986394 3830453 3852438 3843349
3803664 3890697 3823168 4001349
3852459 3799819 3738598 3723319
3691569 3836195 3729085 3826130
3917322 3773597 3899170 3774373
3824358 3870821 3798360 3871173
3850780 3779077 3851132 3793796
3793243 3883270 3729331 3786051
3963229 3916901 3859469 3944999
3782689 3917287 3909373 3768050
3859681 3778191 3802735 3791714
3643717 3866364 3774300 3756051
3853463 3850342 3839086 3891318
3797559 3914807 3845344 3784781
3870795 3819362 3701453 3871719
3661009 3811360 3801110 3738899
3922910 3924913 3771213 3828180
3831760 3838164 3900231 3944232
3930164 3821663 3686260 3885448
3748575 3816592 3805912 3829745
3952120 3767449 3674307 3863509
3820885 3824407 3919325 3865154
3906187 3784975 3682749 3855159
3702833 3831822 3816071 3881110
3855714 3973249 3888706 3936839
3831553 3823632 3876849 3847482
3738774 3930652 3769053 3814315
3773716 3629065 3785721 3769049
3822778 3949617 3820830 3788207
3805162 3876299 3795596 3785592
3795999 3873495 3754355 3804660
3732067 3703117 3718909 3742663
3953134 3947464 3869903 3901123
3864538 3927154 3719602 3869565
3816737 3777237 3695910 3729732
3667606 3926897 3761822 3859496
3853356 3899267 3799235 3829167
3807471 3971314 3767043 3861862
3868570 3807748 3734202 3840684
3746629 3905433 3805445 3858979
3735125 3835811 3835535 3629746
3980027 3913234 3915876 3851147
3688961 3857154 3786182 3599078
3893787 3864857 3992982 3859731
3728322 3874699 3769284 3757776
3938925 3966946 4035590 3898098
3849484 3858146 3948045 3790735
4088971 3981385 4054955 3933870
3928362 3772795 3851940 3805696
3730470 3843679 3756617 3891658
3893919 3676200 3817157 3766495
3716077 3806126 3694359 3793535
3901880 3857398 3802481 3882213
3893424 3976081 3761020 3884287
4029061 3944251 3896617 3967845
3899301 3911483 3821445 3943228
3937268 3793341 3839929 3795245
3648872 3819855 3832649 3832679
3837443 3769331 3829864 3740820
3702113 3825752 3683612 3709571
3960828 3916047 3804463 3897464
3844061 3856694 3818638 3914603
4021563 3892435 3864811 3890491
3789078 3944166 3939955 3870159
3808070 3836911 3783780 3866215
3797243 3856332 3794339 3862155
3828151 3831865 3692490 3768526
3767295 3755375 3718434 3868394
3858845 3882255 3735965 3832305
3766643 3861566 3922245 3906280
3974466 3941059 3823446 3955532
3946679 3964527 3978351 4080730
3828070 3887272 3790220 3855503
3806503 3737613 3741144 3830783
3769724 3860082 3751797 3881512
3681059 3770357 3815474 3713314
3832830 3910429 3808049 3856362
3808310 3808486 3847144 3813842
3943507 4051916 3868429 3926056
3892958 3858052 3906093 3897765
3886148 3757530 3670895 3803073
3769120 3967642 3800025 3913392
3964877 3837377 3661836 3770184
3713140 3902271 3674803 3811241
3994530 3846590 3757841 3790495
3850382 3994595 3722378 3897447
3929769 3940984 3791881 3867954
3895844 4074321 3829948 3960384
3811173 3951138 3948021 3696599
4052856 4011394 4038863 3913543
3838605 4022838 3927799 3854460
4134676 4058975 4099836 4012452
3677167 3829800 3738323 3688475
3955474 3856736 3854937 3752394
3752523 3969456 3899733 3697904
3991445 4033622 3997100 3970719
3996601 3864713 3934985 3811002
3865993 4037758 3764207 4009242
4009473 3884810 3958421 3918545
3913603 3989157 3830953 3974561
3853750 3838968 3767904 3761000
3769476 3845992 3693558 3883634
3979739 3767519 3926163 3841315
3860546 3927857 3859161 3978328
3986242 3965036 3883204 3898736
3840042 3958900 3995022 3806427
3948033 3956407 4032661 3963932
3892765 4020708 3978433 3906679
3899028 3773200 3754305 3782596
3599277 3820666 3811284 3758641
3928831 3860714 3927431 3861363
3809177 3890977 3931626 3853075
4083518 3892259 3911290 3882331
3894001 3912684 3980234 3943474
4078540 3975798 3878992 3920679
3994165 3935737 3989588 4007511
3911385 3726036 3712115 3756351
3820726 3843299 3834034 3858317
4025808 3835700 3759386 3913494
3860591 3885929 3867831 3921965
3892140 4011651 3868308 3901354
3926225 3915258 3850668 3920890
3947374 4022521 3958538 3971042
3904579 3899731 4006577 3934210
3736079 3968055 3691905 3865668
3715093 3775072 3803079 3835165
3869790 3999102 3843298 3936563
3851775 3865441 3890097 3798632
3967501 3823883 3768842 3931239
3888325 4039344 3874817 3965929
3970894 3944892 3937871 3945273
3814942 4134586 3890439 3977839
3869052 3908647 3749878 3770226
3770523 3922399 3757696 3838598
4030384 3919837 3790392 3916184
3822109 4015267 3835444 3975609
3935668 4079958 3992835 3858199
4163139 3993036 4193333 4065288
3865704 3889322 3881329 3736134
4002917 3929827 3949666 3886871
3695620 3824895 3886305 3679529
4028457 3853600 3949661 3812332
3620196 3742185 3663919 3571224
3909732 3754234 3853317 3791102
4109327 3974775 4057536 3996182
3999952 4076836 3870036 3987520
3919647 3727971 3844418 3840184
3795936 3922914 3761639 3940206
3801586 3768195 3811827 3762745
3738860 3828430 3661802 3904903
3808098 3744650 3708900 3735981
3659354 3859664 3592577 3811163
4105412 4071803 3987855 4098807
3826525 4144297 4036407 3994406
3912963 3962495 3841077 3846742
3785544 3991237 3877130 3885383
3874087 3777740 3767305 3806683
3677119 3822381 3742240 3799736
3791730 3795471 3776230 3712019
3657359 3741965 3688950 3660063
4065260 4001785 3903667 4075865
4018327 3935913 3985391 3991300
3958361 3846443 3771867 3882488
3845865 3894985 3895437 3858935
3992624 3816536 3713474 3737731
3769126 3874723 3903021 3835136
3783570 3703897 3675944 3710596
3709677 3683534 3798661 3816163
4074471 4065792 4047596 4042670
3958374 3987800 4051603 4037559
3774436 4010263 3796607 3775641
3826044 3913953 3989750 3897577
3789908 3835070 3773752 3864245
3668710 3815651 3783664 3778485
3778188 3827564 3647670 3709805
3681221 3632077 3670874 3738251
4070680 4069485 3888978 4029600
4010776 4166279 3906542 4089249
3901788 3885373 3693599 3889305
3767677 4014539 3819264 3935739
3900405 3846042 3662413 3753937
3756841 4034717 3701552 3825101
3799073 3868512 3610118 3788985
3654623 3862076 3680298 3823401
