3815498 3893354 3992575 3781640
3716437 3748855 3714265 3833842
3870962 3959406 4039743 3821840
3718054 3786075 3834067 3997141
3885956 3894762 4014250 3787719
3695327 3775606 3851451 3905952
3995578 4055055 4269469 3878771
3819824 3868363 4018336 3990496
3797392 3912827 3888292 3877333
3808789 3786418 3939069 3954212
3802344 3835580 3833627 3861879
3900780 3791470 4003246 3971794
3855785 3854288 3882510 3860236
3876493 3815819 4048558 4018710
4011939 3903542 3982890 3997745
3999061 3872425 4135608 4154347
3869472 3861371 3780468 3941001
3871562 3838276 3914587 3968260
3910277 3934179 3729096 3994007
3921885 3866863 3946982 3989211
3880102 3927479 3761373 3911201
3942945 3959056 3973805 3979038
4046721 4054013 3964624 3991098
3992637 4107666 4082696 4098065
3880086 3923826 3893453 3744877
3837155 3829177 3929065 3814361
3819452 3974585 4009297 3857186
3831411 3979417 3918672 3847265
3943537 3982860 4000149 3802215
3903266 3824860 3879204 3845331
4032755 4041396 4170901 3937503
3942859 4056771 4043240 4041058
3773595 3929524 3750354 3840024
4007665 3976105 3835232 3867383
3872146 3900356 3875337 3890934
3902986 3921976 3840528 3939397
3833881 3936501 3769646 3814464
3962320 3958048 3868561 3848208
3958804 3996872 4062145 3885620
4154567 4092536 4030326 4066874
3909221 3894025 3778263 3863067
3893837 3819194 4030708 3841551
3899635 3809725 3878990 3935871
3891205 3758554 4032031 3798366
3902544 3808766 3834016 3896730
3918636 3850707 4130131 3829903
4021729 3982260 4019742 4013838
4126061 3958516 4226633 3957479
3737029 3901508 4009545 3772841
3688591 3740627 3797376 3814518
3766495 3895551 3911715 3712148
3665683 3739150 3695868 3845138
3947418 3972418 4153245 3866250
3818636 3800532 3904725 4018571
3771122 3920400 4027207 3759907
3724907 3771078 3863329 3938390
3797796 3769293 3766394 3786389
3868396 3693600 3908814 3921136
3742174 3816879 3770907 3757106
3765637 3684556 3914366 3905826
3920995 3949645 3905069 3964960
3948508 3876491 4045429 4027280
3811295 3872173 3865749 3888264
3828855 3803495 3983177 4064865
3816610 3899023 3661087 3883700
3730688 3858228 3906403 3772404
3894694 3894951 3633490 3812160
3827944 3864547 3827593 3797071
4006747 3996269 3872675 3992415
3961635 4020223 4067275 3907760
3794655 3889227 3737308 3932127
3864689 3947906 3877369 4010512
3798038 3888245 3861716 3757217
3719546 3870931 3899888 3860772
3769422 3926343 3909379 3739221
3674698 3803482 3849395 3795457
3940086 3976396 4008053 3961274
3925977 3977585 4024166 3960791
3953724 3972544 3882244 3831846
3789740 3861061 3899283 3890712
3740909 3918115 3768189 3753894
3815124 3861087 3853502 3812857
3732521 3816990 3785184 3722876
3831874 3867940 3865585 3733710
3851932 4021808 3919242 3889535
3914341 3970957 4020040 3921261
3768779 3900551 3844183 3772855
3876917 3960922 3880742 3877691
3798687 3767818 3798560 3814500
3834130 3759982 3971826 3865021
3837390 3722079 3783280 3805662
3823545 3734508 3994369 3715436
3946666 3910019 3954041 4011575
4041326 3939272 4129538 3843101
3869174 3836114 3845162 3887327
3886591 3752614 4027312 3820719
3741180 3856427 3911716 3748700
3635137 3671851 3640389 3836636
3950807 4069427 4142602 3818779
3786742 3904154 3803767 3991793
3838210 3873699 3991781 3764919
3620479 3681895 3818437 3795740
3924535 4032352 4098520 3905330
3781533 3764970 3864998 4000706
3730408 3757815 3767978 3790449
3880755 3621054 3896307 3949757
3951750 3913668 3922731 4004561
3985529 3814362 4048671 4082515
3732439 3892438 3758073 3815622
3720226 3774729 4028308 3985486
3930900 3900384 3857746 3977818
3875876 3836728 4049765 4055599
3786555 3849987 3677819 3732736
3757906 3820225 3840656 3837916
3876547 4010040 3767738 3971579
3983721 3925239 3990395 3967615
3814477 3758055 3688773 3865812
3845255 3807494 3884064 3952368
3866261 4005121 3826774 3940747
3905566 3933621 4032377 3904717
3779245 3756790 3843024 3719626
3679147 3689367 3769033 3768197
3901204 4001628 4027610 3877751
3858641 3976344 4026488 4008603
3806318 3856153 3824048 3865349
3719767 3819184 3829797 3823956
3978857 3942001 4081332 3869081
3951409 3975327 3966721 4000793
3734144 3832415 3728785 3686888
3701489 3806746 3831244 3848943
3912131 4039046 3900015 3996489
3984454 3957669 3948290 3963932
3736702 3920747 3749003 3664402
3900693 3909197 3842943 3856644
3890267 3976454 3936012 3921642
3904082 3957650 3922239 3907901
3810396 3747526 3790314 3822716
3867350 3681763 3931803 3732536
4014073 3885965 3934511 3937088
3978971 3929413 3993230 3866538
3847138 3786800 3824210 3848834
3871929 3744496 3991640 3775452
3978658 3887593 3947466 3965126
3959262 3865705 4128229 3806837
3922224 4004025 4046388 3851623
3713848 3748916 3812402 3932236
3846489 3908569 4114479 3811209
3736563 3798418 3809731 3945019
3842383 3872875 4036960 3697860
3810370 3740832 3757334 3828675
3757313 3839935 3914207 3642404
3616008 3614923 3709378 3724834
3872940 3884771 3849731 3885025
3898742 3835459 4085927 4020434
3887005 3830701 3917601 3872811
3971038 3750842 3970429 3997216
3774874 3771727 3779515 3756639
3819396 3668727 3975340 4009956
3776112 3762731 3771872 3799021
3821433 3697790 3976010 3903986
3915336 3921756 3784352 3938237
3872990 3886256 4023236 3934508
3893281 3916560 3777310 3926829
3914069 3913057 3958557 3867114
3874524 3836378 3706257 3903374
3899812 3898836 3887934 3900973
3796163 3806944 3672261 3845543
3805733 3849384 3856245 3836985
3990713 3909563 4055425 3882310
3776913 3893712 3949790 3870146
3827475 3952488 3931314 3852297
3830303 3981897 3974475 3902643
3883873 3925465 3954147 3731947
3819020 3779755 3843335 3880070
3780939 3888109 3849395 3736542
3777232 3794071 3843419 3769906
3869504 3965904 3814493 3817677
3881363 3929397 4015389 3863385
3854760 3880960 3878535 3802514
3863796 3943747 3868122 3897260
3750150 3905461 3863336 3733825
3855565 3929079 3852222 3875667
3722618 3906291 3774485 3711977
3858230 3895111 3847814 3818387
3961772 3845766 3937850 3864268
4027742 3872264 4026190 3920159
3872381 3772097 3927537 3891278
3975068 3902354 4081901 3789618
3918585 3790854 3852041 3809984
3864291 3704415 3993980 3777522
3807053 3723340 3808801 3898556
3826456 3716572 3917912 3689820
3839467 3929430 4000352 3776735
3645789 3697458 3699357 3892955
3884355 3915562 4051733 3737169
3793793 3776711 3769511 3947251
3804293 3926000 3977316 3726285
3613350 3754184 3766359 3931743
3838446 3884488 4022401 3785067
3798432 3769309 3732307 3979611
3753705 3777205 3717452 3794211
3771183 3723393 3973460 3899939
3880032 3820027 3895827 3798604
3862286 3729253 4022008 4050436
3818229 3783208 3804856 3829180
3899471 3742073 4052038 4046301
3813285 3787866 3844894 3883609
3897128 3764972 3953463 4077401
3865777 3846080 3710340 3844896
3743386 3871324 3840360 3846066
3863217 3925254 3755285 3918217
3822945 3864935 3990641 3958987
3760322 3916714 3743733 3981429
3840024 3861547 3985383 3867330
3880767 3847975 3803769 3918562
3809699 3900651 3901549 3947731
3859281 3880726 3916496 3764995
3732318 3841014 3897454 3861345
3822678 3954899 3884332 3864712
3751591 3844468 3957136 3908925
3879871 3911439 3948515 3786391
3834540 3894152 3925688 3841320
3824961 3951973 3916074 3773794
3799352 3920045 3844389 3925927
3714596 3848283 3848575 3775347
3770555 3905413 3778179 3853513
3815494 4007928 3866456 3800472
3923217 3907064 4029429 3897526
3808370 3898697 3783351 3761336
3876584 3995069 3892756 3858322
3809031 3847173 3897968 3834212
3907473 3908100 3977818 3904331
3863957 3783884 3881985 3849759
3775553 3762698 3981248 3684571
3864036 3831871 3902764 3958697
3881917 3808939 4052989 3816632
3908572 3856911 3874517 3893352
3967768 3732379 3997616 3736448
3824910 3762234 3847502 3905587
3960307 3813112 4063089 3882859
3890971 3940264 4058127 3886275
3787082 3842974 3882162 3990666
3865724 3903999 4024093 3807950
3725484 3779265 3775199 3950697
3893901 3994137 4162959 3811217
3756244 3812835 3795841 3876003
3817372 3893550 4036096 3731504
3741337 3669872 3760316 3867395
3895986 3874596 3907700 3883728
3890675 3860597 4070222 4037684
3825632 3819260 3828365 3777748
3899171 3728831 4037896 3967892
3794223 3847471 3816546 3838489
3848474 3772757 3998717 4060913
3768901 3802132 3784529 3904476
3850988 3837223 3904000 3915822
3900608 3963127 3733964 3964212
3954020 3919773 4063989 4012979
3853382 3922947 3766418 3890510
3816333 3893529 3939336 3910319
3904576 3947473 3715928 3983315
3878233 3906303 4039550 3981615
3836418 3890547 3742161 3857365
3929072 3877988 3925373 3861495
3909631 4081076 4055594 3858943
3899371 3933030 3939066 4039824
3893071 3891072 3983469 3830523
3771655 3875547 3907186 3936175
3851079 3894182 3987138 3882051
3823258 3956732 3938991 3900699
3816354 3916796 3947243 3765810
3791805 3861827 3886581 3844456
3846985 4000543 3850882 3881552
3897952 4002553 3933172 3890743
3749295 3895469 3874020 3760717
3883197 3899385 3879689 3827985
3792548 3913769 3840297 3806835
3989357 3970263 3857041 3820389
3741734 3825764 3822803 3729417
3804843 3899009 3764171 3865111
3937710 3934397 3969704 3929293
3980262 3967874 4131021 3833836
3915110 3817059 3899385 3959756
3867790 3826113 4025189 3739256
3904114 3882030 3889572 3883239
3785385 3801372 4106333 3903167
3881819 3796592 3938646 3825115
3912811 3800996 3981782 3773156
3832333 3965489 4033418 3709630
3686275 3726913 3726024 3947989
3755602 3882405 3938408 3691000
3627554 3711579 3811938 3814279
3791236 4011074 4085027 3821272
3761088 3816150 3857536 3844842
3840564 3916466 4016899 3810512
3714395 3765699 3822274 3822169
3827314 3777270 3844581 3857956
3871956 3727409 4038391 3943702
3672019 3772465 3834521 3798843
3701839 3599755 3978681 3942659
3864226 3899990 3860902 3917088
3901627 3779869 4086006 4018970
3732504 3878345 3846966 3789911
3882390 3755334 3935179 4029404
3852392 3891870 3705271 3870430
3888062 3895655 3903920 3879048
3822336 3825182 3658246 3826324
3807622 3833999 3778040 3892641
3923501 3937356 3820137 3983575
3919560 3934413 3921319 3939337
3835846 3861916 3695173 3972672
3853210 3878513 3887873 3968003
3822370 3862762 3983319 3714049
3696076 3823597 3865222 3879836
3750765 3835996 3906029 3758881
3669250 3754849 3860056 3758898
3908205 3992440 3977008 3848508
3763776 3983957 3969951 3856416
3902225 3925478 3949441 3713764
3831689 3839491 3904453 3852354
3800588 3849917 3818341 3791016
3858683 3884897 3963635 3853230
3680291 3815193 3790716 3678976
3833770 3844289 3786221 3769906
3919537 3975050 3781073 3828726
3884191 3971066 3845671 3917380
3728373 3839385 3779488 3801998
3870655 3946864 3818940 3920211
3937576 3868824 3848013 3874190
3843078 3766980 3966822 3755718
3828959 3667182 3809721 3798236
3916321 3701113 3997178 3685370
3917445 3847953 3973583 3928995
3911110 3826184 3992370 3827825
3881053 3847244 3851778 3816763
3908045 3744831 4074103 3779276
3760725 3839577 4016638 3732828
3732069 3757928 3721362 3878507
3868422 3897940 3985527 3794395
3757967 3720602 3745452 3885873
3951781 3943422 4122842 3788098
3829902 3816738 3892464 4020600
4026437 4031820 4062877 3909678
3786295 3986575 3894207 4025553
3716946 3731549 3776079 3788775
3821192 3741654 4032810 3976113
3833893 3772458 3858999 3824677
3868308 3803004 3987438 4043633
3879789 3863517 3945371 3879687
3942887 3793270 4142725 4093136
3955583 3961683 3928451 4020954
3966786 3815265 4133578 4082931
3827918 3790223 3668662 3830159
3876624 3880269 3976304 3913572
3865525 3914795 3727450 3959993
3925599 4001807 3858805 3975563
3981770 3926552 3725180 4008298
3957586 3972173 3945025 3995447
4004308 3983917 3746287 3989080
3948682 3986517 4053193 4083673
3833685 3936783 3947740 3759401
3778545 3811098 3965779 3856696
3914403 3944763 4014743 3812058
3850518 3836705 3900762 3939793
3968294 4082845 4050590 3837750
3815105 4002518 3969091 4010997
3909183 4049443 4023701 3934175
3946164 4006172 4078743 4027546
3701849 3873505 3829107 3802632
3813260 3851656 3835093 3891351
3835895 3951417 3898384 3904526
3931336 3840479 3872772 3959001
3812205 4092992 3951510 3842772
4011334 4002870 3957243 3987512
3977886 4038664 3872491 3945692
3936727 4028854 3962370 4030977
3754305 3860486 3829375 3841221
3861045 3748914 3974384 3727110
3969888 3777026 3910416 3806046
3996859 3866654 4111458 3717846
3925491 3939777 4001464 3979340
4021450 3922001 4155493 3854256
3994238 3985805 4027396 3987556
4024549 3898688 4210943 3846630
4023480 4129320 4177050 3911770
3878972 3963075 3929456 4013346
3933832 3924917 4066632 3797240
3736668 3863008 3847060 3955828
3739232 3869884 3908879 3763861
3700947 3712310 3756120 3843646
3781612 3831292 3977961 3799780
3700564 3728840 3689655 3904955
3957669 4008197 4003136 4092885
4059330 3921963 4125952 4259065
3885379 3812793 3839207 3889233
3912684 3710355 3998167 3968481
3755841 3704033 3772173 3723105
3792220 3710384 3938254 3939543
3795847 3833472 3876212 3823299
3825941 3777446 4045520 3922145
4070709 4120249 3947928 4118245
4045177 4126491 4126996 4165660
3939673 3965359 3805807 3912339
3957182 4038475 3929908 3944672
3827069 3869261 3669890 3849991
3835929 3813100 3887435 3827133
3883248 3907381 3805150 3889740
3938312 3850019 3977625 3965963
4068200 4086645 4166779 3977670
3951166 4014354 4057698 4019050
3865018 3885064 4050573 3825160
3781427 3848641 4011152 3836000
3763442 3909360 3900272 3757084
3769502 3777129 3844301 3860440
3862714 3902001 4007209 3762318
3800968 3944804 3877225 3883901
3980730 4078999 4060611 4085839
4037015 4092162 4048717 4070732
3842585 3947599 3843371 3866310
3944392 3949320 3859324 3948547
3702145 3849415 3729627 3649640
3854750 3833582 3797679 3803290
3715223 3962637 3808745 3802959
3856391 3946738 3901946 3929843
4122385 3988905 4028671 4018535
4034210 4005650 4197259 4033424
3954729 3774135 3921022 3824685
3906289 3865551 4174608 3829253
3797643 3788954 3812602 3801035
3876036 3780835 3987376 3765004
3855135 3852835 3867438 3845955
3930972 3759233 4096933 3812896
3890298 3971427 4032764 3862300
3781153 3818419 3767524 4057015
3940376 3986149 4067193 3879164
3771673 3819773 3816454 3974226
3684003 3632835 3804698 3575768
3536317 3506283 3593462 3655893
3871502 3976960 4114282 3808441
3736866 3812424 3843799 3959248
3797557 3780742 3797209 3850577
3905230 3836044 4011164 4013691
3875269 3918775 3889860 3899399
3853272 3843611 4076260 4057244
3585353 3596138 3614265 3627884
3687006 3455067 3782662 3838897
3860272 3909937 3833142 3836760
3928127 3814973 4011180 4047564
3934396 3894843 3768263 3890758
3844816 3884052 3970805 3956380
3918374 3953626 3856858 4011562
3940719 4035444 4014183 4025425
3733543 3683072 3504213 3681032
3704052 3713150 3736134 3658774
3902504 3950007 3846165 3952073
3937217 3921876 3932465 3857972
3884537 3954509 4073923 3813979
3921978 3801027 3883796 3870800
3852221 4072191 4033869 3882924
3827837 3888111 3922621 3929587
3571630 3731834 3750841 3624105
3646082 3692210 3775652 3688142
3875836 4015880 3955973 3814396
3866605 3905278 3923179 3877734
3854264 3919309 3834692 3812458
3843478 3884477 3932818 3861353
3926604 3960135 3875815 3961542
3934458 3982437 4008767 3954580
3513415 3793604 3593903 3649537
3666611 3696906 3603441 3707043
3887664 3935379 3788766 3857342
3918435 4033364 3918751 3895432
3799818 3749591 3832782 3899589
4078827 3882130 4075108 3865649
3967771 3893846 3908792 3939693
3948416 3915080 4061604 3834945
3679336 3550394 3655932 3645693
3674721 3649570 3854908 3617084
3918953 3820900 3890995 3757001
3948717 3855521 4025456 3810990
3878588 4009398 3977681 3724804
3798601 3764607 3765819 3861042
3782523 3938063 3989661 3813908
3713533 3833174 3817826 3843744
3858383 3901292 3973456 3761520
3725488 3724453 3763445 3855584
3890188 3997300 4026115 3750141
3694338 3825790 3744758 3944584
3813283 3808769 3853094 3858661
3897280 3835682 4060234 3997252
3809456 3891659 3808401 3864184
3904544 3749649 4048118 3994827
3786946 3855110 3812917 3848104
3825202 3748987 3981860 3920984
3786399 3853194 3820144 3847131
3804631 3768885 3964152 3954851
3945032 3879771 3664756 3888092
3882257 3893037 3991119 3837289
3862478 3929359 3795350 3988293
3863635 3888876 3924345 3974720
3826040 3866845 3716819 3860668
3859089 3897076 3876717 3895524
3927812 3801516 3721248 3838508
3827710 3870192 3912308 3863710
3866940 3840370 3986791 3840354
3769123 3843156 3919635 3832506
3839056 3951584 3960072 3853209
3742934 3846893 3961146 3937443
3827993 3940474 3848080 3795814
3798266 3779141 3864698 3835482
3788809 3944349 3933473 3804294
3791152 3867071 3858873 3864290
3778775 3889854 3759348 3837138
3870414 3934826 3812265 3949545
3771203 3986256 3831585 3850620
3902389 3950437 3935372 3903357
3703949 3923139 3812221 3706500
3840389 3883020 3818788 3825661
3878433 3844188 3859596 3812880
3830742 3904565 3846487 3934686
3880373 3848501 3899896 3878582
3892170 3789742 3933946 3774061
3905658 3857952 3911603 3887576
3963579 3867374 4022598 3823950
3858824 3834280 3836994 3878577
3815505 3782072 3965395 3774282
3843806 3789899 3863516 3807008
3899099 3784571 3993960 3876844
3859072 3911315 3954335 3797973
3732248 3820967 3724364 3897404
3865097 3906229 3997742 3744605
3687028 3721053 3726940 3899721
3816537 4002650 4010358 3779529
3662904 3767931 3812053 3911438
3891545 3989120 4176422 3824055
3738168 3840669 3892767 4014263
3765410 3856252 3808648 3808084
3896121 3780449 3986268 3973241
3763091 3782839 3795882 3738796
3838043 3797712 3986423 4034872
3833848 3833560 3901716 3903195
3944158 3742119 4116586 4052351
3926317 3935886 3936296 3991393
3956509 3903177 4032866 4114433
3905763 3820730 3777128 3855516
3839780 3899413 3932552 3921580
3850618 3895891 3752826 4015839
3857455 3905070 3883959 3852038
3831806 3962384 3838679 3954021
3924572 3972620 4009958 3942326
3931283 3944023 3782746 3967710
3941006 3944050 4090994 3969832
3858844 3923748 4019303 3808333
3755239 3894456 3888944 3810465
3792667 3888249 3903746 3800550
3763398 3889178 3868326 3921617
3860459 3988838 3953078 3918940
3818115 3922781 4044843 3951617
3901607 4061553 4020482 3881759
3952274 4025171 3965269 3873313
3752201 3856729 3787428 3794065
3897124 3944950 3886001 3884440
3742308 3964534 3798694 3810736
3829475 3895831 3782729 3906619
3835892 4023779 3857353 3882433
3925971 3888485 3948146 3910330
3900130 4018639 3933711 3834669
4018031 3987205 3949109 3915393
3928598 3841871 3979471 3844406
3932881 3814955 4069270 3860453
3924338 3725090 3842758 3862686
3946751 3749246 4084656 3815705
3932262 3839897 3832806 3860133
3961053 3811467 4077228 3841078
3942636 3914683 3923821 3950122
4056109 3894210 4112456 3870531
3769611 3971390 3910462 3744830
3860958 4054748 4016002 3918025
3697221 3883102 3714747 3645777
3776862 3962625 3900339 3849397
3836467 3916185 3836364 3789046
3857692 4071406 4048630 3987382
3891297 3963776 3904156 3799211
3901893 4146415 4066352 4007221
3866323 3852636 3986173 4093489
3868729 3935431 3873290 3885262
3824706 3676629 3864327 3902699
3833273 3842160 3789611 3721184
3863527 3804944 4048958 3974947
3865369 3944618 3921954 3838482
3926066 3934227 4054265 4143119
3951051 3961687 4018179 3835981
3910169 3833305 4068861 3923080
3828854 3907686 3920514 3956144
3836599 3736529 3930353 3801579
3736688 3864210 3866325 3972351
3968383 3829267 4011885 3903432
3795570 3922041 3864234 3891873
4007734 3912986 4123532 3924916
3910702 3963958 3989389 3870405
3830662 3989690 4043167 3780106
3979852 4045245 3948647 3826979
3902701 3835903 3919999 3606851
4038914 3877707 3971194 3718231
3910404 3901374 3995974 3719779
4017769 3927057 3990023 3884157
4006974 3974121 4093366 3833364
3997404 4069354 4047659 3886498
3985145 3984701 3868663 3712363
3995300 3963734 3867604 3888979
3915820 3863472 3760588 3672508
3900923 3917409 3764689 3822976
3941424 3952941 3862397 3720326
3917236 3960964 3893646 3991832
4028556 3990235 3900587 3780590
4045605 4061318 3893056 3934881
4010250 3860910 4043408 3917899
3872480 3840754 3877750 4020868
3955491 3807666 3974004 3834903
3771566 3732286 3783424 3885925
4082089 3912524 3930114 4012098
3856504 3886993 3838791 4001369
4119406 3967828 3997023 4066919
3987011 3889172 3888532 3946791
3752767 3821844 3892963 3607092
3730387 4031443 3968356 3771533
3829729 3951699 3837017 3768771
3922970 3983161 3991442 3920743
3898407 3836578 3872296 3797111
3873431 4019782 3986105 3946644
3691666 3882729 3805263 3685794
3881597 3914730 3897672 3838797
3820435 3768750 3881841 3990998
3819863 3830744 3868819 3718334
3831863 3784878 3975299 4066660
3863077 3940436 3978794 3846034
3908846 3772388 4085159 4110551
3934439 4009974 3987439 3778884
3890904 3727903 3891855 3931685
3868806 3926791 3856490 3798609
3810077 3852553 3823089 3759926
3762175 3795422 3778050 3836032
3903806 3849536 3975926 3825390
3818815 3928391 3930528 3963499
3931324 3903209 4012627 3884506
3841455 4000937 3974093 3973293
3847003 3878457 3898917 3692702
3714083 3879845 3870556 3859474
3807592 3855352 3878763 3610796
3893121 3846552 3904181 3806307
3858791 3965596 4031760 3734148
3963621 3966311 3983162 3823298
3910790 3963690 4016214 3675444
4044071 3938956 3971263 3771616
3796300 3860884 4043584 3701564
3970725 3913672 3924975 3758164
3936072 3868636 3768023 3684615
3809755 3862103 3890307 3873057
3921903 3898719 3800541 3829041
3921861 4022766 3868249 3936506
3926563 4002476 3889653 3758441
3966700 4008436 3903545 3954532
3920400 3906163 3817937 3728532
3927734 3919500 3866211 3853764
3941866 3899763 3826423 3857926
3757758 3796771 3804310 3773336
4051887 3851697 3952491 4064132
3842582 3788999 3894314 3908984
4038654 3867518 3938130 3986518
3926450 3885973 3918636 3897564
3959773 3800059 3938304 3842570
3820433 3819232 3887987 3839563
3818107 3905812 4004739 3824175
3869445 4100336 4025305 3956865
3717314 3839575 3742335 3657080
3771422 3938726 3885219 3768146
3911614 3953367 3812613 3702330
3859412 4067194 3999442 3919397
3841473 4028050 3872631 3863019
3807472 4023631 3960050 3905439
3952341 3802875 4075392 4089869
3948063 3973450 3991603 3814001
3748546 3710849 3903914 3999965
3754928 3731925 3698182 3701207
3947016 3803117 3944500 4090862
3887684 3974878 3871805 3863719
3924042 3830938 4050311 4115485
3903513 3911946 3913781 3764209
3972220 3953209 3986321 3977272
3915339 4044813 4006648 4055129
3760003 3807270 3864642 3840865
3702964 3849606 3739603 3812711
3916038 3863599 3968991 3863568
3827178 3932670 3966004 4050403
3937365 3933973 4025046 3860221
3848134 3969700 3961026 3991392
3913338 4028524 4054116 3719348
4033174 3964523 4071540 3935722
3686449 3842437 3905004 3675888
3837686 3840376 3895975 3801329
3933743 3850315 4050539 3759562
3917127 3975575 3930287 3864011
3935976 3938262 4037151 3761362
3967876 3968459 3975658 3866493
3993563 3978641 3931188 3866167
4079190 4039082 3935504 4032608
3828446 3788070 3738697 3602753
3799378 3857096 3914148 3800792
3957343 3899387 3867197 3828610
3911920 4006345 3922616 3925017
3975570 3958692 3882446 3785085
3977625 4049105 3964397 3926606
4065679 3936376 3972793 4045803
3916540 3961343 3902270 3936561
3952347 3715841 3910512 3817931
3727995 3798146 3796263 3792118
4007078 3839216 3944316 4014392
3953455 3909609 3935704 3871029
4136341 3969512 4016272 3932155
3877190 3886208 3853086 3996394
3788208 3839639 3740970 3630307
3860097 3998863 3905535 3912077
3730436 3844873 3794680 3629845
3788282 4025912 3833571 3842123
3697116 3904486 3836351 3621764
3792319 4055851 3914647 3911003
3803460 3893423 3861898 3625836
3876841 4189702 3866844 3894237
3746831 3709555 3924285 4034028
3889614 3869499 3843075 3791787
3728254 3674088 3841745 3951748
3780963 3792970 3824037 3657670
3843622 3733342 3941127 3965336
3765051 3846522 3900022 3821250
3934951 3831003 3963816 4201401
3827635 3888070 3898609 3811237
3832491 3836108 3885006 3839932
3776830 3826552 3774319 3888578
3814167 3796117 3792923 3788169
3702533 3865993 3683853 3770658
3890737 3797127 3939030 3793719
3758805 3915089 3864573 3930835
3986556 3905971 3963960 3952343
3837241 3940427 3890508 3912077
3886376 3789328 3892428 3603841
3893287 3870403 3907114 3803302
3752547 3801516 3936151 3656834
3815242 3834503 3903679 3772605
3804603 3869903 3988152 3679059
3973244 3854960 3871227 3915005
3907932 3861345 3993850 3707061
4025358 3925230 3983741 3811333
3859510 3821611 3783406 3763950
3811799 3961330 3851287 3945776
3784949 3834011 3656715 3585897
3851406 3845882 3784250 3829729
3884322 3833023 3737463 3819132
3912473 3977886 3848926 3914736
3975244 3952918 3824124 3779901
3939742 4007849 3856625 3928907
4001259 3845081 3825977 3806044
3696164 3748726 3812702 3813393
3987265 3765613 3861528 3921195
3797796 3818215 3761925 3742234
3987031 3851457 3908470 3971175
3797132 3838086 3848087 3823186
4036797 3930555 3973878 3911184
3813451 3876788 3939472 3906784
3842463 3925436 3859015 3746183
3838325 4058594 3966097 3900584
3759022 3883425 3828907 3578211
3844680 3980768 3922417 3926788
3805795 3930489 3848628 3706475
3843352 4038936 4000543 3874719
3702648 3820454 3827482 3578504
3811274 4022942 3898450 3795719
3851962 3824748 4020947 4060842
3901771 4011303 3873750 3816439
3827334 3779278 3953593 4022862
3912386 3852063 3791384 3746885
3910431 3772120 3954110 4076406
3847134 3933891 3954777 3727308
3750244 3706233 3948190 3971773
3777542 3829189 3888672 3681956
3929891 3929899 3986907 3772591
3757205 3950478 3862337 3972607
3846589 3795829 3899103 3778768
3856987 3808111 3863613 3863480
3976414 3876066 3932652 3861944
3747543 3900455 3917100 3894332
3840159 3753169 3912486 3759741
3776165 3852216 3811540 3875671
3877950 3953264 4040161 3771969
3991016 3945251 4008696 3807182
3836264 3854930 3904485 3704710
3913342 3916619 3973732 3901908
3847673 3910215 4032386 3760639
3905912 3897552 3982157 3856358
3821227 3783901 3922547 3624495
3897881 3797397 3930872 3733901
3915377 3999753 3866603 3729404
3925457 3992344 3912117 3957270
3884270 3822143 3822126 3791327
3806269 3922645 3799151 3864828
3927165 3932901 3859103 3818540
3994011 3940411 3832980 3864916
3861982 3822949 3781035 3684331
3975960 3903170 3759604 3839717
4027829 3919328 3926549 4001542
3815930 3892519 3868898 3859885
4019153 3809550 3955491 3926192
3773270 3921819 3848901 3826714
4020664 3829055 3970961 3915937
3820454 3857218 3889150 3845723
3987820 3774412 3874581 3786198
3789699 3750669 3808654 3736435
3746932 3884895 3858887 3726069
3820351 4041518 3922556 3840723
3698569 3921600 3885785 3723446
3806943 4007761 3911918 3881871
3841304 4020231 3848278 3715500
3853131 3994210 3958084 3927334
3933262 4000427 3974014 3756697
3945273 4154323 4024630 3918314
3867488 3707814 3982645 4020496
3846900 3903156 3819182 3751229
3873502 3765243 3959306 3972392
3837913 3834298 3884429 3828956
3909785 3781167 3974964 4130815
3885008 3952150 3946506 3839412
4025606 3869591 4075009 4165319
3880499 3987351 3990526 3805402
3970274 3924437 3997368 3871512
3790060 3880916 3866974 3923841
3875431 3817613 3984297 3811177
3748545 3981023 3832839 3876388
4009330 3800591 4055060 3878045
3809674 3903001 3813587 3922471
4029275 3938134 4062871 3905869
3907993 3913842 3885870 3987462
3782868 3925698 4004937 3666608
4021036 3925683 3937624 3803300
3834490 3907230 4024570 3607346
3986779 3928042 3904905 3861323
3923517 3963496 4046556 3846628
3940887 3902612 3993852 3860747
3976035 4000815 4077471 3775763
4046373 4015122 4089151 3905234
3922103 3858699 3869750 3725114
3846435 3984472 3885706 3966290
3928258 3931131 3836999 3709471
3974328 3962280 3890568 3934504
3901814 3859795 3902430 3809069
3944063 3973086 3870516 3920813
4011505 3907255 3917188 3793623
3988874 3972614 3945138 4011738
3977442 3891458 3817607 3951375
3806703 3905398 3862762 3894145
4007746 3819554 3910295 3991620
3839569 3854811 3871125 3876471
4092121 3883513 3956238 3967680
3850276 3845074 3874690 3784951
4163535 4019269 3993527 3985055
3924918 3889909 3896427 4010370
3729344 3863195 3845258 3752539
3796726 4018082 3927058 3906185
3814948 3968306 3870362 3833318
3797737 4073250 3989045 3946327
3853593 3910539 3867827 3710879
3884953 3995592 3912646 3922168
3796683 3934290 3841379 3783918
3858865 4004761 3963671 3939193
3699730 3822320 3978217 4006764
3859058 3816763 3836066 3744070
3861796 3801749 4071499 4131329
3880660 3936100 3961728 3766818
3922390 3758504 3993927 4050030
3863643 3913706 3975142 3868271
3833432 3772214 3978237 4020404
3864145 3922031 3913416 3837765
3829216 3861636 3957399 3777694
3787919 3893107 3848440 4008244
3987683 3855830 3967364 3885122
3907458 3989211 4016930 3991027
3929606 3862314 3984153 3856302
3823990 3913877 3950968 3897543
3966441 3944396 3959321 3795409
3748714 3902778 3858268 3932364
3782765 3884108 3952925 3731337
3887349 4025915 3951188 3820780
3861228 3972521 4053027 3798032
4060967 3960061 3924516 3988527
3900702 3978835 4048963 3781665
4066271 3877143 3970399 3865866
3909492 3898181 4022912 3722624
4062067 3929240 3793726 3939824
3963525 3821312 3839803 3722986
3933854 3945703 3823076 3852887
4037948 3872729 3826260 3866234
3973735 4107708 3929453 3916538
3839853 3960414 3861692 3777709
4003003 4050519 3944515 3892941
3941750 3973881 3824343 3724921
3900058 3980772 3838944 3900611
4046204 3801487 3985325 3968039
3818813 3827309 3885679 3837228
4057331 3857817 3977834 3931042
3924522 3931291 3870951 3858252
4014129 3864780 3916242 3906587
3853249 3916723 3953662 3853505
4011973 3846545 3960079 3903064
3767762 3918005 3847008 3882773
3850506 3827028 3722094 3638905
3777749 3915778 3860674 3855658
3910843 4011949 3928515 3801014
4008689 4097215 4081260 3932618
3813668 3921959 3892132 3747186
3909164 4032062 3921121 3936600
3769435 3842213 3828085 3591387
3843300 3991819 3832845 3811399
3806610 3713699 3910651 4000243
3745220 3887797 3858725 3713184
3983410 3869822 4056339 4181899
4068838 4032488 4044552 3906576
3898156 3811433 4091555 4081911
3956440 3994904 3914769 3817980
3881225 3718979 3884043 3937271
3830072 3824947 3822498 3722364
3909927 3732869 3929741 3735877
3765509 3828763 3822727 3791374
4034523 4018979 4056972 3946844
3795480 4009269 4006181 4075794
3992433 3972078 3999575 3892090
3829422 3971015 3924127 4019809
3824879 3651970 3939928 3796392
3752514 3869309 3816059 3863904
3788619 3886358 3951544 3634512
3945967 3899145 3848549 3822930
3999892 4009357 4086176 3885259
4193024 4114561 4158625 3990932
3885339 3995780 4066395 3778210
3998271 4025415 4050934 3884978
3854883 3809145 3943831 3635882
3915238 3804796 3917355 3757775
3915132 3880491 3742493 3726995
3937395 3911916 3748723 3766802
4030383 3942760 3917761 3939234
4117167 4090990 3996579 4034380
4016641 3948814 3912695 3781669
3927472 4013080 3910191 3915934
3888377 3797023 3774472 3747147
3919987 3913123 3783977 3847298
3926327 3786105 3908822 3788764
3814044 3771301 3735645 3774728
4112402 4043290 4127325 4024921
3945119 3947472 3982442 3949967
4120985 3833108 4036073 3912414
3836809 3882602 3806803 3914455
3970113 3900113 3870810 3857551
3808573 3775546 3771554 3846981
3935302 3969761 3934558 3822572
3919539 4092647 4020710 3945192
3781345 4011109 3912826 3751879
3875450 4101490 3950554 3906271
3829779 4026387 3939798 3707553
3856842 4182266 3937926 3878800
3755860 3919457 3781250 3706335
3802940 3978372 3950913 3870370
3933487 3931154 4068296 4124796
3910114 4021771 3985771 3760674
3882407 3836652 3923106 4069391
3995558 3985138 3920501 3757234
3873642 3723105 4059554 4105905
3912193 3895564 3979080 3849200
3834655 3725621 3928768 4053132
3826579 3882817 3822751 3751123
3959321 3957613 4056256 3964878
3995656 3976224 3867719 4028729
3962909 3944810 4035559 3851310
3791670 3948988 3931394 3939890
3933909 3903030 3993143 3901457
3799697 3914000 3914347 4012471
3814181 3812142 4026477 3853862
3808847 4001477 3884354 3893671
3961650 4039005 4076137 3718396
4137357 3983972 4079035 3908549
3855393 3843846 3972876 3771081
4012195 3971829 3908171 3906234
3859772 3970530 4012825 3710495
4037115 4032206 3956460 3845941
3875051 3952740 3934158 3674279
4042127 3933183 3867045 3822077
4024065 4058647 3862443 3872716
3960158 4062988 3947543 3990859
3914675 3934953 3822339 3782541
3935352 3967879 3913444 3908647
3960984 3980921 3867084 3743135
3951057 3969807 3978291 4008858
4001330 3836607 3767527 3701517
3928710 3955137 3863014 3850297
4148690 3900384 4019819 4027820
3915660 3921562 3923759 4040667
4006190 3888884 4010716 3962482
3854971 3969996 3937369 3901744
4097421 3906986 3934063 3851171
3910545 3880993 3901600 3887031
4019726 3887793 3907408 3912377
3810583 3876604 3879229 3871202
3942818 3968390 3991149 3881862
3939565 4140380 4044290 4015606
3872991 3946579 3894069 3769810
3824352 3986840 3966483 4005952
3962487 3997070 3921955 3867577
3938544 4113729 4035476 3969859
3783203 3870776 3877092 3686693
3826185 4040958 3887014 3862176
3944617 3846964 4133419 4162360
3995777 4035484 4013288 3837892
3843280 3835019 4036514 4103173
3871694 3931232 3947175 3778290
3932538 3866229 4093355 4136870
3942161 4051287 4049168 3907842
3835363 3713827 3957449 4037606
3814721 3870761 3892643 3658788
4048856 4005212 4197510 3978721
4021314 4077521 3998844 4115829
3971234 3946156 4044143 3867416
3775167 3935296 3946661 3985085
4090585 3981191 4022929 3920124
3843646 3958290 3998715 4070842
3796801 3938191 3876386 3879166
3777640 3842294 3850576 3906862
4043782 4036614 4119827 3764758
4111487 4088624 4100427 3981903
3861955 3964194 4016763 3638964
4022828 3933291 3932077 3826710
3925669 4003392 4060869 3791288
4125932 4016763 4089119 3971437
3890415 3864057 3958539 3704208
3977383 3966046 3977072 3761917
4080945 4031919 3973975 3901085
4052959 4067334 3978938 4113843
3898929 3909205 3857832 3725592
4037724 4033024 3859563 3950020
4014164 4015521 3925251 3816455
4036028 4136793 3900455 4012129
3932992 3942928 3730601 3769847
3832793 3909037 3895104 3905649
4218668 3953122 4082652 4053787
4031334 3930359 3937531 4083721
4028524 3903677 3889104 3993950
3853792 3917508 3915251 3917384
4116582 3945563 4005858 3975577
3875684 3939729 3946289 3934237
4043033 3853383 3918909 3922872
3825291 3843041 3797036 3876701
3745753 3856646 3801801 3684378
3818989 3919080 3853978 3865693
3704828 3827238 3753112 3649452
3788179 3995989 3934446 3784872
3912023 3940496 3988394 3760840
3907672 4113459 4058482 4031542
3788196 3909407 3768096 3648245
3813681 4007721 3898869 3882617
3828788 3730802 3914015 3965898
3794518 3844423 3936677 3699944
3793196 3751624 3820647 4000953
3768504 3885891 3813553 3718628
3894123 3842201 4090341 4159682
3930479 4001089 4036424 3819422
3804384 3857679 4006630 4049907
3816803 3926714 3844875 3780842
3749247 3840150 3855309 3752311
3759457 3852123 3856415 3901741
3800870 3875091 3893700 3784726
3789523 3820957 3794404 3852633
4025127 3953064 3973592 3935717
3920384 3871915 4009465 4006966
3908120 3818121 3955073 3863682
3792973 3862857 3854150 3833470
3836742 3851974 3995983 3577816
3962590 3919866 3879929 3776439
3838659 3825531 3866190 3664820
3921618 3875027 3915187 3782739
3875017 3964137 4025822 3710147
4041674 3990414 4075231 3895884
3877038 3938497 3858803 3643132
4012492 3878534 3921095 3822532
3831240 3875404 3769187 3715449
3830240 3886330 3845289 3839595
3881118 3852378 3688492 3714371
3794473 3914223 3791553 3831275
4065521 3938071 3890832 3785566
4017080 4028747 3955677 4052440
3819235 3791024 3778030 3662358
3887771 3963505 3929363 3874159
3949597 3814652 3894162 3896698
3791583 3881659 3789665 3817617
3894471 3826815 3942976 3812463
3762409 3822329 3732337 3734682
4195469 3925472 4018952 3990135
3936451 3938341 3929065 3991103
3987164 3806458 3938459 3909631
3863708 3852922 3843301 3823497
3851261 3804857 3893992 3649814
3818040 3986847 3784633 3848918
3581977 3712156 3714246 3628698
3659597 3911124 3807475 3730244
3802477 3970320 3951211 3701397
3908048 3991122 3865125 3897532
3818432 3878267 3894810 3683641
3839249 4027985 3986826 3866943
3839899 3787773 3976630 4020735
3830975 3872713 3869336 3780720
3737377 3611150 3846236 3956973
3770538 3750263 3733863 3695696
3888641 3855424 4062610 3978127
3870868 3860699 3947723 3842930
3803342 3741943 4076580 4024262
3875099 3888364 3958085 3818127
3873519 3880136 3944602 3828481
3769875 3900327 3891056 3865663
3770749 3715342 3834924 3700530
3653407 3781651 3745627 3747923
4034760 3824600 3943904 3878034
3870335 3943602 3920754 3940027
3904880 3889941 3917183 3795907
3780438 3874971 3893272 3877639
3823263 3940041 3953606 3757379
3996425 3836440 4000623 3801441
3732908 3830739 3857065 3597213
3922730 3774580 3785592 3728149
3936656 3897425 4073666 3705910
4000157 3913014 3951940 3797515
3819095 3845289 3919732 3645708
3944479 3840479 3897376 3864220
3857185 3862635 3793580 3769569
3962653 3973499 3842800 3875246
3893125 3707298 3712127 3633024
3739170 3868109 3674269 3855741
3959515 3915358 3788843 3800508
3963609 4021197 3917880 3898345
3967795 3863121 3924565 3807334
3907553 3946273 3833408 3932237
4012534 3868657 3965559 3943864
3783300 3788177 3751921 3819417
3957945 3698785 3841547 3856664
3733050 3713160 3717601 3767751
4051639 3807744 3964813 4004158
3842189 3931140 3793019 3877275
4003688 3836954 3917426 3913407
3727120 3792419 3800578 3789518
3883376 4003475 3745487 3815769
4041943 3930742 3814388 3682231
3779741 3942151 3739310 3760413
3876118 3812176 3719131 3763122
3980847 4025592 3813439 3937746
3954634 4026237 3832096 3690804
3990188 4006104 3833231 3895431
3936507 4005217 3908556 3676284
3833251 3965589 3924820 3835042
3788324 3604700 3701817 3850093
3836291 3932396 3876088 3767004
3657340 3711238 3632883 3679328
3861592 3992569 3931514 3723472
3786224 3686305 3702267 3833806
3908094 4061637 3938617 3888526
3889237 3703558 3733405 3924347
3716863 3666456 4041806 3807936
3918213 3903389 3758971 3854201
3644087 3674818 3967610 3788701
3832376 3788306 3666556 3759158
3696404 3726327 4035180 3930349
3956876 3934435 3796579 3845986
3770090 3703638 4108461 3930870
3968013 3889478 3829657 3836089
3768276 3794732 3939024 3792413
3921753 3867004 3762993 3814321
3746421 3754144 3740892 3724316
3869189 3879789 3669403 3675080
3855324 3835324 3854908 3784827
3919135 3936731 3713422 3816419
3877285 3815778 3892786 3814890
3970972 3909367 3746066 3774925
3806975 3867525 3843397 3872124
3717642 3870224 3865555 3754879
3752420 3886365 3576154 3718167
3629010 3740821 3745964 3738079
3829860 3978744 3712704 3848697
3752306 3931228 3861891 3800725
3922094 3993553 3746135 3809180
3781381 3896337 3939539 3797237
3698467 3929877 3954827 3878442
3885941 3775980 3842292 3859593
3584118 3859980 3753292 3734642
3852794 3792650 3729896 3767853
3712859 3903754 3955664 3880463
3938771 3881977 3923822 3835428
3742271 3900235 3967835 3882341
3947321 3815883 3913398 3894587
4052656 4123705 3927512 3978453
4197349 4017574 3935369 3850669
4025314 4166360 3871216 3986385
4162276 4013972 3964639 3729188
3967320 4078731 3811891 3896375
4081949 3966384 3855800 3765837
3896831 3940193 3791353 3762288
3945278 3909305 3762218 3649202
3943454 4099853 3962279 3887444
3936064 3820330 3812087 3897524
3884630 4073900 3932857 3837918
3894957 3746264 3830013 3920590
3869941 4011796 3924619 3882375
3910363 3768522 3794249 3899194
3803982 3873846 3841586 3721362
3835553 3703616 3595749 3823764
3873741 3816406 4081102 4037470
4162424 4030899 3895591 3965494
3799777 3798859 4039087 3973450
4136099 3923010 3784131 3870444
3882234 3780690 4110670 3909234
4038653 3900745 3789565 3924800
3678737 3685247 3939483 3884099
3948554 3829015 3793929 3896740
3937467 4010786 3881373 3904937
4053585 3992632 3864499 3910754
3892111 3911529 3949143 3927147
3992033 4038539 3807346 3927574
3855175 3868432 3791700 3828288
3978040 3970474 3886476 3804134
3744811 3757916 3831906 3756077
3969547 3851887 3683600 3783835
4029276 4063092 3866469 3931017
3840722 4048047 3983298 3869068
3885253 3954498 3832356 3966453
3757540 3887700 3915890 3844944
3906890 3959687 3798577 3879650
3790267 3866533 3928155 3881003
3798048 3949368 3858273 3848082
3731509 3821472 3894245 3791830
3815707 4076803 4065669 3979892
3983734 3929147 4003920 3960608
3832175 3981358 4093312 3868818
4014646 3885337 3874860 3904644
3763002 3963304 3972916 3887965
3940884 3891472 3918926 3852143
3686394 3811142 3942196 3813482
3931914 3854522 3693414 3774627
4039087 4044213 3822880 3867901
4002501 3989717 3787239 3714644
3989655 4039711 3864750 3809627
4014225 3900070 3786514 3715955
3951420 3884348 3761823 3711160
3892288 3844775 3785509 3654744
4020006 3924818 3819395 3921932
4059082 3946480 3869490 3757031
3922289 4010942 3877345 3824277
3811409 3757425 3778114 3860462
3971049 3974176 3896730 3823189
3923789 3710231 3721532 3911610
3776937 3925487 3836455 3729356
3795301 3610253 3591007 3790982
3852699 4084431 3892370 3811905
3876166 3838682 3725033 3860149
3761561 3776320 4089304 3903054
3979932 3890871 3844186 3927207
3764433 3685803 4032744 3879192
4031034 3863433 3801862 3908841
3778022 3680381 4013037 3847220
3876611 3884940 3773691 3817295
3854700 3712741 4084139 3858033
3979018 3889846 3790548 3857733
3805893 3827241 3786035 3817627
3967041 3977928 3760016 3840101
3818596 3876262 3834477 3778023
3974546 3919429 3769120 3882082
3716717 3838929 3792070 3710329
3846782 3818741 3714261 3741970
3809737 3849974 3922981 3870600
4009926 3914153 3755303 3816854
3874882 3918438 3785375 3762895
3739971 3872281 3878298 3826801
3852789 4002613 3777944 3844547
3818527 3928885 3964130 3829613
3768870 3847787 3692476 3761714
3716392 3889540 3830757 3813539
3863396 3947311 3806328 3879548
3697528 3923893 3806234 3754278
3770232 3935451 3968949 3939016
4021896 3941929 3964239 3940773
3798440 3904409 3911132 3814663
3886174 3900506 3902522 3885901
3575546 3878304 3827986 3828474
3866324 3900090 3879670 3884755
3693790 3926578 3865753 3950234
3953996 3784015 3906669 3838190
4051585 4149121 3939483 3982209
4008593 4074626 3857580 3857937
3955300 4067125 3787240 3915955
4007006 4047351 3841412 3748890
4154554 4183500 3968877 3921538
4082947 4078191 3913903 3845342
4039902 4058539 3940489 3793738
4048890 4071640 3958443 3871371
3964918 3997628 3962747 3826306
3870904 3803718 3773279 3966587
3927316 3983166 3857742 3835747
3932127 3757196 3725277 3874722
3984805 4107167 4056018 3815631
3937509 3866624 3826179 3934667
3941412 4009948 3983756 3904757
3949731 3792933 3705698 3914790
3743787 3780473 4109503 3999352
4093289 3963946 3856484 3924676
3780725 3749447 4042090 3898914
4022532 3898190 3893023 3967685
3766006 3850929 4062669 3987320
4112424 4006551 3924933 3900525
3785987 3722066 4185570 3931957
4035153 4045979 3871438 3970614
3856652 3928604 3999878 3875198
4072255 4019214 3851116 3978568
3841539 3871838 3820505 3882834
4010961 4027514 3893466 3847425
3979544 3970683 3918960 3960337
4060971 4049376 3902348 3905167
3902447 3861227 3855285 3876769
4019660 4053181 3884188 3907610
3927936 4019758 3875410 3814862
3737800 3954644 3930658 3863060
3902173 4010906 3843030 3901802
3825590 3992336 3870433 3886348
3994374 4093321 3930478 3996597
3953482 3964227 4020170 3801295
3854820 3977692 3935027 3905368
3864628 3945640 4008990 3853757
3757419 4002779 3961639 3972071
4011599 3925882 4002243 3966002
3797070 3924985 3944328 3923029
3984023 3918775 3935374 3890450
3901824 4005581 4102327 3977374
4084293 3970163 3969336 3925592
3787511 3944005 3985138 3924272
4006324 3969655 3949527 3965005
4027937 4103708 3875197 3946553
4118930 4004494 3903322 3817543
3908071 3993864 3812390 3826320
4057191 3838644 3735953 3705421
3917175 4036599 3784461 3890677
3964405 3982989 3796302 3798191
3866847 3986524 3838595 3825642
3984908 3849763 3838154 3636281
3853330 4092363 4055587 3882935
3943513 3796688 3808259 3989557
3873510 3945640 3846293 3747948
3790681 3635977 3583546 3897718
3848707 4026936 3890250 3782606
3892955 3746302 3751218 3822969
3848382 3937129 3868202 3703088
3835128 3726174 3706743 3810798
3802727 3733394 4126156 3970061
3966974 4038890 3839443 3836757
3643955 3606410 3955133 3855141
3948966 3900806 3775874 3804490
3760432 3697821 4012664 3904986
3927886 3913528 3750307 3833809
3655756 3711243 3935225 3765130
3917072 3926630 3765454 3747202
3869631 3967847 3906342 3974998
3949306 3975219 3803984 3929122
3797088 3827909 3786454 3745974
3876031 3837084 3790808 3818093
3891183 3890162 3839796 3793248
3935816 3986772 3751671 3827178
3799391 3856576 3783814 3808670
3835231 3841685 3675674 3829495
3947749 4070866 3885565 3957780
3832355 4042871 4055855 3790707
3820194 3912436 3677898 3811567
3571896 3821360 3906783 3802285
3826527 4007828 3767344 3827570
3844337 3852832 3872324 3825527
3806048 3825377 3729329 3735890
3720953 3832805 3841216 3733180
3750014 4041408 4079409 3948299
4002601 3908466 3921678 3906649
3669140 3890700 3836685 3845767
3883116 3766058 3841200 3801157
3737257 3928678 3923812 3837246
4047894 3858518 3821134 3850397
3568912 3904874 3880808 3809646
3926035 3819966 3838312 3797523
4104748 4085260 3946168 4061094
4107369 4131109 3930292 3851478
3983724 4018416 3864439 3912438
4043179 3966454 3831579 3741606
3917728 3963056 3858843 3810932
4030953 3900652 3923116 3728662
3956687 4002404 3752854 3886152
4043453 3993216 3913285 3734059
4021281 4114187 3906394 4010136
4036705 3777779 3736637 3892788
3942580 4091120 3930085 3849539
3905429 3675205 3813045 3891983
3888808 3978613 3880075 3798883
3885943 3720435 3584383 3902656
3895374 3980604 3913819 3729533
3958898 3803259 3697642 3867883
3873597 3854663 4181969 3981407
4063882 4000638 3881879 4004987
3805272 3754125 4107561 3885519
4028010 3925382 3870455 3827053
3622436 3762191 4016239 3961771
3935446 3909978 3781738 3859306
3814008 3807728 4034895 3910470
3994209 3973485 3864988 3820397
3935243 3901991 3992816 4083563
4066498 4031013 3885709 3954555
3803142 3845450 3942104 3854572
4000778 3989856 3831368 3871045
3867112 3799003 3871714 3800497
3887553 3906629 3723104 3835792
3842526 3875672 3854408 3857791
3900317 3937158 3775990 3896401
3992703 4098014 3935390 3959938
3831682 4032222 3983945 3866065
3937797 4078312 3874820 3798123
3731878 3925834 3930472 3806947
3859378 3954359 3781990 3778692
3713500 3894061 3887008 3790355
3889556 3925631 3786325 3787134
3800638 3913931 3869679 3841451
3871618 4010901 4029539 3982544
4080153 3963972 4004928 3949651
3739029 3960891 3961000 3930037
3815098 3950400 3918627 3921202
3735182 3924079 3904108 3847347
3869472 3878240 3923717 3818158
3740941 3977075 3974690 3907103
3953901 3900895 3915875 3908225
4112349 4121580 3896954 3974795
4092908 4007473 3935231 3820107
3852640 3946990 3733058 3867561
3963193 3836791 3739045 3700913
3892330 3947695 3685039 3748238
3936441 3816770 3745295 3715346
3888403 3913383 3795543 3832719
3942886 3893446 3833156 3765554
3928966 4113356 4023749 3914667
3971834 3820567 3788419 3989601
3819652 4042736 3800968 3649540
3845455 3637814 3635119 3887115
3826122 3862492 3789705 3739868
3800100 3668543 3638813 3792461
3873118 3946046 3878841 3792260
3769221 3664340 3639239 3863483
3887581 3831169 4125220 3953986
4023196 3969566 3831388 4012271
3727370 3633093 3914187 3821273
3870522 3929488 3748810 3772779
3643702 3737485 3946606 3818581
3927369 3896122 3750622 3713413
3699092 3726958 4004340 3843138
3995434 3873496 3686454 3872071
3941313 3974590 3984357 3917870
4093554 3981167 3891576 3948605
3746792 3767829 3721250 3746015
3934841 3901039 3756772 3873728
3795608 3760151 3801477 3739764
3942120 3777042 3706764 3729436
3870184 3784144 3818711 3836024
3806946 3814453 3688557 3792746
3980894 4080862 3900053 3901031
3876156 4015596 3919840 3887490
3778138 3837142 3695354 3744115
3697240 3846819 3839174 3794135
3758457 3875634 3694338 3756316
3673018 3867573 3824780 3735302
3863758 3936571 3724669 3764310
3705744 3945722 3840125 3715303
3831851 4067818 4094373 3968883
4088834 3977213 4044178 3990988
3692728 3864692 3883091 3828561
3888190 3837624 3837169 3779212
3708433 3818717 3931412 3816496
3805603 3766291 3809692 3824702
3714528 3850062 3866307 3847708
3881267 3800570 3849891 3861291
4082015 4129956 3882671 3967965
4202916 4048341 3945938 3795076
3850838 4028713 3722078 3821749
3901355 3835938 3845334 3709462
3957507 3977977 3792914 3872869
4067968 3989881 3790310 3698671
3820581 3880385 3741159 3810026
3946305 3860379 3781045 3606695
3967469 4030730 3929562 3838269
3969675 3762544 3675988 3864609
3816314 3873914 3822381 3738711
3783167 3637656 3702499 3801663
3858358 3905336 3925093 3780790
3826381 3678839 3717208 3894839
3765529 3851296 3845552 3705470
3753091 3661346 3626816 3782413
3845879 3835471 4115683 3937628
4080564 4038140 3875986 3860671
3666717 3687193 3944268 3845184
3973234 3955529 3722560 3830281
3683384 3741075 4070324 3838694
3946742 3875148 3758950 3857437
3652563 3693999 3892549 3719676
3833329 3857428 3763129 3821019
3934602 3961890 3792166 3871400
3934850 3997934 3710641 3898054
3813964 3765871 3757774 3766202
3897052 3899348 3755453 3675674
3862168 3862580 3852610 3810831
3990211 3906786 3793921 3766796
3726314 3693811 3685485 3756026
3859812 3833884 3620202 3674187
3931672 4025488 3831455 3846791
3796518 3890975 3927959 3868466
3801207 3974434 3766247 3726501
3715534 3838585 3902212 3725514
3815856 3963009 3787069 3840368
3760170 3920610 3950844 3723543
3741641 3914219 3716498 3727084
3682030 3773773 3794227 3759445
3777319 3983521 4037312 3957836
4059926 3975710 4022364 3925832
3736601 3786496 3831703 3844250
3922652 3822790 3798880 3765872
3697590 3907725 3957848 3885819
3899670 3842876 3823695 3817352
3659203 3853062 3829432 3715217
3846780 3784292 3853771 3729483
4035817 4141828 3916915 3916161
4091008 4024747 3886362 3814232
3895933 3908462 3732673 3740659
3888138 3805062 3781027 3687404
3899109 4001340 3764155 3750529
3908388 3887467 3723001 3605766
3936050 4005233 3808185 3852014
4013684 3946362 3848990 3689660
4002914 4116058 4000190 3847406
3964434 3749993 3761516 3942234
3785880 3941591 3793589 3773673
3821342 3647337 3681339 3751433
3732847 3886021 3758746 3670165
3896728 3599679 3585245 3725979
3840104 3955941 3887698 3812500
3857269 3800807 3654287 3847456
3790285 3866865 4135828 3965098
4139905 4064479 3914607 3888483
3622067 3659296 3891319 3835356
3835635 3813899 3808931 3785191
3585937 3664903 3959477 3817529
3891621 3794678 3681204 3736187
3687698 3708127 4058583 3988595
3974530 3890931 3815786 3811977
3952445 3936420 3854846 3976958
4125131 3996183 3932480 3903776
3723484 3788111 3749323 3787123
3872298 3832017 3740410 3723500
3747799 3801243 3756462 3731402
3811184 3865524 3672450 3677609
3795003 3812283 3773338 3740820
3999599 3957530 3855988 3852736
3980130 4072635 3831934 3957253
3864250 3943588 3953874 3946401
3766422 3874486 3635403 3683756
3654434 3786928 3833164 3703590
3778297 3941483 3696754 3709745
3694023 3825762 3820578 3692940
3827003 3993049 3841837 3774459
3733517 3882893 3894242 3858767
3909310 4080266 3926763 3896281
3943236 4019262 3926570 3965096
3714750 3854596 3819701 3754153
3796329 3878231 3740354 3716280
3680500 3824727 3842754 3743216
3800319 3795129 3814794 3781640
3757994 3903027 3942563 3877756
3950276 3883782 3881790 3864790
4031163 4193333 3898983 3889613
4096965 4054402 3965659 3872763
3963681 3988309 3802843 3787757
3938303 3973563 3758669 3774018
3942016 4027278 3716895 3882293
4130910 3982567 3936113 3729166
4063040 4092295 3903971 3976824
4131751 4059007 3882420 3828430
3948857 4130444 4010475 3913516
3944663 3846432 3827895 3941309
3912591 3985372 3932451 3785446
3778373 3751899 3608562 3919756
3915652 3985660 3877782 3737056
3807883 3653010 3632406 3821438
3944274 4041588 4000014 3814045
3910048 3807236 3794122 3973149
3833403 3803145 4201588 3974978
4042911 4025608 3892965 3947487
3635438 3707676 4009468 3898979
3967963 3944384 3812987 3828064
3829367 3728757 4042037 3845665
3938647 3859548 3778077 3893129
3834444 3877648 4172606 3946635
4009918 3958665 3867466 3996221
3914734 3910524 4002502 3961827
4086596 3990079 3740841 3845488
3741782 3826623 3815901 3750718
3972111 3895393 3730438 3853595
3897774 3810023 3921996 3818167
3920007 3894257 3836672 3805599
3939864 3926818 3915465 3871719
4053990 4035088 3856405 3954935
3996985 4108247 3855078 3939504
3849370 4020306 3981203 3893340
3784209 3954721 3745566 3803472
3732548 3947231 3915699 3856569
3796585 3876191 3789720 3864943
3793408 3972848 3874247 3750553
3906997 4097276 3876963 4005731
3811601 3948034 3979010 3896370
3841819 3991765 4124724 3958324
3960076 3937907 3926284 3815717
3659785 3902861 3942402 3858054
3891593 3941783 3890782 3882047
3813501 3903565 3995951 3892962
3885252 3862356 3843957 3828535
3867093 4011606 4035878 3897839
4097273 3897176 3938939 3868745
4046002 4128825 3926244 3958823
4124053 3989103 4005126 3913873
3906043 4018996 3871987 3824207
3998693 3936332 3878203 3738258
4041397 3947701 3863627 3882318
4075635 3912593 3807730 3713674
4076206 4088522 3947514 3980801
4106017 4097535 3943815 3768529
3999526 4102620 4029686 3895215
3878913 3885372 3762802 3969540
3816287 3987762 3891380 3732425
3754727 3670849 3713733 3901107
3871597 3987864 3809930 3796589
3857418 3722698 3770387 3866599
3983760 4047673 3996636 4008795
3844693 3886317 3787797 3985169
3774367 3810384 4167415 4038560
4087875 3962700 3898493 3922161
3732032 3756039 4032266 3938627
4007288 3908389 3841688 3866526
3748544 3783581 4057746 3939453
3956262 3972214 3858097 3853458
3839978 3869766 4190818 4008036
3994691 3959650 3859093 3952215
3963124 3869578 3988293 3966172
4067902 4015956 3840859 3877048
3794611 3828381 3788301 3773170
3952767 3918111 3835462 3783098
3876726 3890890 3795961 3838209
4000624 3991235 3800241 3893398
3930239 3925440 3959457 3866971
4100009 4116154 3840082 3909815
3882756 4062815 3854879 3934995
3869195 3956907 3995524 3869305
3964373 4002837 3795313 3857818
3736054 3939618 3814360 3789914
3914829 3973714 3801531 3853717
3779301 4010344 3894175 3784628
3922629 4030430 3912429 3899645
3795102 3987351 3939362 3804541
3901055 3958002 4001414 4055457
4036391 3988372 3972618 3907582
3740986 3997467 3950044 3854371
3913148 3867237 3833536 3917959
3769161 3988005 4036033 3796174
3967932 3817861 3895209 3856485
3758481 4025331 3975678 4007664
4026400 3938678 4049277 3921553
3853620 3897365 3694691 3802473
3919965 3851304 3734527 3637284
4048015 4024044 3826988 3905144
4068025 3994370 3804220 3804498
3909329 3895232 3799467 3744737
3989703 3968934 3741398 3604554
3956415 4084858 3943225 3933090
4095984 3984523 3974551 3802633
3768247 3865623 3879741 3631368
3735866 3621182 3603543 3703657
3861149 4090787 3941502 3852377
3960302 3749630 3729392 3973023
3917573 3949196 3859930 3665866
3813457 3631101 3559823 3766031
3988816 4013843 3984885 3899086
3903529 3789358 3844306 3852373
3637283 3651273 3872640 3805360
3892516 3810744 3672105 3700121
3846240 3839421 4085891 3978188
4062522 4007933 3869059 3864930
3643842 3720969 3985027 3843388
3956167 3860257 3774334 3764641
3789135 3807790 4019106 3933497
4088297 3918364 3946095 3904945
3737567 3774248 3671113 3737920
3898364 3822156 3694497 3721479
3878537 3921095 4003634 3880753
3921029 3994653 3841988 3864775
3762341 3734144 3748310 3798818
3871140 3840579 3648198 3754838
3835207 3869450 3972028 3830622
4051643 4053318 3747166 3918552
3797310 3936577 3698771 3751961
3690375 3795653 3789118 3738336
3925246 4020559 3825156 3912780
3735799 3948897 3972364 3869714
3791188 3848973 3665109 3745843
3718451 3818035 3785048 3740342
3891934 4078632 3867778 3943406
3801389 3943336 3934626 3848209
3605866 3780894 3787473 3822518
3753805 3765088 3828504 3699438
3756560 3949445 3939569 3924289
3940499 3931912 3933785 3928220
3661760 3917301 3947712 3808152
3828889 3826320 3804997 3916744
3754294 4018827 3957053 4003354
4002602 3886167 3928367 3893300
3818564 3911726 3799759 3890901
3919093 3866271 3849478 3879073
3917581 4077379 4049446 4004078
4122579 4042976 4036477 4099583
3815552 3978223 3854393 3819796
3963639 3900211 3908277 3833101
3724677 3845247 3734859 3760227
3908358 3785189 3887998 3821747
3785956 3713855 3828667 3914927
3889485 3918316 3844405 3805189
4060884 3891580 3985900 4055420
4070749 4069618 4008416 4008782
3908912 3774867 3810684 3904229
3887841 3915216 3915484 3829581
3742468 3663491 3702035 3807909
3756856 3880954 3806130 3732814
3816893 3772194 3921637 3793384
3765098 3696583 3895289 3784368
3934837 4006736 4114781 3913638
3993487 3831528 3966928 3957630
3781939 3915615 3945833 3797616
3806303 3711138 3792958 3774794
3669646 3820706 3803899 3800151
3792620 3635038 3815873 3675910
3801548 3832416 3734191 3902206
3872134 3742833 3776728 3832767
3985205 4035740 3989229 4143156
4123518 3890003 3843655 3986327
3808812 3791842 3757253 3881681
4006742 3629311 3686040 3855670
3865289 3785606 3754386 3913238
3866668 3692277 3641776 3795402
3826069 3835211 3856256 3970824
3948431 3857595 3829631 3900372
4120215 4021814 4070867 4157571
4125868 3989575 4096169 4096836
3877002 3961506 3873530 3962360
3942430 3901755 3776033 3902339
3764960 3842513 3844811 3923958
3840685 3821034 3819622 3919046
3800460 3960968 3901644 3806950
3804866 3835493 3838117 3759813
4089424 4039371 3998953 3949556
4058349 4142869 3984075 4005846
3947312 3880500 3861611 3745311
3843072 3939928 3982449 3902845
3863423 3924873 3802165 3729508
3760639 3866528 3892370 3709273
3820433 3995209 3876771 3880645
3980773 3988644 3941868 3886542
3878244 3980908 3911842 3946990
3940275 3929639 3917821 3963917
3790478 3885453 3710182 3842534
3868128 3876035 3865681 3860075
3829403 3938053 3776944 3872552
3949974 3813802 3940097 3850278
3902448 3842139 3852588 3951424
3960929 3999296 3882528 3881452
3929004 3860206 3878738 4008096
3919223 3928473 3851146 3927149
3875287 3783189 3832051 3886121
3818665 3959803 3772874 3828690
3852477 3744125 3698000 3867877
3908643 4026242 3871832 3862217
3833458 3877752 3956328 3878771
3846405 3711127 3866650 3816398
3832730 3843480 3977528 3816054
3770956 3692171 3913133 3791121
3791280 3829542 3937582 3744934
3760163 3649485 3861462 3690358
3807537 3863659 3967828 3756241
3853286 3672254 3880092 3786036
3911511 3874096 3843650 3905019
3989861 3843957 3775501 3859219
3931110 3866093 3797090 4024652
3975304 3738353 3695306 3848116
3791258 3773043 3720759 3856463
3936524 3773595 3684919 3830164
3881804 3834839 3834856 3956705
3938526 3731550 3763317 3779567
3859313 3813766 3885478 3921485
4050425 3883547 3821890 4001457
3872421 3923903 3973964 3888150
4003882 3935671 3839367 3956883
3765491 3849193 3824033 3943725
3885043 3824895 3762705 3943205
3877335 3923920 3890457 4026026
3960880 3867590 3842056 3854114
3898848 3952430 3943008 3844741
4005614 3995462 3903417 3896384
3877186 3893605 3989503 3832225
3955429 3994389 3931606 3859680
3854100 3865619 3863366 3773290
3813734 3866285 3749554 3814203
3838621 3930954 3951559 3806401
3956009 3978486 3909892 3832679
3910988 4009286 3894618 3874115
4048966 3958509 3984346 3919626
3724874 3941029 3834854 3900705
4030896 3848106 3971793 3923457
3832466 3920542 3800612 3861588
4006345 4008543 3848032 3895329
3856357 3964809 3807249 3910868
3975664 3985639 3947734 3910805
3855265 3818704 3861871 3881721
3990985 3967801 3864837 3895875
3914980 3737279 3877464 3973687
3857355 4000764 3875042 3785964
3836018 3739150 3860122 3889431
3891822 3894733 3861917 3789402
3942399 3829229 3857079 3942041
3942311 3972535 3886482 3850694
3847113 3900545 3980872 3821241
3772195 3759321 3950238 3875614
3928390 3998223 3924686 3883006
3926692 3757187 3946726 3796518
3866559 3879355 3954718 3803599
3780125 3672727 3874503 3677979
3892869 3890326 3916564 3898545
3817930 3685179 3910724 3856842
3881245 3869047 3828988 4027026
4019236 3889815 3793700 3961166
3979562 3875995 3817557 3990095
3985866 3811711 3680184 3743949
3872295 3885777 3709694 3926659
3937313 3739774 3741992 3846541
3879761 3871438 3827256 3949399
3941388 3769232 3763648 3835813
3870287 3911770 3945665 3968741
4018993 3925755 3891315 3958941
3835951 3905810 3903047 4025515
3939829 3910329 3786068 3952026
3881103 3930379 3942115 4082694
3979637 3935265 3851470 3941564
3885972 3901441 3879630 4033446
3984299 3946306 3807867 3943395
3905683 4032293 3915574 3808661
3915225 3980321 3963797 3935269
3903191 3869483 3889284 3776198
3928444 4000168 3928895 3855545
3924767 3896952 3898784 3837058
3883617 3884625 3944764 3831675
3913876 3933456 3903184 3816667
3888733 3933490 3910542 3782898
3718860 3869166 3815894 3893689
3955226 3931987 3899725 3872799
3746995 3768725 3663024 3729141
3879633 3762976 3713219 3685813
3848335 4071060 3896429 3904216
3933746 3937626 3854471 3902010
3665295 3789782 3703929 3745646
3830135 3809916 3809432 3820992
3845426 3758977 3756871 3909125
3879248 3914394 3837353 3829382
3773808 3609229 3713543 3789338
3840682 3790689 3739501 3631220
4014473 3739937 3866781 3941448
3936364 4004650 3941779 3901293
3750994 3623011 3638614 3775031
3761418 3779931 3680930 3834254
3792075 3868455 3848081 3775090
3867924 3610720 3870360 3712442
3676819 3693917 3867584 3649301
3677600 3600768 3866036 3705853
3877836 3887214 3958200 3824120
3824680 3702607 3991350 3783543
3689111 3711553 3860358 3729235
3746505 3551070 3778597 3690089
3892252 3862173 3859219 3919715
3933273 3646409 3674945 3770489
3816108 3783496 3620832 3780076
3822912 3641385 3607180 3664850
3948195 3908177 3829607 4081494
4023026 3755552 3784941 3895609
3734367 3725528 3691492 3823769
3885780 3697954 3555481 3677206
3864306 3859232 3907312 4012540
3982302 3913653 3857440 3914431
3829720 3692970 3775089 3827965
3849515 3767355 3707727 3776303
3892564 3973711 3889260 4008665
3951375 3904400 3957032 3941544
3703613 3749093 3770021 3831031
3803801 3790865 3759461 3788884
3932411 3918218 3879690 3778538
3830740 3940718 3838986 3778273
3845449 3784625 3728306 3657107
3757985 3818652 3762282 3724044
4011012 3964077 3953527 3887261
3916483 4019336 3969415 3816561
3755652 3804517 3693025 3709069
3730087 3748161 3695153 3753270
3847455 3974819 3809476 3940389
4073120 3962551 3939742 3889629
3747977 3948504 3868202 3837245
3930240 3927644 3863215 3830393
3713113 4003328 3833057 3817255
3963430 3864879 3921145 3889764
3740431 3896784 3800664 3753007
3904741 3854565 3823486 3796127
3944558 3819492 3846034 3975438
3977095 3975477 3913151 3830161
3901587 3834899 3803700 3949984
3874311 3922957 3893688 3858817
3809705 3777008 3877975 3903258
3902835 3939596 3911938 3879186
3788539 3765069 3719589 3809412
3877814 3877068 3804275 3862675
3758760 3934006 4043751 3907949
3847855 3742045 3923278 3905192
3853501 3791135 3989043 3852375
3904623 3659072 3910571 3771174
3761443 3871803 3930745 3846087
3856606 3718775 3917110 3793079
3774320 3902655 3880126 3821148
3764808 3683235 3833997 3711347
3941924 3900482 3858668 3990545
3954501 3811671 3773347 3902031
3873255 3807050 3750444 3915218
3954057 3713053 3771769 3850108
3934095 3883207 3813364 3879398
3967453 3745956 3739009 3909938
3761717 3777117 3737947 3848757
3874601 3690395 3655931 3767864
3964537 3905213 3978960 4064831
3895130 3902737 3836683 3941968
3812485 3901555 3869206 4072862
3927423 3802418 3846691 3949717
3842744 3888284 3957699 4011535
3951071 3873344 3784027 3917047
3833586 3904724 3833573 3920863
3911668 3869097 3799122 3915156
3988839 3894813 3955059 3831935
3936309 3950810 3926233 3909797
3962165 3957352 3898998 3804602
3900758 3904772 3935198 3799165
3983853 3928661 3882951 3792649
3843241 3955739 3874826 3874531
3873692 3839468 3792859 3771228
3861310 3809157 3887525 3765679
3846279 3925974 3780010 3864810
3886912 3908703 3866727 3886213
3663046 3835096 3707773 3712800
3892437 3747947 3809737 3812838
3810739 3906183 3712302 3793190
3941482 3779801 3856917 3806242
3777114 3972607 3887813 3922576
3938506 3905965 3885418 3908151
3852195 3803194 3791489 3889647
3910408 3921822 3835986 3815367
3759497 3648140 3717043 3813786
3725105 3890222 3736966 3738939
3865560 3766001 3760707 3789901
3874853 3947818 3803849 3847734
3874746 3849958 3768511 3928995
3974199 3941309 3893668 3911464
3818740 3925387 3936474 3853883
3885556 3757228 3916781 3747582
3756765 3850870 3842197 3766609
3784306 3616262 3822001 3760370
3749025 3756174 3902551 3824968
3834302 3707707 3901824 3785935
3849852 3939537 3942446 3808973
3861511 3743619 3920553 3822067
3874254 3792029 3785834 3892894
3922108 3652085 3767449 3840951
3782744 3753812 3730042 3739892
3824475 3649570 3602798 3673584
3822625 3831465 3797045 3926957
3949490 3775373 3697820 3845523
3843768 3828565 3809591 3911207
3915909 3813526 3814101 3873873
3865690 3858362 3917156 3914118
3945908 3904903 3792876 4016009
3719689 3764767 3842722 3914643
3860316 3801299 3681715 3779948
3834892 3850128 3819686 3874759
3893020 3831459 3794890 3874917
3870955 3898537 3911131 4029560
3901757 3879737 3869646 3968812
3840193 3841372 3799850 3824279
3894664 4001891 3817896 3848802
3716440 3830631 3730243 3724874
3689179 3815527 3737844 3743842
3844879 3890747 3881382 3730049
3805817 3893046 3939680 3775964
3888979 4050968 3878808 3839314
3926913 3930652 3975495 3818180
3923693 4059755 3921630 4025255
4072328 4050202 4023234 3994332
3730356 3900782 3832718 3903258
3970042 3914312 3873848 4002398
3667243 3828720 3721734 3775651
3872051 3820892 3837798 3775183
3920767 3952842 3883049 3865633
4002584 3921463 3949931 3899875
4011060 3928277 3946751 4046083
4076679 4000777 4013877 3978075
3929326 3710146 3777472 4030700
3864310 4052187 3887186 3824008
3849710 3645053 3719815 3858070
3824856 3882224 3814900 3725054
3964440 3913666 3806123 3964753
3897123 3941321 3859825 3914657
3918111 3987020 4027622 4012480
4005027 3778361 4064332 3939421
3844048 3926466 3973526 3885554
3903648 3665390 3903211 3767935
3777396 3778391 3853251 3799558
3709096 3610158 3780705 3643943
3800494 3907048 4041130 3830290
3934855 3748546 3943775 3847779
4061752 3961752 3935684 4052068
4113283 3846093 3838734 3954575
3826421 3906396 3769627 4002871
3945578 3753633 3714190 3819747
3843443 3787759 3658358 3776437
3879936 3602658 3667579 3690041
4038003 3899696 3864022 3987684
3893500 3687160 3723581 3896389
3944143 4047766 3967318 4108769
4014449 3943966 3985429 3984976
3821446 3903154 3882489 3933260
3902047 3868027 3785990 3900075
3751027 3850241 3798879 3882724
3922627 3767145 3674289 3857703
3937910 3912038 3980401 4003978
4020518 3940167 3862260 4060524
3994946 4070892 4027785 3907236
4032392 4031954 3987653 3911996
3843037 3932767 4023214 3796185
3846802 3900100 3868319 3879864
3805355 3847578 3770428 3747854
3812347 3890869 3813900 3815570
3979061 3889245 3891557 3809747
3920031 3967115 3890384 3885849
3795013 3907227 3946447 3940336
4051425 3878993 3931221 3891448
3837304 3949899 3881237 3873184
3991260 3897613 3962153 3916510
3744140 3921956 3853299 3821656
3937736 3961037 3931631 3821557
3729613 3956682 3849224 3927175
4027935 3951761 3904469 3834294
3942601 3817187 3824884 3980079
3907756 3929425 3893821 3849096
3904849 3785061 3812658 3929845
3999015 3944185 3892318 3841007
3859421 3793943 3862193 3960284
3832993 3943368 3888785 3832231
3929635 3846711 3808392 3967632
3905735 3954206 3858166 3903796
3869114 3958998 3966346 3868906
3851894 3683754 3850220 3812450
3729991 3896924 4089886 3878474
3829100 3753274 3830861 3803952
3811271 3930766 4029348 3881079
3883190 3651205 3925205 3772787
3799790 3834322 3904745 3867072
3849322 3689666 3877757 3836948
3855288 3795429 3759121 3960760
3937119 3782562 3753522 3877315
3947339 3899593 3829803 3955461
3935397 3793418 3868206 3861847
3953087 3852641 3799668 3943356
3964800 3773331 3754284 3904351
3935228 3939602 3830407 3939487
3964982 3825484 3722396 3898934
3887862 3963430 3958448 4009062
4009964 3865273 3858027 3975496
3906643 3973126 3896289 4044806
3937082 3878230 3813913 3985256
3902298 3971516 3947064 3975341
3972462 3919551 3884489 3925163
3821552 3849231 3914161 3928792
3906570 3848344 3829182 3907622
3852836 3929270 3921951 3863787
3849376 3919055 3974328 3838064
3988728 3907251 3930184 3806375
3849831 3991694 3960044 3846757
3945600 3894748 3887130 3889078
3924962 3973697 3975793 3874877
3941706 3951401 3879383 3752555
3907638 3965984 3890647 3794533
3862514 4039475 3923422 3968860
4038542 4002249 3990605 3970719
3816571 4027799 3847428 4015366
4004590 3947914 4039578 3913441
4054609 4120666 3996200 4113431
4110700 4104953 4105212 4103486
3836758 3985826 3850931 3817965
3906028 3891546 3924405 3828625
4027207 3866160 3892686 4062873
4004051 4040264 3959515 3937741
3937688 3762103 3888936 3931246
4036672 3985354 3938708 3937871
4124941 3886847 3966376 4150839
4127617 4131846 3976285 4117712
3831957 3780971 3798684 3971735
3851559 3893630 3860202 3736378
3898156 4014473 3982601 3932627
3959721 3746240 3979383 3832302
3845899 3926879 3976915 3918943
3878439 3790096 3952221 3774106
3999954 4138493 4124871 3975667
4123245 3866238 4101600 4027602
3815003 3795303 3925247 3772224
3794427 3735378 3959824 3754983
4004191 3924580 3879397 4025630
4047187 3876451 3911081 3912238
4023314 3885538 3866235 3975028
3998998 3821837 3835040 3908896
4076875 4002614 4018416 4212156
4168481 3966889 3952241 4016365
3868777 3826736 3686872 4009375
3983101 3677618 3694647 3844945
3943038 4013661 3997218 4071184
4100969 4001184 3858873 4082179
3978279 3936105 3957552 4027961
4038901 3991163 3953381 4060656
4074416 4033641 4049704 4150107
4210993 4008675 4014533 4144017
3836432 3875856 3883671 3947753
3925528 3921636 3787460 3871454
3983827 4008219 4004475 3868515
3970446 4039635 4063841 3960082
3971294 3983349 3863630 3918604
3853688 4079559 3904106 3867468
4193461 4120432 4097271 3956174
4009770 4126055 4082063 4019308
3848106 3946880 4030659 3808469
3868239 3895652 3876822 3781159
3734028 3830114 3727268 3820700
3848889 3752188 3796902 3802321
3827005 3948526 3784748 3839630
3904702 3782023 3814947 3828748
3736570 3970510 3801659 3905655
3939846 3901861 3890829 3810257
3866681 3987136 3889155 3913235
4024321 3909702 3908441 3914582
3758220 3694445 3821178 3815211
3788090 3875834 3751511 3772096
3910572 3676368 3769025 3879764
3860214 4001051 3816173 3766266
3844000 3748193 3804657 3929671
3866172 3893991 3894474 3760137
3930653 3862109 3816977 3942599
3942638 3965941 3876628 3872877
3695613 3824822 3791366 3765938
3767294 3667555 3809011 3718693
3806781 3804855 3981638 3761984
3770812 3662574 3889923 3820846
3746225 3775528 3913304 3776646
3743251 3682760 3900716 3798814
3883191 3917280 4009576 3891129
3829715 3738488 3941221 3778328
3698549 3657529 3648586 3915946
3868875 3641395 3635144 3774790
3830682 3778521 3767317 3809482
3900807 3751419 3697824 3767018
3839171 3814524 3824510 3908632
3962387 3731961 3751881 3796398
3872675 3825065 3844541 3979354
3938980 3761651 3793423 3867794
3834729 3777190 3814953 3888030
3898394 3825663 3756211 3794508
3889694 3900251 3870219 3949646
3936174 3823711 3814497 3902335
3899190 3886969 3921743 4045525
3923556 3853381 3821515 3974826
3894934 3959706 3879024 4056012
3939078 3941028 3868497 4015732
3887153 3833944 3818019 3777037
3830225 3812626 3804691 3755215
3867974 3924875 3946334 3809322
3885852 3869041 3881621 3911532
3914881 3956835 3847177 3892034
3865412 3887089 3846522 3833443
3835213 3921971 3925653 3810925
3913093 4003990 3885503 3864218
3561808 3779443 3614471 3672700
3816873 3701573 3739917 3725142
3949596 4002111 3870502 4009281
4049999 3992372 4049919 4026662
3905048 4056982 3827153 3982691
4057287 3980423 4021750 3982569
3779023 3920188 3808858 3786350
3911115 3952292 3854106 3814496
3670442 3598464 3626557 3800421
3734621 3678430 3690845 3733191
4055636 4013077 3945680 4114409
4029034 4049593 4000655 3942797
3947533 3892408 3908691 4107693
3947837 4087796 3984643 3962812
3779164 3755210 3835604 3945608
3920103 3918348 3870175 3781509
3689786 3687966 3692386 3659328
3702220 3479599 3772079 3616367
3917701 3994795 4078053 3895426
3922423 3753094 4084726 3888843
3840659 3909668 4044619 3956963
4012468 3863279 3931850 3974232
3814122 3796953 3856346 3873353
3807105 3668392 3971783 3674614
3714977 3714733 3608539 3794009
3731359 3561954 3533781 3670424
4045908 3968135 3863148 4007761
4157479 3860643 3877930 3885225
4060314 3979874 3830035 4049283
4153002 3818282 3824403 3902680
3860175 3823766 3845657 3934400
3926765 3686478 3677790 3788803
3691711 3658890 3634828 3822280
3787430 3712509 3665517 3718871
3946257 4006269 3917680 4080064
4085538 3971530 3911690 3964050
3963910 4037608 3973027 4096310
4054606 3906606 3954270 4058565
3822718 3910063 3809111 4016688
3884772 3859218 3777066 3835190
3698705 3671304 3669152 3688656
3604681 3729332 3641565 3616922
4051219 3985008 4075433 4000889
3996494 4071965 4030269 3967989
4079775 4090146 3992987 3940252
3954213 4082169 3967408 3899650
3859549 3935466 3877009 3715489
3871872 3919378 3900856 3806235
3661340 3801958 3737956 3718081
3840866 3759647 3824108 3707918
3824087 4074405 3920087 3871558
4013761 4015788 3990819 3934407
3823065 3936436 3857478 3851974
3992096 3831245 3845614 3857392
3915119 4114081 4019673 4001951
4073584 3971996 3950655 3949539
3702362 3601723 3740783 3775499
3803780 3789680 3677448 3627276
4024064 3869380 3886193 4009985
3965290 3999708 3936470 3953474
3924109 3731670 3928226 3954707
3899275 3980401 3914194 3843350
4036489 3845695 3903264 4096149
3922625 4054354 3977854 3973674
3611804 3785055 3780493 3758495
3667106 3518099 3701498 3598755
3836305 3974712 4011372 3999872
3880504 3733441 3941052 3902111
3905596 3901044 3963898 3872705
3941849 3737166 3949034 3892278
3894629 3986536 4023668 3921859
3942985 3825986 4052983 3929041
3652038 3612825 3630527 3721181
3717295 3574021 3493536 3704451
3939403 3976836 3831779 4082269
4070261 3780098 3844679 3839447
3870753 3899822 3855230 3979826
4044474 3804663 3775476 3893654
3986490 3837280 3838077 4016443
4076995 3874544 3842010 3909876
3732083 3733465 3771685 3808591
3757736 3734279 3709418 3742345
3920451 3933980 3949151 4081915
4039452 3915167 3889154 3975749
3980084 3940875 3909659 3968568
4004216 3905879 3890252 3956221
3895573 3964663 3934584 4099745
4009771 3979184 3837465 3937771
3708809 3771486 3718882 3655048
3748311 3856369 3714113 3666700
3978565 3998280 3913605 3892302
3963428 3979171 4005507 3903738
3966815 3934174 3970115 3861306
3975735 3899262 3909386 3802420
3990568 4038262 4002701 3894205
4045884 4068675 3945769 3919242
