3798397 3768083 3733898 3632377
3669772 3723891 3709901 3853460
3981306 3930843 3894992 3769405
3774660 3967445 3974280 3967553
3925914 3937156 3962861 3830110
3845906 3932445 4001827 4012672
3817892 3846113 3710113 3672700
3732506 3811647 3770059 3828269
3737638 3831334 3639323 3743003
3864339 3700270 3759570 3784878
3847775 4065380 3805362 3819347
4071538 3856858 3928321 3963329
3935130 3979030 3824451 3899490
4072303 3847700 3931303 4036872
3791660 3849576 3701607 3808698
3835302 3763748 3732888 3871460
3684254 3681811 3626332 3780345
3681209 3704830 3836096 3757925
3855223 3839348 3841539 3943013
3824906 3849423 3908512 3945598
3947978 3814089 3884993 3904980
3904852 3902754 3998826 3933670
3763259 3674541 3715536 3829120
3665166 3759950 3762962 3824009
3775605 3795738 3763974 3638486
3756056 3715433 3700463 3869430
3916450 3948639 3891284 3767723
3827724 3914633 3851842 3941939
3965339 3958328 3914411 3844092
3916978 3973628 3902055 3978330
3771926 3912967 3745965 3619341
3736422 3751299 3782830 3806503
3772274 3685151 3848115 3738470
3691619 3759845 3698392 3702780
4004792 3921762 4027931 3929994
3876628 3753057 3718185 3935153
4055973 3847150 3975986 3948244
3891373 3856112 3758350 4002288
3850093 3753969 3948823 3805385
3697047 3746783 3656623 3797643
3831632 3846199 3796116 3772487
3668414 3884506 3623619 3701643
4016122 3974296 3874289 4020349
3832294 3991774 3794150 3750698
3985557 3993209 3817298 3985141
3897741 3992290 3806351 3843408
3752300 3872688 3756796 3870116
3666592 3902181 3599326 3653106
3883344 3824661 3916192 3716101
3779310 3838817 3895247 3927301
3712985 3735362 3663762 3486846
3648683 3666593 3669449 3707899
4049307 3964562 3997198 3853728
3933755 3938696 4005684 3978361
3786399 3819231 3802663 3669948
3709531 3863842 3866646 3907382
3829281 3941027 3797765 3812805
3893631 3896472 3891832 3975316
3641219 3827699 3557348 3660610
3739118 3705795 3612268 3779461
3959322 3993821 3864062 4010908
3999106 3984783 3954400 4110149
3747895 3951417 3693903 3786454
3871359 3844804 3749367 3903522
3878173 3839885 3866138 3937918
3892663 3854618 3943647 3920938
3742726 3641438 3621291 3624022
3615679 3716145 3650257 3676464
3992908 3936122 3899891 3925883
3882063 3953037 3953956 3964672
3792167 3645037 3711621 3852347
3750543 3739953 3821585 3791675
3913718 4009607 3843997 3810610
3912039 3816485 3869927 3930447
3777127 3718602 3736628 3541323
3708872 3659034 3672762 3765793
3976030 4003158 3934089 3812720
3933096 3930197 3984091 4075889
3849544 3894169 3746492 3691145
3804034 3758551 3823601 3888125
3977220 3801018 4071026 3901926
3855771 3861599 3707484 3878479
3755893 3664367 3857753 3791964
3604470 3585346 3633169 3698374
4031372 3998167 4078665 3955085
3914180 3947137 3867735 3976387
3841927 3793351 3904394 3862846
3742521 3658307 3716704 3724140
3956251 3908621 3969813 3912265
3806026 3991253 3722758 3833581
3708131 3784707 3625780 3806463
3619244 3884969 3508329 3620099
3939640 4021967 3996222 3947305
3826013 3980041 3780409 3885492
3873468 3938120 3856141 3805678
3702625 3943013 3723579 3693968
3900472 3918008 3819003 3734291
3708018 3944905 3860872 3955935
3898592 3891752 3913780 3850760
3779561 3915144 4017053 4005529
4011249 4059057 4055021 3839447
3873066 3971103 4009841 3944591
3922485 3854979 3898153 3725015
3730338 3888360 3912707 3977602
3815707 3953432 3702222 3818594
3928353 3778855 3873926 3967213
3846302 3937099 3869004 3830849
3993378 3937760 3836133 4017473
3935018 4116177 3887438 3922628
4091736 3955921 3981778 4129096
3831965 4017771 3733148 3850493
3968972 3875152 3922897 3996789
3899043 3792469 3846362 3926509
3734940 3752947 3948094 3804991
3913123 3826007 3801725 3900067
3828880 3863295 3882342 3879035
3967101 3947588 3971893 4003658
3936930 4043445 4107767 4025321
3841474 3730844 3791664 3958352
3862141 3882020 3865168 3848094
3907414 3908332 3848783 3762565
3829325 3822629 3972595 3991951
3924500 4016386 3897254 3700535
3861630 3894564 3845349 3942436
4031392 4003688 4011364 3966342
4019577 3972191 4081743 4009807
3942635 3910625 3866465 3790431
3886018 3858780 3871690 3980597
3946622 3783617 4010154 3941258
3856866 3810820 3668664 3875458
3912665 3832111 3985962 3951161
3855866 3944892 3772586 3944333
4030147 3965834 4154637 3977774
3898896 3913945 3934499 4078687
3914653 3890693 3965749 3912169
3818542 3834062 3796381 3931000
3764984 3956161 3837856 3888270
3740217 3958647 3641157 3717612
3918090 3988169 3902553 3938931
3795309 3996813 3816503 3852977
4011062 4110023 4093654 4036999
3923998 4107962 3816732 3985512
3847026 3950022 3880212 3907627
3823894 3925226 3698704 3820215
3853745 3832139 3872073 3633519
3726760 3758469 3848737 3903702
3928054 3943021 3906033 3790122
3762992 3893285 3947962 3967599
3897510 3866631 3930876 3708960
3781875 3874666 3905348 3911815
3878394 3848134 3874265 3643888
3694989 3906689 3819087 3919976
3754994 3957028 3701054 3765801
3888975 3747220 3794844 3766258
3844690 3913296 3822823 3893920
3981931 3895815 3824107 4002197
3892342 3998239 3882872 3942651
3981123 3810361 3879629 3946065
3803998 3860019 3691618 3881608
3922121 3829525 3828661 3955920
3851448 3614162 3736605 3817697
3760845 3741963 3858946 3741279
3931087 3859741 3882683 3879088
3835470 3867742 3860628 3896639
3916783 3824399 3738003 3901594
3829718 3817105 3976163 3922776
3906324 3772870 3784990 3879656
3688615 3847844 3941179 3794211
3839781 3901335 3842541 3665961
3779401 3726622 3759065 3954852
3934616 4023197 3826047 3873704
3900117 3855220 3909100 3975310
3908515 4025315 3911034 3787558
3832544 3903550 3951066 3985853
3891844 3949310 3759381 3715363
3833958 3812110 3838521 4016151
3904826 3705645 3826610 3846675
3703723 3731029 3647328 3826186
3927676 3953764 4125437 3917086
3841796 3883602 3851502 3912912
3953463 3897341 3979675 3814149
3846983 3850473 3693259 3913962
3987828 3901724 3931597 3821712
3794316 3689999 3742859 3874653
3929832 3837967 3851873 3780339
3762263 3889772 3676868 3636705
3916453 4045683 3866925 3924591
3797761 3984766 3810475 3755573
3910621 3967556 3858171 3928815
3803803 3988332 3630501 3865742
3832490 3925488 3961179 3871401
3796174 3935313 3766134 3686776
3873923 3873445 3884909 3777344
3751862 3950458 3840570 3857745
3923339 3855942 3877939 3728514
3759849 3868626 3841964 3900961
3921430 4014649 3961729 3838793
3865112 3959159 3937278 4017114
3945128 3921977 3947226 3716728
3857514 3888514 3940940 4011169
3833648 3901716 3855642 3736236
3937836 3789437 3859274 3906681
3758435 3993301 3783863 3780303
3954745 3782736 3899445 3865288
3927883 3984572 3916749 3934125
4018313 3918665 3920408 4024095
3868748 3984120 3783250 3846818
4052451 3971357 3899293 4014819
3799927 3825241 3780677 3844875
3827833 3775024 3907920 3808077
3859465 3831598 3776800 3757017
3841886 3752822 3942389 3820343
3943865 3905522 3910547 3933494
3831544 3906242 3945349 3948604
3937466 3822512 3762530 3948859
3874962 3951444 3954852 3902500
3829372 3924891 3760005 3778219
3807537 3821948 3783012 3979395
3921984 3886567 3856552 3805737
3888832 3882436 3908201 3971226
3965555 3998881 3898931 3873091
3928273 3973704 3986164 4055208
3921046 4022086 3879157 3769265
3974217 4049856 3991573 4010919
3936913 3721000 3932660 3764023
3914145 3808762 3721991 3841371
3842119 3756196 4004772 3826509
3868785 3815814 3754839 3878814
4053731 3946902 4022065 4006437
3849781 3854698 3839708 3997448
4022726 3912187 4054798 3982224
3959240 3937780 3765960 3972373
3816793 3925409 3864584 3854016
3789751 3909401 3705713 3773234
3890548 3959600 3865341 3892172
3827429 3974157 3677891 3746919
3960697 4092348 3981060 4008878
3879958 4066188 3847679 3867472
3958246 4088988 4048008 3923109
3864635 4093257 3852668 3806305
3910671 3907301 3910433 3659947
3805985 3814300 3867861 3987235
3738644 3773320 3823818 3616727
3625195 3743721 3731793 3756757
3965496 4055736 3899300 3824860
3877551 3926361 3996688 3992025
3932611 3957502 3886470 3736544
3746487 3910737 3927555 3887546
3804436 3873976 3805743 3844103
3983963 3905312 3893589 3944699
3649612 3921188 3686373 3735850
3772781 3695121 3717780 3840711
3938167 3999238 3826816 3891132
4034268 3839943 3895987 3970955
3831240 3905206 3740283 3810813
3878490 3872101 3786949 3878632
3951380 3858868 3769345 3905765
3832132 3810905 3875437 3818444
3707342 3647039 3694346 3791055
3705354 3645970 3719261 3776095
3984240 3797938 3812583 3923884
3816773 3895351 3915478 3960066
3977932 3777092 3775597 3827259
3775654 3890240 3847380 3788600
3861388 3926255 3833766 3757439
3856558 3878708 3871030 3931880
3807421 3789004 3705077 3621869
3746476 3733122 3806458 3858499
4033721 3944133 3906419 3811047
3808497 3860330 3907442 3990546
4021452 3933808 3763883 3747209
3832791 3852589 3931380 3885419
3967273 3807500 3969569 3894958
3782452 3799044 3717141 3867018
3725825 3700696 3802436 3818086
3726181 3676532 3729339 3751622
3920515 3883541 4053510 4018875
3876324 3851689 3830664 3903351
3871311 3771347 3983926 3857301
3811587 3758826 3713992 3876524
3908274 3940225 3895413 3836984
3728170 4014343 3711277 3809127
3774864 3756991 3703193 3693325
3725522 3870922 3663220 3537243
3866314 4011543 3854413 3957470
3837019 3957589 3796993 3855473
3918437 3945824 3847006 3860721
3729784 4003450 3728949 3813855
3916484 3902226 3886708 3732101
3764279 3834900 3901583 3986309
4044306 3978142 4038665 3913068
3863257 3961047 4069772 4069240
3839100 3839880 3857277 3695302
3712178 3808929 3842350 3808052
3920951 4012025 4007420 3834203
3850853 3906989 3939597 4011293
3870570 3943272 3842931 3854214
3939348 3834294 3829886 3949235
3925197 4142602 3858453 3873011
4081421 4008687 4009975 4022806
3769386 3868330 3786748 3831861
3892141 3776042 3778134 3894092
3974260 4056833 3972053 3914210
4015403 3889866 3888216 4013343
3871269 3813431 3804934 3894783
3811346 3854391 3920578 3946649
3994730 3911211 3868362 3971220
3903682 3896309 4053176 3966855
3818648 3768064 3679127 3766693
3744675 3736405 3849630 3742868
3960744 3877022 3783187 3950609
3899942 3892601 3929738 3936769
3904735 3956964 3818997 3722855
3867808 3766682 3816975 3947887
4010357 4087017 4030822 3786734
4042626 3951296 4015169 4112317
3895350 3922296 3731299 3756086
3750877 3809337 3867625 3904956
3943595 4033921 3931515 3874084
3922954 3984123 4023171 4072293
3975518 3920226 4030184 3921025
3844521 3813416 3776019 3894104
4075976 4024756 4159071 4045775
3954681 3882299 3789909 3997140
3903960 3860651 3949015 3754139
3818737 3698516 3707591 3841309
3964751 3937427 4020273 4014884
3905850 3879877 3876933 3974267
3849839 3982877 3869546 3908055
3784730 3953909 3733568 3776274
3987753 4102401 3951951 4015613
3827098 4100134 3865387 3862896
3763803 3993983 3808868 3834985
3704656 3912265 3626581 3759669
3899899 4023820 3948295 3931843
3839781 4035918 3710798 3907375
3830876 3881275 3840642 3654175
3805714 3883747 3887612 3897650
3937468 3949300 3946449 3790038
3779601 3921657 3889183 3941971
3958750 3899526 3900339 3670223
3734675 3887550 3957645 3893323
3830542 3835243 3771830 3574708
3677373 3759730 3809378 3834938
3777136 3992052 3788630 3827038
4027326 3849452 3809926 4008032
3773658 3900537 3790050 3822072
3947247 3885373 3862097 3995518
3793649 3991122 3695999 3747991
3932615 3938959 3842621 4007034
3685233 3853366 3703806 3737394
3932563 3726655 3775013 3925340
3828243 3765813 3770456 3723652
3846181 3811251 3876346 3905433
3819317 3758633 3734833 3894498
3817806 3802085 3922616 3880631
3902164 3764138 3718960 3874466
3748368 3847765 3844651 3889384
3840817 3614083 3723341 3748995
3667119 3752243 3849261 3766513
3980183 3924380 3843365 3792034
3895905 3803864 3895660 3949517
3884354 3953170 3903750 3691632
3841657 3841272 3878356 3957079
3842829 3981006 3892741 3665232
3797924 3838913 3810288 3925470
3848711 3955030 3759675 3760862
3669266 3685831 3794062 3937981
3951896 3822614 4041217 3881397
3878920 3818756 3736974 4021174
3924716 3839734 3945493 3936507
3802382 3801584 3823543 3836858
3940073 3922175 3989560 3909911
3805450 3850279 3718875 3843047
3872261 3773051 3949906 3797389
3781962 3789896 3611659 3818371
3921220 4007552 3915998 3952209
3748693 4012289 3665785 3755566
3854381 3914966 3901396 3905330
3789017 4000873 3687881 3748784
3774810 3879651 3941052 3868715
3860005 3977353 3685465 3794159
3834716 3922745 3798884 3835007
3690218 3917359 3672139 3699300
3960383 4060295 4063768 3870731
3956443 3921105 4031493 4082460
3767631 3764172 3828102 3626455
3662298 3781339 3802921 3846141
3910219 3946323 3894095 3787522
3871844 3879407 3917959 3996348
4023972 4045492 3914641 3852221
3964201 3974688 4058022 4070255
3939928 4078946 3958875 3973389
4111531 3969817 4083170 4139849
3770611 3896571 3734382 3741467
3913512 3784918 3839765 3865975
3858561 3973505 3848500 3853581
3942877 3855676 3883294 4017998
3939227 4102834 3874384 3933445
4086509 3901795 4025879 4116170
3945020 3967952 4003899 4013770
3838310 3927717 4091087 3987578
3801215 3709203 3737229 3861070
3735923 3687268 3840113 3826138
4001933 3864907 3800998 3899818
3855837 3863620 3990456 3983051
4005629 3902380 3946926 3985044
3949466 3989407 3915921 4004958
4034196 4100252 4023072 3825592
4015987 3944670 4000032 4013809
3772538 3801189 3801618 3745310
3771072 3783451 3797761 3888613
3980220 3978263 3921878 3764327
3863065 3960213 3884525 3933752
4044069 4008030 3995587 3802318
4051605 3974178 4002392 4058751
4012168 3874971 4207280 4013364
3991962 3962926 3837260 4011450
3819008 3742554 3899239 3801099
3823879 3712472 3653648 3857826
3945625 3852311 3974191 3971254
3791839 3876750 3847964 3984678
4039243 3975971 4106677 4050175
3957973 3950873 3862171 4025235
3968397 4105627 4006031 4022739
3971454 4173290 3890108 3954526
3801628 3822273 3845133 3777976
3733360 3865782 3693932 3781718
3890457 4049260 3867869 4013050
3728448 4130075 3804211 3924050
3967898 4063185 3964139 4011898
3848271 4129957 3819646 3821677
3759444 3717781 3750570 3652285
3707271 3758752 3658714 3813959
3937825 3882102 3844529 3652199
3792531 3856762 3849144 3864408
3895026 3920689 3944892 3767667
3857422 3860505 3925610 3896567
3976454 3965656 3959538 3915482
3896663 3884969 4026180 3942788
3769965 3857537 3631933 3750661
3840368 3752522 3657987 3907573
3870497 3954903 3739340 3819428
3822039 3803216 3865172 3860687
3760706 3925054 3804329 3902789
3908628 3901453 3789448 4010240
3898127 3992365 3857647 3864962
4089725 3888718 3809341 4027911
3749346 3832498 3591266 3759864
3664836 3680599 3753495 3754803
3791393 3727829 3839976 3852943
3715446 3782163 3883632 3789119
3905054 3772025 3837160 3819198
3792913 3804597 3919690 3940915
3913980 3844842 3830084 3916765
3853928 3857074 3977943 3906182
3823165 3873366 3750506 3640412
3715113 3814304 3852898 3804047
3841790 3884394 3828179 3749835
3790919 3819619 3878648 3950654
3857696 3980165 3881791 3765245
3893945 3881566 3803853 3951016
3986518 3967156 3940172 3821496
3874198 3903717 3980104 4017854
3845405 3688293 3852283 3834706
3774344 3674590 3601978 3790243
3799799 3800141 3992369 3829093
3790616 3726827 3716877 3787727
3905126 3860399 4032750 3981287
3924774 3799891 3788642 3934822
4005621 3895517 4044180 3979246
3909724 3871900 3773163 3960845
3787240 3935919 3673573 3741064
3673432 3843101 3638122 3651939
3765064 3943886 3882364 3893603
3747128 3878464 3718123 3803432
3910873 4053638 3946438 3917944
3805196 3929030 3740294 3774976
3911289 4041584 3899604 3983164
3874712 4090940 3780071 3810698
3869189 3852422 3861720 3775447
3771479 3865402 3876567 3902493
4051652 4023887 4007711 3807286
3860931 3976494 4065822 4084806
3973194 4050973 3953102 3915371
3857747 3988099 4028200 4007555
3792370 3809297 3816090 3651777
3719479 3785099 3859794 3889085
3811318 3937153 3777628 3879292
3971050 3842156 3852562 3966338
3847969 4071475 3893290 3916631
4061832 3921010 3918217 4014001
3883853 4028305 3869341 3881936
4055279 3984670 3928597 4061934
3762554 3807065 3707685 3711481
3885203 3775032 3783559 3850943
3892100 3743980 3851075 3821576
3751884 3794444 3920480 3880896
4001740 3826109 3883717 3990716
3929625 3910244 4053313 3924341
4069860 3861674 3939922 3985234
3792444 3912790 4003040 3987912
3851561 3636734 3677969 3850136
3793832 3736510 3830022 3763702
3934900 3889301 3892915 3743508
3870720 3905661 3856197 3922282
4027044 4082631 4020526 3781200
3992193 3942193 3889567 4098997
3995722 4074012 3927564 3818917
3984846 3947063 4008401 3991140
3897134 3866818 3811103 3598191
3761618 3792751 3880021 3979142
3896408 3839404 4049141 3854592
3771280 3802546 3777842 3907760
4116199 3936698 4145512 4019019
4002611 3906092 3867736 3975301
4060228 3957680 4115178 4037449
3855569 3869116 3801038 3942847
3883335 3788968 3904527 3872763
3828513 3731692 3684103 3823534
3903428 3982071 3808238 3900421
3804245 3892437 3700580 3760345
3958573 4080315 3978906 3995494
3876135 4047175 3728144 3877558
3986142 4107622 4025965 4014176
3772112 4134609 3764458 3954601
3806733 3928328 3778772 3868765
3587948 3861049 3699920 3773588
4055974 3990565 4015498 3820346
3912636 3922482 4018386 4023380
3791586 3856913 3854723 3786896
3763159 3891931 3922228 3862450
3751322 3894142 3775517 3751742
3669869 3731596 3855215 3842114
3863125 3866969 3877218 3707034
3723081 3791765 3852002 3896149
3926650 4067210 3846752 3928125
4051180 3969997 3955157 4072585
3768523 3886252 3780671 3808752
3970635 3804792 3785637 3966141
3789482 3841972 3664434 3752433
3923525 3742071 3845709 3925867
3848361 3910501 3693129 3801427
3884148 3826458 3870683 3956830
4006170 3941117 3948469 3982013
3799444 3930789 3950532 3972565
3868648 3739226 3756657 3870100
3810944 3820612 3893842 3870296
3809730 3756253 3705389 3790064
3663099 3761171 3861924 3809822
3825664 3704215 3765151 3744507
3830610 3809512 3919623 3770492
4023964 4002766 3965071 3813048
3936975 3956221 3991237 4011564
3912006 3906199 3766751 3709012
3812076 3839526 3830702 3853917
3842231 3796397 3738596 3635831
3719575 3807520 3795694 3896626
3833680 3871682 3901431 3762314
3805996 3836933 3929838 3844224
3961997 3922472 4094079 4069071
3903622 3864695 3831941 3922544
3976071 3846200 4031786 3845704
3834627 3745912 3715373 3832687
3880156 3726467 3930903 3821160
3714634 3820028 3714567 3745002
3932400 3769539 3982947 3920057
3744750 3723592 3728236 3902264
3982122 4078411 4052943 3953589
3864837 4021299 3796831 3951199
3812830 3955480 3749149 3808015
3697041 3948260 3683061 3769016
3788384 3844287 3723091 3867653
3692090 3874845 3665273 3721566
3825968 3917584 3841465 3846150
3711640 3850538 3656750 3816868
3914404 3811238 3686734 3840199
3857896 3863555 3656816 3802524
4069556 3905256 3850330 3957304
3844071 3933775 3836421 3893826
3858711 3791355 3685821 3870807
3780467 3724570 3719784 3763199
4048140 3836959 3723992 3836978
3747996 3837312 3838264 3899660
3924948 3731790 3695406 3745859
3688101 3762295 3831066 3684844
3982185 3757117 3801099 3875037
3761343 3768776 3833085 3819655
3873330 3757615 3726462 3758074
3634114 3761932 3741240 3679631
3956866 3781175 3762978 3824083
3704005 3888728 3872772 3765381
3790048 3924327 3846413 3832939
3859844 3924139 3715265 3723474
3899241 3987478 3907889 3963128
3937476 4010310 3872595 3855952
3852278 3856173 3764785 3765312
3784063 3852681 3672368 3695238
3885045 4002722 3905694 3882566
3894740 3951692 3772508 3733428
3824090 3843435 3750048 3749620
3705305 3839924 3747905 3625698
3848954 3956120 3699887 3807786
3875996 3923940 3790425 3714736
3866416 3819235 3783868 3726689
3625623 3782950 3660600 3637442
3851642 3997153 3805542 3854706
3747910 3828200 3643234 3622525
3689967 3793315 3766089 3652644
3835541 3823557 3822745 3692784
3821119 3821084 3888016 3770193
3982239 3933698 3864911 3819045
3772215 3687718 3759943 3635906
3783995 3842705 3811830 3715972
3768050 3863910 3800824 3772863
3908446 3903543 3839481 3857927
3792437 3867643 3880796 3732938
3790089 3727990 3756931 3904712
3822772 3990672 3881970 3848073
3842533 3893449 3977314 3995338
3703733 3845782 3783356 3691894
3770863 3700698 3813593 3942906
3716047 3941676 3793629 3814963
3958121 3774420 3806056 4016109
4011657 3929183 3935960 4075702
3934920 3967563 3918456 3942688
4048527 3900020 3921776 3935004
3917468 3915504 3835594 3867240
3908490 3741160 3655493 3857756
3787986 3765487 3774662 3772428
4158686 4073890 3911520 4040938
3938615 4029608 3869702 3987150
4025879 3948420 3883307 3901608
3849155 3912294 3981128 3871165
4040588 3790185 3830534 3862493
3754638 3929829 3898390 3806895
3855361 3751283 3688236 3832345
3730345 3726310 3742855 3734302
4056636 3931370 3951262 3993139
3825422 3978779 3959419 3899051
3970453 4101981 3947644 4022137
4104311 4036611 3882161 3882293
3997830 4025804 3967617 3972919
4003355 4096565 3795042 3953665
3764143 3887599 3754257 3814927
3836584 3924347 3721410 3708970
4028507 4147386 4007814 3988076
4037178 4069372 3845919 3883384
4003392 4107734 3895478 3900742
3915649 3967534 3863240 3805516
3935785 3961358 3861809 3948020
3843213 3853231 3804630 3767468
3817559 3904878 3720563 3779577
3665047 3823156 3741337 3715092
3957315 4079538 3907937 3976822
3830716 3908012 3905554 3823517
3853502 3925398 3966934 3791806
4111978 3985970 3995425 3928315
3800208 3881937 3908757 3831395
3987870 3912613 3973837 3787696
3716152 3670749 3795242 3785369
3881911 3710702 3845244 3661745
3900406 3942899 3977271 3913265
4025238 4030485 3885167 3903858
3934186 4041674 4037162 3909949
4106213 3922041 3907228 4059311
3932858 3974729 4005121 3813578
3867546 3886494 3963395 4027053
3665833 3779586 3795714 3727736
3752367 3797954 3838402 3920918
3863423 4025581 3919840 3963695
4015657 3962917 4050112 4178106
4071314 3985148 3939236 4099679
3971084 3984006 3944311 4039290
4030836 3929415 3837527 3963069
3910008 3900363 3761083 3959189
3999647 3881783 3704484 3889071
3733947 3808537 3800249 3815731
3904422 3790224 3569296 3798107
3637329 3698946 3642418 3671934
4042428 3902023 3850469 4041181
3804811 3940608 4012459 3909476
3956623 3868565 3858708 3899053
3797253 3912530 3885852 3825998
3905947 3686025 3699597 3812922
3701907 3776333 3787324 3735175
3862764 3695494 3613571 3746966
3627765 3650198 3776224 3666516
3990509 4063824 3999557 4076271
4060235 4150188 3939594 3931159
3954471 4049432 3872651 4021672
3946185 4029794 3883987 3836880
3891716 3997569 3832869 3923047
3982273 4042612 3814074 3673434
3734985 3856954 3722998 3747668
3727267 3895343 3674945 3720648
4078141 4118548 3916586 3951296
3902580 4069656 3890801 3842342
3906782 3975213 3833337 3955217
3795726 3909285 3740194 3844819
3982649 3946598 3754959 3822898
3783695 3880229 3759289 3680746
3755461 3909833 3698828 3655788
3596779 3709947 3590217 3504309
3926911 3942826 3992536 3889460
4051793 3921489 3954082 3881913
3854570 3919994 3885663 3855641
3935231 3950727 3931651 3936923
3669672 3848183 3836335 3747652
3905897 3815492 3873100 3753589
3632295 3728858 3683689 3711825
3798400 3721032 3746067 3679075
4021518 4058839 3978466 3952285
4032453 3898602 3980787 4186129
3851759 4031381 3953611 3842086
3905037 3920148 3962126 4013851
3754993 3855902 3881567 3721752
3904693 3810912 3861721 3952196
3742782 3775419 3693389 3622266
3746935 3632781 3749309 3829245
3910783 3772899 3731648 3840416
3749007 3796006 3678933 3802683
3875796 3840618 3753503 3803342
3676848 3742476 3729235 3733280
3951751 3867567 3734376 3801333
3667449 3803093 3673925 3787055
4006875 3938368 3848257 3954478
3892263 4006173 3883296 3894326
3905750 3718212 3709804 3756850
3653329 3714441 3701839 3714851
3807042 3685068 3679079 3786168
3628841 3688051 3759508 3646124
3875808 3714246 3734084 3695757
3668343 3751571 3742334 3687858
3928535 3807896 3765172 3888969
3788914 3795177 3861938 3848442
3697915 3837585 3792644 3822598
3851954 3846262 3732589 3748058
3725076 3842626 3752666 3841375
3882010 4005234 3692264 3773460
3844865 3839232 3793785 3935853
3860012 3928859 3759698 3642220
3891483 4019356 3897704 3926283
3971118 4026876 3846293 3887690
3832883 3906148 3658872 3864510
3696057 3862731 3667718 3656121
3776554 3859078 3669486 3803646
3761639 3839785 3758290 3587610
3902025 3874029 3701450 3767646
3680290 3810612 3693189 3700914
3887276 3978079 3790353 3914743
3858456 3904874 3842857 3786750
3598049 3704458 3713410 3656731
3781371 3863973 3781973 3612521
3689925 3751895 3833004 3641036
3909079 3818703 3793195 3734635
3709750 3777315 3862678 3658524
3834419 3815191 3742153 3689437
3781139 3955085 3865204 3817883
3916900 3839775 3925075 3836110
3664890 3889946 3721137 3656617
3746076 3733725 3817254 3880593
3711815 3814618 3748148 3767083
3828561 3830594 3749584 3905782
3766725 3783140 3751580 3758982
3824882 3734692 3741450 3943638
3912338 3952285 3892463 3793411
3882497 3888115 3918108 4011820
3998842 3935562 3885447 3955651
3856099 3930177 3874591 3927292
3940168 3900906 3845708 3894816
3729981 3857902 3811996 3925777
3996272 3874110 3721904 4031542
3823674 3827944 3709549 3881333
4102361 4101057 3915586 4054155
3885234 4065133 3930684 3995165
4030821 3767797 3809768 3880970
3861301 3935310 3897731 3865748
3913456 3836519 3748342 3802397
3739150 3851662 3811165 3766510
3990324 3791742 3769338 3856360
3775546 3833581 3798666 3800821
4063491 3869549 3817093 4026832
3882285 3955345 3989564 3962150
3950094 4107636 3918950 3969136
3985829 4100291 3924883 3892821
3838162 3943051 3868641 3953183
3959916 4025152 3873058 3849535
3869461 3961565 3887273 3967782
3855679 4047842 3871728 3801074
4035496 4108576 4071852 4078158
4097654 4201344 4015108 3947439
3845639 3964804 3843552 3884847
3774023 3939495 3800962 3773375
3886409 3949589 3789412 3861762
3742964 3850030 3748949 3758940
3872306 3973503 3750016 3913775
3743267 3864066 3828096 3657471
4108919 4128599 3991945 3990461
3910020 4055410 3910140 3864002
3833492 3818824 3939302 3849549
3900280 3918399 3954368 3943204
3777979 3804792 3928933 3726084
3951239 3884473 3843391 3774236
3810471 3845359 3848109 3705466
3895967 3887438 3810801 3731312
3972354 4007459 4016784 3846990
4029595 4104383 3978293 3931961
3905676 3979882 3909131 3861316
3899440 3872772 3927116 4000224
3770652 3975186 3904743 3820671
3924773 3814355 3894328 3955771
3890333 3943291 3960922 3816802
3857034 3821669 3862412 3973143
3922748 4040534 4078489 3981476
4111468 3950975 4075861 4214406
3949594 3899626 3772310 3906884
3771279 3858757 3784862 3799509
3758311 3817572 3675499 3814715
3751334 3675922 3694227 3767750
3977338 3823336 3821246 3903439
3841186 3843769 3807351 3849748
4093958 3936240 3812166 4003382
3907021 4046338 3895409 3879934
3910155 3724821 3803395 3824663
3723968 3802233 3862564 3738949
3811562 3645216 3580897 3760027
3645847 3819678 3702094 3664302
4021231 3762387 3775340 3935443
3762203 3783741 3844227 3764063
4105777 3825650 3848504 3911579
3745472 3892356 3953277 3839327
3793125 3843414 3928121 3923022
3983047 3967948 3801549 3767167
3825596 3855377 3716463 3806039
3872639 3876057 3725344 3699908
3888104 3903708 3860339 3985705
3964464 4028716 3835130 3818366
3893640 3989024 3963584 3993793
3939419 4083529 3914200 3870989
3818067 3922486 3792053 3766724
3773831 3870816 3671683 3702032
3796189 3871844 3724026 3706924
3652876 3704479 3609939 3637627
3888950 3945192 3847365 3929828
3792736 3824142 3815155 3690030
4022819 3996083 3925726 3940745
3885536 3978522 3850506 3786711
3636515 3799550 3820274 3730483
3915484 3853906 3813824 3769436
3671616 3720607 3735628 3579506
3818749 3735020 3732087 3716982
3817585 3856214 3879913 3782185
3959494 3838396 3879570 3746536
3791475 3982170 3955955 3708635
3989918 3881157 3936698 3815459
3776759 3805455 3871489 3838101
3880517 3822691 3934155 3951353
3659120 3768086 3737726 3657809
3762271 3650110 3821425 3916331
3864295 3871262 3997500 3784553
3885597 3875629 3843575 3993178
3863247 3980135 4040343 3924597
3935484 3968002 4007457 4056023
3930144 3930212 3819341 3895436
3846016 3881214 3771869 3881265
3964226 3897803 3714308 3930974
3888568 3892539 3830374 3845547
4045824 3896134 3854277 3909868
3863062 3928194 3780114 3988383
3928440 3819158 3746014 3926899
3889104 3896565 3806476 3840128
3882675 3718625 3722794 3777915
3711540 3785304 3746326 3795991
3983231 3769689 3758438 3861852
3753934 3847518 3872820 3845490
4033878 3806504 3830402 3860524
3815608 3821761 3912749 3810490
3938893 3738002 3738484 3874331
3738094 3865825 3760963 3773045
3814508 3952101 3843395 3880080
3901900 4000480 3834757 3811354
3911270 3996801 3817079 3943044
3931786 3975857 3805834 3747272
3918707 4037225 3958494 3956724
3929629 4083944 3849492 3826389
3833822 3987543 3923471 3915595
3936591 4011604 3814646 3808766
3845132 3875709 3779548 3794583
3741302 3811278 3691914 3603928
3902896 3946849 3760998 3826112
3796430 3821021 3771914 3651708
3892692 3868412 3880706 3855221
3783974 3959184 3837668 3756303
3950411 4039443 3840588 3834584
3695210 3854250 3739167 3722733
3826496 3816174 3801587 3722795
3909979 3882530 3908644 3774826
3736159 3851791 3795927 3846991
3895353 3964515 3884634 3755147
3817708 3907061 3982752 3816329
3966584 4010543 3907138 3819246
3774194 3887758 3792356 3739544
3904824 3856192 3952642 3744613
3745842 3852470 3842653 3745259
3830765 3792085 3856096 3923302
3752244 3902349 3829793 3836238
3883915 3845396 3896233 4091493
3990287 3924098 3903562 3899525
3921511 3789211 3883712 4083181
3834218 3911362 3960150 3850817
3858261 3751526 3949380 4009776
4125531 3966512 3871347 4046490
3946714 4030612 3878997 3994485
4001261 3962136 3742834 3943814
3816246 3862209 3774253 3814218
4056432 4015494 3927213 4068200
3968121 3924648 3887725 3847681
4014287 3988782 3773443 4057656
3880609 3949011 3882744 3902844
4039717 3900423 3902639 4028979
3805418 3953489 3861373 3853252
3982552 3798894 3772573 3887365
3743415 3763559 3852133 3852091
4117513 3897596 3890562 3927657
3867249 3911343 3952945 3917067
3965232 3824827 3843206 3930241
3827830 3868340 3919883 3827012
3952473 4099134 4050372 4058319
4053837 4110205 3910462 3906064
3770269 3910572 3896020 3902144
3938636 4089665 3781478 3755973
3926720 4029237 4016582 4045287
4082109 4147705 3959605 3857072
3988763 3995432 3845678 4064091
3940685 4105167 3822581 3830976
4007380 4022388 3969946 4012369
3878609 4049848 3882748 3813415
3923856 4001220 3744297 3881675
3771227 3949144 3804217 3746167
4045735 4044805 3914558 4024227
3915402 3969818 3911391 3824531
4021129 3991224 3843966 3894027
3877776 3939122 3869415 3712564
3857046 3989985 3978736 3896375
4004843 3949884 3999713 3909606
3721335 3796928 3810433 3760602
3909183 3872188 3812364 3794949
3791764 3874658 4017453 3863042
3990798 4022136 3883900 3763502
3864483 3845749 3929946 3863849
3927263 3917704 3905701 3787130
3908406 4040489 4005017 3805292
3987430 3898081 4031443 4105626
3749437 3899382 3865415 3771736
3821456 3807681 3927352 4061941
3933208 3982914 4010589 3765653
4006905 3918148 3968704 4074681
3954483 3970212 3941747 3825080
3921560 3838584 3965306 4023377
3968577 3858084 3790300 3848115
3824447 3939659 3829026 3888336
4022173 3889206 3890049 4025688
3894942 4008421 3804064 3821799
4086720 3926361 3887095 3915265
3927659 3952295 3878942 4010481
4085295 3952812 3981604 3901745
3866107 3923161 3960689 3991981
3921186 3795019 3786696 3768959
3735984 3781790 3842215 3736947
4045958 3823674 3821848 3896326
3831487 3805066 3926293 3835357
4085245 3790979 3804007 3912541
3750725 3931079 3866025 3808540
4134704 3887534 3860696 3883425
3841169 3978453 3899384 3945028
3861274 3834935 3866289 3876266
3903138 3945883 3831969 3752519
3851475 4052457 3869786 3890939
3977957 4029266 3754380 3799573
3978946 4047427 3980232 4073743
3970296 4075488 3871794 3897525
3996195 4095686 4070632 4063158
4016208 4066556 3973005 3885629
3915117 3920996 3775925 3758110
3772166 3963134 3739277 3648691
3935863 3956453 3850809 3915803
3764495 3930413 3839463 3761284
3956671 4024214 3879809 3894112
3855092 3972901 3816156 3702906
4078417 4050083 3857333 3945195
3817657 3930090 3797100 3775173
3762776 3905184 3799581 3759567
3881198 3838677 3875403 3841122
3831388 3904851 3930398 3818555
3921970 3974823 3912085 3798121
3788574 3941848 3867423 3769156
3971926 3930676 3947993 3925645
3861779 3942853 3977145 3847265
3988548 3970015 3903338 3859765
3767972 3891003 3872716 3735537
3873838 3800462 3876689 3950723
3928177 3940929 3902428 3804154
3944910 3854156 3964446 3994710
4020795 4028117 3989895 3831125
3880633 3863598 4003180 4040858
3802956 4056552 4021382 3895711
3935512 3921941 4007181 4102202
4025657 3906380 3844387 3931943
3799439 3888231 3851869 3869195
3931936 3768360 3827140 3957309
3782497 3845719 3751696 3769113
3959924 3851804 3774024 3898613
3840814 3894302 3765562 3900458
3981125 3844297 3741217 3927224
3865910 3896743 3773958 3788563
3973648 3815678 3871356 3861298
3772165 3804452 3926532 3824874
3886834 3768893 3711568 3834962
3664525 3800650 3802152 3753644
3972484 3734894 3761517 3785323
3684291 3792609 3848901 3806572
3916363 3711583 3817042 3835065
3710258 3813593 3800308 3809476
4016481 4010945 3830619 3942153
3956589 4035867 3904566 3905667
3836973 3913855 3799793 3882774
3903918 3996505 3784202 3783182
3856700 3971794 3820942 3883990
3930176 4027683 3785833 3794603
3821786 3951585 3873058 3941616
3889496 3939978 3751819 3823158
3916945 4027766 3944059 3957498
3796042 3926692 3817183 3768753
3869647 3933312 3739009 3757164
3695522 3868830 3708065 3734854
3885076 4007198 3832523 3889060
3832879 3834202 3823005 3728444
3930772 3952312 3769528 3799720
3774986 3905297 3777825 3741792
3778145 3901938 3893970 3840936
3917531 3913800 3926020 3888828
3758853 3808603 3837495 3692780
3810495 3859016 3890882 3709866
3767920 3834771 3838681 3779899
3897351 3838370 3858765 3805862
3738818 3795713 3838109 3714770
3945321 3822090 3827928 3787165
3841216 3895288 3951639 3915706
3961775 3939878 3975226 4007871
3809994 3898170 3977988 3780293
3863946 3764938 3750685 3915095
3818970 3824925 3914054 3824848
3840645 3901139 3938836 3920444
3770640 3850651 3805601 3860463
3808413 3758203 3865341 3976401
3943612 3859303 3721625 3854577
3827813 3723429 3664440 3783980
4081999 4012956 3910237 3977624
3951355 3969478 3887978 3927203
4058348 4034210 3904106 4008990
3975085 3932974 3875904 3939647
4063062 3935690 3881784 3923365
3829357 3905709 3866311 3818476
3836692 3774349 3774989 3839230
3708254 3812317 3842094 3731143
3978285 3870719 3825184 3926143
3843021 3963107 3996960 3826760
4026870 3787998 3861767 3925449
3834294 3952283 3965587 3898753
3975963 3771103 3819284 3938557
3747202 3934191 3890879 3821970
3797116 3780788 3774478 3833501
3856428 4002794 3824886 3775255
3946255 4087085 3986210 4030473
4037304 4033332 3862828 3861883
3964372 4090872 3950102 4029854
3944811 4085690 3942872 3885451
3874516 3969283 3957891 3960013
3901564 4075190 3872674 3852471
3820746 3789790 3665503 3787435
3738005 3876978 3704039 3684724
4021088 4109860 3821782 4021201
3873257 3936096 3824338 3804954
4018154 4098020 3933960 3905526
3888644 3984077 3845508 3815597
3892885 4032677 3880164 3878834
3808004 3956582 3803489 3748483
3778473 3779410 3829987 3703020
3833606 3882935 3714259 3630605
3834372 3941389 3941650 3883358
4010888 4040838 3904393 3969496
3755727 3920472 3942671 3843166
4016448 3958018 3931436 3869273
3812276 3755119 3978105 3843092
3929109 3938738 3919096 3891095
3765580 3890516 3826232 3734073
3841745 3766738 3814591 3939293
3937232 4003550 3994308 3919254
3918439 3939598 3987008 4063551
3948704 3930571 3994149 3910490
3910561 3867337 4057261 4070404
3871419 3898547 3914645 3899684
4001820 3897586 3868729 4076461
4041326 3903646 3839201 4082074
3986571 3917091 3914617 3916486
3856422 3751911 3746022 3836670
3724544 3764943 3608618 3737536
4028845 3945860 3857609 4012836
3879369 3905565 3801198 3849228
4002310 3908598 3819880 3920363
3942252 3973094 3827715 3934709
4025497 3896742 3885819 3867375
3761612 3870954 3963893 3732859
3845193 3678485 3696202 3708454
3638246 3741670 3710662 3707005
4018947 3852966 3806713 3929560
3787539 3870904 3826225 3806303
4024162 3874578 3809787 3922448
3757934 3827641 3924620 3819347
3921415 4074263 4041170 4016488
3981217 4112258 3943170 3864695
3784377 3847838 3782216 3820397
3801974 3859802 3684460 3812916
3853056 4037673 3901583 3943726
4014614 4040049 3850692 3877379
3841426 4025167 3930997 3995693
4004054 4116644 3829131 3869760
3961709 4011569 3799391 3919305
3837998 3942285 3728087 3806759
3814869 3885571 3728825 3769880
3692712 3753281 3671185 3636998
3960018 4041651 3896783 3908771
3843871 3922032 3752535 3779642
3967213 4050604 3776125 3916035
3879564 3882828 3828678 3659647
3769255 3977638 3958323 3850480
3944691 3992133 3909147 3780990
3650850 3750863 3811729 3653722
3821573 3746468 3776425 3744112
3764599 3825993 3840328 3910631
3952547 3988361 3935463 3881114
3962929 3926254 3880345 3860903
4013199 3982823 3941324 3926205
3876101 3975705 3913342 3917357
3928379 3828944 3950064 4077018
3751715 3849910 3832397 3705334
3842929 3736756 3790021 3859812
3937720 3864734 3938130 3836011
3890027 3918613 3947505 4021621
3871563 3906474 3894828 3846811
3919810 3884498 3999165 4066805
3826379 4001194 3853627 3887496
3961896 3915709 3880666 3829488
3913115 4260995 4076881 4229325
4135694 4109992 4030636 3976706
3781075 4023087 3983908 3885952
3854068 3920207 3729755 3842782
3795351 4123345 3947233 3968285
3997413 3919320 3915185 3867907
4054347 3976502 4088278 3887913
3891276 3897961 3955029 3897610
4221039 4125629 4293740 4051942
4072260 4067393 4116389 4158533
3911496 3909046 4016540 3905702
3837579 3861780 3861589 3930515
4023535 3988555 4124538 3981839
4004442 3934374 3919820 3967747
3959839 3830006 3989305 3915501
3918173 4159783 3990057 3707746
4112333 4002160 4072399 4115886
4016859 4253464 4098425 3857605
3847010 3834817 3964796 3900673
3802921 3905562 3859759 3733320
4086248 3934987 4054930 4027987
3971578 4105660 3948871 3729639
3847989 3938322 3860932 3811623
3869510 3994926 3903991 4045982
4009880 4039139 4160345 3950094
3975860 4216165 4135514 4280381
3868317 3907302 3873350 3791191
3761420 3928236 3915305 4033798
3923389 3962051 3910901 3799696
3897071 4022037 4026722 4096658
4113020 4001531 3898995 3911244
3968743 4005103 3823423 3895259
4117982 4071755 4121986 4144472
4207777 4192531 4074841 4047664
3994589 3862328 4006479 3899868
4030835 3937184 3832756 3982763
4077769 3923591 4053483 3975202
4062586 4073184 3981370 4001884
3886764 3906505 3847469 3834786
4040630 3760067 4077895 3863036
4041183 3998360 4035343 4144939
4219196 3963845 4160987 4120570
3769047 3868706 3848489 3871176
4071495 3709294 4027475 3828118
3879961 3964413 3939395 3985234
4070169 3831528 4069785 4020333
3661580 3860559 3796119 3784911
3701006 3760407 3679911 3711031
3830999 3989879 3883747 3923873
3922233 3953745 3802276 3855210
3605995 3875899 3734264 3753933
3869369 3765416 3714367 3715626
3736482 4074816 3937757 3922293
3855446 3923306 3813308 3810428
3880405 3755747 3867135 3708748
3757985 3695148 3824740 3729262
3957447 3967881 4095179 3904225
3897853 3850798 4007136 3893248
3816348 3843605 3934776 3721577
3762601 3719746 3759168 3741604
4005976 4030123 4127558 3924516
3918737 3966633 3930078 3987361
3766366 3632304 3708608 3785262
3656880 3879040 3872140 3654601
3983527 3751652 3960731 3877251
3874420 4060014 3913081 3816684
3863839 3618696 3767785 3793822
3753315 3882997 3837018 3635462
3956298 3796291 3934572 3928946
3891369 4075152 3902979 3682972
3741468 3718228 3738327 3674972
3686990 3790006 3830256 3908707
3939828 3916235 3764076 3730220
3927512 3930389 3984732 4088433
3748594 3893581 3756275 3644838
3697855 3840816 3819650 3910105
3888106 3969795 3845269 3893445
3816204 3935577 4023957 4060536
3828332 3725265 3766733 3791231
3831284 3813373 3698284 3777934
3980558 3843363 3949837 3933207
4093483 4068829 3853829 3899349
3902468 3871407 3798131 3894829
3938687 3879983 3762562 3702075
3986057 3938342 3903727 3937079
4080564 3993509 3852385 3952738
3672128 3689639 3667041 3769266
3857016 3702651 3815308 3750412
3867524 3909859 3824968 3868015
4119234 3747482 4020330 3857263
3722436 3803608 3672195 3780931
3791818 3630246 3871512 3763791
3821362 3885408 3775584 3915628
4008402 3797861 4029936 3874428
3777616 4048213 3861147 3995928
3925988 3961706 3863104 3862313
3775298 4005865 3883383 3858399
3964109 3868883 3758474 3751136
3695236 3899907 3842607 3798995
3877475 3839162 3754947 3688152
3743508 4030331 3927591 3889311
3933722 3776296 3905972 3837972
3980267 3971418 4088785 4001055
3925229 3874680 3817016 3913361
3902873 3866731 4019848 3734568
3864894 3811668 3918947 3892404
3796399 3833645 3981184 3754231
3850259 3738881 3854318 3771230
4000498 3867587 3946088 3927903
3942442 3895481 3876402 3886343
3903524 3836840 3991841 3960612
3889840 4085865 3948108 3800728
3909786 3756863 3974414 3836615
3843979 4036912 3880128 3709080
3752200 3694989 3843218 3731770
3695063 3884571 3839966 3637142
3899390 3827072 3919817 3915978
3908489 4032531 3865452 3769673
3902819 3951329 3876049 3838394
3856676 3985187 3976127 4022073
3770534 3936568 3931792 3811550
3743983 3919023 3885883 4057748
3771153 3807881 3663093 3697339
3696004 3790937 3795304 3887192
3873595 3878162 3869179 3789168
3834810 4004159 3903300 4030576
3989127 3903616 3958336 3949361
4025252 4096020 3846020 3933008
3935788 3935330 3954495 3841311
3964953 3939326 3822347 3864518
3814766 3749735 3774646 3766583
3937024 3834410 3775124 3819953
3943068 3917076 3962726 3860279
3999384 3980993 3866013 3929758
3821064 3807516 3854452 3905091
4009173 3790650 4061915 4029039
3779100 3811555 3743576 3723179
3970232 3753210 3986523 3881943
3700814 3764533 3645707 3827155
3891973 3730473 3843901 3765902
3788097 3857878 3750178 3934369
4038169 3751024 3903563 3854970
3751946 4037017 4035566 3915499
3972277 3926640 3910695 3843933
3811525 4044806 3934461 3941387
4016905 3859278 3877253 3840185
3749666 3941827 3878618 3814224
3994531 3837032 3715361 3733607
3738822 3989111 3929045 3878085
3820462 3882586 3877093 3851238
3990247 3968804 4064835 3931206
3853728 3857769 3936113 3968797
3941021 3996437 4068389 3862170
3891648 3915391 3964322 3952107
3920925 3817542 3996031 3767764
3827348 3771330 3865694 3917804
3871188 3821348 4039981 3789558
3792008 3815498 3896076 3860224
3939096 3820706 3951230 3931181
3899680 4048173 3958376 3737490
3931036 3826461 4008593 3954548
3882426 4068209 3960284 3742260
3830228 3710965 3950433 3816278
3788097 3988370 3877449 3699452
3895249 3855694 3847457 3948282
3818412 4016721 3902961 3655585
3908900 3958102 3897740 3817315
3793532 3919108 3956984 4033368
3928380 3891125 3788284 3827235
3870057 3976219 3996320 4034412
3898164 3811668 3794367 3729395
3764453 3947122 3881506 3955742
3845050 3868641 3916483 3756761
3735820 3930734 3863154 4029377
3922415 4003013 3925995 3960750
4041371 3987613 3837260 3958177
4098955 3899011 4041237 3915807
4059755 3997576 3858736 3971636
3997346 3886999 3934305 3824346
3987750 3847333 3831572 3775200
3977275 3932898 3807684 3925483
3923570 3849203 3760261 3841688
3874234 3899983 3918192 3862448
4066249 3880246 3973669 3926508
3874879 3839023 3794142 3950462
4053927 3857387 4075399 3927170
3733744 3822094 3761540 3843798
4038919 3741068 3966925 3899752
3732717 3849526 3724141 3836651
3933213 3702744 3972655 3764794
3916644 4103787 4070628 3997720
4045389 4026912 3917390 4008969
3696450 3916975 3873763 3818985
3950804 3905439 3748398 3837068
3787609 4090690 3939606 3945019
3976646 3919262 3806992 3842087
3738549 4024064 3830430 3942817
3877467 3942921 3836055 3829724
4058020 4069375 4128360 3967661
4026862 3989895 4033951 3992276
3834527 3887737 3919606 3900369
3892404 3754581 3904595 3834639
3973397 4050275 4045502 3940128
4004047 3970303 3866918 3939999
3946960 3943980 3960299 3906865
3953416 3796642 3785521 3910724
4027872 3883808 4108428 4075610
4033660 4156638 4088086 3829432
3831960 3708914 3856602 3936001
3774410 3965970 3889061 3703415
3963123 3826078 4007744 3961587
3921559 4064636 4038378 3747655
3817324 3788854 3766133 3857218
3775582 3980848 3897545 3791918
3989630 4040383 4055003 3963968
3979267 4052245 4067905 4227000
3862167 3901235 3770621 3805120
3720150 3870263 3873545 4073649
3949230 3885541 3962377 3924914
3849497 3924340 3899989 4122060
3774022 3927450 3854764 3802683
3774817 3926670 3882717 4023774
4197032 4014027 4144900 4009573
4214167 4147735 3963310 4006781
3938559 3848538 3940583 3855705
3983110 3956193 3796254 3902864
4068087 3959454 4008902 3931955
4123442 4005765 3829461 3906394
3956079 3800480 3955212 3847118
3904232 3849408 3790190 3889744
3963971 4005259 3830743 3989992
4162263 3876060 4170772 4021200
3780453 3831149 3764486 3826700
3912033 3625344 3952222 3760629
3876865 3810674 3822675 3894676
3951045 3795556 4074643 3923296
3758788 3896413 3672038 3878373
3895961 3770828 4033349 3845105
3818884 4017827 3874039 3864562
3904975 3858412 3803960 3885511
3831929 4052672 4034684 3925827
3999621 3936413 3915074 3822239
3730213 3947413 3785025 3797745
3859177 3821384 3746834 3644950
3833164 4010470 3921786 3938329
3907468 3926642 3749330 3761928
3880721 4013048 4113510 3934194
3902780 3842013 3849975 3902224
4035407 4037458 4217852 3995764
3997401 3954040 3904601 4091210
3865151 3740899 3910241 3801153
3913388 3778153 3808312 3782909
3950721 3947942 4051466 3894521
3930399 3877116 3947073 3943970
3920744 3705891 3873022 3929386
3853199 3989920 3893037 3732765
3949197 3851834 3973052 3966858
3993090 4126891 3958395 3821407
3798695 3702198 3870158 3819203
3785860 3848401 3822306 3648488
3924761 3824795 3935014 3785733
3832040 4053220 3923255 3800534
3791238 3836383 3890022 3723917
3843195 3877516 3942014 4030743
3936498 3980472 3910802 3780736
3949374 3986126 3961407 4106692
3744621 3819151 3731971 3723328
3779499 3823851 3828326 3927070
3869879 3862066 3883753 3812068
3831453 4041184 3912977 4055230
3947280 3802981 3929321 3915848
4075068 3943490 3863519 3889036
4055174 3922793 4038610 3901189
4080868 4021134 3926598 4075756
3882669 3831250 3865050 3726181
3931197 3900023 3746213 3868438
4044606 3921453 3977034 3874811
4029817 4014019 3736815 3877053
3856467 3823783 3876885 3830408
3941054 3749616 3949678 3935114
3849960 3947050 3856237 3979635
3985990 3887768 4059321 3944868
3791708 3788198 3701743 3767605
3891762 3619609 3869819 3726438
3824641 3903253 3854670 3897981
4056021 3799055 3993532 3837349
3654375 4035652 3903336 3932362
3836274 3909001 3749026 3866069
3727988 3969423 3876927 3824567
3832931 3862657 3699094 3733306
3649627 3938246 3882107 3859461
3837574 3853375 3784737 3779792
3851911 4059491 3909195 3973841
3980404 3978953 3911184 3832123
3980955 3922223 4046758 3898140
3933722 3875826 3879780 3849348
3892256 3909695 3989950 3832260
3731096 3768745 3806421 3813887
3955530 3902607 3956672 3837363
3850149 3808922 3811630 3838706
3983746 4008371 4079745 3884574
3960958 3876003 3996351 3954134
3836485 3808049 3818124 3826332
3885885 3975157 3890963 3734001
3830447 3738009 3783211 3788028
3807786 3951676 3775642 3615318
3906311 3693046 3806162 3808857
3810124 4034469 3906830 3657062
3944964 3862558 3989183 3931142
3906216 4066773 3905751 3802045
3820792 3880715 3910272 3733613
3859137 3955566 3859140 4012651
3720568 3789242 3793198 3779229
3767552 3914490 3846214 3921626
3799318 3874165 3857138 3740789
3767890 3934350 3811367 3971395
3973474 3901589 3934015 3862431
3874938 3985165 3994085 4147326
3941477 3934008 3957951 3846694
4004328 3941094 3858771 3880481
3909821 3793672 3870761 3937326
4006606 3921069 3768354 3826887
3898762 3889366 3891275 3826897
3935834 3938570 3703351 3884555
4060743 3921601 3973957 3921538
4051977 3935310 3881205 3954475
3924576 3850779 3768078 3915011
4062115 3811468 3964466 3935766
3712653 3788000 3697292 3833686
4008672 3747829 3821924 3841787
3778198 3799899 3677866 3800873
3889338 3689834 4032715 3782914
3981360 3908874 3910794 3923118
4024252 3779577 3970788 3891507
3933791 4212537 4084953 4005464
4063903 3993790 3977287 3952757
3744852 3976838 3933443 3898406
3837761 3787643 3783419 3785720
3761116 3989205 3951429 3773352
3812628 3866141 3801510 3831888
3849847 4076433 3939950 3896518
3918653 3988950 3941582 3826003
4109920 4089273 4100729 3910566
3965401 4030572 3993886 4031735
3890412 3968815 4006236 3951399
3836425 3790195 3874220 3878281
3798073 3969497 3968504 3767946
3854031 3813707 3803648 3833225
4005701 3922214 4073548 3937551
3882928 3896711 3962010 3959766
4087724 3887664 4034682 3988672
3993742 4130730 4048472 3910001
3868335 3769015 3852544 3910255
3925064 3926847 3904025 3735549
3870556 3742191 3911258 3802585
3872641 3947925 3801549 3656559
4014528 3813147 4048372 3900359
3887639 4177200 3973602 3786509
3974779 4048072 3944388 3998891
3918678 4100231 4037943 4130617
3828230 3902632 3823910 3768787
3763698 3936665 3962099 4093278
3837671 3770347 3891834 3708839
3832510 3895334 3897006 4015812
3959788 3971847 3924002 3842357
3969821 3975500 3984649 4063412
4007466 4020459 4071714 4014546
4041773 4133336 3931416 4072033
3884868 3934396 3911568 3885583
3902658 3999490 3807229 3926357
3952324 3882911 3916670 3865192
3972222 3920435 3776671 3845158
4048632 3968890 4031601 3874252
4007957 4068264 3876231 3902952
3924528 4016799 3952117 4058877
4086775 3945651 4092439 3986447
3773728 3839222 3682708 3907245
3990954 3689504 3950746 3876560
3780173 3787786 3656841 3785260
3925774 3714454 3941806 3896309
3838981 3844331 3870172 3904911
4005981 3827048 4121964 3947821
3687193 3942756 3824765 3775713
3867652 3808061 3856797 3731091
3833157 4074883 4002574 4031163
4004908 3908323 3884904 3871574
3810568 3963215 3941484 3858947
3936307 3949080 3903378 3836111
3649628 4017418 3811742 3898588
3916765 3789534 3814426 3785363
3804388 3792320 3896654 3827650
3790736 3735087 3850001 3784472
3982290 4032539 4076073 3955709
3981921 3831825 3902912 3924597
3928624 3829662 4078115 3901307
3963128 3857673 3952668 3855429
3871172 3897314 3903037 3820441
3858582 3828973 3850832 3945628
3859924 3703439 3839538 3889139
3811962 3972381 3768251 3632014
3944072 3846940 3958679 3873593
3889708 4158898 4010056 3813726
3920278 3762707 3916213 3903769
3864389 3998037 3910661 3773663
3827714 3687131 3973734 3841976
3727752 3945419 3802395 3732187
3757938 3831473 3768183 3792172
3796492 3925665 3815803 3904170
3938647 3929110 3958806 3907726
3846923 4021625 3948936 4041943
3800432 3920331 3803919 3783581
3829634 3996078 3887874 4077941
3808960 3822025 3840265 3736193
3779249 3872309 3812380 3914576
3886419 3812809 3855321 3820838
3859046 3886836 3783796 3912196
4002992 4042175 4071842 3887183
4076201 3999218 3918859 3971944
3993320 3996179 3948765 3861118
3997992 3956875 3834819 3891503
3927876 3830196 3966046 3822385
3897903 3882013 3729230 3737551
3726483 3778106 3640693 3745778
3954063 3664328 3850431 3853157
3843644 4021758 3818671 3927043
4114989 3926671 4118050 3887926
3790777 3803579 3923508 3896528
4001618 3710893 3980171 3844965
3755961 3810435 3729008 3849845
3948399 3691637 3963299 3841042
3788849 3891362 3950278 3853791
3949273 3851081 3705120 3714513
3774825 3989312 3807029 3831765
3972262 3922339 3776920 3796260
3817593 3977315 3945224 3903519
4000421 3951881 3790078 3695113
3815685 4156039 3984463 3981820
3937179 3981278 3845863 3840499
3961735 3897528 4029402 3813648
3935805 3895800 3868105 3925557
3960381 3955196 3997185 3937000
3805066 3889542 3876990 3886226
3927912 3923092 4020050 3926070
3903404 3799141 3877032 3914565
4000379 3933137 4132454 3936334
3895304 3921035 3931689 4039393
3902117 3824302 3961280 3853209
3857985 4058180 3917744 3682725
3879718 3781337 3932500 3919941
3883707 3988990 3907989 3704095
3880767 3843427 3909802 3944281
3885275 4081970 3945912 3750931
3922734 3885051 4017756 3954236
3846074 4068797 3949180 3743931
3872583 3892818 3893858 3753885
3804398 3914927 3918390 3915817
3915306 3857753 3872717 3733285
3811609 4017421 3861308 4006701
3908718 3875145 3881834 3857990
3915656 3966068 3893839 4020301
3806614 3979737 3829402 3891450
3891691 3954016 3956475 4123300
4007236 3854655 3962050 3900598
3931003 3966504 3827014 3860597
3994158 3886778 3921874 3853072
3943762 3909952 3800336 3846110
3989274 3926394 3995583 3984024
4026543 3904640 3834098 3822120
3979640 3996422 3944352 3917698
4047134 4007591 3891311 3981190
3792644 3797796 3739741 3838318
4027200 3732394 3998452 3785130
3676279 3836433 3731402 3823081
3931619 3734068 3908514 3905624
3847659 3917404 3808005 3890414
3982254 3765628 3995112 3929217
3847336 3881392 3775172 4002971
4072306 3896260 4136693 3836231
3764378 4082840 4018659 3955434
3931066 3951955 3721298 3844004
3834083 4081095 3959705 3868393
3996486 3870185 3802773 3822358
3718264 3899637 3867542 3967386
3975343 3928086 3802143 3745558
3738650 3888537 3821611 3881205
3876207 3793200 3757663 3717470
4004339 3933172 4153357 3964542
4014483 3941791 3935028 3958031
3926565 3960778 4042642 3893728
3923072 3873077 3871804 3902891
3929115 3976535 4041490 3886567
3923717 3848799 3929561 3963910
3890346 3906280 3909132 3756000
3863161 3741277 3852353 3842399
3943378 3822130 4013550 3944436
3935454 4001805 3931296 3778975
3915347 3781153 3978002 3904932
3887920 4014875 3913408 3764311
3945969 3836179 3986703 3865531
3906263 4096447 3953374 3742147
3774635 3712541 3855753 3840436
3726588 3963168 3865282 3737233
3887618 3909257 3914422 3788664
3888900 3966641 3986879 4097411
3899481 3917755 3775152 3787762
3917896 4001183 3859974 4010096
3908223 3932491 3903931 3783021
3880367 4006981 3880705 4036190
3810093 3928936 3814855 3728101
3740833 3875854 3926324 4026952
3960343 3906351 3901785 3922067
4088587 3988033 3855475 3981313
3970797 3827542 3990834 3878103
4043647 4008619 3774579 3942668
4030632 3902916 4003568 3873156
3972633 4030050 3769048 3954437
3985421 3889051 3887809 3806088
3891565 3875678 3774074 3801888
3842446 3882593 3851566 3974126
3974833 3804853 3992582 3930428
3862009 3812348 3812845 3893375
3961550 3785417 4015959 3866734
3825061 3863213 3793077 3859324
4008486 3813835 3992773 3900719
3700469 3829437 3734120 3814744
3960783 3797602 3946816 3822699
3812238 4056714 3881802 3942092
3888540 3848953 3854853 3896254
3788471 4010365 3899698 3943324
3988544 3970819 3872820 3685843
3725845 4011915 3880062 3941529
3995940 3918555 3883027 3869163
3822780 4019777 3992734 3876874
3934701 3959201 3782960 3830382
3949714 3948679 4088628 3937628
3912864 3882731 3916697 3884529
4048157 3976188 4092838 3938001
3920626 3937382 3880886 3891770
4012906 3903279 4071851 3924847
3862643 3811213 3994644 3962846
3917090 3953775 4006492 3868669
3845974 3878717 3877488 3933107
3921802 3756950 3917588 3878318
3869571 3945331 3904953 3761921
3859337 3792568 4003989 3947593
3842193 3976254 3976028 3767043
3939807 3874856 3982518 3856996
3976517 4029674 3927155 3797542
3918935 3925599 3893707 3911611
3873794 4070785 3916194 3756475
3893253 3813748 3838965 3815238
3775246 3949439 3913618 3998936
3899899 3881197 3885510 3828819
3803720 3966090 3853707 4035064
3919268 3887775 3891336 3876079
3836235 4002717 3973615 4061975
3904469 3819500 3881509 3857116
3875856 3951778 3962443 4069839
3974563 3934459 3928123 3900081
3992622 3999939 3773986 4011323
4017317 3934481 3987063 3964931
4072907 4005740 3871274 3895897
3989330 3925392 3940475 3966717
4004391 3977771 3777433 3875018
4070039 3898014 3988743 3881752
4031444 3961738 3890346 3886337
3806393 3946553 3844137 3848662
3936609 3796844 3997823 3853738
3896443 3834002 3805446 3849685
4072329 3830789 4038574 3986640
3751634 3889108 3812102 3851585
3992831 3847484 4062022 3879873
3799616 3824753 3834558 3900814
4035766 3793061 3968852 3905616
3993811 4061516 3968649 3837666
3931886 3976390 3929540 3937626
3843641 3860885 3847564 3692100
3710066 3806493 3749926 3718142
3754668 3856226 3704972 3650898
3638298 3728674 3775779 3721134
4005248 3974232 4038454 3941848
3893359 4012720 3975796 3994328
4069827 3889459 3954437 3963780
3923933 3936502 3980430 3963014
3819615 3696506 3685731 3842561
3891280 3772872 3795931 3786595
3840941 3636719 3724022 3793745
3782510 3740741 3751936 3787974
3937807 3887686 3952912 4019415
3998069 3992298 3907900 3955427
3959465 4023841 4022260 4026659
3881405 3968805 4121494 4101152
3838222 3827170 3777587 3827996
3792206 3847558 3858711 3793328
3745994 3792390 3616401 3818975
3802050 3781949 3887917 3843997
4029463 3924115 3935488 4044717
4018125 4023958 4156592 4063180
3927246 3902376 3979457 3967110
4029785 3877818 4013004 3889174
3809949 3797916 3883166 3816293
3802852 3726300 3790908 3669485
3772134 3736510 3720983 3673802
3801306 3683329 3832596 3671866
4020801 3919830 4126423 3925387
4087166 3835413 4050648 3919635
3886431 4073140 4016447 4150251
3836008 4010338 4105884 4036969
3637552 3824470 3897638 3873760
3718430 3954373 3884081 3900687
3676534 3877012 3849491 3732146
3800982 3758620 3803923 3925889
3923251 4119531 4015863 4076090
3960245 4084355 4130393 4141397
4049398 3961274 3971603 3853659
3861401 4084351 3960978 4065514
3898858 3743327 3765364 3706375
3649547 3859152 3803736 3983539
3844394 3799238 3692900 3679407
3552630 3823112 3794938 3879464
4045071 3899026 4002897 3882954
3872674 4145479 3890457 4107506
3874167 3894790 3997426 3744025
3852102 3859489 3871336 3828521
4123174 4185856 4148598 3992918
4042466 4130515 4174976 4147397
3928992 4032854 3870362 3855775
3868283 3910267 3838536 3893087
3907446 3880200 3927823 3741049
3784641 3892634 3896170 3938159
3860532 3768160 3845414 3816464
3912050 3821269 3838695 3810764
4123736 3956543 4090786 4150213
4071998 4092764 4103513 4170199
3956277 3786753 3862063 3966695
3966202 3882726 3830547 3897360
3851272 3717487 3778305 3924909
3834395 3809993 3857083 3769754
3895621 3944184 3883132 3958390
3803351 3843176 4116869 3862541
4097768 4162882 4051228 4167967
4015139 4087869 4245749 4173384
3897959 3922321 3810016 3898326
3910492 3900957 4051459 3999785
3893945 3838403 3881375 4001893
3846109 3840931 3999015 3901665
3921211 3873989 3953538 3815738
3928113 3832106 3928520 3802827
4071146 4031250 4142739 4013608
4128567 3970877 4110916 4015690
3871000 3857302 3866585 3823083
3929780 3775885 3901028 3821107
3919365 3859837 3933445 3880779
3936030 3843360 3931349 3795232
3779114 3933052 3868436 3916733
3907070 3902149 3954098 4024417
3931304 4184088 4158392 4098063
4050717 4157280 4139805 4217167
3801810 3964596 3897204 3960163
3838546 3968804 4009000 4038454
3702079 3953812 3988469 3864726
3768533 3922975 3919087 4008327
3874521 3852976 3863859 3764476
3823763 4058465 3948810 4019887
4075301 4108890 4108473 3891938
4017124 4178757 4090166 4263135
3918952 3874074 3885338 3813794
3793856 3986655 3947917 4059634
3887383 3848882 3906134 3784998
3797450 3952139 3903977 4025026
3886516 3972011 3926340 3861550
3887440 3930209 3823879 3893162
4045105 4116953 4049060 3910896
3875124 3946315 4044709 3920812
3996617 4026736 4065979 3946086
3993904 3940582 3999022 4040282
3915246 4006863 4005875 3789942
3811708 3897658 3916198 3904252
3991977 3806118 3863510 3982686
3949323 3912816 3835637 3926021
3987253 3864667 3965192 4091789
4034674 3903040 3936032 3959092
4075520 4005923 3991643 4045248
4082001 4023430 3947230 4033901
3986225 3790292 3828393 3945106
3937240 3971507 3927164 3870729
3957549 3916726 3857997 3970109
3954486 3993494 4098376 3915138
4111487 4019473 3958183 4104327
3977804 3976228 4193860 4028182
4071502 4006939 4057658 4058426
4034982 4081022 4163274 4088302
3921770 3958566 3869271 3908588
3883059 3964791 4042766 4082974
3909605 3889816 3987715 3761368
3909669 3856843 3905869 3837808
4002502 3908826 3986648 3953532
3972818 3899990 4013067 3848175
4006384 3984597 3994687 3992845
4031931 3933483 4106729 3916807
3942007 3878105 3902083 3949172
3970482 3801586 3908622 3838746
3794377 4055874 3985000 3893316
3974075 3932283 3972748 4075126
3864640 4126649 4020363 4012217
4033936 4071697 4080974 4135806
3912448 4108359 4094529 4041307
3960479 4071674 4112471 4170460
3711919 4051797 3937727 3995204
3931808 3994189 4000632 4010280
3979428 3881071 3859549 3895202
3850035 4076575 3973741 4006886
4088415 4061048 3956086 3928220
4009977 4094035 4095702 4139800
4033750 4016988 4017647 3924971
3928440 4157238 4113948 4099425
3953111 3926104 3956919 3895753
3911242 4022444 3932785 4027942
4137892 4092277 4069536 4047116
4018816 4098475 4092940 4171536
3854772 3996525 3821187 3838966
3791801 3796814 3822831 3810552
3855193 3968895 3961335 3814092
3730876 3852957 3895252 3857212
3879972 3879284 3852882 3714063
3737989 3818914 3851979 3736147
4092110 4010523 4101485 4193326
4128439 4103091 4102304 4061633
3988718 3834543 3863755 3926756
3841150 3824384 3791730 3774703
3985326 3805718 3834210 3981831
3847472 3896779 3895328 3875283
3859312 3776574 3749878 3860333
3884013 3772873 3823470 3839290
4202467 4121161 4084428 4190782
4079381 4070015 4296346 4174196
3853148 3907289 3760551 3881392
3813724 3810407 3947141 3995415
3959811 3880944 3842849 3938471
3888014 3958640 4028556 4070778
3909885 3840454 3788857 3935000
3801380 3860368 3969230 3894382
4067537 4058688 4159382 4095495
4141194 4005143 4161355 4002817
3776860 3830756 3880809 3784920
3837208 3858545 3860131 3784280
3869927 3891298 3949335 3908178
3947503 3775573 3931400 3764119
3842690 3830642 3810963 3842448
3854790 3750436 3842885 3801737
4010332 4156778 4241161 4186534
4097600 4145971 4142881 4261840
3700237 3943743 3959819 3866779
3860953 3948256 3901371 3969905
3753326 3930520 3928790 3885693
3941646 4002786 4006100 4032205
3794377 3862405 3971562 3931464
3850370 3948000 3919241 3971590
4147423 4096363 4165824 3967796
3972715 4170108 4132477 4260278
3861381 3866475 3895025 3681488
3737621 3951929 3840404 4084743
3849633 3870576 3910652 3830410
3818572 3975197 3940314 4019951
3928947 3767298 3784601 3745989
3706498 4028952 3915040 3996491
3871954 3953084 3819960 3736292
3727775 3805032 3801062 3739133
3745178 3909970 3850670 3706515
3743650 3746846 3807218 3749242
3921298 3841504 3841957 3762941
3787352 3803203 3904997 3791807
3890314 3979084 3918862 3755988
3866359 3826381 3881126 3889913
3907203 3766601 3756268 3855393
3866179 3797154 3922592 3828026
3800590 3763167 3708418 3842312
3736695 3773520 3795409 3737682
3854954 3748534 3803538 3913109
3886770 3755120 3817618 3723509
3944929 3698085 3840657 3914265
3951113 3871070 3894697 3834380
3833528 3836587 3695951 3885741
3788306 3808062 3931103 3905163
3854342 3694035 3726259 3849063
3726128 3767583 3941230 3817637
3870198 3825187 3705174 3875599
3766932 3838693 3998057 3953907
3807426 3794634 3930233 3939001
3874097 3886173 4013050 3952552
3873348 3719733 3823728 3780554
3889600 3675572 3832789 3693607
3779047 3735557 3872516 3742836
3764913 3710319 3786175 3706825
3802969 3841510 3807734 3859431
3911212 3773236 3935780 3718418
3893226 3825372 3922237 3766496
3944044 3854801 3855861 3849781
3747842 3913062 3875463 3769818
3858325 3885170 3878752 4021012
3651560 3846979 3748940 3745998
3737148 3855493 3825150 3944504
3741911 3960300 3870079 3888408
3823195 3852212 3920252 3968915
3741819 4027776 3953049 3920034
3841309 3964717 4027355 4026231
3906989 3766384 3726996 3728430
3702409 3968074 3880970 3913203
3834670 3786662 3738962 3614210
3760802 3861868 3741728 3932279
3914652 3878364 3811237 3728354
3765186 3889422 3775382 3977232
3903390 3893411 3855961 3800440
3826665 3969585 3888178 4062330
3872254 4015992 3912780 3803883
3779939 3812941 3835495 3813910
3935030 3994509 4039618 3856399
3909646 4005323 3948927 3942214
3926710 3953334 4006125 3729569
3855210 3928758 3881354 3867497
3786487 3896027 3836735 3769721
3694515 3760825 3823034 3883592
3990868 3820461 3814099 3881280
3963889 3918899 3854045 3862386
4011002 3859356 3972046 3980045
3974429 3951970 3884302 3944588
3868533 3735084 3839327 3983665
3860156 3886586 3908422 3842937
3799991 3653524 3776267 3853249
3875053 3847267 3790971 3819744
3833312 3945114 3791100 3842089
3802071 3925493 4019059 3904826
3922525 3920831 3889339 4032127
3998000 3987835 4155995 4033951
3933576 3903698 3844167 3920104
3836404 3911931 4000242 3924749
3824079 3835973 3779211 3868972
3778219 3766315 3976720 3835567
3867154 3821976 3890510 3788120
3965038 3755210 3870744 3793442
3939792 4020970 4021152 3853862
3980052 3906231 3983510 3902169
3899521 3869334 3902775 3746967
3931185 3820228 3933782 3748465
3829251 3815467 3893814 3771655
3934174 3722004 3850079 3681054
3749651 3944402 3930447 3913303
3901334 3952331 3956890 4043320
3867408 4032666 3957307 3942389
4001898 4058978 4080477 4053039
3679478 4002856 3945572 3909762
3897120 3939944 3998205 4026682
3703846 3937102 3843069 3729721
3765703 3856218 3872082 3867668
3917799 3894478 3903680 3727025
3806424 3998429 3873892 4106389
3998387 3956006 3993112 3798063
3853057 4170567 4015839 4109815
3996865 3878292 3927744 3782912
3647655 4022589 3912138 4018075
3785374 3759226 3787476 3700157
3687227 3912705 3829839 3942162
4001283 3984187 4029310 3821221
3873213 3949795 4036908 3979339
3980137 3945897 3930179 3839639
3832885 4011744 3896765 3905104
3957797 3961154 3847430 3833611
3797249 3774441 3907165 3929372
3868612 3892688 3862864 3700200
3785569 3805782 3727169 3845848
3968063 3884742 3857453 3993005
3949072 3938007 3887522 3880130
3980159 3846983 3904648 3959221
3933514 3917942 3757080 3942322
3938166 3817844 3825352 3923412
3937111 3858046 3828211 3848110
3835073 3754519 3796088 3771518
3824166 3794914 3698970 3802050
3973263 3994289 3977129 3917385
3937052 4018684 4090903 4074362
3823525 3892191 3897188 3952373
3873978 3969944 4037177 4045435
3811894 3920318 3766659 4038368
3882939 3890046 3991490 3989365
3820179 3827940 3836423 3900226
3750827 3791286 3965857 3895797
3913663 3934582 3895732 3992310
4008216 3916237 3860476 3824964
3980678 3861934 3948731 3893585
3940090 3826646 3946333 3822161
3887335 3819581 3892400 3731898
4014635 3800262 3894534 3757370
3785551 3714310 3825696 3726546
3890696 3729654 3834894 3750333
3782853 4066535 4079386 3887890
3926644 4030581 4026644 4089094
3765934 4087186 3936222 3985307
3868141 4006094 3988442 4038747
3689651 4076993 3978505 3890531
3919644 3991030 3960478 4026395
3669442 3856710 3934741 3860900
3832869 3874030 3961983 3964616
3891739 3945150 3948853 3917373
3858255 4071723 4001988 4081441
3918005 3862952 3972692 3868410
3776201 4008042 3955977 4132711
3873707 3836968 3831080 3802220
3785691 3839181 3908841 3971765
3809415 3766046 3851824 3717612
3808227 3935232 3836935 4013978
3904912 3980294 3857143 3667939
3751289 3747071 3775573 3870602
3930184 3979640 3920526 3832138
3873383 3814456 3895446 3883582
3995480 3961636 4007296 3988978
3853483 3946536 3883001 4007729
4026946 4063976 3997074 3859008
3927467 3973260 3963560 4006600
3901330 3763247 3831901 3882092
3872615 3887186 3775328 3858309
3983270 3872445 3827767 3977999
3917647 3962928 3914877 3904897
4068916 3906367 3922872 3947272
3955483 3921531 4008452 3885635
4063989 3848059 3957811 4006783
4069746 3984483 3990282 4026039
3868057 3878507 3780438 3878432
3864254 3874837 3950010 3873855
3952448 3885846 3805797 4037978
3934149 3949820 4092684 3938533
3979046 3996146 3871882 3981930
3899823 4069970 4171486 4041061
4014382 4031317 4027592 4019890
3937665 4034683 4137847 4074493
3843947 3840636 3960609 3916997
3986411 3714464 3906775 3766854
3901733 3925871 3835123 3875184
3941530 3854677 3844914 3842993
4025161 3927673 3995547 3925828
3956709 3927659 3952567 3964961
4004470 3948704 4040151 4007067
4046461 3923552 4039461 3926701
3663612 3983446 3901371 3923176
3872802 3956917 3905783 4064145
3804606 3996130 3964775 3938859
3944933 4013899 3982737 4077759
3811202 4098570 3970213 3945039
3968832 4005427 4044115 4152948
3849814 4056430 4128758 4077353
3939580 4080060 4058105 4161058
3876389 3859315 3807051 3757691
3742627 3956698 3835197 4004684
3997126 3859876 3871499 3855449
3906660 4009841 4012317 4031916
4011055 3922746 3990764 3839905
3862731 4024451 3971002 4107685
4048192 3990871 4020346 3988645
3889646 4070386 4010151 4138776
3885326 4036742 4065860 3757894
3824594 3933783 3981524 3877838
3875927 3920601 3964734 3808143
3821374 3841778 3925337 3919531
4046795 4015588 3919957 3898390
3860378 3994982 4016717 3929544
3966008 3990579 3974755 3823180
3836046 4022932 3965735 3942574
4023005 3861131 3910806 3907560
4002663 3995995 3888216 3904365
3886202 3805656 3787374 3917108
3944684 3933332 3764481 3947478
4014468 3919735 3960291 3940131
3943511 3942967 3884905 3974680
3948588 3803778 3890534 3881804
3962450 3841978 3848260 3844677
3851013 4005358 3880910 4002349
3919464 3982801 4097333 3964988
3860140 3926059 3948501 3950231
3860405 3970484 4017124 3940563
4028743 3857812 3919370 3974765
3965898 3969750 4140320 4081898
3926130 3890474 3812181 3896863
3927648 3871918 4000465 4028235
3928747 3870920 3969678 3888912
4015557 3859001 3962409 3800359
3813150 3924877 3889832 3834639
3942150 3865065 3900132 3771825
3985082 3963504 3993738 3827310
4056641 3861040 3997938 3836970
3929901 3922539 3912836 3911084
4014186 3773843 3863718 3797575
3712844 4003822 4019534 4027657
3950984 3948791 3978116 4040853
3802043 3936771 4006666 3962464
3879416 3970811 4032823 4032628
3857291 4057172 4019690 3996405
3966001 4022739 4171843 4107517
3706137 4004769 3986625 3885592
3935182 3942260 4041198 4059873
3917744 3885002 3938006 3742858
3726426 3998176 3944736 4151778
3946352 3842724 3921631 3765158
3826482 3922191 3858460 4046803
4051636 3965897 3879388 3822593
3851685 4051159 3978761 4129514
3976430 3942488 3922542 3797110
3729890 4021725 3908137 3995012
4041283 4141082 3991459 3891912
3943784 3965721 4001149 3980133
4013112 4004837 3954256 3898804
3875192 3984005 3928903 3976574
3859475 3956975 3886958 3746480
3743963 3886681 3812542 3764132
3910578 3903396 3936972 3902583
3874034 3893841 3829478 3890430
4060087 3880000 3932204 3962717
4034359 3989123 3934103 3998690
4066640 3818693 3866857 3977844
3994372 3972067 3921112 4022440
3771633 3706413 3762693 3853392
3887119 3768844 3823070 3867262
4019069 3840486 3913652 3902289
3911122 3885934 3944575 3994561
4061849 4064938 3978942 4005843
3996305 3966477 4201551 4078813
3921591 3949055 3914993 4093127
3972080 4034323 4062778 3991941
3807961 3868397 3757491 3925654
3711937 3805463 4017317 3944770
3945968 3976046 3861654 3988303
3862509 3905789 4027833 3983129
4003505 3965730 4044554 3971497
4008257 3951689 3978642 3958571
3924957 3978050 4029234 3955912
4019029 3940352 3935165 3786883
3831673 3734616 3942914 3826253
3929004 3727145 3854058 3743432
3900104 3941851 3858908 3910725
3975461 3811124 3930328 3880647
3896449 4083790 4061833 4084803
4001801 4103981 4080424 4059338
3852590 4072704 4066801 3992988
3944157 4022556 4076501 4139742
3743547 3936791 3890533 3946641
3895361 3966264 3973714 3984167
3803308 4024038 3999594 3984996
4000301 3945410 3957058 4065772
4043847 3988395 4026938 3898272
3862166 4078879 3978731 4114886
3945057 3992206 3923454 3853265
3888613 4051688 4017526 4178169
3882498 3737916 3864089 3782917
3787008 3888892 3940604 3971352
3991929 3925603 3935072 3813841
3819707 4055458 3951230 4078990
3957589 3958912 3906904 3769496
3797571 3801013 3900474 3877737
3881629 3867747 3824554 3778888
3792791 3785612 3732162 3920709
3912628 3821863 3879784 3803450
3797243 3867013 3839481 3871244
3984690 4015845 3903825 3768101
3894002 3875699 3924507 3905908
3941693 3865617 3840143 3950241
3907697 3820508 3763484 3906099
3820660 3693152 3805270 3882762
3807941 3745669 3834999 3846634
3980775 3751573 3858250 3881726
3878650 3833158 3838505 3797819
3895931 3816799 3895711 3960057
3925182 3859942 3858793 3926522
3978416 3892816 3912030 4041985
3894095 3939146 4008931 3969518
3773079 3812251 3787367 3904413
3748749 3841187 3872766 3849950
3742127 3867530 3772044 3937270
3818627 3836193 3875968 3959270
3961259 3930176 3852247 3940329
3862921 3947035 4096278 3999086
3822864 3882020 3885138 3866767
3936753 3847783 3938420 3834357
3811757 3793071 3820052 3741340
3835974 3729398 3841525 3815586
3866078 3831122 3923405 3873556
3931815 3763885 3874319 3787452
3984008 3925061 3857783 3905051
4008621 3854338 3885098 3796703
3760272 3954125 4056585 3903753
3924658 3910104 3970354 3995763
3642429 3900097 3805811 3819153
3892296 3899453 3877117 3975028
3674442 4049449 3976476 3821073
3908338 4021336 3931050 4049335
3757016 3994637 3981667 3922970
3870178 3981095 3941260 4044466
3931819 3853015 3882989 3802731
3851203 3950113 3925148 4063164
3859097 3790423 3810194 3748070
3745659 3918554 3854975 3978929
3886445 3771581 3859179 3711232
3774640 3987754 3870316 3972689
3902941 3944830 3888337 3906951
3818827 4030018 3946796 4039555
3919651 3941904 3934205 3832966
3908317 3961597 3920127 3850716
3837147 3831971 3814884 3744647
3681856 3876268 3769048 3786747
4009230 4059702 3985535 3899564
3801526 3989443 3896766 3948896
3895262 3919998 3814673 3748606
3791126 3736182 3816861 3867579
3937357 3758571 3907348 3894272
3863600 3973856 3937242 3860485
3890977 3697559 3746010 3942538
3860906 3811393 3844415 3840538
4007648 3854308 3918165 3921462
4091431 3906596 3934650 3985104
3873360 3718584 3756037 3786109
3856018 3831260 3728837 3730568
3865966 3924235 3898853 3982693
3846552 3917427 3983304 3968062
3881893 3785057 3806097 3949073
3808203 3785708 3908490 3830180
4064746 3982213 3914402 4023888
3922600 3956611 4129139 4023749
3861266 3767778 3778494 3857647
3746373 3834090 4012304 3932510
4000060 3893475 3917648 3890765
3971141 3780448 3976236 3870723
3802550 3781754 3821959 3776203
3838237 3706940 3832461 3702978
3950231 3834648 4019193 3927594
3963929 3888541 3978790 3932083
3869641 3789101 3839941 3823492
3829591 3696457 3893624 3643364
3770565 4099453 3939767 3890596
3943674 3985952 3986106 4053098
3676416 3979500 3878391 3752956
3725913 3916184 3923305 3907233
3848880 4081000 4000878 4039050
3944244 4076168 4086653 4066911
3710745 3839779 3913327 3902819
3798465 3863250 3918423 3963273
3918116 3952195 3885879 3868831
3760952 3970734 3913081 4005652
3815810 3838735 3818802 3709623
3704493 3855539 3802963 3909788
3960656 3923978 4000078 3888119
3837068 4023738 3995515 4057384
3818858 3840456 3861462 3732808
3668435 3886456 3869073 3942863
