3969148 4014627 4135729 3873547
3900716 3924645 3880581 4011904
3813277 3872275 3948033 3732380
3680755 3755286 3704875 3886864
3819838 3894372 3988049 3774437
3749192 3735865 3690994 3929905
3868309 3978526 4076271 3918445
3738559 3816532 3887762 4012245
3878801 4012870 3933778 3940292
4129366 3926508 4134681 4087891
3814020 3810776 3754840 3757591
3739819 3658131 3977212 3927631
3810462 3858784 3818377 3846354
3920032 3721386 3952610 3992316
3968913 3898138 3944725 3957229
3924380 3755561 4074706 4051207
3975485 4064525 3821439 4038689
4051422 3952205 4036880 4049543
3829188 3877129 3763792 3855356
3821509 3839058 3903755 3810724
3868987 3890421 3662999 3895205
3780411 3869732 3854795 3936404
3976918 3914615 3728919 3933193
3892249 3905379 4032262 3972822
3929602 4038683 4108190 4044966
3895389 4013040 3987594 4006645
3902025 3918031 3944563 3849507
3729601 3824348 3830994 3792577
3877782 3837917 3936702 3760373
3728373 3866440 3927530 3862252
3888847 4012419 3939769 3855837
3905630 3952112 3939319 3866462
3840965 4031342 3913790 3932933
3921859 4036021 3986222 3943600
3749327 3874911 3757161 3732912
3863023 3893489 3819533 3933312
3791813 3857729 3817562 3812393
3854478 3909131 3858631 3843163
3840574 3991282 3905747 3911668
3930230 3958309 3978873 3986740
3966836 3948049 3944502 3965775
3993170 3915062 4147326 3961796
3870299 3735286 3763360 3835440
3889178 3699119 4016593 3755055
3886907 3881993 3839485 3815306
3935697 3811388 3954068 3826781
3967449 3862275 3974505 3945421
3994489 3913895 4119207 3810012
3731693 3838050 4040293 3702054
3695169 3645978 3796899 3838754
3775986 3866300 4030473 3713033
3797138 3695390 3767391 3986045
3881451 3941573 4106730 3806911
3800617 3818166 3824819 3970405
3810851 3928189 3939890 3777359
3673015 3719420 3695284 3929785
3747966 3813475 3808390 3779947
3739834 3724784 4029371 3911676
3772564 3756807 3753995 3867472
3809465 3709323 3932936 3850485
3834399 3906449 3887555 3938322
3873569 3835747 4034439 3993085
3705946 3833432 3843277 3790555
3803842 3741930 3954448 4010285
3807775 3840891 3708636 3860369
3821457 3845537 3865427 3870678
3731859 3833650 3771973 3904345
3909015 3841689 3895430 3871438
3925544 3946433 3708218 3940818
3940935 3836960 3945936 3966636
3806118 3933222 3705460 3893302
3950277 3887424 3871652 3903585
3828645 3942159 3856039 3820942
3749685 3840438 3853733 3795697
3849211 3894211 3906387 3806324
3697736 3841894 3838028 3777708
3953241 3984367 3899644 3827102
3867879 3894797 3922847 3924404
3853854 3973364 3995206 3829940
3802763 3818395 3842750 3818277
3707811 3870553 3749732 3770733
3802518 3870380 3858574 3825215
3734088 3892980 3711453 3741272
3833413 3920880 3894332 3839378
3753486 3998326 3847078 3905949
3958902 3912516 3904185 3901895
3781501 3907438 3801972 3784825
3943701 3952412 3959726 3911561
3801265 3823102 3860400 3767977
3862183 3757428 3956344 3819800
3791592 3809449 3896056 3874604
3908848 3744770 3933105 3737867
3968925 3874788 3933670 3970938
3969760 3806208 4027240 3876616
3868509 3701929 3883967 3829263
3892984 3788167 4059365 3865392
3867901 3939134 4155868 3776691
3769382 3792687 3755772 3897621
3975805 4034828 4202969 3818206
3864467 3873429 3955241 3972986
3807787 3840252 3967560 3755802
3776305 3692857 3725756 3827596
3789286 3871679 3920625 3814507
3651747 3656231 3694917 3812702
3827211 3891188 3963919 3875662
3902144 3872334 4080464 4073134
3887683 3924946 3964663 3928177
3889997 3833202 4065544 4052861
3642673 3823819 3780048 3843776
3874496 3786281 3991576 3961562
3752518 3751104 3785136 3835922
3854357 3755440 3927303 3954808
3891409 3907975 3799688 3947710
3988471 3882742 3985794 3980061
3929422 4017484 3828182 3978316
3979901 4031248 3970941 4081343
3826374 3845691 3747327 3903846
3836967 3832682 3867329 3899638
3860002 3812552 3661795 3836031
3829849 3818116 3938988 3867924
3949835 3963561 4051439 3845088
3776390 3904352 3956200 3931333
4035007 4100561 4099800 3871069
3897044 3988095 4060875 3943038
3833241 3941726 3896631 3775310
3677850 3834865 3904539 3893405
3764351 3914769 3956855 3672411
3694843 3809591 3842999 3832987
3811111 3903297 3927519 3880194
3966974 3901644 3887289 3958979
3947618 4062896 3959363 3878149
4038906 4086878 3995882 4011216
3791617 3871736 3800197 3794509
3846971 3858825 3787801 3838444
3710735 3801053 3786925 3742660
3778969 3827304 3780590 3808673
3883528 3912301 3868463 3939337
3908186 3795529 4040154 3821042
3984320 3951721 3994929 4013107
4057816 3869858 4145399 3885845
3876353 3845309 3780878 3839677
3944710 3810336 3976192 3785242
3871028 3777161 3864060 3794810
3861036 3751995 3966834 3724097
3884213 3949148 4004639 3672828
3712928 3833802 3800694 3945417
3851218 3900096 4043432 3749665
3743113 3755177 3731460 3941334
3675578 3681504 3798777 3648027
3604579 3578472 3605643 3768151
3788178 3858023 3936386 3679949
3627187 3683593 3672985 3761237
3828764 3815571 3830458 3834199
3857787 3830071 4006829 3943337
3828918 3722744 3887076 3851581
3887525 3799230 3934030 3972081
3614786 3716011 3620121 3653010
3720323 3639262 3774952 3762729
3730539 3763479 3735132 3722868
3821401 3676452 3915751 3883326
3786684 3868342 3818838 3894551
3844858 3878301 3897893 3965360
3830029 3950240 3731308 3898845
3850489 3895424 3814326 3889638
3688331 3792552 3576617 3682205
3791198 3707925 3782303 3726440
3817039 3803762 3621059 3902537
3825493 3824546 3862683 3776337
3823581 3970327 3942650 3867129
3741464 3857170 3885648 3910413
3817375 3914710 3951536 3740169
3879633 3849352 3864970 3882447
3678129 3866333 3796219 3701708
3647082 3582948 3736912 3794070
3748791 3914243 3810249 3763508
3799466 3796769 3852617 3825122
3696961 3919466 3832192 3720401
3965978 3895913 3857892 3933846
3848334 3882433 3900376 3781215
3843940 3977852 3808126 3928266
3619806 3726498 3656640 3686265
3734651 3735935 3704297 3708294
3785946 3861002 3699434 3713557
3774660 3898678 3830525 3771848
3873181 3827704 3856668 3859586
3861251 3772935 4039869 3738753
3834910 3850936 3858434 3804934
3872175 3841366 4020885 3780173
3641663 3609532 3736281 3605065
3735198 3682143 3872011 3634825
3816289 3781020 3895590 3819257
3859888 3784010 3972679 3784408
3966798 4018842 4262330 3860851
3946131 3887748 3983383 4053401
3894177 4013661 4077919 3808301
3760702 3844672 3806804 4071641
3915748 4004456 4041268 3790880
3700885 3841957 3808698 3952562
3824481 3833946 3971124 3741673
3726090 3699203 3784009 3868929
3925244 3996703 3963442 3982105
4026838 3881729 4072355 4163456
3883834 3815021 3855184 3892930
3961184 3799207 4001569 4103681
3835989 3874324 3922977 3932083
3950686 3806646 4046928 4072330
3782633 3754168 3760810 3837954
3838650 3702568 3931409 3886426
4080821 4042448 3844362 4053429
4035294 4096503 4151477 4083624
3858090 3911500 3754208 3991643
3961301 3924286 3979720 3954629
3901285 3963057 3760478 3962815
3907986 3986760 4041463 3878818
3845381 3923173 3725476 3847316
3870096 3836326 3805447 3829705
4076106 4046928 4082836 3975884
3986828 3990818 4086247 4115366
3935725 3984708 3964087 3836199
3885374 3854249 3925313 3929684
3940673 4015580 4064067 3887119
3864292 3913941 3868283 3974761
3837275 3926854 3852598 3748377
3805670 3790892 3882171 3802160
3935573 4083015 4014658 3933263
4053250 4143437 4051148 4078231
3791688 3938862 3907294 3861799
3861167 4010091 3916607 3990734
3880488 3946928 3895422 3877527
3947840 4013901 3973514 3872438
3702984 3890889 3797808 3647093
3930376 3813757 3834169 3854681
4087468 3919566 4041214 4084187
4141682 3974079 4214725 3879035
3979619 3814599 3918687 3879029
3970996 3850992 4015855 3792597
3895672 3899293 3888909 3950092
4027551 3887215 4161425 3926689
3846492 3695586 3822425 3858401
3852279 3839439 3996926 3784954
3923264 4052204 4130928 3853718
3885461 3888736 3846454 4056336
3920396 3982367 4119217 3908631
3841088 3873466 3934085 4025891
3820490 3952819 4047398 3747152
3754379 3771903 3748704 3947525
4034954 4080631 4178712 3900891
3876105 3955210 3974824 4073665
3902988 3944955 3938737 3948237
3976078 3926583 4120328 4096027
3883795 3937932 3911257 3981494
3927793 3897759 4220134 4152972
3860866 3827784 3799848 3801011
3838056 3780954 4096890 3978880
4040366 4005682 4022275 4056503
4043539 4007381 4217954 4123319
3935976 4001336 3926164 4022965
3956825 3991726 4021875 3975899
3972804 4039406 3796057 4011661
3981741 4045180 4003359 4048273
3829600 3824653 3687297 3947852
3847756 3903089 3960766 3860754
4150664 4090267 4017502 4095323
4085112 4142000 4181325 4083781
4069361 4043658 4062064 3901367
3848169 3942926 4021569 4044898
3959725 4028819 4074011 3917605
3969651 3906771 4081111 4035098
3906903 3979301 3974175 3791087
3798006 3841348 3909551 3887827
4028692 4175923 4194942 4049252
4074222 4064509 4139877 4059717
3852013 4071065 3890296 3862714
3937062 3986861 3947294 4036290
3965451 3985149 4005349 3929203
4012955 4011340 4034459 4006935
3823184 3955890 3828387 3828790
3896861 3925058 3902139 3903264
3962206 4208346 4039674 4009261
4088843 4196490 4109200 4009444
3979900 3899586 4027876 4012759
4057659 3887542 4099111 3950808
3967315 3948426 4039296 3991916
4067417 3907737 4262757 3910964
3877196 3901290 3845650 3842785
3944573 3726268 4119933 3803677
4083321 4050896 4023761 4035045
4168484 4021128 4203528 4063193
3775569 3879477 4042852 3699544
3715656 3787195 3854050 3994484
3856389 3873463 3944845 3822208
3687269 3746701 3765026 3866248
3821733 3997206 4092818 3696664
3661157 3703914 3754775 3849021
3877497 3798877 3970623 3685044
3626562 3703344 3818721 3933626
3721416 3849178 3879295 3853961
3883401 3756594 3988333 3991965
3771128 3808839 3879078 3808910
3790508 3638979 3896580 3980151
3797006 3768080 3824918 3769849
3792920 3698192 3940214 3922507
3720277 3774529 3704144 3770861
3893744 3729296 3872460 3900127
3809180 3963693 3746609 3895328
3893322 3827520 3918351 3929441
3914450 3951437 3657112 3901029
3881555 3885561 3932441 3785256
3881262 3807205 3691868 3884170
3793841 3796527 3994833 3852565
3870032 3798967 3701156 3837979
3826538 3815610 3914016 3840185
3809466 3924490 4019935 3813763
3851241 3819306 3973670 3805715
3874832 3974539 3915555 3695353
3823473 3828280 3898640 3868341
3773508 3856361 3892525 3859759
3804366 3800891 3845307 3887975
3822567 3903505 3811430 3774705
3720157 3829071 3849649 3879534
3782153 3927503 3792980 3796792
3903827 3953693 3913052 3870540
3758036 3837727 3827384 3811873
3881724 3892319 3885689 3776599
3758367 3912038 3818804 3672598
3862236 3907550 3875025 3862785
3733720 3907706 3790001 3765607
3856327 3900865 3840761 3757154
3810222 3826075 3942014 3884116
3930404 3792018 3944193 3803285
3838727 3834320 3867057 3851529
3883996 3787399 3996766 3777134
3857968 3743550 3795163 3809103
3863499 3779468 4060861 3739493
3926858 3737337 3796513 3858558
3895317 3717153 4010784 3819070
3895242 3946614 4061382 3750991
3687103 3713260 3747576 3916032
4027771 4108049 4234365 3899420
3882300 3869216 3954619 4055017
3937098 3961509 4107646 3837379
3776952 3849343 3900468 3995892
3974553 4058044 4052771 3903837
3719964 3899180 3849703 4051678
3872410 3878530 3881641 3804278
3854326 3865765 3963878 4054830
4001934 4034512 4053815 3935927
4065179 3922158 4171026 4151142
3978704 3905179 3942381 3859125
3893321 3865670 4143059 4093671
3870467 3869753 3903760 3946568
3955797 3865565 4072111 4043896
3865410 3936635 3769273 3996417
3941183 3897703 3945413 3953715
4082538 4062986 3922581 4155628
4055970 4013679 4175996 4063004
3909570 3942489 3808201 3956976
3942010 3883888 3929715 4003694
3937226 3910374 3848673 4019133
3922353 3965003 4094668 4018914
3875201 3893471 3941824 3748637
3766843 3780902 3934137 3922816
4053473 4166485 4129001 4034211
4088595 3971115 4122156 4034068
4031531 4068746 3991960 3867383
3894580 3830669 4002466 3954234
3924281 4050931 4081031 3866924
3882226 3961933 4039238 4036208
3737863 3926450 3855389 3853745
3954591 4022265 3891889 3903264
3921420 4077720 3941915 4013976
4050562 4148714 4082897 4081124
3911133 4030529 3923212 3856688
3998516 3891935 3933000 3937083
3844402 4022353 3934226 3910938
3972934 3978244 3957349 4118147
3929744 3840160 3910168 3897073
3925057 3868029 3993539 3846440
4010867 4046444 4040006 4040307
4076157 4053903 4268451 3954437
3976860 3860492 3949800 3906768
4000456 3927488 4107061 3884178
3949925 3812268 3963266 3970318
3996969 3854693 4095456 3883414
3695174 3892464 3938761 3631216
3596472 3637564 3704585 3788278
3808201 3889387 3905957 3739531
3758999 3747046 3794251 3841539
3877816 3888772 4010802 3826857
3723340 3761342 3842596 3869575
3747742 3829487 3931778 3654374
3546401 3634094 3625002 3771159
3753041 3748254 3780308 3675302
3735936 3676845 3976797 3828155
3798398 3674533 3763064 3839986
3853037 3661004 3900794 3957553
3846479 3877380 3813092 3802411
3844119 3722502 4020732 3977478
3716018 3747549 3689419 3636546
3662329 3594484 3903206 3826825
3781976 3807520 3650279 3788809
3801423 3743169 3862621 3880491
3842568 3828593 3655200 3940718
3921794 3868326 3867683 3857832
3814399 3925217 3753297 3919866
3884022 3836811 4001782 3829889
3770444 3811768 3573122 3773382
3752013 3820876 3816989 3759211
3772667 3808062 3875501 3722611
3686851 3739248 3825186 3784101
3767770 3873539 3970546 3830005
3754692 3889901 3895460 3865872
3835651 3988038 3995664 3805650
3821845 3859564 3876207 3853270
3730167 3756392 3792712 3712059
3640433 3735236 3815533 3704610
3750492 3824795 3785855 3753870
3811828 3844138 3813482 3771470
3811485 3827337 3756528 3843785
3831544 3908130 3886502 3912424
3798489 3930996 3831942 3816759
3918015 3897307 3911294 3867035
3597684 3733875 3702403 3697937
3736328 3707701 3761363 3816949
3763772 3781257 3788906 3762101
3765669 3788414 3930700 3695206
3856722 3688267 3888019 3869301
3847440 3753859 3952868 3732961
3848191 3821223 3865986 3918114
3942162 3865787 4049461 3843381
3721397 3720676 3716815 3735649
3734508 3692986 3903410 3700944
3885555 3914172 4076378 3700320
3767800 3755091 3824655 3915888
3793123 3897183 4039519 3740581
3682224 3740542 3805389 3932423
3987643 3994776 4120065 3875555
3889220 3862668 3866878 3960497
3820333 3860478 4030698 3729424
3692458 3716068 3815991 3817148
3832435 3874946 3795159 3811848
3787949 3763855 4063092 4008927
3754470 3745378 3872546 3824738
3829884 3796718 4030679 3938413
3866052 3916568 3879096 3922779
4052698 3800631 4095845 4072601
3782428 3835985 3821260 3801658
3798090 3772770 3991042 3929438
3904665 3918653 3665530 3905535
3854847 3962192 3905883 3961894
3875872 3879434 3758970 3882331
3843718 3827681 3972508 3978637
3889258 3957732 3734467 4009081
3978825 4011192 4006696 3930274
3870848 3855335 3690371 3834422
3812642 3840772 3941908 3832770
3963797 3946990 3877200 3810106
3843714 3953590 3931575 3907537
3818790 3868468 3862049 3813368
3827625 3911484 3949375 3799374
3889612 4018785 4075408 3899320
3921082 4019652 4066114 3996029
3862923 3819847 3946731 3714606
3708763 3836393 3928360 3849951
3809191 3963775 3844195 3800792
3877399 3887371 3898673 3894825
3797000 3900889 3850695 3736452
3834707 3879658 3855207 3875204
3862499 3981883 3936567 3896434
3954067 3972380 4047201 3943952
3777220 3957503 3818007 3795978
3842808 3883890 3770592 3872438
3864079 3888450 3898106 3926652
3934330 3860555 4048463 3801603
3856620 3865102 3806958 3818117
3838720 3752488 3933837 3736991
3984021 3881398 4046523 4011105
3895045 3976330 4131717 3934246
3825231 3811828 3852265 3823319
3911737 3738585 3988680 3851010
3685168 3742255 3839521 3569187
3524887 3603741 3674418 3669347
3858760 3952365 4056375 3754860
3737898 3728146 3769557 3948346
3879558 3898839 4044876 3811504
3754668 3753614 3766683 3887273
3823576 3894354 4019114 3713618
3672568 3795119 3836736 3901197
3674279 3671329 3635673 3585568
3741965 3582866 3822561 3829967
3829967 3792302 3835969 3780750
3916483 3880302 3985037 3912577
3773062 3725926 3832432 3872322
3889225 3815025 4053827 4012724
3742319 3807112 3814630 3853087
3844191 3857695 4057068 4001993
3770029 3769713 3549057 3708569
3727724 3753014 3787039 3724611
3833287 3863111 3790099 3927735
3866480 3905005 4021040 3968169
3881847 3901318 3750005 3905110
3950144 3850105 3898114 3972805
3868023 3804050 3668051 3916396
3907438 3916997 3969398 3923719
3673954 3755310 3764141 3599709
3573955 3717824 3700963 3726103
3814210 3897450 4006651 3866300
3827099 3827550 3926480 3869381
3896316 4001391 3993198 3799149
3735972 3869087 3941807 3889279
3833192 3965361 3966891 3745868
3772360 3831440 3909006 3932770
3618841 3701829 3593024 3610129
3720597 3757896 3768797 3703220
3821732 3934969 3781364 3749380
3867677 4009915 3836898 3921843
3772103 3953716 3870128 3862685
3922553 3915664 3892363 3928112
3744279 3953737 3790810 3864418
3908783 3940949 3830501 3950431
3735992 3739457 3652344 3693600
3637964 3683925 3855190 3535683
3859092 3713294 3896798 3905484
3966986 3750914 3981479 3818513
3920450 3814772 3851429 3862285
3980469 3843384 4026337 3844659
3910807 3870376 3873017 3879988
3924945 3780865 4035657 3775688
3871115 3921069 3932714 3691762
3644427 3803815 3760575 3927742
3748879 3942570 3985648 3721428
3665362 3709379 3802829 3861790
3962195 3971593 4051728 3786092
3749990 3928848 3882719 3887478
3898872 4005523 4056810 3775605
3799631 3804975 3813577 3936425
3742849 3841682 3775903 3871858
3773326 3697117 3960772 3997408
3768089 3838137 3816020 3771175
3871909 3667476 3995745 3939319
3884736 3906314 3956520 3853256
3966222 3747137 4076972 4040666
3848792 3900760 3924195 3872127
3875775 3759748 4086211 4020318
3863817 3897800 3747672 3931163
3872901 3918797 3925644 3879164
3949518 3865496 3626947 3843227
3892523 3814137 3916962 3850204
3912536 3905873 3852077 3949992
3970412 4009209 3938130 3961253
3910875 3976851 3784286 3917433
3913243 3928078 4028966 3955287
3853814 3974192 3902161 3677553
3808522 3806140 3870544 3883407
3868192 3871904 3949011 3742611
3727502 3808580 3919682 3833904
3897660 4023445 3998513 3911172
3892019 3885395 4001190 3926849
3847988 3995578 3911249 3895694
3770941 3856417 3942802 3973605
3774459 3940065 3865346 3772998
3890153 3904841 3906493 3878527
3717832 3796550 3781318 3778989
3809140 3856678 3865846 3789055
3911216 3984395 3835030 3833058
3954782 4010257 3984334 3971650
3900759 3849461 3915750 3819083
4025103 3907139 3959328 3907505
3925191 3860313 3878238 3867204
3954226 3789410 4052307 3871305
3767442 3742648 3870923 3784093
3893849 3792676 4059551 3807805
3956405 3900659 3947534 3984689
3943664 3880139 4015526 3800153
3902971 3877418 3883534 3853697
3981392 3844566 4129585 3805120
3695608 3858599 3895157 3705308
3717445 3965660 3871527 3836989
3690460 3823038 3787776 3662231
3777444 3944733 3863420 3890481
3818422 3860197 3911623 3697885
3828034 4033616 3973619 3896221
3712932 3860869 3718530 3537619
3683505 3908055 3823652 3706682
3763672 3694150 3892831 3950798
3867329 3785462 3910180 3778933
3719742 3760751 3951454 3943217
3778284 3846330 3801213 3717415
3815730 3768373 4058345 4055202
3913649 3900606 3912209 3753564
3680546 3658366 3928627 3903275
3726011 3732972 3744795 3639697
3897244 3804971 3929665 3759216
3721508 3875056 3810493 3836997
3857587 3806087 3893230 3807265
3731108 3851397 3796241 3803480
3987260 3926389 3961578 3841412
3827958 3990399 3896618 3940490
3808210 3706589 3834117 3685098
3703857 3815612 3750226 3812205
3805602 3890008 3946035 3666290
4007270 3824930 3928913 3873833
3851318 3873041 3948044 3693572
3881711 3840233 3851047 3760542
3894202 3904959 3977810 3694272
4004604 3866730 3978840 3829990
3656798 3773665 3897474 3641571
3876881 3737635 3783339 3692459
3828952 3874141 3779570 3608255
3862674 3900009 3835623 3813684
3794596 3867549 3794988 3637337
3885294 3909982 3812503 3824786
3907731 3917909 3822386 3758701
3882831 3957816 3894053 3894195
3827646 3694853 3649163 3642237
3791492 3836340 3718423 3879955
3980119 3894382 3962872 3858781
3767703 3793069 3859473 3776521
3980335 3788656 3937916 3818549
3760576 3796912 3788838 3856005
3980743 3850055 3951554 3900105
3849347 3830307 3797673 3864318
3895992 3700792 3860470 3802312
3770316 3682375 3765910 3763734
3834606 3904717 3805560 3679527
3786367 3965093 3904629 3865882
3692711 3884723 3773768 3647853
3767728 3991178 3921569 3826590
3778599 3927946 3764718 3698574
3853172 3964840 3924724 3771071
3722734 3825100 3704440 3598832
3771568 3945898 3868245 3783481
3815099 3753687 3939143 3991551
3881624 3894547 3776281 3706685
3723750 3704533 3900000 3900820
3814461 3819595 3805012 3693115
3828557 3825413 4034708 4081820
3873890 3856687 3894337 3771517
3788448 3720728 3972151 3920663
3786347 3851742 3785782 3757180
3867738 3849290 3881355 3828987
3762715 3768725 3809053 3880298
3838128 3799811 3894722 3759585
3730224 3930419 3822267 3809493
3893637 3933083 3966433 3882081
3774087 3847674 3862003 3964489
3839704 3784843 3820340 3782726
3721039 3848038 3749444 3858795
3770755 3912091 3980437 3758219
3876983 3848742 3924028 3839691
3779654 3911222 3903117 3695244
4008945 3927375 3863422 3700658
3799138 3981212 3950354 3741024
3960584 3929410 3948865 3893460
3762090 3832376 3926746 3667459
3941416 3819636 3913128 3795007
3836201 3868647 3795030 3706935
3956527 3939486 3934200 3911817
3902510 3810991 3769419 3694428
3788659 3940645 3795517 3787329
3926061 3860017 3821040 3753655
3946060 3924900 3846778 3862328
3880298 3828778 3767868 3700957
3875984 3807145 3892427 3793143
4008701 3815302 4003961 3877394
3774594 3836673 3725105 3875714
3974527 3694194 3904798 3809464
3766569 3769564 3701242 3786585
4068605 3824269 3942810 4016240
3792383 3904514 3867265 3784039
3892866 3767691 3840964 3855588
3718562 3741725 3796392 3813143
3804290 3909456 3909035 3731433
3856902 4040443 3914976 3828167
3792100 3794489 3712206 3715935
3738161 3919843 3872499 3818884
3758960 3863835 3937667 3790835
3863609 4030045 3880821 3940561
3642581 3799196 3780430 3588302
3682805 3917292 3815081 3729485
3875740 3825361 3946265 4011840
3802344 3835893 3938708 3779107
3791564 3719242 3966275 3954812
3795357 3718851 3796541 3739287
3847500 3775316 4001773 3999141
3938184 3803392 3910808 3763023
3733010 3665912 3889635 3896055
3752480 3832761 3773893 3670983
3930645 3836127 3909190 3917226
3764487 3908158 3997178 3914874
3860870 3837399 3920628 3741039
3697678 3837704 3713130 3922577
3903004 3907092 3969597 3866261
3834301 3877485 3890945 3909680
3782825 3726435 3945765 3721660
3777128 3750193 3765153 3757527
3863495 3927353 3969242 3757930
4037454 3936835 3963070 3920103
3771641 3878271 3986895 3652186
3892022 3798614 3886689 3726037
3796516 3945833 3951749 3759509
4010186 3845089 3948481 3830265
3745821 3801474 3723038 3580775
3923120 3824856 3765080 3724836
3939287 3864545 3892422 3812443
3961554 3993380 3903688 3930629
3847376 3807648 3755497 3683551
3810645 3911763 3861703 3826209
3939031 3899161 3825247 3742747
3896533 3938531 3926466 3908876
3845744 3777766 3681259 3529282
3750038 3829304 3711710 3747121
4025862 3887291 3818893 3944416
3868761 3866029 3899943 3852322
3998057 3778197 3900207 3782389
3732737 3859574 3736892 3822753
4010895 3818503 3979565 3885918
3858842 3884669 3863263 3845236
3826435 3718674 3867231 3750943
3643880 3741750 3791463 3826680
3785142 3941574 3818562 3693236
3836433 3984146 3864867 3849198
3904327 3979976 3805716 3727036
3838666 4080950 4069321 3870758
3789657 3877307 3862150 3695102
3824265 3920391 3848374 3816326
3891690 3998583 3856503 3864056
3935119 4039637 4071717 3939334
3806485 3794987 3869653 3904043
3831516 3888959 3855096 3781881
3837150 3828937 4031575 4016300
3896933 3944002 3923729 3787213
3774336 3700165 3973700 3989725
3875151 3910348 3920725 3708818
3894707 3857460 4132385 4121908
3932623 3921755 3962500 3877929
3853565 3862016 3890013 3829425
3791377 3791087 3749518 3821086
3878568 3893854 4002119 3856815
3794653 3942635 3931648 3909661
3930925 3878589 3961522 3790910
3777266 3871560 3878791 3917986
4041398 3941059 3992771 3953662
3945829 4027849 3953999 4022198
3875104 3901362 4006775 3767980
4021488 3820408 3923594 3882007
3920765 3955072 3965517 3769869
3971415 3879900 4007049 3753231
3825615 3903095 3973941 3711199
4089900 3853340 4054595 3813274
3904318 3963127 4139874 3835212
4090132 4039426 4015020 3911479
3859558 3889978 3796630 3735238
3881468 3837480 3837518 3862668
3914488 3945812 3936337 3766582
4002688 4031822 3934068 3951448
3890415 3865842 3751406 3725051
3887687 3965674 3794962 3874695
3952563 4038888 3898809 3787127
4049693 4048732 3905501 3901972
3977651 3862656 3824258 3894396
3759056 3870758 3833026 3856322
4052138 3842511 3960301 3900650
3851870 3912126 3890716 3906975
3930612 3882664 3966419 3903843
3810250 3743009 3854664 3836744
4145315 3909986 4028595 4009878
3921693 3939136 3966060 3970112
3797922 3868579 3721966 3687356
3754308 3895301 3884900 3784819
3855634 3984811 3983502 3705814
3975200 4122114 3991793 3993284
3885664 3983388 3911706 3752900
3848509 4103412 4034559 4012221
3874856 3847177 3868020 3749935
3893425 4027337 3989601 3956735
3845441 3741895 3892298 3990760
3758305 3890062 3823739 3701612
3902292 3811433 4103333 4091513
3896880 3977440 3926937 3810964
3879249 3841200 4097863 4202649
3948433 3989176 3973505 3852020
3901692 3762615 4061751 4042924
3866313 3843115 3904869 3822476
3798029 3799665 3950639 3762885
3720758 3895402 3899695 3865253
3997876 3963741 4033384 3890376
3852344 4039000 4049592 3942471
3941479 3932814 4052801 3858876
3805488 3990145 3938856 4000969
4029797 3902688 4036716 3890600
3884852 3876878 3897741 3958399
3879438 3863066 3897716 3661161
3921510 3849031 3871233 3746870
3889633 3975512 4113291 3748198
3978054 3970441 3995461 3899111
3912529 3924885 4103335 3845184
4118546 3978241 4022505 3971831
3874053 3911091 3998369 3778452
4073788 3936682 3893684 3889224
3865260 3786564 3750645 3678210
3908915 3888800 3859360 3882497
3954027 3952625 3883510 3734007
4081053 4090660 3938650 4012233
3923481 3984735 3889927 3778597
3977861 4126220 3926828 3909230
3949160 3959678 3882432 3734399
3952115 4092709 3901875 3830759
3954522 3806888 3930411 3805150
3860273 3751429 3764477 3818838
4125586 3953043 4088442 3956123
3881351 3835879 3950530 3897967
4126943 3893225 4005235 3994087
3845720 3910216 3955019 3929243
4094694 3877514 4014356 3951045
3812951 3968029 3843943 3918933
3912162 4134050 4020600 3817683
3999388 4212549 4032961 4041997
3808030 4021000 3911527 3757267
3895308 4058878 3946388 3911027
3758974 3895471 3799211 3623326
3788604 3951633 3883750 3772581
3780249 3928250 3856037 3729258
3821864 3969687 3944414 3921939
4052108 3907285 4212095 4139620
3991850 4127585 4071590 3880192
3920650 3858830 4003137 4092750
3944413 3970783 3958088 3867063
3804074 3625977 3890016 4012449
3837855 3918932 3853812 3655810
3815158 3741311 4025963 3983128
3892915 3807260 3837090 3781622
4075744 4047823 4192426 4041606
3947721 4113271 4050811 3998820
3985930 3892677 4075663 3894568
3900536 3948169 3964387 4011111
3759276 3772331 3866223 3701195
3680336 3772826 3790784 3851818
3962999 3889483 3982338 3846378
3753912 3909389 3890166 3914205
4025312 4089866 4167464 3884651
4090990 4056003 4128473 3893215
3996553 3891489 4033059 3715631
4090952 4007028 3960458 3920965
3745768 3812300 3964103 3604303
3971366 3861088 3850321 3747835
3853373 3852668 3973600 3710797
3987478 3881325 3943012 3810504
4147229 4028770 3995781 3866950
4124739 4160023 3997557 4037464
3944713 3953679 3841617 3801429
4043262 4114533 3937226 3970262
3880398 3769922 3681365 3722729
3831632 3855971 3776448 3809502
3866636 3852710 3833140 3710316
3933689 3964276 3852212 3907252
4199364 4053194 4040219 4064721
3963724 3971086 3980110 4018044
4091429 3882522 4007609 4045711
3910123 3936080 3943014 3913830
4006970 3753727 3902194 3829410
3712889 3756014 3761739 3782095
4014607 3847930 3986763 3875778
3782710 3897062 3826402 3809419
3846034 3973722 3905534 3802714
3845875 4098181 4006323 3968223
3746601 3893736 3849816 3696574
3826291 4044530 3869767 3901574
3729429 3812992 3774573 3611242
3735762 3908146 3815824 3829549
3692218 3830774 3739882 3595402
3679576 3871063 3821591 3720978
3929670 3745554 3995377 4127651
3903080 3908290 3897874 3754914
3829819 3741636 3958264 4063444
3825196 3876531 3885886 3798411
3771464 3650377 3925044 3944598
3840193 3768165 3814938 3694002
3688957 3681406 3925012 3882191
3752690 3780022 3821482 3608401
3913790 3951694 3975816 3931688
3820117 3968858 3911340 3972342
4006073 3835367 3979523 3815376
3777746 3858213 3884836 3813561
3841511 3838123 3878788 3746032
3734888 3848592 3783841 3871215
3832800 3768059 3886601 3748592
3712403 3789724 3839622 3791513
3929570 3994475 4121270 3852534
4003660 3967922 4024209 3963472
3871880 3872476 3983527 3714788
3943504 3892824 3977459 3905792
3776981 3761616 3924689 3614812
3805621 3881615 3911435 3770382
3709930 3796780 3881915 3568136
3900088 3774154 3868811 3669041
3966096 3943875 3888059 3790940
3879457 4014456 3989909 3938048
3872444 3905408 3818669 3760705
3895504 4000012 3949810 3822679
3837412 3823053 3705365 3642273
3860915 3908229 3854064 3821350
3864276 3822809 3653265 3597157
3857708 3832016 3736028 3706476
4086802 3901234 3988247 4006712
3938942 3880973 3914131 3975131
4051078 3807694 3919579 3902016
3743991 3828660 3814414 3864633
3860305 3722788 3836800 3837814
3769889 3776905 3708292 3796571
3962462 3671536 3887069 3859580
3701602 3809057 3683383 3753258
3778959 3854773 3873707 3735331
3850890 3952622 3941994 3871265
3915649 3841460 3836285 3685169
3894939 4037013 3971653 3945830
3754608 3877839 3915696 3729824
3847029 4075850 3992418 3925523
3798015 3915010 3891537 3763939
3933556 4115280 3953752 3915015
3878928 3830327 4021008 4027373
3869588 3939703 3917250 3757249
3905813 3859286 4037916 4087350
3860478 3961064 3909653 3785069
3939930 3753772 4067745 4066579
3813770 3975862 3930442 3869645
3896211 3835636 4042826 4074473
3897179 3858092 3876471 3882910
3911727 3911189 3973242 3831183
3832151 3958575 3914701 3818381
3956646 3916349 4068321 3758234
3878527 3884942 3870226 3851011
3895717 3919365 3988741 3865549
3804276 3907883 3898723 3909159
3878765 3748966 3865385 3842173
3755527 3901128 3879590 3908494
3829575 3842918 4055599 3752960
3968133 3942794 3967091 3886430
3934864 3933789 4033308 3722891
3997950 3962374 3989394 3880454
3801644 3948370 3998356 3744941
4024625 3971763 3894825 3862262
3840998 3956828 3974859 3690922
3870641 3917463 3952266 3883839
3904200 3884866 3783720 3792117
3992506 3981472 3968922 3908622
3935538 4003126 3827891 3763553
3965867 3978731 3935965 3919993
3994991 3937396 3896982 3758163
3998873 4011686 3877077 3966844
4009355 3965286 3818381 3697117
3926989 3946350 3910981 3932493
3956313 3871672 3997393 3928476
3838902 3881767 3793116 3814942
4018504 3888939 3925150 3959263
3950394 3926102 3906625 3836997
4086228 3859244 3884544 4016337
3883101 3878601 3868827 3900513
4024960 3799216 3945131 3925695
3839418 3907257 3875456 3888964
3704010 3852812 3816089 3619868
3809858 3934149 3788400 3869252
3740370 3898647 3883128 3685119
3793605 4028631 3873244 3848870
3854864 3926209 3860208 3750560
3950680 3957201 3884568 3890028
3788897 3879887 3825508 3722862
3886339 3997367 3966245 3912293
3746312 3639047 3951091 4034730
3762110 3869225 3830343 3758296
3825581 3735514 3954509 4070978
3876335 3903182 3943797 3765744
3842001 3747762 4000886 4013537
3936761 3988787 3891364 3824770
3865883 3885866 3936067 3996941
3913275 3921390 3923203 3734129
3776743 3838730 3883986 3762626
3681652 3814077 3826990 3912683
3934924 3773281 3988741 3827482
3804313 3889432 3888496 3908541
4032537 4000912 3970285 3809463
3826881 3959989 3783739 3955716
3898339 4000785 3939304 3883477
3822532 3834890 3844042 3932479
3850974 3827433 3900451 3705879
3921209 3810737 3878660 3766730
3843945 3822991 4061276 3682844
3938094 3878505 3939383 3776724
3822566 3976198 4008781 3780797
4008349 3920704 4023583 3837787
3805921 3940066 3987311 3757580
4063762 3930189 3969571 3855919
3875216 3810804 3779730 3632498
3927570 3873522 3810995 3934747
3912103 3910787 3830801 3706378
3960458 3929135 3848147 3853931
3995802 3849349 3779468 3688070
3921752 3906026 3841804 3938922
3926312 3899047 3779597 3772915
3891085 3961079 3900658 3895851
3874310 3769616 3890928 3864666
3733066 3740435 3829519 3821547
4005569 3834192 3932772 3909225
3792752 3893280 3848398 3918011
4046826 3899735 4069900 3921802
3877969 3891468 3823127 3835219
4005144 3852118 3919605 3831933
3831641 3908268 3861479 3968415
3899377 3938115 3990936 3793745
3890606 4105055 3954623 4071899
3783255 3809816 3781453 3695938
3830027 3996882 3931400 3885765
3897087 4032021 4000476 3737495
3923471 4147694 4079531 3956013
3679473 3817634 3711168 3709751
3721424 3932654 3854037 3840563
3952019 3833300 4046195 4090533
3927515 3996659 3997517 3834125
3776598 3764063 3931350 3985058
3910015 3911960 3899823 3778783
3925716 3804207 4036300 4135471
4021537 3939477 3946727 3911063
3823446 3716486 3928453 3906919
3811279 3853758 3776238 3730152
3926603 3960574 4059754 3948754
3908513 3937042 3950394 3968099
3935420 3863458 3893790 3787938
3731157 3808763 3925056 3890338
3948027 3968721 4004752 3915188
3953299 4027919 4011963 4064766
3855102 3809458 3856828 3745352
3709661 3816368 3849905 3852785
3962331 4029538 4082260 3753383
4048108 3983377 4048599 3917965
3888073 3858990 3959609 3587777
3981114 3886895 3937210 3720055
3958950 3973692 4073638 3823849
4060192 3984615 4054875 3942549
3714248 3838444 3879863 3568802
3951224 3855389 3925106 3804595
3966008 3860340 3918584 3819095
4027103 4004742 3968340 3971835
3903990 3917110 3804515 3676675
3889482 3900132 3855526 3844711
4020688 3937509 3955804 3810376
4050029 4080877 3952105 3972630
3990855 3853108 3694627 3712213
3857699 3837821 3834296 3786112
4108155 3910779 4021369 3966748
3887458 3960482 3937517 3977603
3924258 3880673 3929722 3851903
3836082 3838229 3779731 3816492
4087339 3884699 4015238 3982158
3978765 3936198 3921542 4015772
3979958 3739826 3836028 3876579
3816191 3806264 3794052 3804754
3799649 3966896 3985806 3775025
3897024 4097740 4024555 3903171
3778192 3821621 3818975 3744635
3812571 4012859 3910145 3857344
3745177 3881657 3804560 3697621
3767762 4036198 3934034 3854737
3747410 3885125 3808980 3705158
3810500 4005384 3956383 3878634
3926817 3884290 4080077 4141143
3901114 3972117 4004850 3954933
3879088 3691334 3961537 4032897
3784508 3867942 3939770 3708470
3830124 3833031 3951444 4005748
3868161 3833871 3885291 3663219
3845140 3723385 3957129 4049742
3895341 3918570 3879861 3752017
4003431 4010791 4014083 3898052
3847661 4076615 3915387 4013818
3965878 3876022 3951376 3795268
3742234 3911852 3826832 3867733
3930405 3805900 3950921 3803570
3786771 3895366 3856647 3885844
3936805 3908659 3965556 3801656
3819677 3955904 3822679 3914301
3981764 3995712 4124343 3742369
4083658 3945309 3961057 3879748
3836090 3982153 3979291 3706602
4035730 3834996 3868977 3882611
3823593 3912362 3910759 3661834
3982748 3917271 3867642 3776893
3910664 3946229 3909562 3748461
3879030 3865828 3939245 3773126
3947470 3946230 3888029 3768606
3967448 4038950 3932846 3925885
3846413 3943140 3779386 3704364
3890088 4013761 3777594 3849783
4020397 3853003 3759769 3791281
3876275 3916673 3856883 3873088
3929038 3841337 3830376 3663120
3921100 3892075 3861639 3948576
4071117 3921964 4023099 4068824
3905429 3947309 4017605 3953860
3983858 3866786 3955966 3915889
3817987 3844176 3912067 3875579
3920822 3838385 3909201 3917001
3801186 3861491 3743201 3845742
4020337 3839243 3946467 3996997
3795239 3878849 3914961 3900692
3735037 3894922 3916460 3725956
3863096 3960490 3994894 3901814
3877975 3963061 3914209 3749773
3830483 4023762 4025129 3932705
3807406 3892861 3926374 3734582
3867898 4042051 4011886 3926546
3710694 3910044 3845095 3612650
3826159 4005821 3938238 3888303
3811697 3751727 3979617 4034323
3770269 3857138 3788123 3802799
3804992 3777262 4098000 4084567
3894533 4002764 4040223 3922205
3911530 3894376 4024471 4031573
3944260 3966941 3923795 3828958
3917385 3728558 3992168 4110865
3850457 3818150 3845760 3753930
3957133 3809608 3920411 3906508
3810652 3878559 3826306 3966188
3986852 3996679 4000892 3896617
3880187 3894547 3910652 3982257
3869443 3897409 3968175 3869650
3757946 3932305 3910463 3876656
3866142 3819434 3918387 3834818
3803373 3923281 3803749 3832978
3806816 3932724 3995084 3695009
3946979 3776490 3840430 3825656
3813092 3949310 3992780 3661884
4058863 3880417 3973857 3819505
3878055 3958398 3999592 3676856
4033943 3892221 3967948 3899849
3791412 3947611 3901203 3684599
3995467 3857332 3975914 3865153
3847006 3891608 3762293 3745991
3910868 3901329 3861243 3922483
3939809 4012607 3855270 3861365
3943065 3979846 4004634 3908436
4033407 3920285 3810459 3816691
3940940 3994095 3893452 3933717
3927278 3808834 3772434 3741042
3919826 3938165 3816719 3909208
4002857 3916755 3907013 3970084
3812726 3883191 3848724 3857015
4023161 3854661 4035114 3960874
3921775 3869667 3927431 3899341
4026629 3941989 3965263 3956824
3856542 3935336 3902128 3874030
3967262 3847112 3820296 3904504
3775130 3891383 3807312 3923237
3845031 3985782 3744208 3726403
3919515 3814459 3747459 3675511
3993222 4008133 3729142 3841011
4026816 3957826 3796228 3734714
3963643 3978725 3741550 3854082
3948473 3893385 3795097 3569600
3950482 3929499 3777942 3840456
4081917 3897016 3794362 3669911
3776449 3848994 3787413 3669794
3749512 3663791 3619278 3748043
3791488 4037620 3945417 3766597
3817808 3696119 3636937 3833614
3808243 3919925 3867112 3789856
3778395 3713158 3621331 3798794
3738952 3918991 3828112 3756310
3852876 3656672 3665936 3828934
3623091 3612809 3964490 3817370
3971464 3814141 3815354 3704751
3739343 3754777 3967846 3854407
3960798 3960521 3853150 3877006
3542810 3690701 3943496 3804620
3907555 3879990 3718771 3728701
3760410 3675303 3917729 3818859
3867877 3903245 3794657 3856282
3755010 3700153 3808947 3757437
3844586 3808437 3670171 3687562
3797374 3929526 3890352 3857412
3996336 3844719 3704978 3837903
3779093 3826807 3762660 3780010
3782657 3886217 3668807 3775563
3712247 3816071 3873464 3695268
3851450 3767654 3641840 3671004
3734910 3894421 3644106 3760663
3649890 3802265 3849562 3689312
3817761 3974291 3761924 3888564
3799091 3946109 3882792 3825899
3707336 3924972 3695977 3801181
3711897 3844394 3813526 3689901
3802652 3966565 3793051 3793782
3684327 3819983 3898597 3764038
3640316 3853567 3901788 3811027
3765574 3799837 3843029 3734070
3792265 3865473 3915354 3917994
3917184 3914809 3825647 3869769
3702852 3847834 3877712 3788607
3897091 3765158 3864621 3795534
3631307 3853703 3796785 3813399
3865436 3847639 3846811 3847852
4001198 4007449 3884083 3927721
4074234 3992340 3860850 3716891
3920907 3980886 3756643 3826516
3899535 3959507 3797853 3696795
3911019 3990115 3725588 3777443
3967452 3898204 3786016 3670454
3963983 4012817 3841617 3946347
3965828 3943036 3890451 3718209
3761256 4068363 3868018 3776738
3939871 3683656 3684472 3808292
3786811 3976017 3792913 3786507
3834563 3652583 3624708 3866508
3802180 3870220 3860086 3668109
3793302 3682665 3582864 3757742
3853734 4019648 3848876 3803845
3915868 3723555 3601055 3788536
3829889 3722550 4009327 3912176
3970323 3923085 3754245 3856317
3734885 3806781 3990705 3866412
3919720 3903490 3747334 3786689
3639281 3560070 3974812 3871492
3903198 3850824 3669263 3843496
3752594 3757676 4075789 3960999
4062700 3931669 3802253 3856088
3831259 3955236 3908685 3801710
3922282 3868958 3790789 3739202
3773236 3904285 3811055 3809271
3916880 3874300 3731713 3815193
3752900 3703204 3665944 3697099
3865187 3859769 3681680 3754855
3866780 3838872 3834548 3772990
3929485 3981526 3850645 3745553
3966634 3957708 3808829 3846348
3744766 3905270 3962063 3858587
3778582 3993823 3681335 3814764
3664963 3893777 3820120 3723352
3785847 3815336 3755928 3759152
3670280 3815824 3803886 3758123
3947973 3898921 3808549 3842116
3771107 3948834 3942317 3806599
3775523 4007819 3955798 3930984
3933840 3804413 3993937 3786328
3618387 3877890 3900774 3833414
3825516 3845671 3921613 3812041
3695855 3825980 3890561 3781402
3777648 3765598 3777736 3754928
3679629 3934583 3844535 3906447
3842034 3868979 3895826 3927388
3860715 3958415 3792185 3737734
3942287 3948780 3823175 3693605
4080982 4019828 3783220 3859275
4069140 3948827 3829196 3761022
4004053 4064080 3799165 3857784
3986018 3936574 3847536 3657757
3957736 3971472 3760451 3880049
3977362 3953679 3832508 3692950
3810771 3941837 3849422 3662163
3786058 3593937 3612997 3740607
3952628 4010501 3930818 3817332
3859472 3738540 3731424 3875542
3870777 3957246 3895788 3786730
3832318 3767816 3666489 3764121
3844841 3962331 3885177 3695373
3844006 3744903 3695324 3847344
3653330 3698872 3927298 3825751
3905233 3939498 3737103 3891764
3815640 3683924 4042751 3975291
4082706 3903670 3797277 3850473
3787315 3692646 4028379 3944103
3921729 4003227 3702542 3854022
3729638 3664814 4016337 3855477
3958684 3867719 3786513 3816094
3805048 3768720 3858123 3642368
3840591 3863120 3668007 3764615
3858941 3921874 3925611 3813888
3994526 4045774 3822435 3838052
3775178 3842398 3798455 3791882
3955507 3960522 3749980 3807664
3812829 3770286 3843255 3849044
3839014 3946896 3709372 3750437
3768665 3867345 3774074 3694874
3640380 3804611 3795164 3744589
3917947 3927146 3823369 3864958
3801075 3940869 3911577 3790497
3887814 3988497 3869196 3810227
3801111 3812392 3936789 3875980
3864487 3947420 3722453 3840450
3748183 3836710 3895819 3727401
3740303 3868780 3843069 3811252
3949218 3847378 3715816 3767164
3751579 3945395 3943422 3936577
3925102 3942618 3851404 3858268
3801599 3978994 3954293 3838602
3853761 3876498 3918968 3821104
3684624 3913535 3888014 3827677
3935774 3869453 3840916 3865569
3936154 4007012 3859274 3877884
3994423 3983920 3784329 3746331
4134172 4096014 3934655 3980716
4064347 4102296 3932472 3765992
4029222 4088972 3963373 3953517
4038010 3959393 3913120 3810857
3776535 3828214 3710324 3756159
3825686 3783137 3694087 3567680
3809769 3995095 3944736 3780807
3838190 3741897 3684800 3806171
3964232 4125609 3988342 3815251
3986280 3838727 3795165 3952869
3928191 4069953 3968343 3926388
3929781 3860148 3744114 3913833
3805962 3911362 3745742 3712934
3756018 3644318 3555730 3732929
3844500 3741658 3989214 3917777
3992582 3957186 3855847 3839922
3799383 3878825 4118287 4006409
4091665 3962279 3861564 3922494
3837903 3741825 4106168 3979229
4073402 4018795 3848991 3930590
3555221 3615713 3820873 3749836
3907810 3809304 3624382 3713181
3836666 3880611 3841288 3785442
3857353 3880695 3774603 3862574
3939897 3920473 3916250 3930087
4098486 3984315 3793089 4030434
3804498 3884567 3855159 3909588
3976301 4045043 3877066 3947689
3709197 3740241 3679036 3749972
3825557 3773106 3591111 3690114
3935719 3938688 3769073 3880356
3790305 3821277 3894395 3817207
3929958 4053665 3944725 3958505
3845715 3921344 3886903 3894336
4052332 4013280 3856720 3920099
3867961 3942783 3948898 4034479
3685338 3790314 3604896 3738557
3588067 3806956 3791052 3608306
3721286 3977586 3914515 3880194
3980092 3844155 3878023 3875759
3822361 4009748 4021304 4019580
3993989 3966639 3997615 3979130
3841414 4029370 4025940 3975559
4048376 3972379 3904357 3956645
3591076 3856610 3828653 3801808
3751388 3713642 3838222 3710783
4032905 4063709 3893181 3869036
4105635 3986619 3851417 3827599
3984293 3972127 3769862 3792991
4052093 3927281 3835107 3827453
4046962 4134030 3910655 3934356
4128774 4062177 3951478 3807258
3899567 4052493 3776531 3831568
4055811 3938990 3844714 3645554
3959248 4106324 3923123 3879153
3874690 3793024 3687070 3840387
3864323 3896514 3907171 3819262
3826449 3759202 3592690 3828112
3925416 4090913 3994249 3850223
3961623 3793405 3819780 3940381
3984375 3950827 3854891 3806768
3862467 3728259 3702931 3835859
3778052 3804614 4037078 3947788
4046136 4036170 3855837 3867815
3698457 3718867 4030186 3889430
3908685 3981955 3806184 3781880
3868170 3844802 4144361 3944273
4063140 4060576 3908394 3970985
3674044 3741182 4018094 3857667
3974606 3936362 3793387 3771422
3882314 3888923 3995262 3842152
3999568 3968920 3788653 3966384
3768836 3821712 3819703 3779154
3962359 3893287 3771388 3828700
3919063 3940871 3926974 4031083
4080573 4048583 3904462 4005507
3789930 3850679 3836779 3777781
3939994 3932933 3723108 3794591
3906342 4031410 3862618 3962543
3778726 3958772 3958027 3943548
3808092 3947769 3792539 3804407
3723998 3802780 3885755 3745011
3905824 3989490 3836017 3981994
3873819 4060297 3998481 3826674
3853820 3947549 3668500 3744815
3776110 3782107 3820862 3769298
3800079 4009993 4039915 3953317
4052290 3954881 3950591 3893557
3798570 3871744 3890362 3829738
3926103 3893801 3836740 3771569
3867378 4067925 3951707 4018991
3988389 3926921 3923849 3879139
3708376 3896274 3948124 3824884
3951683 3855674 3825352 3754767
3850314 3930061 3674274 3786836
3989857 3971790 3765243 3665147
4051412 4135821 3842164 3973494
4083645 4025517 3912681 3767621
3945198 4030798 3810649 3834250
4154273 3919945 3848137 3776583
3905433 3961633 3806798 3839620
3930911 3951340 3836414 3658587
3770593 3917077 3898225 3730108
3753621 3707099 3607558 3809196
3955215 4041458 3974716 3931833
4006634 3760072 3872142 3921497
3832054 3949447 3824145 3779148
3850285 3646288 3593650 3778443
3844829 3967180 3870001 3695506
3775840 3633836 3644943 3813919
3669203 3610541 3941484 3781201
3942420 3859775 3759763 3813040
3856354 3847963 4048398 4008635
4033860 3987203 3940363 3938970
3710500 3625974 4031417 3865170
3941174 3840754 3798127 3804577
3733414 3592794 4001770 3783233
3926115 3785352 3781273 3771341
3741593 3839822 3823199 3736289
3911663 3863978 3752391 3743846
3958110 3815972 3868852 3921660
4020143 4116722 3904597 3979473
3806215 3837746 3837426 3807044
4025227 3989263 3748023 3882761
3816985 3713915 3883747 3783313
3921036 3878371 3677916 3862866
3886244 3901071 3710692 3816981
3702320 3771530 3819592 3671945
3947836 4100733 3883502 3979252
3904007 4014149 3948083 3848421
3854939 3965290 3856244 3863816
3778571 3927785 3857207 3691146
3792002 3860559 3725935 3757763
3671482 3783688 3717919 3693034
3695638 3879256 3942567 3745172
3822883 3842507 3785628 3790389
3851296 3998581 4012841 3980617
4012537 3951966 4028557 3887675
3742481 3897884 3932725 3958644
3900639 3888073 3861966 3827009
3672080 3857833 3866397 3799894
3885899 3862225 3902355 3831618
4027344 4157268 3868967 3922835
4044543 4051972 3882439 3850446
3932297 3968606 3839728 3767450
3948878 3867436 3711291 3581296
3961203 3986808 3894768 3861820
3882275 3961234 3891964 3693962
3911118 4039531 3858485 3855028
3951032 3923739 3824356 3733764
3961660 4143143 3904523 3851286
3985978 3753257 3766891 3944300
3867331 3909310 3783296 3751359
3794447 3650721 3618153 3848206
3989523 4044933 3947390 3818372
3798365 3785084 3648712 3880586
3854526 3951637 3923120 3767429
3802566 3643231 3637357 3853302
3763412 3774634 4245995 3922588
4092797 3939062 3914152 3978733
3750930 3710242 3984779 3918147
4019278 3862929 3774007 3771496
3780233 3741603 4015778 3988534
4025039 3963335 3783657 3886520
3718992 3808139 4097264 3893753
3941368 3964885 3843091 3845394
3893877 3898820 3949277 3813681
4025517 3994585 3853371 3863536
3761217 3820221 3799622 3769939
3916383 3907452 3728188 3760645
3824786 3808336 3896289 3810686
3965979 3895022 3738300 3849622
3750692 3790016 3883273 3829838
3858367 3929890 3835771 3828980
3996294 4021322 3876577 3869804
3915225 3972647 3916719 3935062
3850737 3839756 3761608 3774487
3637029 3733812 3862360 3735861
3848969 3983153 3735579 3811901
3783521 3871433 3882240 3805323
3873869 4019246 3852989 3768278
3781528 3907433 3897417 3820737
3865426 3928996 4020405 3881955
3968133 3942495 3947625 3996778
3668606 3877831 3907355 3856610
3950028 3846834 3761025 3825364
3686410 3928096 3911120 3901054
3955144 3843154 3861380 3877790
3776258 3897591 3962519 3880419
3882354 3932361 3865728 3824533
3964517 4145395 3840883 3928164
4078354 4053489 3950694 3867833
4125521 4179684 3936495 4024369
4231551 4143045 3984389 3963971
3987805 4043925 3897416 3798555
4098525 4029558 3957417 3806747
3987132 4070196 3891024 3901067
4104938 3994336 3919587 3765802
3896082 4108454 3894442 3807294
3923669 3793936 3824550 3927207
4020477 4095872 4064329 3935536
3964942 3878308 3805908 3952943
3957478 4069865 3981066 3845957
3836798 3777300 3820000 3932171
3982350 4041683 3983317 3849456
3950826 3771125 3798143 3925242
3815450 3816452 4113138 4017236
4122288 3981917 3917423 3990304
3975049 3903167 4250898 4034460
4101877 4095437 3979645 4012317
3891919 3849838 4124857 4017844
3973955 3995030 3916355 3956065
3770060 3851763 4073219 3904209
4042621 3950981 3826013 3847456
3872793 3961939 3956105 3925927
4076267 4007044 3827982 3885285
4015215 4004886 4021013 3982724
4099189 4059477 3831902 3911629
3890129 3992658 3914562 3844237
4022078 3953425 3827974 3871753
3821853 3851357 3865746 3894207
4012133 4006679 3748395 3886908
3976925 4014875 3868856 3888035
3788221 4004603 3953491 3871087
3962307 4111647 3917738 4068330
3914008 4080916 4080080 3962477
3942464 3995015 3834355 3999075
3859148 3956870 3990457 3785867
3881326 3990354 3816210 3856632
3736778 3886606 3902234 3779094
3813610 4093471 3943744 3911850
3974850 3919216 3871706 3967424
3915424 4085465 4098068 4056099
4102616 4055536 3988377 3999461
3857965 3974171 4001870 4055282
4091835 3906031 4047900 3861051
3899659 3991836 3941621 3959557
3966307 3919177 3847812 3904108
4113319 4145244 3937759 4114112
4151612 4128450 3955497 3936686
3939269 4088626 3829310 3839629
3988449 3982691 3828559 3714657
3920764 4002564 3768793 3881596
4049995 3989678 3771391 3707478
3977415 4145888 3901203 3921592
4043838 4006796 3822695 3764044
4013845 4150859 4012971 3986808
3997583 3932081 3849084 3970084
3866449 4008670 3935505 3783899
3840352 3716885 3669763 3847260
3829893 4023701 3964528 3816802
3732413 3664857 3746738 3819501
3856470 4094071 3888177 3799819
3869135 3731316 3751009 3864276
3839108 3913932 4119006 4057439
4145674 4000552 3968573 4064569
3703674 3723347 4000775 3930344
4018964 3916922 3771118 3849728
3787143 3652959 4044822 3854736
3991506 3955125 3795219 3846214
3856222 3795985 4033338 3912118
4102304 3926316 3820158 3820213
3920338 3927474 3948461 4006288
4112499 4098684 3882120 3938503
3864187 3786654 3902017 3836431
3930129 3927326 3783760 3814626
3817183 3817012 3758954 3795184
3897808 3956366 3859746 3802306
3981135 3842644 3828349 3840071
3970296 3913600 3804630 3920044
4015757 4022394 3932730 3996857
3896646 3991511 4009509 3939606
3852197 3988949 3812403 3867981
3722211 3883695 3834388 3851605
3810891 3920857 3723293 3827345
3693300 3836619 3936759 3731005
3841067 3994988 3827883 3765196
3787614 3892026 3814913 3883755
3901164 3978813 4156369 3975895
4002268 3887781 3969117 3900431
3675969 3915070 3887218 3905030
3889726 3872743 3863250 3818617
3691534 3894859 3938994 3875668
3970757 3909661 3848025 3871118
3811251 3929757 3936674 3846687
3904651 3860198 3950035 3912832
3999014 4026660 3773857 3860784
4043648 3964388 3874488 3676231
4062178 4149703 3877116 4007482
4078866 4025099 3892405 3862531
4094198 4168166 3906181 3910336
4105327 4019877 3865911 3798087
3961474 3981122 3805591 3848597
4019911 4086996 3868565 3762041
3858524 4031848 3914055 3814498
3865902 3738564 3704791 3813810
3858287 4090760 4040060 3868473
3991122 3809173 3811304 3923692
3883554 4065801 3963338 3867959
3929316 3763008 3807756 3982800
3913981 4056537 3945548 3734652
3786826 3730567 3787684 3836933
3721169 3708936 4152643 3865379
4038159 3975053 3735489 3848260
3841627 3849900 4138293 4010556
4072943 4045478 3886894 3957617
3819071 3820201 4100798 4031933
4046178 4053506 3925104 3942476
3721531 3736990 4080624 3838683
3987365 3908367 3810475 3891115
3818362 3829049 3790467 3849555
3879665 3901252 3775658 3883496
3990103 3897038 3923783 3913901
4030706 4029478 3848776 3985113
3894075 3901922 3921920 3831685
4023380 3969915 3800096 3819494
3869927 3867666 3923436 3836666
4038632 3918403 3776856 3820818
3877766 4006459 3802032 3832860
3643766 3877817 3846484 3800189
3962823 4035887 3874342 3929970
3824526 3987258 3969039 3878978
3997011 4039429 3832850 3816651
3865945 3942508 3961492 3815243
3869999 3995612 3768297 3932915
3835574 3927669 3939690 3767723
3725103 3960638 3915381 3901433
3934035 3877330 3929755 3885884
3824600 4021051 4009573 4036192
4074515 3918427 4006845 3945967
3803933 3970162 4007369 3930767
4029803 3949855 4034349 4009792
3733283 3978088 4011047 3901260
3947238 3915768 3881040 3867141
3943016 4064734 3880759 3874925
4045527 3952673 3839037 3743805
4058045 4046129 3914437 3935487
4031781 4013825 3862062 3860863
4078117 4151114 3871491 3900109
4096313 3949910 3898935 3785729
3872495 3862378 3714336 3778182
3891144 3834648 3809724 3593911
3951442 4062215 3918119 3837138
3789785 3713182 3713014 3873862
3929370 4044106 3936709 3859494
3918631 3759839 3756038 3942919
3948951 4089438 3958212 3834649
3945226 3808862 3764431 3963204
3770979 3821941 3760737 3696073
3808402 3663510 3633241 3755095
3715753 3748046 4084658 3969146
3991541 3857835 3851959 3899134
3837981 3874493 4164556 3945273
4140993 3985577 3867243 3994235
3837922 3848619 4083015 3971494
4083681 3995875 3951885 3942590
3684187 3671609 3949880 3869001
3885304 3785069 3689502 3762426
3871291 3904325 3845467 3878253
3943125 3962745 3779035 3817549
3942817 3889726 3966155 3909443
4035899 4076928 3899888 3987549
3817641 3910244 3945129 3804112
3955290 3924072 3820447 3891353
3715287 3773649 3745703 3725349
3832861 3846668 3705259 3678037
3966021 3960700 3831922 3844460
3772428 3856238 3943290 3803232
3888999 3959534 3889853 3882163
3807493 3976760 3985166 3857344
3985633 4070704 3811593 3884188
3753489 3949342 4016013 3880852
3763027 3828299 3634531 3826016
3650931 3796442 3762010 3650158
3779736 3920606 3980708 3880762
3970773 3907484 3881429 3843947
3833524 3958579 4025825 3960277
3999841 3937081 3960542 3899676
3800522 3992334 3960301 3960100
4025311 3905501 3917532 3963803
3623633 3833220 3786588 3757220
3790559 3825914 3768916 3784999
4033600 4094977 3917883 3836080
4071016 3985271 3872321 3770187
4039163 4126473 3907353 3883019
4055359 4049366 3864339 3803820
3982602 3964696 3724656 3825587
3918414 3897687 3742204 3628762
4173649 4169570 3995141 3904478
4080133 4059530 3980606 3833167
3877849 4073864 3994840 3784352
3925524 3795752 3740894 3900396
3931505 4019527 3987915 3912926
3927562 3826001 3720933 3918110
3814294 3886493 3808152 3728820
3735173 3612227 3653024 3767699
4002891 4145763 4075993 3922601
4022833 3807908 3871430 3997538
3808769 3751345 4057446 3910514
4138799 4025034 3756702 3901800
3787648 3812492 4093281 3890719
4062263 3954420 3907182 3953799
3665781 3643881 3912564 3762824
3967509 3857672 3731961 3814597
3908419 3890709 4136910 4002691
4122246 4054303 3906339 4026583
3895416 3962621 3892210 3779505
4057305 3997345 3824064 3883330
3873451 3863279 3885484 3872561
3972113 3925089 3833759 3837060
3749483 3800220 3763574 3716322
3886708 3859804 3654340 3810794
3940898 4028023 3987028 3990203
4007198 4118982 3903286 3983138
3888176 3996695 3811945 3883577
3860030 3987190 3937797 3882917
3899257 3995894 3875462 3910274
3810455 3921306 4005739 3894538
3834503 3899396 3744964 3826030
3713857 3802584 3852836 3728221
3982517 4020511 4023025 3956519
3894633 3994940 4012193 3907606
3742747 3951162 3911157 3865636
3947259 3835131 3932548 3867745
3757405 3967656 3941823 3866226
4007550 3910177 3875646 3875393
3572861 3947939 3874144 3907158
3920751 3736232 3806189 3821381
3943447 4079761 4096332 3997967
4084518 4058696 3980383 4043341
3772640 3823183 3765810 3791543
3892200 3791901 3793395 3830052
3833479 4064149 3859913 3979088
4022018 3847214 3985391 3936589
3853668 3991960 3884497 3934063
4001633 3978056 3940646 4003591
3788259 3977456 3787493 3857065
3966135 3865843 3929207 3835444
3788923 3658011 3807581 3838012
3868729 3914178 3735085 3845963
3955842 3852075 3890557 3992090
3960257 4052253 3838067 3850340
3990279 3786756 3876473 3969756
3993770 3966171 3952800 3865018
3890168 3802946 3766081 3935856
3806426 4007257 3853514 3760046
3762143 3837664 3874169 3803142
3790529 3634730 3842640 3662105
3873407 3863192 4018655 3900350
3831964 3733183 3933826 3831261
3824301 3975255 3986255 3970998
3910532 3726694 3937176 3865390
3806422 3807932 3917761 3818417
3887515 3672560 3900871 3657562
3817502 3797084 3753749 3871246
3898786 3720199 3656855 3752717
3962393 3892303 3907388 4014029
4035391 3843853 3780147 3897901
3954957 3900597 3823663 3950722
4021957 3783775 3698846 3909529
3877596 3827770 3774818 3916833
4030931 3708049 3700317 3824092
3860948 3842461 3763830 3881427
3887689 3839405 3759175 3837710
4016195 4011766 3950505 4028116
3979629 3919050 3902228 3955614
3865996 3963825 4033065 4040153
3967403 3899338 3861274 3935556
3833467 3830015 3846091 3840681
3885027 3857527 3788099 3977589
3862024 3823866 3780402 3715357
3745573 3896630 3785480 3722938
3960323 4044144 3971197 3845982
3964358 3962467 3928451 3878682
3887089 3955746 3937947 3867299
3959550 4014622 3893383 3909424
3946304 3947530 3867498 3763718
3889399 3909649 3859020 3774634
3922560 4008424 3889459 3996502
3976015 3975566 3939777 3958413
3954716 4054784 3919335 4007419
4090553 3954957 4010946 3941432
3675271 3809765 3792999 3783651
3870729 3877229 3852398 3799770
3765074 3935747 3747589 3908965
3976006 3956986 3969085 3834708
3982129 3837859 3912115 3888706
3924729 4013133 3928888 3895729
3987827 3866225 3988021 4107501
4041050 4104536 3924648 3921612
3892115 3648923 3846081 3933246
3851724 3858145 3829996 3828596
3951337 3811679 3800328 3985993
3974460 3951582 3893584 3863314
3902269 3931717 4004371 3933025
3841527 3772532 3821878 3889271
3910034 3950308 4077377 3875501
3950708 3820432 4026131 3867886
3788618 3827676 3926892 3753505
3813447 3618552 3771260 3679420
3815691 3846416 3962731 3850938
3953105 3663008 3920090 3834666
3891920 3900214 3885502 3922081
4018723 3792090 3767709 3891779
4019617 3957039 3886973 3987002
4099444 3915853 3891831 3902849
3799526 3802083 3739941 3874452
3842405 3753380 3750892 3818639
3889201 3747497 3898040 3994050
3936065 3768823 3747382 3925700
3918605 3982258 3938960 4057159
4024905 3944119 3893390 3930464
4019866 3958569 3921653 4118643
4095853 4059362 3999341 3978561
3919402 3879122 3874935 3980838
3887117 3841960 3815337 3878291
3998043 3975047 3931013 4054239
3905765 3932635 3930861 3970461
4022278 3974538 3959451 3831164
3852951 4070916 3948550 3919557
4041548 4041722 4012848 3885640
3991297 4042028 4028321 3903955
3816204 3906649 3806840 3733126
3875632 3832656 3826454 3773976
3891882 3958256 3919751 3861667
3923679 4025503 3932041 3887152
3795966 3931647 3742795 3853110
3951046 3860912 3888999 3769443
3943499 4189362 3980917 4002348
4172532 4078799 4072112 4046319
3768757 3952732 3739558 3883223
3980114 3924422 3886897 3863848
3746621 3923179 3759071 3821806
3869599 3860019 3869968 3736080
3808783 3793845 3767804 3841178
3880561 3910564 3844080 3806781
4079368 3854062 4022949 4008249
4075783 4091362 4044361 3988284
3915491 3755126 3798972 3959854
3970600 3995075 3869318 3810530
3906765 3762070 3660680 3899916
3821818 4017799 3812548 3726818
3752822 3774607 3913704 3784798
3770278 3695707 3784283 3742556
4036100 4021215 4096521 3987469
3949849 3874741 4081043 3880105
3778975 3809595 3901330 3890875
3863698 3758816 3935028 3822557
3817336 3866160 3924410 3817678
3799842 3647827 3935828 3715785
3888771 3783998 3752800 3871480
3960035 3733656 3710756 3760323
4020396 4006797 3974638 4100065
4114951 3888549 3894148 3950425
3897623 3841932 3727113 3942993
3959437 3769649 3780298 3843208
3806456 3784909 3728344 3857692
3888365 3661291 3701947 3802052
3830964 3755166 3859527 3913878
3939800 3876561 3765686 3899985
3992271 4091036 4017473 4203980
4108846 4072798 4002888 4016975
3878989 3858291 3814204 3964067
3950905 3854450 3871421 3906533
3850746 3856798 3803557 3989925
3838704 3824676 3853454 3819374
3853658 3875036 3907355 3754529
3827360 3857045 3894314 3727107
3989258 4076225 4043783 3921231
4013523 4076542 4083994 3954035
3921570 3919082 3890299 3796851
3829530 3906615 3821440 3827905
3848623 3874875 3826245 3749495
3726547 3888933 3803134 3760280
3914791 4007485 3909419 3911390
4034420 3984949 3960189 3924248
3697518 3911144 3728924 3782152
3855544 3869421 3879552 3864462
3791938 3948650 3760821 3859697
3985250 4000978 3908902 3849477
3639318 3909225 3729360 3797265
3975717 3809408 3830305 3797104
3941969 3863146 3841643 4070650
4002152 4041403 4004957 3892353
3753669 3630943 3786570 3871896
3841222 3819760 3835400 3690096
3836584 3667984 3793344 3903568
3816677 3922767 3804987 3802397
3784349 3735706 3662768 3789864
3867768 3869984 3724681 3701340
3888827 3845534 4059171 3878995
3920546 3777182 4073956 3905498
3720827 3741796 3768593 3783815
3648725 3573853 3761240 3632402
3761874 3862872 3902809 3830023
3777326 3731994 3892657 3777904
3669551 3675219 3881459 3704015
3746794 3647306 3839408 3698420
3914638 3857664 3774377 4021042
4042549 3861604 3795181 3922664
3752517 3719845 3734962 3890490
3864805 3678072 3657905 3706819
3794972 3867046 3809940 3944304
3920656 3716620 3784431 3810264
3760767 3790059 3645343 3819266
3850364 3674395 3654959 3774788
4014944 3978692 4064679 4080604
4012007 3894703 3960298 4018703
3790140 3833369 3762112 3918885
3830705 3829912 3728039 3882319
3834600 3786556 3893607 3890215
3929496 3827221 3861814 3944923
3796900 3801766 3842411 3927620
3826915 3742141 3735567 3830280
3919393 4031364 3988107 3947417
3920861 4041070 3901877 3946710
3845307 3783144 3745650 3782094
3727747 3860233 3742922 3707625
3932490 3912546 3900926 3757434
3779386 3873031 3832740 3867355
3822842 3818055 3844569 3714937
3764763 3796630 3742950 3772429
3805125 3896869 3843977 3874791
3872403 3947071 3937278 3903279
3705615 3894622 3706105 3701655
3871843 3831966 3760277 3798589
3748900 4068495 3852824 3957357
3988269 4074427 3915466 3933680
3841651 3953817 3827102 3889291
4054019 3961274 3906000 3922611
3829624 3805686 3857414 3924163
3932654 3931446 3896204 3804653
3832779 3638628 3773037 3810228
3794149 3840419 3766435 3715492
3945206 3832261 3923314 4033082
3913830 3963594 3946211 3922211
3886907 3811852 3904297 3954828
3990597 3962737 3939530 3824063
3868919 3953740 3884338 3722984
3808906 3640227 3932609 3841783
3727700 3764725 3798363 3712529
3717766 3605813 3861056 3748878
3883744 3953122 4058820 3851156
3877567 3721877 4002934 3820257
3813856 3924077 4013212 3869467
3836033 3779180 3990527 3796405
3863606 3831351 3832613 3980061
3992667 3757970 3703853 3737525
3824861 3703964 3655031 3753017
3917952 3675302 3626088 3701333
4019557 3914434 3860996 4055188
4038440 3760783 3793129 3926830
4083739 3928726 3783918 3926261
4009095 3764719 3803912 3959657
3904746 3901373 3879052 3952354
3942428 3923033 3864509 3947392
3792531 3793155 3761593 3870602
3790866 3752061 3702914 3802606
3968655 4015214 3946476 4090073
4069320 3984551 3852751 4023194
3980477 3919575 3967388 4003669
4007604 3940796 3911296 4005153
3932422 3896937 3900577 3781684
3959714 3957495 3926561 3780490
3707883 3842713 3739523 3674255
3809644 3846595 3833125 3804594
4060363 3973589 3964022 3871861
3959616 4022373 3902277 3921443
3988040 3966096 3949818 3820279
3877111 3973173 3879894 3856665
3690229 3781938 3773038 3732819
3837100 3812608 3789246 3824349
3813288 3955387 3888920 3899033
3951197 4021304 3914598 3819182
3830774 3919025 3909060 3898618
3991926 3944459 3977094 3899424
3739080 3828776 3734194 3791924
3936151 3859119 3852424 3820962
3771240 3700478 3714953 3825356
3758102 3821956 3778171 3747437
3912972 3789683 3796415 3979953
3905722 3845936 3830742 3899801
3949610 3808987 3822898 3972472
3977697 4028062 3944560 3944864
3762146 3684434 3800019 3845548
3787719 3839722 3878259 3721301
3694481 3853566 3857708 3777462
3693524 3569092 3769912 3657427
3746316 3854929 3935437 3860958
3870682 3686520 3877071 3779692
3743722 3891754 3993130 3928181
3849077 3711312 3967875 3866522
3736573 3895229 3846560 3747433
3752124 3560270 3825467 3681233
3810672 3719804 3727108 3784741
3787917 3662492 3610561 3663685
3908792 3827133 3835553 3986383
3825538 3786132 3712912 3852365
4033599 3973514 3843717 3990257
4115955 3851520 3747334 3927096
3766474 3862801 3751820 3826570
3853538 3696214 3595522 3693161
3823766 3734761 3796160 3798192
3848798 3768626 3810857 3794603
3875909 3926935 3876843 3903048
4035463 3864504 3897101 3886466
3920833 4031772 3944311 4017031
4073687 3920294 3901116 3895870
3848617 3817317 3854469 3886472
3965186 3817755 3791347 3809473
3807999 3822465 3792419 3742533
3810271 3872054 3758932 3735161
3862194 3918513 3973800 3816618
3773332 3792540 3900168 3884778
4023837 4025244 3931562 3818263
3934244 3914122 3944656 3941316
3824363 3813355 3893465 3718484
3744315 3824898 3830158 3829250
3785752 3994765 3875602 3918147
3947963 3969328 3919681 3909749
3723665 3960413 3814562 3833431
3901298 3841296 3889196 3816699
3634367 3900964 3759876 3765754
3847213 3826236 3764987 3782427
3842373 3918171 3885959 3922290
4031286 3976929 3961339 3890717
3945976 3770786 3842831 3910239
3968399 3948623 3847741 3824777
3852004 3775842 3760292 3907811
3876395 3884186 3773703 3784956
3805228 3728989 3758193 3862544
3846732 3882579 3781796 3722609
3890256 3749176 3852835 3972313
3945743 4016644 3907896 3836762
3844297 3888648 3910586 3854537
3760862 3771329 3863537 3791092
3771727 3786390 3844710 3771027
3784934 3696685 3843185 3817933
3722098 3818376 3829057 3770112
3829053 3630999 3822234 3745819
3849016 3876171 4078119 3861268
3821118 3738302 3982185 3741271
3885360 3800704 3730443 3952771
3958019 3791833 3793177 3830407
3833205 3761179 3720109 3895858
3911698 3713499 3727533 3716886
3865356 3806022 3829206 3816446
3842722 3704924 3730366 3787692
4010345 3925527 3881306 3934866
3917761 3800807 3796885 3806702
3895057 3947928 3959284 3969140
3906908 3869815 3851175 3879174
3851456 3886921 3941292 3880432
3869442 3860498 3770615 3949490
3808088 3798436 3811302 3913604
3861547 3713244 3706946 3757337
3835123 3968520 3969180 4028940
3970811 3891755 3973364 3953799
3907350 3968947 3943542 3831588
3771888 3947914 3823855 3874834
3770630 3909418 3890007 3747930
3800485 3851574 3855877 3812724
3826907 3889925 3783868 3658221
3763440 3858197 3798520 3693026
3929295 3939952 3948682 3822836
3842307 3995094 3999947 3905682
3693309 3811124 3732306 3765747
3812787 3837699 3820761 3760680
3917724 4098881 3920124 4003681
4046132 4045478 3967733 4031317
3839385 3998026 3898707 3922890
4024434 3975437 3877765 3985761
3764529 3930289 3840231 3845391
3895106 3807030 3914329 3892267
3765006 3644243 3720091 3820773
3825654 3848992 3800312 3738358
3957810 3861934 3871937 4104081
3985321 4117323 3976175 4027822
3970841 3727917 3856655 3995035
3929252 3985183 3978967 3876619
3929985 3787960 3756654 3921019
3835996 3894736 3867749 3797152
3705289 3804927 3796007 3712978
3723737 3521057 3810475 3672322
3951929 3887950 4088498 3888097
3892197 3858457 4014775 3863631
3870777 3859286 4006825 3927693
3799567 3732967 3982026 3881060
3728681 3876753 3870830 3826898
3802366 3678802 3916516 3704821
3790566 3718604 3708864 3755818
3815283 3629279 3543240 3737615
3988803 3959472 3985521 4062264
4044401 3832063 3791529 3895375
3967723 3818604 3882391 4005769
4063712 3750946 3799296 3849176
3810898 3792806 3724937 3932412
3936355 3706312 3755657 3830184
3733247 3741762 3758306 3895876
3835759 3764784 3822273 3743003
3928691 4000190 4077363 4137915
4070761 4018607 3831004 4100147
3926302 3925158 3978072 3999568
3915721 3998467 3876592 3959388
3876668 3896600 3864201 3910440
3885416 3936145 3843069 3866137
3829665 3757106 3869959 3706564
3724611 3867818 3807323 3701050
4011684 4009355 4104766 3957657
4009980 3995984 4022751 3921811
4037389 3984699 3973816 3880305
3926137 3999929 3930502 3972495
3858293 3868128 3908210 3851306
3752293 3903338 3856357 3837813
3757923 3894691 3762927 3883999
3859450 3713561 3788772 3813101
3656266 3904997 3753808 3772786
3884876 3892751 3921280 3878567
3652924 3745883 3613464 3679857
3774593 3740085 3690877 3695589
3775148 3864582 3865256 3836781
3892516 3927168 3842937 3796579
3897786 3691927 3718065 3836697
3833970 3862705 3714821 3758213
3859397 3702790 3709353 3854534
3827336 3919277 3846425 3831666
3736581 3634874 3726443 3778468
3748716 3715739 3758151 3660818
3846950 3725880 3827166 3847969
3917486 3909239 3788766 3839949
3813208 3859730 3845874 3743868
3813261 3595281 3899236 3755798
3772948 3785804 3876304 3698064
3712876 3682087 3864485 3788456
3646097 3788849 3779720 3637501
3680260 3587200 3759691 3564187
3754956 3789781 3982256 3808466
3796581 3649442 3867306 3797050
3722052 3752969 3770050 3821622
3891239 3660642 3652842 3769366
3780584 3717197 3748778 3943546
3869008 3702794 3730856 3789747
3655107 3594485 3640741 3815517
3810002 3571940 3641169 3640959
3806755 3880960 3753060 3946649
3845285 3676624 3646115 3804611
3766441 3838282 3812055 3965213
3908040 3849584 3734428 3843735
3807762 3755704 3845013 3922357
3869070 3811202 3864546 3890680
3719547 3763823 3722566 3796992
3735863 3719350 3689454 3717718
3856967 3796762 3900170 3916676
3899247 3871285 3766192 3850030
3816509 3822521 3849357 3858213
3799460 3830373 3810960 3794108
3874602 3837993 3777027 3732719
3892840 3922882 3803624 3855157
3733592 3683758 3740430 3641717
3609990 3802667 3693115 3611928
3869414 3919756 3909757 3771925
3830329 3860574 3831724 3744064
3782887 3978500 3875157 3931580
3953155 3954820 3879091 3886091
3886105 4111897 3914738 3956623
4064867 3922137 3985992 3970553
3701347 3842208 3741606 3724461
3809795 3804072 3827043 3824892
3650046 3846823 3654169 3819158
3856689 3812754 3775805 3845077
3877012 3737010 3858920 3912180
3953272 3902405 3897658 3867939
4014408 3877662 3951973 4094175
3955019 4052064 3955238 3903691
3763644 3659005 3695457 3868226
3905283 3840322 3754668 3838980
3743401 3715989 3640479 3775848
3712367 3873307 3739331 3767261
3809278 3862061 3863515 3880289
3773438 3675646 3935179 3837923
3824617 4001002 4139375 3895562
3967622 3861660 3946561 3892846
3650763 3754091 3887445 3770760
3720082 3623606 3804142 3636306
3690176 3751796 3806960 3662959
3709278 3510068 3770751 3701435
3885732 3944251 3799858 3996738
3995788 3699457 3740314 3828277
4037719 3930875 3913531 4048310
4022037 3885015 3855087 3969944
3740627 3829552 3718924 3777368
3848914 3687988 3665933 3725528
3673123 3807682 3722592 3770098
3788491 3692597 3623937 3750515
3908074 3854428 3911740 4002530
3889724 3834719 3771418 3970615
3956273 4022789 3971889 4099694
3998688 3978774 3971302 4048941
3827453 3861182 3762472 3892542
3879138 3871106 3795805 3790653
3759843 3817022 3762590 3899507
3796236 3725468 3666269 3834211
3870088 3978277 3941574 3788890
3902930 3910532 3933609 3871839
3925465 4075833 4025099 3935124
4041837 4092902 4094063 3879840
3820450 3860850 3780964 3684765
3696325 3814099 3813350 3879307
3812226 3834370 3815105 3650753
3717899 3853861 3895147 3672632
3742763 3921616 3819043 3949598
3987779 3942493 3922166 3806127
3682090 3877155 3805825 3849303
3916283 3907268 3908139 3830355
3681043 3827098 3844614 3749923
3952259 3860832 3700994 3739924
3734334 3902743 3822466 3842733
3901685 3790111 3904003 3829851
3939784 3781435 3841142 4047384
3918150 3978410 3893230 3870800
3885056 3654191 3710264 3808631
3871443 3865051 3815345 3787303
3799047 3707892 3701286 3827532
3813415 3875329 3725988 3689144
3831856 3753979 3819660 3852726
3849241 3853016 3841394 3893929
3882238 3878938 3913178 3911964
3865861 3742520 3901077 3727115
3773770 3766012 3893236 3817559
3784297 3719758 3780730 3672509
3720661 3768548 3808596 3703767
3721178 3581450 3853635 3634417
3774272 3763926 3884745 3780603
3832200 3649185 3863278 3775642
3894024 3881563 3797870 3950389
3952737 3813160 3694967 3806608
3798252 3792478 3787335 3846555
3937932 3738953 3637684 3804630
3722398 3779008 3728723 3794406
3775426 3600672 3608238 3710080
3833422 3834818 3731211 3900505
3861532 3697180 3678853 3854596
3912170 3888578 3870091 3968620
3935197 3898274 3841906 3906125
3827895 3894014 3807082 3971789
3849192 3881092 3722752 3850673
3761358 3809086 3814972 3826340
3846571 3757925 3707700 3913673
3852879 3867984 3883250 3963033
3892880 3815761 3746092 3879103
3963847 3902576 3855760 3827020
3879271 3938897 3873688 3869405
3837508 3846964 3819946 3700598
3821794 3893137 3855283 3792077
3802150 3832825 3790795 3686771
3735954 3793506 3738310 3739061
3860368 3844334 3838983 3807064
3929466 3890012 3844347 3815673
3922746 4055214 3940113 4153516
4053241 4032215 3991140 4030666
3684022 3856065 3795667 3794989
3899732 3832610 3849344 3788527
3675021 3841409 3760659 3777426
3954156 3905445 3806910 3802911
3837202 4026461 3936858 3890352
4044502 3939702 4026168 3949733
4024187 3968800 3935421 4119162
4141935 4197812 4011203 3862637
3858600 3708162 3712447 3783166
3846726 3924336 3766781 3768548
3875510 3698042 3755574 3864569
3796387 3905300 3721484 3723243
3969800 3784143 3900888 4020438
3897639 4029182 3879157 3879621
3897198 3968274 4126307 3892194
3997235 3852717 4050158 3936373
3722925 3781166 3884261 3819464
3867888 3638038 3881996 3712655
3714178 3824799 3891003 3797351
3753564 3659408 3834679 3805031
3866190 3977248 4039133 3889329
3871621 3703559 4021055 3899551
4054364 3997533 3916783 4081188
4147670 3874171 3814932 3959593
3760683 3799371 3757324 3747968
3849767 3749972 3634735 3825805
3771102 3756349 3733614 3830781
3911086 3717868 3665584 3768554
3963056 3944118 3868438 3990360
3981021 3921293 3743401 3855791
3998777 4022976 3979139 4108140
4046112 4044430 3976059 3946715
3944595 3829110 3791204 3934502
3893171 3819032 3750081 3834750
3759805 3876927 3789837 3913985
3878852 3790795 3756847 3764041
3890181 4011583 4027032 4031505
3964063 3911587 3938174 4014545
4058401 4022796 4003148 3948159
3986911 4061906 3992639 3953422
3850540 3924758 3766603 3755624
3773186 3856372 3820697 3767289
3822185 3930971 3791489 3704684
3747240 3844289 3757014 3715277
3987482 4084090 3947758 3908087
3877920 3894553 3978716 3954119
