4002969 4048821 4237598 3897847
3816418 3877458 3898617 3968096
3687796 3834409 3845715 3703024
3660348 3672668 3655163 3764554
4089102 4096528 4189124 3925344
3897930 3977433 3937333 4171726
3815308 3981780 4018156 3718904
3708178 3740196 3842760 3894986
3936600 4034991 4040722 3957775
4063646 3865195 4179841 4117843
3812222 3850042 3759467 3731682
3780099 3759699 3936040 3926748
3930797 3986250 3974076 4037422
3988393 3836077 4166144 4137918
3831649 3773553 3977628 3761843
3858625 3795049 4023501 3960468
4011062 4070950 3843371 4073672
4089602 4051169 4012740 4088636
3752970 3787178 3640486 3761340
3769047 3746115 3848462 3884658
3986348 4025863 3881369 4059300
4084362 4043066 4043358 4096202
3952518 3911143 3819407 3944398
3834186 3889759 4041038 3965019
3961249 4063169 4016756 3906912
3839471 4030823 4061826 4096934
3703175 3842901 3928021 3776606
3690793 3829010 3776356 3771945
4016487 3981858 4150784 3949116
3979826 4018976 4052721 4079279
3966055 3953046 3981756 3913950
3778938 3809300 3904619 3871636
3942998 3955311 3936365 3955926
4044291 4063248 4038246 4053767
3596860 3805606 3720571 3629920
3843661 3750213 3845105 3802658
3935955 4033059 3981874 4000877
4113970 4068896 4080439 4077732
3848283 3910169 3905761 3817958
3869045 3971839 3843188 3893310
4026656 3962111 4069918 3994418
4048308 3910168 4234309 3916477
3791988 3660255 3762776 3781492
3833915 3719263 3976927 3684126
4087619 3931533 4027192 4074436
4008788 3996606 4176277 3890235
3854666 3881278 3891507 3862095
3998056 3863532 4055485 3771288
3696339 3812463 3923926 3646211
3581733 3673701 3701644 3785505
3805507 3885298 3990915 3799898
3637799 3680801 3736952 3902380
3878715 4033130 4052011 3862975
3709812 3792327 3881302 3959281
3857747 3935920 4024445 3856787
3722396 3776617 3799068 3971895
3717816 3779874 3732109 3784389
3750907 3702915 3930608 3994268
3779375 3803131 3772034 3792947
3779189 3747903 4042536 3888343
3898967 3883648 3876613 3953518
3956416 3827892 4051220 4015697
3826406 3881386 3874701 3927433
3946272 3838690 4050661 4016756
3742830 3877152 3667210 3759899
3756403 3755988 3846285 3900530
3876061 3841985 3611136 3828390
3849949 3829750 3878634 3780727
3923204 3917553 3781780 3923700
3949416 3981604 4060586 3898355
3932058 3889705 3845287 3903655
3924613 3879505 3967370 3855384
3665201 3826079 3809394 3704192
3642715 3752297 3780063 3793356
3851627 3869938 3938974 3746384
3741802 3789767 3939636 3879714
3860168 4038349 3956935 3833768
3817915 3975554 3959120 3936725
3872871 4029131 3954795 3795325
3863088 3917068 4006427 3913379
3696486 3800230 3726632 3668281
3775584 3787640 3725849 3835478
3755528 3871510 3854318 3814871
3771580 3902925 3814828 3838030
3847931 3942214 3922270 3825643
3940818 4043760 4033037 3872080
3902060 3945505 3915701 3814064
3953003 3888503 3884321 4001036
3821757 3670436 3765731 3756450
3845395 3734228 3970998 3554118
3812500 3785631 3880469 3804028
3947617 3806954 3974709 3734939
3920250 3845534 3859176 3920947
3957726 3963599 4083447 3861221
3968608 3810962 3885943 3952200
3938192 3891388 4109021 3801196
3693870 3888492 3976147 3673574
3744131 3824387 3722516 3878148
3791135 3846948 4029577 3712422
3726489 3707823 3719795 3888553
3766039 3863223 4041515 3745762
3713958 3752994 3734522 3903154
3886661 3918906 4172002 3737486
3728523 3800240 3839840 3945969
3678557 3786629 3711048 3841896
3825527 3704448 3945053 3892219
3785454 3855194 3798539 3867479
3991112 3754081 3996563 4048694
3702500 3757092 3824824 3761133
3785836 3683404 3975631 3883570
3764066 3842604 3864757 3946659
3842961 3824734 4044650 4038357
3885809 3736639 3689557 3870979
3773758 3862814 3890270 3833300
3951456 3834477 3771349 3893974
3815602 3849059 3968426 3938100
3760601 3831622 3745173 3926315
3836673 3756368 3933052 3878076
3976553 3833930 3761226 3981090
3914391 3920529 3981010 3962743
3780755 3807124 3934857 3746266
3861217 3905630 3982766 3860004
3923081 4006704 3981504 3787217
3812591 3912350 3843043 3910109
3809500 3910987 3833043 3778827
3782950 3834333 3943452 3810740
3939007 3992023 3950002 3864399
3820558 3959007 3939210 3907302
3710815 3917187 3710270 3794978
3917308 3903253 3867484 3833422
3795260 3919081 3905440 3848662
3865653 3975047 3893046 3849986
3762989 3817673 3767849 3731585
3746147 3877979 3798677 3835087
3902941 3908009 3827205 3889741
3896931 3933680 3994868 3884074
3850452 3809784 3829965 3726257
3907422 3790208 4030362 3819549
3917779 3824052 3862442 3944663
3868455 3764526 4095932 3728095
3817549 3823866 3795760 3829305
3880501 3764920 3971675 3731944
3893635 3913342 3949353 3948445
3939428 3818499 4074165 3887420
3862361 3990991 4076772 3867031
3787772 3831108 3927860 3948092
3878611 3993580 4047493 3725898
3761956 3802094 3863064 3985072
3874251 3980086 4044810 3689487
3790888 3753317 3874686 3964189
3900496 4052302 4114289 3874026
3793926 3832361 3805604 3984150
3878145 3939007 3928998 3840794
4032235 3880593 4168348 4064193
3810479 3788926 3939694 3838708
3928033 3842781 4021147 4010023
3921780 3897721 3911965 3859190
3893876 3808746 3995270 4076894
3853429 3880554 3989681 3917003
3881869 3813190 4027200 4114148
3907020 3978719 3768860 4018642
3956106 3971081 4041803 3968660
3822236 3934772 3836332 4021151
3913078 3916364 3928289 3919824
3856723 3892006 3738357 4039084
3875359 3905862 3971568 3929840
3947458 3971181 3830530 3989576
3969562 3955560 4033639 3948495
3970373 4018002 4002309 3899738
3802174 3917149 3965875 3942151
3931059 3973663 3965537 3874407
3848266 3943097 3884419 3900679
3981842 4020945 3992829 3897746
3867944 3893358 3938651 3896771
3929673 3999537 4064946 3803843
3813442 3939886 3881664 3941293
3888117 4022666 3955189 3887435
4009061 3959628 3955252 3987246
3861822 3950808 3853248 3825893
3913964 4039165 3914435 3896046
3829318 3928365 3880191 3852029
3954912 3985356 3919464 3949533
3880490 4043135 3977317 3837011
3995409 4041559 3991163 4023058
3948892 3890863 3997734 4028517
4013985 3843829 4095127 3880417
3962730 3872686 3892771 3894178
3944718 3837320 3976870 3803996
4002145 3818523 3920936 3870591
3956506 3830342 4064826 3896307
4033450 3923834 3966637 3957543
3982075 3907521 4127819 3882898
3765630 3913627 3995736 3717346
3784239 3747106 3810454 3943109
3937051 4036591 4061082 3968759
3868709 3921190 3890888 4013033
3845447 3871607 3953744 3672304
3667210 3644168 3720803 3852806
3742920 3755178 3874150 3718230
3690187 3629605 3694862 3824699
3880252 3811262 3888831 3858328
3851590 3842526 3991540 3984159
3994131 3993493 3983019 3906306
3916094 3837394 4041446 4126452
3789407 3777507 3748834 3748744
3871145 3758445 3970004 3872773
3720388 3647529 3709873 3787468
3811642 3670298 3849203 3914554
3908272 3877328 3781920 3910631
3883998 3843261 3972893 3985779
4027384 4004809 3864404 3994482
3977166 3980604 4019983 4062119
3729599 3800946 3711487 3812958
3829444 3849651 3879293 3820620
3718119 3782908 3678972 3806941
3806350 3758419 3780426 3729014
3836929 3953488 3929600 3792983
3782624 3823163 3857760 3811771
4018463 4005055 4021415 3983492
3924698 3932634 4013247 4041469
3754879 3935704 3943605 3809727
3726784 3760323 3829606 3889551
3783402 3756206 3808243 3644698
3621698 3804670 3825317 3803264
3754290 3993193 3871526 3823789
3872112 3994379 3889865 3941578
3926990 4015995 3884874 3945073
4050871 4059275 4025318 4006504
3756176 3911325 3741964 3712870
3737245 3824669 3937229 3819944
3685520 3806288 3706192 3678575
3708658 3828249 3789065 3784492
3870466 3831730 3786635 3914361
3975991 3827282 4016135 3851769
3969220 3916874 4064793 4011224
4037504 3949446 4105079 3908164
3825564 3718505 3880319 3875685
3922958 3648237 4047044 3687094
3790249 3766257 3778791 3783875
3729693 3683180 3927965 3654916
3833633 3832598 3916304 3796544
3670106 3710175 3719614 3817431
3854723 3820441 4073128 3742260
3720827 3841722 3764211 3850975
3904178 4009921 4127126 3855066
3843206 3813489 3861879 4003246
3881701 3986163 4053405 3866962
3825450 3822680 3826628 3987871
3761745 3724664 3794960 3807111
3781626 3665518 3994455 3913892
3797905 3821699 3846891 3836892
3892164 3749393 3948943 3920403
3794873 3943617 3920770 3999805
3976739 3861857 4011109 4072548
3835585 3872567 3926644 3922439
3962921 3854895 4113632 4022401
3848821 3873088 3695359 3825506
3752894 3714854 3833095 3800007
3878288 3903679 3720848 3913523
3811192 3825316 3822061 3830111
3965524 3927888 3830481 3931601
3953226 3868158 3966000 3968565
3972095 3966004 3714457 3977913
3909361 4010607 4036809 4007914
3847917 3923753 3900788 3759884
3688338 3802874 3853521 3858159
3870751 4002194 3845012 3829962
3723486 3888286 3923513 3856204
3949031 3963950 4067201 3962735
3890684 3883701 3976554 3863054
3964119 4038124 3942000 3886604
3868838 3931351 3914207 4000802
3711074 3868616 3744098 3705867
3865889 3830018 3836762 3804219
3705693 3883846 3763238 3787511
3940233 3800209 3961936 3901769
3886323 3969497 3815453 3808163
4001724 3984279 4010386 4007868
3884134 4014509 3921044 3955964
3984331 4001759 3949298 3949938
3689447 3838530 3756343 3827484
3915566 3734503 4058322 3760085
3926167 3762869 3829357 3927084
3877870 3781737 4080302 3795049
3939950 3868692 4005865 3944711
4020511 3937878 4129415 3948770
3934989 3867979 3977275 3835013
4025219 3964539 4146762 3933331
3908919 3980200 4115696 3864601
3839406 3851450 3809190 4041552
3885094 3856538 4068593 3830400
3783163 3862448 3858658 3969809
3944520 3967126 4117875 3793284
3816256 3835970 3862000 3899454
3826426 3976115 4055089 3812177
3808903 3859279 3855637 3969463
3901849 3900609 3869364 3965261
3884315 3857570 4119728 4067600
3831454 3836051 3800280 3940120
3897590 3712171 4100959 4027306
3837223 3884309 3903343 3903992
3906833 3801025 4054296 4042456
3831326 3914662 3894233 3856660
3928085 3832019 4078280 3976621
3947424 3932018 3810720 4024058
3941424 3990641 3972814 4041911
3916071 3900022 3775188 3926398
3858006 3892412 3934936 3926435
3940955 3920105 3762081 4074829
3943556 4001355 3963571 3953760
3922432 3901351 3801034 4007192
3926145 3968929 4042087 3896373
3905661 3961454 4015994 3917923
3915474 3915113 4015534 4022067
3866625 4005652 3934439 3801450
3895311 3989841 3942679 3902129
3963951 4026577 4011809 3921550
3849653 3933757 3982415 3965705
3811683 3966881 3992107 3878709
3868621 3848835 3962219 3905801
3950705 4042228 3939775 3922429
3965514 3947678 3934236 4056243
3883363 3920515 3793713 3913100
3951797 3960279 3928539 4005297
3863497 4041919 3898434 3793404
3946320 3996145 3973686 4026361
3919668 3949195 3929344 3866023
3932748 4002931 3869767 3914404
3980051 3954160 3934933 3928139
3988186 3863752 4064983 3921905
3878584 3928197 3923321 3956152
3981195 3885474 4052162 3743402
3945532 3829374 3951883 3939524
3999392 3826289 4139620 3869667
3990278 3931220 3902835 3907843
3951901 3868308 4148319 3815217
3794725 3868567 3969302 3835218
3764339 3782823 3758560 3901810
3713922 3767968 3874623 3666553
3571347 3584011 3613180 3775352
3902888 3922346 4010090 3776256
3805271 3773361 3792054 3936387
4003393 3996476 4176149 3871256
3862709 3874212 3943658 4010518
3808731 3821504 3874802 3773218
3953537 3784065 4038356 4002123
3678956 3699638 3626569 3644219
3656301 3658853 3875727 3805468
3861886 3809795 3867462 3892437
3931220 3819209 4019338 4022904
3941158 3898093 4005229 3917960
4066161 3884421 4151427 4104174
3871226 3890187 3697155 3923087
3877283 3934769 4006233 3870541
3689559 3628609 3569216 3818887
3692840 3673169 3782824 3779694
3876726 3943066 3776599 3978324
4061732 3959562 3964045 3929262
3938255 4018045 3829031 4014368
3999861 3958402 4086759 4088704
3882153 4008581 4023441 3766253
3790955 3854399 3836187 3967913
3700888 3759793 3661616 3709261
3601394 3609849 3704659 3732953
3839913 4043777 3969133 3868485
3811549 3927211 3925476 3929898
4005540 4084186 4119786 3926158
3970584 4006846 4074875 4036498
3778157 3942293 3885152 3837143
3863039 3931073 3886893 3981560
3589656 3807067 3628623 3612506
3775509 3795966 3760983 3751236
3824174 3989970 3888643 3892537
3991068 3967310 3969927 4024679
3937315 4051535 4023026 3945852
4025163 4011577 4084211 4008972
3952884 3742799 3866318 3894336
3956077 3801025 3990410 3800634
3756710 3685098 3681296 3734695
3803797 3659404 3829798 3558257
3983021 3893435 3897802 3832670
3857862 3837585 4061588 3826740
3977334 3886472 3872630 4015831
4021222 3910487 4144802 3951736
3945986 4054520 4143046 3744115
3708736 3815679 3778840 3976702
3672150 3840933 3885456 3709701
3684016 3651384 3703320 3823434
3894243 3926951 4045269 3824460
3753685 3793270 3843381 3954234
3920735 4020611 3967849 3802295
3745670 3771849 3727229 3946862
3869302 3915141 3877985 3905415
3880514 3874174 4107840 4055722
3683507 3755041 3713618 3767597
3761845 3608319 3865786 3864188
3869797 3834602 3859439 3939146
3853432 3820416 4075815 4064428
3866794 3865434 3902062 3914934
3881496 3790978 4005096 4122605
3960542 4009274 3804994 3978176
3945582 4025198 3976024 4003571
3722815 3809088 3581158 3786745
3778753 3679729 3820092 3862463
3966604 3889747 3743457 3968701
3895697 3891583 3914217 3966435
3884238 3880964 3809757 3969573
3942831 3896181 3991007 3912099
3885077 3983616 4010401 3866407
3870608 3854474 3944895 3936794
3711265 3890750 3845832 3672523
3710279 3746628 3827968 3782496
3886807 4027303 3959081 3804644
3808096 3885200 3952025 3916356
3936221 3985181 4022749 3830068
3765660 3891986 3929750 3986618
3831873 3982577 3972329 3816218
3951793 3975269 4036060 4008012
3726739 3790134 3708702 3659399
3741624 3707066 3732409 3787042
3898497 3924428 3843043 3759867
3952911 3977868 3906308 3949197
3827222 4004879 3970663 3916147
3946821 3922937 3935915 3915313
3993909 3937604 3926104 3925440
3978731 3827228 4081236 3806637
3756281 3708908 3701057 3680359
3829321 3742849 4023429 3579346
3860745 3847848 3884382 3866428
3902180 3886081 4112161 3865648
3923679 3873524 4009809 3895779
3926507 3831680 4080506 3870566
4029564 4058802 4171473 3917737
3884625 3952044 3948466 4092210
3915124 4027902 4075589 3860010
3801081 3852608 3818623 4022003
3775035 3869024 4042892 3714049
3730570 3717079 3740189 3925274
3784934 3858559 3994672 3801137
3617294 3679444 3804065 3952027
3915268 3988321 3919655 3962608
4003081 3914333 4111757 4186985
3891225 3878118 3919306 3937209
4037385 3851662 4063734 4095396
3730308 3764554 3761557 3803225
3870285 3778668 3965538 4042307
3834781 3791471 3826119 3821889
3854063 3694619 3996395 3938609
4019612 4035186 3940057 4028688
3942474 4032716 4066165 4114094
3966397 3985381 3809389 3988036
3964228 4047345 4019648 3993595
3811365 3837332 3673940 3907621
3808101 3847256 3953666 3865460
3886960 3837267 3707136 3802626
3822979 3830128 3848863 3884347
4047803 4064050 4073343 3968311
3919212 3982104 4032129 3997264
3950737 3981561 4051986 3862152
3807847 3923932 3994345 3993070
3812181 3871416 3912335 3769545
3779138 3888197 3899538 3864704
3822766 3836301 3875546 3729020
3736673 3815249 3930688 3797791
3997636 4065600 3983200 3938667
4009317 4111731 4015847 4043822
3913909 3984502 3865979 3852194
3943558 4012779 3952056 3965160
3756506 3876151 3752089 3742644
3794965 3815264 3813133 3792314
3750055 3852289 3737771 3706346
3792652 3867523 3813873 3872459
4109931 4018505 3993840 4052671
4092236 3910763 4203665 3930697
3973628 3932473 3970976 3962854
4075966 3943037 4137970 3884413
3854255 3778400 3738089 3761652
3863846 3795755 4004881 3735549
3814933 3724502 3815617 3840572
3890208 3777019 4020764 3718230
3907731 3989203 4117797 3841756
3726352 3778204 3835456 3899305
4070364 4019883 4137824 3754959
3832874 3822176 3836891 3968154
4010917 4051209 4158413 3919998
3864683 3994522 3888549 4040025
3960265 4004854 4055651 3766105
3826521 3894362 3915285 4033778
3895732 3827895 3867010 3830770
3930008 3790714 4040662 3931438
3930640 3866037 3957474 3840184
3980693 3790185 4034136 4025575
3974513 3956091 3993606 4006604
4037632 3909522 4098237 4110155
3860982 3935666 3878955 3975761
3913005 3886041 4166543 4198983
3948571 3959791 3800077 3903987
3929720 3902099 3954575 3954752
3939067 3921960 3782164 3989261
3917129 4030856 4003548 3968679
4030261 4022536 3919703 4057236
3963378 4069792 4025499 4001089
3993955 3995217 3801214 4045501
3962037 4027461 4059476 3984899
3911027 3971497 3992788 3853605
3809600 3979807 3958388 3977719
3854863 4015631 4001413 3836963
3747147 3883451 3934129 3916695
4062565 4049472 4015515 3938610
3959650 3974184 4057889 4041216
3988284 4054505 4034551 3902362
3853832 4033614 4047036 4043955
3779210 3947235 3915019 3823182
3944671 3958243 3925705 3956778
3855752 3933731 3920417 3900522
3930550 3949637 3959479 3937897
3938006 4042420 4012856 3934814
4005069 4073856 3973121 4003436
3887792 4084332 3911929 3955128
3947976 3948075 4037670 4024296
3927909 3777427 3864029 3871642
3907730 3892095 4039267 3827790
3878600 3905692 3976788 3955169
3960277 3897161 4121271 3829952
4078214 3987835 4065614 3986136
4014582 4005726 4207412 3951376
3975890 3920163 4008911 3966712
4002435 3903345 4164638 3970076
3672315 3775967 3921045 3642507
3667758 3644615 3678496 3786366
3811709 4017496 4087687 3767965
3750954 3769230 3884019 3896849
3898900 4013561 4089065 3810496
3786124 3848384 3954447 3956162
3795947 3859168 3910419 3678966
3593484 3683682 3686403 3864098
3753906 3782938 3635204 3691871
3746280 3741859 3899679 3880273
3960532 3831264 3870643 3928456
3902160 3825614 4118620 4085161
3890427 3858032 3939115 3870600
3929480 3871594 4058045 4048222
3718777 3717243 3733869 3783517
3785540 3695350 3941485 3908888
3716809 3715568 3585078 3815290
3806080 3776870 3809856 3845211
3922318 3933397 3773901 3986622
3949392 3936159 4042279 3996665
3961617 3936429 3802603 4032733
3916205 3899634 4015490 3947869
3719550 3848161 3701201 3867331
3763424 3869444 3805774 3946586
3729506 3844097 3947115 3731634
3740773 3815538 3804458 3882440
3908707 4006056 3968637 3818726
3801573 3922127 3944065 3950967
3888475 4012710 4057289 3885666
3739055 3999691 4031584 4040224
3849703 3811559 3915305 3730951
3817588 3772604 3821794 3810766
3712649 3800064 3767059 3684220
3816159 3790718 3777315 3788961
3828013 3998846 3896354 3871939
3931281 3990506 3905251 4004011
3883299 3984271 3918999 3847143
3948946 3915680 4016232 4033740
3575230 3826599 3763454 3725744
3761728 3848390 3805961 3847478
3800834 3731170 3765463 3703783
3773610 3767979 3888245 3696759
3922200 3847501 3911397 3892824
3945981 3841098 4108026 3842651
3949721 3846777 3941366 3936946
4096784 3845864 4181080 3888883
3812319 3772928 3786689 3743394
3831543 3785794 3977817 3691205
3830774 3904604 3844670 3822494
3967430 3997441 4004422 3913470
3833100 3837329 3866814 3675964
3947768 4006033 3952355 3923792
3683560 3803653 3817158 3598664
3764486 3841506 3779426 3777331
3732840 3751968 3817639 3601753
3735772 3923781 3822974 3806498
3827708 3822882 4022742 4042355
3824860 3961236 3913322 3779260
3864352 3781496 3985703 4030265
3892061 3888079 3908081 3741320
3743017 3713428 3853829 3885270
3752675 3931759 3782883 3749680
3765512 3671235 3921724 4022305
3776898 3765951 3764358 3653136
3937088 3826921 4002992 3828339
3802267 3958091 3878941 3930338
3912946 3929859 4036263 3804207
3823556 3885632 3877479 3922412
3765994 3701207 3849416 3765495
3752214 3822172 3788296 3790370
3836057 3829925 3867512 3798518
3686517 3797129 3830795 3825931
3813518 3944461 3936815 3726912
4009880 3988830 3932454 3840775
3875193 3911587 4067672 3701578
4031223 3899711 3916267 3752507
3793263 3819957 3867695 3583820
3879215 3832544 3911212 3746429
3698987 3792012 3966132 3624789
3850518 3787102 3823343 3799756
3953429 3904887 3892613 3744783
3914887 3957647 3906409 3921032
3971531 3947539 3854363 3763440
3911621 3937997 3867279 3891099
3914734 3764580 3711915 3707284
3843565 3903160 3701138 3714035
3858166 3838065 3707052 3687199
3859099 3870289 3772838 3872534
4008342 3832748 3874831 3943258
3858056 3815802 3850557 3889501
4061559 3807389 3983140 3977840
3846699 3890883 3829741 3846085
3921761 3776473 3807474 3869000
3699928 3739049 3718266 3798696
3906524 3763033 3874849 3804530
3761642 3797986 3762485 3822787
3862619 3972306 3852726 3684302
3835762 4017619 4016966 3919068
3577840 3723452 3728548 3586245
3727652 3869406 3859750 3665653
3710839 3802222 3694340 3646351
3777280 3975201 3922704 3790819
3766933 3923515 3796632 3684809
3837416 3973760 3843589 3850910
3916324 3804232 4132867 4109706
3869472 3932771 3911651 3781146
3745132 3624929 3752806 3799760
3743077 3718216 3779974 3642415
3832640 3740542 4020262 3998820
3785457 3857981 3926619 3728428
3861662 3713605 3912473 3919163
3873270 3888993 3765012 3741030
3947399 3873311 3984397 3894216
3835344 3966117 3955642 3996860
3716577 3661838 3797305 3698290
3616469 3693654 3747588 3733337
3833002 3686626 3864408 3767207
3777917 3855468 3826467 3787844
3822023 3845255 3811365 3795037
3703930 3890209 3773088 3909494
3836627 3887683 3996914 3743924
4005775 3898088 3923546 3867717
3635813 3716372 3836595 3477013
3888169 3757386 3784148 3673283
3855023 3885585 3866597 3716369
3921091 3823848 3931139 3725071
3799388 3839293 3982254 3670466
3903072 3817994 3901379 3727578
3923923 3892779 3909650 3777947
3978815 3943516 3828999 3881391
3738102 3741420 3623111 3577139
3710252 3842013 3726972 3692420
3895612 3911662 3720636 3737163
3916156 3898593 3781356 3771487
3896726 3871933 3823167 3727179
3892048 3887850 3837332 3908691
4053691 3921157 3942007 4004141
3910092 3876213 3924562 3924040
3901039 3647313 3839390 3709478
3614712 3741671 3717419 3704319
3914816 3834016 3821647 3930826
3738531 3821666 3825232 3799488
4006551 3837657 3924487 3871667
3802731 3783678 3803164 3787586
3758389 3913902 3809365 3697952
3820443 3976097 3864089 3820244
4036449 4098536 4072519 3859233
4102144 4187291 4139126 4093247
3762636 3869171 3856979 3759733
3807640 3920697 3866632 3811725
3902740 4010937 3950768 3764431
3827807 4080632 4007860 3983441
3771598 3669440 3927377 4039409
3872641 3948017 3845977 3733572
3955590 3931605 4165894 4228984
4039315 4130625 4069218 3930396
3878740 3728656 3987652 3951941
3806438 3804789 3846704 3794969
3908171 3892665 4052599 4157986
3996297 3997949 4080537 3871541
3865214 3879679 3911586 3755148
3764925 3940227 3925282 3919893
4081591 4002855 4151308 4006538
3904173 4039414 4068338 4148842
3861283 3776270 3991152 3790281
3843743 3851225 3846990 3866028
3982304 3980055 4040608 3903673
3857187 4085256 3922122 4019294
3868923 3825704 3997135 3629534
3975576 3843649 3968400 3841106
4052775 4105088 4145039 4009594
4106849 4146072 4179547 4099222
3866894 3922785 3912097 3730310
3974638 3880542 3918783 3803325
3927069 3965231 4120360 3779716
4103537 4009665 4023948 3919619
3919935 3761625 3728305 3713422
3924242 3958465 3904376 3885195
4128064 4122010 4011773 4006668
4060179 4155015 4042376 4139103
3935260 3875615 3791560 3724179
3957685 4000708 3893051 3811315
3933621 3964469 3884043 3828672
4033036 4048585 3930470 3967086
3978957 3888469 3948284 3879202
3783923 3819280 3849813 3850341
4194270 4021722 4166368 4042444
4010029 4044681 3992890 4112662
4038841 3762875 3844891 3939226
3833394 3806226 3749533 3859139
4157526 3989854 4009600 4019960
3927809 4010928 3915860 3969909
3791384 3922251 3934227 3745905
3861570 4103914 3931449 3905858
3706495 3900822 3808405 3691476
3816026 3972055 3982849 3842150
3851358 3860599 3859145 3795132
3802317 3909752 3994127 3917404
3913039 3929394 3909187 3718567
3824566 4021820 3962749 3951576
3866521 3902728 4081475 4061569
3863172 3942774 3899692 3778177
3831642 3742988 3947879 3982495
3812556 3850858 3867576 3826013
3853214 3781924 3984406 3996833
3874925 3944897 3882030 3765307
3876564 3863180 4026300 4033794
3978347 4036045 3936348 3787720
3890486 3924248 3940326 3884349
3847954 3940937 3908009 3936832
3950957 3815299 3910103 3757587
3687890 3896795 3877353 3849065
3921438 3916275 4032276 3807840
3785738 3877227 3815167 3863829
4015952 3872578 4041981 3913653
3834507 3966165 4007291 4028027
3968858 3949710 3996465 3775701
4005896 3934461 3922139 3856184
3844136 3966440 3970773 3678704
3924836 3827641 3943428 3764255
3901248 3944686 3976114 3748239
4028157 3946318 3950545 3901138
3850167 3945946 4034372 3671085
4079508 3982285 4054041 3886757
3970398 3996084 3847396 3754817
3879012 3973648 3908745 3863369
3906661 3963459 3794963 3735536
3890013 3944131 3802857 3915098
3893858 3873768 3861365 3763579
3984055 3924851 3861723 3912208
4009957 3975805 3826212 3815005
4073308 4075788 3939810 3887422
4121890 3901004 4102034 3972217
3853111 3960577 3871144 3907221
3936859 3766315 3894394 3858399
3803731 3888234 3844194 3752472
4048585 3941385 4048015 4014805
3853712 3847682 3840136 3792359
4086408 3921537 4004947 3966725
3865667 3956621 3933440 3915725
3913688 4087279 4029794 3872693
3978596 4136549 4129092 4049337
3627921 3687423 3710444 3487488
3638062 3791451 3695168 3673180
3959650 4015743 4006315 3901767
4031236 4131330 4053558 4022562
3749277 3895070 3904118 3658568
3842070 4012613 3955577 3868261
4036262 3940530 4166367 4055034
4017848 4038977 4093900 3932547
3649195 3564368 3757124 3855170
3694078 3709471 3682962 3503262
4048608 3893000 4133612 4188550
4002849 3988791 4093476 3973522
3892730 3790750 3997484 4004569
3802092 3922738 3904535 3774602
4120779 4017515 4198045 3962955
3939127 4051875 4018912 3983519
3663900 3665439 3745287 3527523
3576752 3713379 3645256 3686092
4058310 3895204 4072322 4036474
3897244 3988372 4094134 4091759
3977732 3879699 3906504 3917343
3804101 3867614 3884480 3891660
3893139 3996634 4150962 3863273
4118586 4058281 4131425 3986793
3618604 3688289 3762414 3532522
3755788 3662432 3638807 3608520
4007550 4179977 4125755 3852883
4125157 4069435 4055059 4005136
3834940 3936318 4002090 3696809
3916433 3934557 3916027 3925568
4090673 3961985 3936937 3860317
4078998 4145870 4042241 4004412
3677961 3700674 3640708 3527428
3620342 3791634 3700218 3701494
4103322 4081491 3907277 3914019
4094059 4078403 4073657 4104045
3867377 3976501 3865124 3817296
3942400 3998515 3866202 3900832
4207807 4019148 4154042 4032971
3896826 3971248 4069571 3983485
3786378 3598217 3685038 3696794
3564960 3646932 3593243 3630385
4185933 3968044 4048236 4010759
4080788 4003323 3995940 4013726
3999287 3858648 4011603 3921180
3852692 3902091 3876796 3846128
3848127 3999315 3891723 3803224
3891498 4099124 3968311 3953918
3815030 3812322 3872480 3736484
3833959 4016363 3962902 3934442
3907183 3899970 3904233 3742519
3838875 4115768 3978495 3970644
3826046 3807210 3832001 3642133
3811126 3922761 3906723 3845996
3962995 3825460 4048525 4143644
4015036 3927695 4004899 3816032
3915327 3841659 4037249 4078235
3896991 3890705 3979230 3867666
3887683 3843142 4095620 4144755
3819647 3962254 3978962 3828496
3760170 3753643 4064292 4000296
3769465 3946428 3843826 3834995
3995101 3999017 4046202 3975985
3914249 4000922 3833329 3913987
3962067 3961390 3941471 3871786
3793732 3955486 3931210 3954836
3966847 3926608 4020856 3832393
3850003 3900564 3951732 4015839
3855110 3802116 3939418 3859920
3798103 3852341 3807103 3919820
3949415 3991173 4025860 3771624
4116236 3946442 4067281 3851202
3940678 3948989 4023840 3761907
4023279 3922588 3984506 3941783
3878453 3973678 3957245 3745708
3999813 3954665 3970079 3874457
3807510 3924011 3946715 3715833
3969871 3856940 3956607 3827050
3991927 3912096 3934247 3815270
3960100 4082749 3928670 4058366
3913816 3970122 3837533 3772301
3972041 4003671 3942835 3935762
4054841 3970830 3835107 3788673
3935534 4023780 3909880 3900713
3889735 3885736 3833666 3748938
3850774 3931838 3923744 3896936
4098738 3932121 3992673 4010306
3996058 3931052 3934727 4012200
4019318 3885976 3934231 3920006
3860533 3861048 3896449 3959695
4107332 3772657 3981975 3916961
3887121 3898980 3812273 3982671
4018239 3773118 3970765 3885575
3845416 3779999 3835515 3913342
3854729 3819276 3798257 3664450
3816953 3949307 3924137 3829615
3855568 3980152 3886713 3785099
3962216 4144908 4015379 4008349
3817694 3827556 3833204 3673940
3822755 4067499 3859901 3920398
3836282 3813571 3759873 3564656
3800263 3958567 3928534 3873954
3878575 3770095 3971705 4046948
3854486 3848681 3854476 3703175
3993373 3859460 4017883 4088842
3933546 4042936 3917754 3849664
3812436 3768294 4023348 4034530
3842234 3899550 3895962 3710457
3786492 3753430 3926925 4079459
3800771 3821214 3837866 3661633
3849774 3917102 4000967 3801025
3804655 3983003 3820161 3911393
3981017 3957621 4097800 3864743
3794871 4089435 3967956 4026551
3861724 3757488 3987687 3925158
3734541 3871046 3815981 3873194
3928901 3833490 3881698 3868156
3817829 3871943 3816754 3793319
3889060 3832995 3960913 3714327
3953123 3884668 3917365 3787850
3884854 3923842 3987851 3786330
4075777 3900478 3898188 3862529
3802136 3880852 3882296 3617357
3876352 3900352 3863209 3831768
3791944 3864712 3965137 3718090
3919534 3895414 3919004 3783776
3887181 3794970 3866271 3783726
3998651 3890944 3822345 3914815
3930820 3963258 3970715 3779623
4038020 4049021 3965953 4002841
3917344 3826702 3846175 3745864
3881213 3909055 3858539 3886481
3854201 3812930 3747700 3725837
3899483 3888509 3868462 3844683
4019621 3787169 3984083 3921082
3846840 3905840 3902618 3882646
4095106 3956431 3987477 4014067
3917957 3853442 3944192 3949389
3968024 3843463 3867196 3866646
3827316 3832927 3790751 3868139
3974943 3824178 3785016 3855527
3856138 3789333 3771300 3811978
3758662 3774880 3861133 3607964
3835022 3943682 3812447 3760294
3690148 3700051 3795527 3607766
3712323 3874408 3842861 3778354
3818659 3868980 3788183 3591544
3856607 4013590 3893720 3870309
3823914 3866841 3926244 3704973
3833506 3972404 3959110 3906695
3766009 3678837 3906708 3891184
3752020 3856073 3855275 3713717
3813026 3644959 3911036 3916063
3761044 3798086 3750248 3648647
3814599 3714076 3995462 3997076
3738296 3786318 3857620 3697461
3939963 3869702 4029025 4070909
3931804 3902261 3890068 3832765
3821163 3792693 3858081 3862787
3719245 3755309 3927418 3799962
3804298 3769037 3846906 3756055
3773943 3719198 3763553 3840885
3866029 3821996 3950934 3753717
3742946 3845359 3811791 3885580
3943293 3929707 4060998 3792815
3848795 3997213 3917806 3971972
3803770 3793672 3840046 3619893
3966684 3871318 3907499 3785424
3739047 3841041 3852692 3624304
3801145 3868609 3858090 3647851
3851344 3840990 3939715 3729850
3917997 3794118 3920314 3707686
3822448 3900069 4091327 3750018
4039244 3899175 3990293 3839035
3852999 3882357 3676528 3736767
3793735 3810299 3847943 3814652
3877073 3847893 3707535 3671722
3813538 3847671 3726866 3764216
3824888 3919214 3747075 3665118
3835892 3944803 3808814 3798098
4000826 3953070 3871532 3760237
3941942 4055451 3955394 3989451
3954253 3799993 3835024 3770279
3784616 3822364 3816064 3865238
3938445 3742163 3886344 3879177
3708162 3799596 3725503 3725744
4039387 3775403 3921120 3794362
3738297 3742998 3865271 3796052
4044745 3924638 3983432 3991490
3856248 3931756 3908588 3934101
3659584 3814630 3777382 3650751
3685056 3931453 3843863 3798641
3802624 3930307 3852597 3688972
3876502 3965061 3971106 3843076
3742907 3871602 3773021 3742565
3840409 3940686 3985714 3867311
3834872 3958172 3874507 3733007
3861036 4047913 3946658 3926772
3814247 3772343 3866791 3955085
3769253 3790268 3860331 3635877
3945780 3729978 4026916 4012829
3888559 4063317 3923865 3798008
3880361 3787050 3905057 3972992
3852187 3792032 3846784 3739907
3837414 3864093 4008797 3992283
3888931 3832222 3955465 3793605
3774175 3729210 3888419 3752417
3653756 3820978 3727646 3830736
3963328 3879039 3947922 3876877
3876507 3945617 3893674 3948183
3877813 3889771 3914550 3823438
3811516 3875936 3760130 3912972
3929327 3854706 3983709 3750275
3810080 3911718 3797888 3882405
3714294 3831520 3942847 3608771
3860493 3770601 3843142 3714901
3844413 3938611 4035458 3756556
4060086 3896863 4006042 3907303
3880424 3886855 3987150 3689827
3988751 3940717 3917069 3754935
3871374 3877615 3992445 3746732
3958937 3890326 3952935 3845037
3801038 3823251 3671233 3658147
3805404 3877877 3713153 3899117
3886794 3909548 3842719 3814830
4039541 3952209 3927851 3953785
3925609 3931460 3835313 3678177
3901363 3971058 3813567 3863927
3900134 3815291 3826684 3738202
3967691 3975711 3892282 3858270
3934405 3776571 3852355 3742852
3771408 3771007 3648280 3759777
4030742 3885005 3975525 3941024
3787662 3903821 3840803 3929290
3944775 3941856 3894006 3849092
3776235 3919889 3753643 3840024
3998401 3765171 3998755 3908109
3821806 3870899 3864476 3873114
3827008 3859080 3805217 3635739
3776322 3972475 3871587 3915953
3793348 3986958 3805931 3757705
3894527 4042369 3959424 3855191
3859126 3905949 3881197 3775491
3807733 3960813 3946929 3924312
3858845 3924573 3952363 3755635
4002077 4093946 3984943 3986869
3766608 3665219 3931373 3873618
3855424 3871104 3776373 3713063
3820649 3815699 4058174 4112350
3946282 3979288 3951219 3872605
3901644 3801477 4031235 4099200
3885040 3881246 3877930 3785112
3958383 3867946 4103871 4136399
3929180 3994974 3940812 3871489
3768659 3815923 3891101 3814058
3734651 3790337 3733890 3802030
3932180 3919897 4048543 3907660
3822689 3872396 4045897 3978980
3980893 3918553 3989817 3752666
3856434 3967787 3930317 3953952
4028063 4004199 4082352 3930008
3870529 3984793 3962248 4032482
3746427 3816074 3923497 3625752
3974892 3864105 3967524 3758928
3833355 3929102 4026990 3766787
4054577 3870773 3947637 3884722
3870601 3938627 4026201 3765702
4064130 3879275 4000016 3789536
3939391 3993657 4059699 3841014
3994686 3884850 4027079 3973000
3811723 3857875 3764750 3678664
3865404 3850710 3789978 3903773
3981603 3974339 3855127 3757095
3925310 3998998 4000259 3884846
3918267 3941501 3891494 3706528
3886408 3935448 3902738 3878412
3986367 4011503 3926944 3858571
3937076 4048643 3989633 3954921
3962233 3833883 3942170 3846359
3813557 3772021 3785489 3752324
4029769 3824824 3904548 3997814
3848939 3942228 3904853 3875906
4039788 3932835 3941104 3974662
3813706 3839105 3866989 3916108
4118619 3890456 4064671 3975160
3875209 3983084 3883240 3982806
3790425 3886443 3890181 3748307
3931729 3970233 4005525 3880726
3835442 3887678 3859232 3775855
3833657 3994046 3952620 3776469
3862573 3958126 3883655 3840900
3896423 4093934 3971601 3908398
3701766 3789490 3825712 3629985
3741934 3942409 3876830 3833864
3838301 3772569 4091240 4095138
3916405 3923025 3913379 3697152
3824149 3806459 4008403 4065498
3895303 3837263 3867454 3814801
3882917 3822120 3910299 4080205
3905691 4007209 3912962 3827048
3750018 3720387 4008678 3969701
3795580 3835366 3864760 3689201
3994544 3938091 3952229 3827318
3803054 3943990 3911972 3851752
3807348 3889124 3958251 3855471
3778518 3863385 3819192 3846522
3926418 3898870 3948795 3946720
3817397 3927306 3959594 3946846
3914907 3771795 3931881 3793302
3715682 3804691 3785573 3828440
3826502 3852185 3940649 3687810
3945945 3936353 3882426 3820883
3796491 3854732 3992853 3708251
4009989 3856067 3934983 3832518
3931634 4016733 4001614 3748533
4001674 3948325 3925914 3871112
3785644 3859512 3894246 3626894
3913233 3884184 3896180 3805064
3893612 3871910 3855174 3750760
3968637 3930883 3875246 3919615
3880824 3866623 3812406 3746085
3977468 3922527 3832842 3883866
3954425 3968200 3844358 3904305
3939364 3957492 3910808 3898005
3860937 3783116 3708296 3642601
3877991 3925653 3758715 3801945
4083331 3946383 4033717 4016134
3822361 3869338 3821292 3872664
4060885 3782093 3904982 3950877
3812264 3937777 3820734 3895743
4007903 3906060 3972361 4002957
3854253 3901523 3832381 3889376
4002394 3733237 3850770 3876358
3736371 3766725 3816140 3757463
3812646 3892632 3850645 3738170
3981775 4086488 3934821 3879426
3779922 3857877 3852565 3717591
3768410 3891547 3905443 3790819
3753171 3909425 3884099 3680062
3823143 3978538 3943287 3981104
3815679 3962925 3907234 3757388
3842576 3980674 4006397 3944936
3872469 3791146 4071373 4050966
3896603 3887857 3941773 3821423
3818128 3792670 3927602 4022650
3779489 3812129 3903903 3689763
3845498 3768239 4058057 4104710
3849710 3943022 3908334 3761670
3843299 3764036 4025471 4091639
3958348 3877311 3920596 3778739
3932100 3880666 3954955 3843504
3825353 3886504 3904187 3932618
3769664 3771662 3958901 3810059
3846967 3829468 3765524 3916166
3835397 3987279 3940951 3871668
3758358 3916434 3888982 3963247
3912354 3958954 4019890 3852120
3848935 3975710 3943721 3977009
3827997 3986738 4026577 3731861
4021050 3948911 3953405 3824805
3829036 3877651 3971361 3670997
3935306 3805254 3816429 3783362
3878884 3948538 4004693 3670224
3994897 3967538 3967742 3839472
3864506 3952733 4044236 3775375
3954146 4008815 3980827 3888533
3874969 3938485 3835818 3701734
3875633 3943758 3926198 3957976
3929946 3849223 3725475 3725894
3810585 3929257 3755113 3859735
4015330 3909204 3858918 3760714
3915827 3998901 3879323 3928884
3935364 3968569 3882310 3719193
3957920 4023821 3858305 3927144
4140299 3851030 3900037 3893726
3941918 3878304 3872605 3970542
3964071 3815246 3885963 3851236
3819184 3797811 3740268 3899242
4034227 3770719 3957711 3884198
3813678 3816160 3841599 3817696
4034320 3877131 3952537 3970497
3844994 3876345 3876320 3926306
3826524 3917101 3697138 3682823
3896677 3899111 3578360 3695413
3949703 4083581 3903990 3820308
4016763 3939864 3850220 3773081
3900199 3909575 3772676 3811918
3988094 3835728 3791555 3704577
4051153 4153110 3931993 3971255
4099512 4074882 3866425 3854156
3751775 3982274 3753531 3693467
3758425 3553371 3615802 3747106
3898337 4092585 4004779 3805952
3899449 3773031 3734832 3899488
3816239 3959489 3756814 3742776
3795858 3724715 3631894 3841244
3955553 4151776 3961086 3910099
3937026 3831543 3787710 3950185
3659612 3619145 3830427 3832146
3900483 3824086 3673701 3716547
3776791 3801248 4048013 3876354
3970161 3956834 3858119 3862187
3658649 3667904 3982331 3908763
3895884 3929493 3732625 3774072
3861668 3837205 4159909 3982933
4090115 4071561 3890277 3913291
3795337 3810594 3737171 3676750
3790229 3871890 3712496 3736379
3801040 3871530 3883129 3873221
3957214 3967858 3739551 3807804
3766014 3793182 3753815 3694659
3790225 3854294 3730397 3798187
3932057 3973108 3920526 3890669
4075117 3972185 3883172 3936354
3770571 3913706 3735693 3749722
3645812 3847018 3795113 3744063
3821872 3912202 3797388 3778917
3771242 3887841 3941390 3826599
3811024 4004296 3760098 3796735
3733213 3820550 3842118 3780591
3948309 4103808 3873438 3882366
3817892 4013536 3956842 3886759
3727461 3803621 3874840 3768419
3802575 3677681 3821329 3751011
3727813 3922132 3960817 3897681
3918391 3871068 3881207 3871366
3694415 3812820 3849921 3809220
3804811 3816655 3735623 3769032
3792395 4003098 4036458 3936289
3996149 3984034 3961078 3965987
3940549 4033864 3835957 3882981
3992044 3978691 3894985 3780298
3920804 3973949 3771848 3878719
4022269 3916548 3748658 3680368
4029086 4112852 3835118 3913425
3969981 3954916 3792811 3846433
4026195 4069600 3852137 3945173
4020658 3967926 3823400 3677513
3937802 4036167 3932478 3772899
3842257 3708861 3812420 3899209
3861863 3943802 3893652 3846746
3854041 3712839 3723028 3829950
3936278 4027619 3993042 3831770
3893160 3823746 3719566 3911809
3928064 4007984 3911347 3894698
3845585 3759864 3718728 3896924
3788874 3793227 4100071 3989244
4100404 3929263 3801655 3877205
3734646 3634591 4058676 3884920
3932703 3935991 3771159 3839286
3834154 3743024 4125138 3856475
4088670 3996173 3815352 3870290
3750658 3814162 4079462 3933910
4098510 3867527 3791716 3929008
3859915 3886170 3922255 3874961
3901574 3999785 3696168 3793477
3768904 3773293 3833881 3849404
3964093 3912278 3778143 3797002
3805470 3907129 3909949 3845268
3959077 3925432 3811867 3950915
3853041 3817916 3902292 3873385
3927106 3978255 3783689 3770057
3931590 3957603 3817501 3886537
3763002 3899969 3841079 3815340
3905722 3959400 3741918 3838561
3756735 3886419 3833993 3744108
3900241 4020512 3862508 3844839
3828425 3862582 3921332 3929491
3883970 4056131 3767278 3878907
3784817 3915006 3895985 3800603
3748992 4037583 3855789 3867553
3946626 3906038 3906997 3864076
3696660 3866861 3948233 3819967
3905533 3912196 3906718 3823351
3789655 3914444 3903626 3908679
3951295 3922132 3948532 3917916
3800937 3958714 4043377 3907720
3989199 3850735 3866242 3821028
3943989 3992086 3848202 3919181
3955525 3970113 3971546 3851829
4017530 4140537 3921707 3989259
4139923 4130982 4036918 3866788
3930568 3997850 3760539 3803250
4059808 3925738 3803033 3620903
4052016 4151893 3942097 3969733
4137134 4092919 4015525 3988142
3888887 3990451 3916808 3805767
3856458 3761792 3718776 3831001
4015843 4170766 4009899 3944901
3978760 3886008 3863440 3998098
3853366 3947320 3883391 3705657
3856345 3645718 3545815 3848274
3989272 4173706 4061072 3941032
3937792 3894623 3853887 3997878
3816283 3806089 4068048 3979014
4031041 3973245 3795888 3849932
3874126 3841916 4075196 4070469
4208395 4040658 3969386 3963901
3747495 3681061 3929495 3883956
3965287 3908266 3795968 3848724
3848505 3831140 4118511 3972184
4122190 4047809 3864569 3978363
3878336 3827307 3901011 3799070
4063228 3940734 3837642 3819356
3981198 3946776 3985339 4037797
4115631 4106812 3921234 3939698
3750122 3896889 3647065 3790994
3929099 3898368 3757218 3756667
3956878 4007887 3994320 3906032
4039908 4077471 3873306 3910336
3891227 3985628 3863297 3860863
3744222 3860822 3878505 3777352
4030145 4067242 3944469 4019486
3845501 4038403 4022314 3913569
3853844 3927822 3773606 3836456
3720730 3815134 3824953 3690456
4008515 4118665 3888984 4052465
3856275 3973423 4062485 3923593
3670659 3976569 3907984 3842563
3883943 3871834 3916388 3896634
3873302 4119051 4124943 3988545
4072242 4020318 4026162 3994476
3674448 3833393 3869306 3811617
3923081 3900188 3871801 3781128
3865057 4023640 4067351 4011936
4130422 3969050 4000722 3980064
3887698 4029094 3762770 3858482
4030430 3973352 3886542 3697183
3914591 3971935 3770845 3877329
3999652 3895920 3811996 3672622
4065736 4149710 3985692 3970991
4060141 4109201 3936296 3829507
4030339 4123347 3845019 3851719
4112072 3989559 3861777 3798154
3895114 4020866 3900981 3897902
3830277 3714534 3798045 3877725
3799565 3940279 3913584 3725183
3728906 3693493 3691264 3846537
3964538 4040804 4013290 3866892
3968853 3852651 3792680 3885844
3985591 4080764 3980387 3849730
3860422 3739335 3740533 3981375
3763806 3751112 4103538 3824068
4071556 3892164 3822715 3918003
3677082 3672624 4081103 3830885
3971970 3999385 3778785 3819548
3822585 3854566 4176337 3954444
4052521 4015910 3796831 3985630
3798597 3828939 4147155 3861873
3933163 3947172 3861836 3916214
3850327 3874303 3839953 3849690
3884540 3983717 3831019 3787238
3855927 3793677 3848890 3806821
3903947 3925209 3755604 3734409
3992660 3851610 3946678 3924098
4077947 4035953 3888207 3931562
3892198 3870908 3929065 3773273
4081488 3998770 3884162 3913158
3906724 4040301 3803864 3848421
3700555 3858967 3925007 3822611
3788214 3843956 3842676 3862481
3754053 3872891 3860533 3772468
3969011 4068707 3871256 3944483
3812892 3970498 3962311 3915261
3958649 4083935 3832643 3897876
3875653 3991266 3947447 3841637
3830096 4055295 3951474 3904716
4023090 3903269 3909535 3887331
3660570 3884695 3938058 3821193
3859124 3866466 3901767 3872014
3874989 4017446 4046689 3941343
3966380 3872622 3903135 3949159
3860393 3972713 3962350 3940421
3941811 3888261 3956635 3895650
3952271 4009448 3869493 3869391
4026001 3962138 3836532 3650618
4027700 4125095 3814290 3862163
4027138 4004930 3887810 3732252
3905967 3949208 3730503 3767274
4022790 3907837 3749906 3684451
3862243 3978893 3747537 3758378
4025935 3881697 3841084 3650445
3864405 4045579 3928699 3837990
3822342 3756572 3768037 3842944
3919519 4077964 3928017 3788742
3830538 3711241 3698664 3839423
3822522 3939849 3832520 3725527
3758868 3620273 3646133 3759727
3686143 3892289 3811555 3763944
3796381 3673216 3655850 3821661
3767467 3728713 4091680 3984951
3998520 3886754 3792130 3872485
3769786 3829469 4073041 3945969
4079905 3977466 3872508 3839752
3681712 3648753 3961650 3798002
3932898 3835291 3743684 3759778
3692918 3705052 3936198 3749323
3944043 3857903 3735695 3813273
3779542 3826591 3826195 3806769
3884255 3908640 3787030 3901926
3795988 3826628 3905540 3806867
4021185 3940872 3760595 3831628
3803001 3756841 3763103 3722578
3896906 3861704 3677271 3740940
3735569 3860216 3742149 3746872
3885618 3848716 3715982 3780571
3884197 3994374 3845231 3994365
3784465 3772557 3902246 3751096
3840793 3933558 3810566 3897868
3755916 3865994 4023530 3736477
3768222 3858991 3741031 3714153
3701014 3744317 3926034 3711271
3837918 3913588 3740489 3788611
3726955 3812749 3845796 3749775
3731479 3941542 3972816 3938292
3948657 3850963 3847111 3812160
3771860 3967711 3977562 3960716
3966110 3916905 3883008 3893907
3697558 3884968 3846930 3789301
3763719 3798155 3864280 3838138
3676872 3837231 3882214 3829323
3879185 3896783 3829519 3681727
4060301 4103907 3861780 3876641
4056228 3994661 3908806 3797419
3996313 4027529 3816632 3916626
3981609 3900041 3827169 3662701
4076896 4133975 3832741 3897019
4064039 4044606 3904559 3857466
3967224 4073512 3904051 3860188
3934066 3906509 3747080 3719579
3886095 4033106 3962012 3831806
3886236 3821362 3760249 3895022
3920914 4027012 3901256 3791302
3832615 3752903 3668133 3875091
3945784 4099001 3990885 3894677
3975242 3797518 3767598 3954215
3881146 3939147 3869713 3859072
3957730 3735401 3835657 3896055
3724983 3748434 4084660 3984835
4006371 4052543 3762534 3940506
3769054 3753712 3992830 3841175
3986817 3934919 3779620 3824159
3884056 3795810 4154728 3988890
4091285 4080899 3909352 4005201
3836743 3735083 4045240 3920754
3996720 3886264 3755782 3876336
3861270 3825265 3844795 3846905
4005090 4024108 3790998 3832713
3764918 3890808 3815378 3733534
3992336 3921181 3717170 3875663
3982536 3986724 3852209 3938565
4061637 3978366 3893413 3974899
3821259 3872801 3897211 3838800
3955753 3958716 3737784 3894131
3907567 4027935 3755007 3914999
3739928 3985273 3929877 3833649
3926493 3969025 3794540 3824810
3770846 3792636 3888108 3759983
3968849 4003547 3826810 3924827
3746729 4070617 4013528 3856782
3817298 3956545 3933021 3916708
3811939 3888361 3901388 3822617
3750130 4013561 3940075 3949033
3936840 3830089 3946637 3828474
3712596 3885272 4005965 3852905
3895802 3860772 3839743 3853795
3777730 4016764 4057297 4022549
4046582 3962857 3920907 3925038
3687222 3900668 3988622 3910443
3996801 3863337 3854345 3858144
3895119 3878101 3803953 3789861
4107359 3921704 3742711 3711391
3893844 3988556 3808936 3813125
4032777 3891856 3825720 3742430
4017608 4079066 3985995 3914258
4082033 4032333 3882427 3795557
4040555 4151442 3869485 3941684
4074788 4008853 3855110 3742880
3803440 3940219 3893368 3767273
3768079 3626312 3667252 3831695
3858345 4018212 3876071 3829813
3805163 3704432 3640780 3846452
3914050 4032373 3937598 3889913
3939821 3818621 3631775 3937304
3945362 4110303 3972425 3796442
3866350 3878368 3791868 4000661
3681572 3790240 4016814 3761871
3947017 3925269 3837555 3798789
3746222 3770252 4079912 3926911
3969899 3939672 3821262 3809293
3757574 3782128 4141736 4017378
4094190 4005179 3857654 3886222
3817063 3858363 4137706 4005659
3999099 3931451 3921011 3947321
3865384 3814853 3848693 3789662
3973705 3888872 3729492 3808612
3880202 3822036 3830326 3828222
3827845 3919703 3813522 3794372
3952304 3921718 3790659 3885135
3941996 3889452 3831626 3887897
3945939 3977084 3901966 3900951
4028001 4082590 3812729 3905412
3795436 3955139 3729443 3829527
3757124 3868377 3832258 3732888
3855091 3912067 3797003 3797157
3709898 3923942 3953956 3775115
3955860 4044102 3815728 3828255
3823789 3852639 3816817 3857334
3943703 4098045 3855609 3918654
3818863 3995053 3936798 3867805
3766503 3892079 3869843 3859364
3888715 3892357 3780757 3824186
3731039 3897282 3994661 3810079
3970021 3845216 3863530 3851612
3798213 4030208 3947982 3900195
3949591 3979335 3956618 3890699
3833855 4065209 3983121 3999429
4008847 3969852 3982698 3891408
3924646 4111746 3875543 3827795
3985664 3983164 3854537 3781090
3916142 3924836 3779937 3804432
3938468 3923047 3706277 3594030
4010867 4088200 3874170 3919442
4067605 4004522 3827652 3762350
3934070 4180770 3842638 3893519
4077215 4020955 3869051 3756840
3902287 3981956 3913717 3818188
3941900 3793094 3708891 3897333
3843157 3916437 3878258 3701088
3743412 3645030 3655124 3784142
3940471 4100916 3889674 3786819
3851094 3802743 3749806 3965563
3940996 4039732 4057693 3826122
3901849 3779060 3789907 3930221
3776623 3745819 4091969 3935990
4052708 3932641 3765023 3878152
3622590 3612648 3975536 3789849
3866313 3852926 3815543 3795615
3793761 3837559 4171079 3919433
4034884 3925466 3848607 3928723
3787489 3809644 4038087 3936921
3997649 3932979 3817165 3892470
3908519 3820545 3908850 3846666
3904813 3967312 3805040 3842105
3822422 3715956 3755470 3758157
3884075 3844094 3727478 3762608
3847387 3820485 3868067 3864376
3968445 3995271 3803143 3907545
3817316 3899400 3829158 3837366
4051090 3912863 3885908 3872328
3898757 3963484 3846690 3858411
3744062 3960565 3927447 3855204
3694344 3878613 3714450 3795314
3726477 3849730 3770392 3722819
3864077 4033560 3804076 3855864
3765934 3919195 3899536 3796803
3986117 4011154 3980566 3893609
3889348 3943096 4001678 3840896
3810760 3840021 3969538 3903690
3901696 3857371 3871373 3894156
3653768 3884245 3845532 3808319
3853952 3894488 3780920 3714666
3779901 3972050 4000245 3969439
3921635 3835242 3974167 3926158
3797684 3968782 3982333 3904963
3960047 3976003 3875161 3951528
4157497 4253282 3999111 4047423
4181987 4150070 3949240 3953100
3936080 3963161 3735022 3814614
3944420 3853512 3748949 3655624
4053714 4105728 3922739 3901513
4067120 4013179 3844459 3755793
3849711 3955451 3696088 3752702
3909168 3858362 3742617 3680032
4014203 4216071 4144085 3995244
4041101 3838838 3827106 3999927
3800366 3881242 3858127 3748553
3709850 3669257 3656637 3798690
3922121 4084702 3933031 3793006
3806602 3829611 3731819 3880232
3806168 3997836 3892954 3687234
3707181 3650416 3592475 3717071
3909859 3835768 4161051 4120855
4168091 4071032 3905900 4038249
3668626 3706003 3933504 3746395
3901239 3845517 3743103 3770562
3728858 3847197 4090059 3987360
4074783 3931314 3860699 3890863
3596640 3538246 4001592 3873214
3925977 3778142 3757590 3772817
4022180 4010241 3949567 3933025
4066204 4090615 3945449 3911465
3773578 3778019 3759715 3739126
3910186 3882280 3649782 3801954
3907165 3886214 3844908 3866285
4033705 4031670 3844118 3857025
3750880 3752114 3677717 3724488
3823989 3814781 3660797 3728742
4105979 4114227 4003717 4004907
3969969 4081235 4076208 3964716
3794185 3917788 3715418 3806401
3721550 3824047 3710022 3692392
3942427 3987742 3845817 3911574
3822958 3889137 3956394 3863402
3800428 3888435 3722939 3785404
3718410 3820777 3819874 3764698
3899093 4110109 4069888 4122538
4080199 4102194 3983303 4004984
3619961 3818178 3825870 3777197
3860084 3830192 3824429 3737949
3830116 3926118 3969715 3949816
3953024 3967208 3884523 3948742
3659492 3811813 3896947 3730251
3918671 3717642 3720209 3786343
3979809 4029111 3872935 3821098
4078968 3998911 3812656 3705233
3912254 3982884 3806228 3869382
4048035 3915972 3760449 3672852
4069521 4143377 3996863 3869352
4058592 4058517 3952442 3732572
4002620 4083532 3855648 3945786
4066894 3946724 3888175 3799249
3842764 3992129 3922312 3807678
3865611 3746611 3698700 3879024
3884709 3921017 3831813 3772916
3858892 3721342 3758382 3850820
3930121 4079392 4046067 3872908
3863554 3783522 3805105 3923009
3899854 4067448 3937017 3761385
3895200 3671455 3727205 3904636
3725431 3745569 4025205 3931447
3930750 3921311 3819102 3887072
3768427 3767752 4011095 3868415
4109364 3935381 3758316 3818894
3885157 3950619 4047461 4002445
4041812 3993080 3888727 3959363
3813675 3787985 4104624 4014426
3981540 4003041 3840182 3927671
3803802 3872706 3849378 3847317
3936865 3865248 3782037 3872384
3808210 3819234 3867043 3765835
3864100 3946004 3763237 3748649
3873252 3924209 3900667 3925803
4012977 4003617 3854774 3892787
3899636 3917338 3873703 3874869
4014515 4042154 3827815 3883526
3864481 3953357 3811519 3837739
3817003 3992196 3946933 3839109
3858458 3934072 3802336 3775293
3769879 3867598 3888529 3824792
3862944 4063830 3802170 3956048
3850100 4025617 4033670 3888822
3916051 4115583 3866603 3926237
3846023 3940973 3977178 3824995
3768579 3982878 4004139 3832846
3903997 3919242 3806613 3837616
3704256 3943176 3896145 3813412
3807671 3864615 3948015 3861634
3809899 4066261 4016402 4021966
3987325 3940215 3884244 3951109
3799569 3964646 3948135 3937525
3940136 3892675 4025861 3863825
3858243 4004391 3804876 3832052
3950909 3887174 3748650 3775778
4021394 4156120 3811136 3925300
4162741 4032069 3922846 3736794
3996544 4153937 3886890 3954856
4101526 4022651 3914772 3763056
3815930 3949599 3794625 3694667
3900694 3834333 3699663 3704083
3933232 3933625 3877031 3725884
3884042 3716627 3794998 3759227
3910542 4095355 3985690 3777857
3996746 3783674 3777320 3885829
3859406 4064599 3991367 3860995
3991171 3777965 3789571 3845616
3781873 3908318 3789961 3699835
3829453 3604043 3616144 3689288
3714672 3689902 4050166 3828354
3954900 3910643 3790835 3837250
3809540 3730256 4044351 3955833
4119618 4005252 3881264 3885458
3802861 3758842 4112951 3956869
4066739 3904493 3881062 3845369
3663158 3584326 3916553 3769308
3876407 3772073 3729072 3665514
3848246 3839853 3808036 3843864
3909530 3895663 3710485 3843111
3957776 3901651 3810723 3920131
4048522 3963878 3870037 3928356
3918584 3887296 3861019 3851028
4044568 4023366 3834652 3833043
3746217 3734016 3725778 3645977
3814771 3848880 3719436 3803926
3883813 3950737 3767744 3785339
3644832 3808269 3815996 3804480
3959984 4018265 3865379 3862319
3889860 3952880 3932654 3830153
3885257 4001927 3924860 3898302
3802539 3990999 3950792 3903986
3771247 3875339 3754574 3733657
3587813 3796202 3760715 3696661
3684549 3852377 3880632 3869184
3858074 3904573 3856060 3846149
3778157 4020587 3932028 3994990
4011882 3909987 3981609 3958870
3825545 3979679 4029709 3951639
4022641 3980290 3855912 3982435
3627637 3813874 3911478 3774677
3787827 3799102 3789084 3807973
4101093 4032843 3912005 3999355
4152888 4001437 3889937 3843258
3921472 3994813 3796399 3844681
3913585 3976932 3890452 3658719
3965411 4090851 3867644 3798882
4028669 3983663 3790336 3766372
4037857 4120945 3843984 3875776
4080275 3950505 3814018 3800876
3936188 4043287 3986634 3865893
3933600 3783222 3825630 3938491
3748421 3896274 3867399 3848929
3830240 3663976 3635999 3843667
3826251 4042229 3930433 3814262
3962587 3723906 3692991 3824217
3926839 4026822 4007170 3838532
3900177 3756263 3836292 3869683
3937963 3871520 4140339 3990985
4078441 4008066 3863854 3930306
3719745 3638253 4119308 3887499
3944494 3834613 3746430 3809443
3713974 3729082 4117231 3901526
3971971 3900292 3781831 3868605
3841300 3792320 4124471 3968937
3978536 4018054 3948809 3855057
3900862 3916649 3908811 3889655
3997651 4071654 3881497 3853340
3818840 3844033 3739597 3774435
3884981 3921405 3709075 3689944
3831416 3871230 3821603 3819651
3995751 3899737 3757860 3920295
3949678 3882729 3903735 3902324
3928369 3964834 3790612 3902294
3984027 3983278 3950524 4014265
3844646 3973693 4002155 3901943
3795569 3880816 3665095 3854235
3722350 3820893 3787000 3773171
3927826 3950802 3839020 3808935
3771459 3918522 3901965 3816581
3942101 4052944 3855835 3841594
3738639 3878959 3890802 3931894
3842388 3978297 4024329 3959296
3987201 4010388 4090950 3899380
3686283 3939684 3994828 3812809
3926749 3835400 3841628 3769445
3754304 3964010 3952324 3959520
3832366 3895697 3894423 3841201
3795054 4047265 3949731 3934142
3984133 3958816 3971707 3866285
3872596 4064076 3859648 3978988
4049314 3974816 3962583 3927195
3760648 3994639 3843128 3890281
3998183 3913540 3893360 3844768
3873681 4050660 3939080 3989094
4085863 3982332 4012309 3963227
3734320 3926954 3839550 3882392
3967191 3915466 3861784 3980730
3931225 3796208 3849213 3971134
4098811 4008640 3827648 3867572
3893221 3814491 3830315 3957809
3927244 3862953 3867130 3866018
3966756 3889419 3879825 3968326
3986276 4021508 4002679 3951020
3885778 3789406 3858089 3896766
3894726 3869353 3900455 3951100
3874246 4024946 4052813 3982475
3921254 3813887 3892310 3819652
3837310 3852045 3929255 3826508
3834436 3744940 3862948 3806899
3906705 4045225 3976870 3924809
3921205 3741809 3876521 3822596
3793841 3882156 3936473 3902649
3891094 3638844 3855657 3787550
3971374 4035196 3818059 3983881
3954262 3805657 3880592 3984966
3881204 3884739 3837818 3932955
3993179 3851028 3767691 3902293
3962267 3898427 3823939 4023925
4026873 3859496 3859602 3976592
3861936 3849834 3749731 3881779
3982885 3745831 3761880 3831282
3899210 3998623 3947352 4017861
4022293 3920025 3952342 3981349
3904008 3912542 3916497 3998016
3880237 3862576 3871253 3860705
4023059 3978808 3945136 4038172
4036611 3975511 3934650 3987661
3798163 3926676 3898687 4126272
3940527 3914181 3792981 3947092
4008071 3981049 4022460 3874470
3929417 4007676 3958654 3886267
3876347 3963489 3917258 3818117
3862589 3947993 3929813 3793700
3971229 4075502 3992467 3873985
3882141 4058615 4054768 3949984
3869338 3962326 3858313 3901447
3888889 3947886 3947765 3812663
3799472 3919221 3808114 3819271
3972477 3941330 3831058 3927356
3709720 3736033 3721301 3781239
3840524 3765866 3784052 3814280
3746894 3826422 3783392 3751771
3926058 3830120 3828211 3803454
3837350 3997111 3822583 3866425
3971112 3889295 3923601 3977865
3880066 3748428 3826753 3906114
3859714 3983829 3870721 3845528
3822171 3702591 3739353 3786880
3795240 3801980 3814848 3808818
3823610 3663593 3836803 3921479
3867918 3911119 3848599 3739249
3901381 3748970 3822309 4003581
3951508 3965148 3817230 3735865
3794571 3908600 3969458 3901207
3887320 3661927 3925712 3719061
3700394 3741200 3858380 3801220
3767372 3558405 3769569 3621522
3810697 3828413 3936439 3829090
3832023 3651072 3758785 3793792
3796437 3856611 3958071 3895706
3789337 3719707 3875093 3756974
3893843 3830496 3810539 3893585
3920906 3725020 3782923 3829248
3811210 3684682 3728874 3780796
3844044 3749707 3594956 3695153
3886024 3797883 3773102 3903167
3914363 3706403 3723989 3808717
3934019 3946763 3741807 3948510
3908902 3738662 3783460 3900777
3886660 3882235 3891223 3880682
4013367 3910180 3822173 3894783
3759887 3793160 3811279 3913906
3870514 3745356 3756642 3787041
3803866 3846443 3944430 3865004
3917368 3796975 3895098 3791659
3885703 3920018 3863218 3990420
3936061 3901570 3879481 3905510
3884114 3950767 3857093 3859310
3834019 3938216 3880669 3858946
3783191 3770268 3756498 3678738
3736283 3776361 3817102 3803030
3815205 3822433 3753500 3749514
3803863 3878096 3876842 3803714
3899512 3963028 3918322 3751915
3899414 3990136 3859406 3778751
3809696 3917135 3832835 3857496
3912242 3874367 3831354 3823120
3835005 4015824 3800889 3922097
4087628 3932825 3936268 3920621
3650333 3797728 3725770 3702767
3882882 3760789 3859659 3820096
3911256 4044033 3970640 3958558
4158826 3993733 4018696 4041910
3855159 3708812 3743563 3863949
3840413 3889614 3898279 3816787
3950946 3847368 3810054 3966011
3965129 3958391 3919976 3906527
3759571 3676276 3658848 3779283
3789328 3818681 3773478 3725784
4056673 3888954 3937304 3974449
4047684 4049515 4016745 3936387
3834233 3849513 3912626 3826026
3779029 3569600 3914927 3780047
3867548 3885016 3983510 3903187
3820866 3778723 3958378 3795115
3683033 3654096 3781639 3700374
3648860 3650398 3779173 3662444
3945274 4000379 4079830 4048677
3900856 3836432 4052065 3831970
3849953 3801943 3870692 3941057
3916825 3740845 3750291 3831972
3972768 3902403 3816289 3929773
4033906 3759768 3812262 3937217
3746917 3757259 3719332 3820105
3810167 3588827 3642892 3767661
3960879 3996953 3887011 4054646
3986018 3854803 3856095 4025454
3867468 3851467 3869028 3967598
3968751 3777616 3795474 3905056
3955923 3959373 4050286 4085898
4047742 3978543 3884569 3984488
3809689 3751801 3874345 3904906
3804285 3857668 3716693 3762834
4028701 4085307 4011424 4113788
4008582 3978911 3983663 4069884
3916920 3865512 3795175 3768400
3905979 3947396 3870036 3811742
3927592 3966819 4000177 3907457
3913923 3952722 3987534 3909015
3821583 3763211 3778320 3746552
3733699 3803279 3842568 3703105
4008642 4009212 4038399 3919885
4063106 4058310 4065167 3997371
3718931 3846832 3713552 3701458
3818291 3798939 3775209 3736421
3848288 4039578 3843567 3910970
4016678 3933421 3861918 3911895
3775867 3813713 3693080 3765890
3841453 3862523 3843989 3784416
3820418 4006447 3800598 3924792
4019789 3969882 3915628 3908238
3826292 3647471 3664424 3886812
3842987 3822637 3747595 3725152
3867051 3858006 3853309 3936517
4032824 3928222 3905265 3838460
3851667 3673253 3773530 3887884
3805208 3878115 3798054 3751470
3900395 3798853 3837827 4018222
3967395 3956705 3889100 3838879
3681334 3768632 3878398 3812578
3726192 3639294 3841495 3664067
3852481 3857929 4010904 3836777
3781924 3739252 3939210 3844282
3711365 3824899 3839914 3753473
3794186 3581241 3820615 3733001
3838554 3913918 4068159 3873561
3863423 3713872 3995258 3766887
3796163 3697183 3741073 3901089
3865103 3542993 3670727 3760158
3922512 3870434 3833964 3988583
3983762 3790640 3667006 3893563
3870419 3780449 3703875 3875905
3847300 3612062 3656484 3779918
3895673 3887263 3831921 3905006
4022303 3839530 3878520 3917940
3823816 3777031 3763824 3940660
3885220 3757933 3735957 3854450
3916454 3891457 3881888 4014334
3922400 3952673 3855412 3990372
3712055 3824559 3849454 3891914
3887244 3748632 3770014 3849676
3930031 3908826 3966667 4021494
3970811 3911634 3803270 3946021
3767896 3846064 3759089 3642320
3826647 3849683 3782739 3740980
3931534 3978543 3930430 3802303
3882437 3891315 3907224 3779310
3820954 3864536 3879839 3740962
3733952 3866369 3827344 3673976
3877955 3980281 3905494 3866380
3912618 3907010 3976855 3916362
3877393 3964768 3898331 3893537
4039691 4002965 3953541 3908310
3830440 3969783 3836294 3931613
4035453 3940014 3927256 3949924
3744418 3841062 3751936 3850515
3973938 3852612 3830784 3807140
3653714 3819327 3690678 3748366
3803994 3742145 3814431 3749644
3924168 3817192 3776883 4022220
3906784 3883750 3871960 3892657
3930769 3827031 3961909 3954421
3786030 4072303 3862664 3908283
3813116 3759549 3781949 3923051
3862551 3860798 3793354 3799981
3771747 3637739 3665472 3843818
3788168 3839130 3755299 3630664
3823778 3878006 4008335 3971614
3905020 3709770 3935643 3825991
3926007 3920731 3963073 3930783
3917705 3738605 3977409 3826692
3809174 3850029 3949940 3825483
3773385 3743337 3877100 3739396
3657886 3761358 3771979 3716626
3676864 3648360 3758626 3672134
3948664 3885395 3792166 3940882
4057078 3825045 3784727 3926548
3910985 3892218 3767632 3964236
4012253 3853072 3786465 3883067
3838921 3812547 3725458 3815694
3972029 3712675 3721809 3798013
3724588 3783555 3711878 3728387
3878852 3623910 3575472 3722960
3939889 3915458 3889743 4041901
4005136 3929317 3843055 3979565
3979687 3932535 3931523 4043418
4046897 3979611 3880924 3989614
3838512 3833060 3850429 3943550
3904900 3852671 3790736 3913552
3679046 3776154 3747799 3854841
3792928 3711076 3665922 3778399
3878349 3916964 3953109 3804455
3834212 4068733 3915652 3851937
3976199 4072043 3927220 3860893
3917494 4006072 3958423 3927496
3880496 3892809 3887953 3715963
3837166 3887370 3942184 3833598
3739125 3779404 3731117 3640422
3727135 3762959 3693027 3691877
3563902 3801692 3661836 3699139
3756784 3723627 3777094 3698361
3764754 3878372 3769062 3831595
3864635 3828261 3869124 3751091
3844063 3971058 3785615 3866637
3915449 3897454 3927903 3907184
3797722 3984461 3851613 3875499
4030987 3967512 3998100 3915642
3738735 3657229 3663308 3745910
3643747 3725903 3713095 3685212
3840837 3666147 3742587 3933737
3793398 3852444 3817999 3800282
3860768 3823036 3731459 3925221
3938555 3936971 3862259 3732720
3935626 3863824 3860841 3927499
3932304 3960719 3935352 3956709
3629964 3736233 3782015 3712529
3711806 3479121 3742237 3623180
3720099 3818155 3903636 3771585
3771810 3688007 3871216 3678363
3715970 3886374 3968458 3889668
3782969 3734221 3880259 3702481
3883303 3936932 4046265 3884454
3863372 3727149 3932847 3760685
3761608 3714194 3654097 3698322
3782528 3600968 3644623 3693426
3717041 3746156 3734609 3758698
3915717 3650436 3754845 3740658
3866701 3886281 3822039 3988546
3855839 3686965 3749764 3868309
3977307 3931559 3869921 4036193
3981391 3809606 3824449 3862740
3743124 3718008 3811129 3837187
3800895 3653708 3709530 3743512
3744599 3863579 3774649 3925904
3869621 3844696 3749175 3813212
3871965 3864675 3821015 3973413
3920529 3957496 3815338 3954499
3926993 3948080 3945504 4047116
3997833 3873474 3878738 4008354
3717572 3820722 3746029 3604676
3647393 3700116 3721020 3602496
3844744 3845234 3885723 3772090
3771216 3871224 3798132 3710766
3859758 3895335 3861441 3838545
3868572 3924033 3953068 3859597
3929460 3981421 3925607 3880863
3841862 3989691 3938467 3829137
3864759 4040086 3787269 3955960
3900534 3864787 3917697 3915713
3734749 3958785 3776858 3872399
3897949 3922447 3905109 3888204
3857407 4039131 3836520 3915765
4024984 3951781 3896177 3928359
3693539 3859963 3743986 3826768
3865106 3764316 3921048 3803079
3922912 3756348 3873142 4020486
3988079 4076337 3843438 3846438
3794016 3731017 3767420 3955414
3811138 3886633 3759390 3799070
3850184 3746618 3842544 3913542
3934937 3939341 3881665 3901015
3851743 3722187 3757785 3865091
3796227 3920962 3835171 3743286
3853539 3882171 3957965 3904181
3851641 3773718 3946033 3812614
3758592 3854913 3951105 3780644
3740202 3743568 3887630 3692646
3790144 3850058 3966463 3826750
3936749 3674287 3880398 3861600
3709391 3881754 3916451 3747651
3830851 3688751 3849395 3764353
3957655 3920054 3820882 3950935
3966273 3771943 3668358 3828423
3923827 3866020 3774053 3819422
3849146 3692386 3738384 3798187
3946277 3946279 3733303 3947912
3922335 3722184 3765142 3822767
3797842 3786748 3802736 3849712
3831772 3727797 3723432 3802192
3850117 3913429 3912791 4125369
4027380 3891684 3875954 3971862
3781293 3823998 3824923 3932196
3985350 3904085 3773653 3886717
3918432 3870499 3875150 3974766
3986723 3872126 3856866 3889555
3793593 3838169 3925531 3900622
3828519 3802861 3785265 3887437
3901486 3980235 3870668 3849904
3914998 3959869 3998403 3852519
3880025 3873069 3870230 3748482
3864372 3966025 3923344 3804832
3955074 3885787 3983495 3870252
3820116 3883912 3873067 3907261
3800930 3952300 3844351 3715977
3775199 3893909 3846185 3767159
3788831 3854391 3668631 3822530
3911017 3861732 3863973 3821930
3849512 3997500 3906325 3901797
4022601 3916272 3876578 3838007
3855065 3964408 3883116 3958237
3977764 3976195 4006638 3989583
3837276 4001349 3904723 3989091
4060367 3914412 3950616 3893144
3899294 3684972 3794637 3904495
3905758 3830724 3742289 3809556
3919039 3814053 3823047 3961711
4051516 4049554 3934892 3847949
4002782 3837701 3862383 4050560
3989857 3981878 3908590 3963221
3891055 3772653 3868947 4025729
4025139 4095934 3922538 3988828
3777392 3836602 3834212 3741611
3760479 3738949 3875614 3718542
3808773 3902353 3966671 3886376
3805163 3782631 3919834 3831580
3932616 3946481 3953684 3946934
3847133 3704316 3909059 3848955
3906123 3898729 4038743 3968492
3903222 3798058 4004267 3914606
3758579 3822719 3686653 3863571
3855635 3734189 3698993 3841407
3988300 3897046 3846296 4052788
3975260 3806323 3848715 3870351
3903626 3927321 3835416 3975018
4020554 3775049 3867358 3827809
3905572 3883062 3856307 3946122
3954601 3866586 3797791 3900956
3767729 3962244 3932637 4024101
3865252 3760083 3788356 3915789
3957463 3963273 3916747 4027245
3978427 3883039 3957521 3987887
3900132 3916003 3995798 4075901
4038688 3943122 3896309 3945001
3985563 3980130 3986669 3981355
4060008 4004340 3861578 4036634
3854954 3879090 3854899 3752414
3801612 3845502 3883195 3769813
3873352 3988778 3917644 3938215
3948265 3947592 4007267 3855770
3951594 3970143 3985817 3754537
3891350 4012417 3942719 3856992
4031192 3973350 3984253 3918226
3964107 3996697 3919103 3990542
3771478 3973446 3866403 3917750
3989401 3852397 3921695 3820924
3721932 3858955 3720365 3814861
3894452 3793895 3804219 3797484
3765084 3939806 3795328 3839218
3902715 3858829 3870256 3844849
3741672 3888905 3733492 3828250
3861901 3818650 3866396 3780226
3934000 3746929 3843048 3926770
3953556 3895333 3929021 3927628
3815985 3638570 3720471 3809259
3889872 3904156 3894796 3752991
3924209 3749956 3718005 3859789
3921218 3926365 3885642 3852155
3910325 3626430 3734451 3882206
3835595 3881018 3800257 3793689
3766216 3893333 4001133 3842418
3907059 3744404 3970424 3941336
3718886 3783034 3815225 3747660
3684276 3669348 3785991 3689461
3773222 3892744 3935625 3783439
3836700 3647280 3810148 3765754
3676743 3806217 3889250 3767802
3777145 3767731 3848658 3734548
3929360 3841281 3818512 3969578
3926899 3749345 3758230 3883362
3797140 3882782 3682565 3814257
3888466 3653636 3651187 3737779
3793784 3797576 3750577 3937139
3969225 3763023 3681488 3745496
3837706 3778719 3709787 3858825
3900146 3650064 3711453 3765814
3857750 3948089 3830917 4064019
3975069 3774193 3872818 3971377
3798618 3802519 3823006 3931316
3815377 3820806 3649861 3810423
3873632 3847006 3814881 3943084
3921312 3809338 3810555 3872051
3762977 3842104 3857528 3957631
3888404 3797570 3678181 3881801
3951895 3963946 3951590 3864989
3893526 3958154 3925927 3866663
3833648 3816135 3880654 3687464
3794573 3865980 3729319 3715551
3858951 3931803 3885331 3732477
3843719 3952550 3921799 3838078
3963963 3888289 3830147 3719987
3747101 3898788 3779349 3833793
3737292 3942455 3781491 3851151
3916655 3849666 3808267 3853855
3734267 3841280 3715448 3822408
3895307 3841474 3813128 3814435
3839595 3944080 3878974 3941613
3926612 3979697 3860798 3897366
3858686 4034970 3830911 3959535
4031333 4026385 3981265 3950634
3884540 3724561 3724034 3892825
3860321 3875450 3736982 3822324
3847949 3666705 3706306 3901129
3817987 3895447 3790404 3743783
3910950 3707796 3787669 3863202
3936374 3953965 3813797 3853952
3978459 3747646 3887670 4034722
3985176 3985034 3922396 3851504
3822254 3848534 3929701 3817181
3766291 3784227 3826322 3762613
3773250 3734292 3863846 3803675
3785329 3582820 3823407 3725353
3830681 3837748 3927841 3745441
3797595 3799515 3879541 3800625
3836831 3873013 3964986 3906036
3922583 3832708 3984769 3893081
3946897 3835518 3713766 3835707
3902021 3737079 3729281 3822547
3819703 3756729 3664648 3837671
3897277 3575012 3651902 3660121
3938455 3826076 3720588 3986300
3877593 3788841 3776094 3842670
3989468 3866186 3793988 3941116
4033200 3802998 3775905 3911130
3846394 3880424 3805988 3911362
3905759 3880418 3812137 3932125
3774691 3875682 3762989 3874940
3796074 3774813 3758979 3814775
3914605 3826082 3850880 3986329
3925181 3901762 3792599 3952302
4039209 3934786 3907845 4054464
4010826 3925741 3900404 3940339
3835991 3896546 3798407 3747770
3867427 3868896 3827838 3852645
3794237 3775902 3751629 3759765
3843115 3843167 3787904 3771995
3821870 3944510 3982611 3744467
3905917 3981952 3908315 3794373
4041890 4000058 3996361 3830839
3926820 3926644 3980690 3929521
3902976 4124613 3871392 4056231
3933734 4037344 4027054 3907327
3867238 4057125 3892292 3993325
4062828 3988231 3986307 4093911
3660208 3888398 3829898 3860289
3854854 3869479 3882712 3793687
3842446 3969720 3834316 3866642
3916192 3925285 3892521 3925350
3946874 3854584 3913405 4000851
3920654 3988849 3917201 3947297
3933186 3886983 3827492 4031146
3947375 4005891 3956138 3924788
3791110 3685375 3722206 3853271
3913870 3830108 3825207 3847707
3888502 3817595 3818688 4008423
3956211 4034484 3916393 3893397
3919546 3940335 3984875 3900752
3870172 3836178 3947989 3842355
3978554 4014779 4120172 3958605
3929382 3775338 3976047 3873732
3729878 3739841 3874128 3824589
3740362 3628381 3804869 3751590
3847585 3936440 3986344 3955022
3842873 3731393 4013179 3809318
3984616 3894813 3828766 4001925
4023782 3790865 3831089 3915406
3997672 3913771 3914797 3963770
4027470 3818126 3814787 3853123
3881079 3760411 3795797 3866211
3903744 3676444 3698271 3767166
3908406 3875741 3818240 4004423
3977652 3758078 3725781 3833154
3911042 3990398 3963139 4044677
4048374 3958853 3862788 3961381
4051119 4071075 3986070 4057082
4064833 3971130 3822760 4008297
3831040 3829271 3802706 3868278
3968718 3885311 3859140 3831474
3796380 3888747 3924360 3986259
4024209 3958708 3849856 3898086
3963874 3999849 3918444 3880262
3897068 3985685 3925335 3882603
4060650 4020508 3917331 3903644
3976925 4031759 3960630 3892747
3928460 3879409 3750800 3776453
3852012 3811518 3872917 3719540
3930774 3976296 3944462 3850996
3929289 3954643 3859950 3847771
3956167 4087211 4019573 4065651
4114334 4072405 3993622 4014481
3782849 3957493 3870646 3837185
3976966 3888519 3906381 3880142
3752476 3868083 3739313 3827509
3851867 3814849 3757085 3831190
3663355 3832598 3700537 3754835
3821800 3810629 3803741 3746840
4038875 3988371 4001096 4125060
4140397 4146574 4044953 4045544
3976787 3777977 3767652 3953481
3892799 3958891 3876375 3819095
3872280 3703350 3766883 3867567
3823934 3918493 3876160 3810488
3742052 3637784 3631531 3778426
3840668 3828398 3792298 3651420
3964972 4022650 4130609 3992861
3989258 3895595 4117170 4023012
3878748 3863511 4007734 3929450
3834381 3718015 3887404 3769693
3801531 3806513 3856447 3791645
3795319 3630296 3900868 3713865
3665950 3714608 3830127 3690501
3766366 3519692 3791754 3699736
4032655 4045491 4005660 4116669
4081151 3947535 3926158 4038198
3873250 3820381 3853047 3917964
3949019 3817241 3793450 3854549
3917088 3790248 3687091 3816475
3939683 3629051 3734287 3733808
3820508 3700801 3698513 3730531
3882241 3664562 3616285 3729947
4027023 4099901 4064929 4071123
4211095 4098052 3979458 4082215
3846538 3915879 3914639 4067192
4013662 3864844 3825631 3835323
3743629 3839201 3773182 3908166
3850540 3775902 3712732 3843919
3745174 3783899 3803079 3884558
3701845 3777865 3697225 3815198
4002265 4014297 4090115 3937637
4014766 4118264 4099232 4040257
3961435 3882071 3976408 3768762
3835799 3966225 3892622 3832640
3836103 3887608 3827152 3698687
3738031 3860950 3814903 3733202
3747427 3924342 3771278 3645471
3796257 3800868 3719342 3681861
