3672427 3748271 3909519 3617792
3618222 3667141 3666513 3796798
3896530 3924896 4063698 3824132
3731771 3838198 3769913 3919500
3923745 4031373 4076068 3854292
3640176 3846980 3875226 3895439
3687234 3828866 3889507 3643429
3587368 3622024 3745152 3898249
3696325 3672945 3740453 3670137
3747206 3665397 3862302 3812766
3962774 3863371 3876466 3870536
3914638 3836706 3969976 4058258
3941143 3882020 3959160 3952328
3871508 3825046 4080746 4061404
3709156 3695672 3808651 3787971
3762655 3625343 3917634 3841612
3760340 3720557 3630179 3773750
3780977 3787032 3804179 3819391
3890214 3949143 3769502 3920709
3908718 3921392 4030191 3959617
3910801 3991252 3766818 3943249
3939388 3930064 4027282 3950392
3748851 3772448 3646981 3762245
3751831 3816914 3860277 3778236
3707789 3839808 3838909 3686604
3733189 3728758 3800731 3858099
3823721 4037387 3981895 3878083
3781075 3942818 3987801 3936654
3903201 4004790 3944575 3855555
3857335 3885225 3988930 3983416
3754369 3844708 3797880 3735058
3740627 3820990 3868740 3751676
3609218 3809566 3781144 3751269
3760515 3787269 3716723 3755554
3842643 4025213 3848090 3783436
3920159 3921843 3931197 3988707
3827927 3981409 3983017 3896624
4031097 4017553 4023963 3987984
3658138 3786193 3769050 3745030
3884814 3817350 3754632 3869835
3781625 3639298 3771900 3734146
3758157 3740837 3925459 3652187
3944311 3853338 3873162 3836216
4000971 3850435 4110156 3793081
3959902 3892833 3884377 4004234
3945733 3886377 4035640 3870961
3780836 3761794 3781833 3759370
3760367 3743552 3944284 3631262
3814938 3938164 4041657 3864883
3701798 3813059 3838962 3920216
3728953 3804104 3931258 3573178
3509440 3589281 3683787 3811480
3935566 4105228 4144890 3838443
3853551 3876493 3870013 3948960
3703553 3858955 4013757 3696757
3675397 3698518 3683773 3884298
3852528 3985677 3908667 3899431
3846693 3774309 4016221 4043738
3665592 3643226 3718264 3607310
3642636 3652237 3879793 3848065
3907375 3932835 3920168 3943712
3944202 3850648 4069704 4067119
3726053 3720545 3808232 3769469
3840997 3683776 3915647 3938904
3874611 3986568 3792669 3971055
3883384 3912008 3916401 3959482
3756966 3766892 3549967 3773471
3673174 3723438 3761085 3721053
3968406 3920221 3783069 3950492
3994265 4062586 4056509 4010958
3824840 3833121 3735710 3842515
3846574 3877299 3904691 3839229
3843917 3918576 3943274 3807399
3850385 3835064 3978055 3926235
3717206 3768574 3774963 3632137
3580951 3737028 3803835 3751170
3969420 4089687 3999468 3851665
3836502 4021299 4039262 3938384
3787901 3904626 3808681 3764000
3703070 3822319 3899606 3736085
3829628 3940425 3785576 3817397
3904012 3902876 3887632 3910380
3603980 3741211 3687259 3667004
3664247 3779358 3816133 3705526
3900016 4034949 3922120 3919496
3965089 4040748 3896806 4017045
3767995 3850016 3750396 3745079
3830331 3901500 3841761 3830813
3920302 3848732 3877122 3861959
3918457 3791099 4077118 3786828
3751627 3621620 3704270 3735239
3677828 3679722 3946551 3655509
3986328 3893795 3948901 3925417
3966443 3885122 4095656 3943135
3817037 3822952 3794281 3763205
3881476 3700884 3999878 3767426
3938636 3854748 3998886 3717322
3754510 3722437 3806885 3892865
3873617 3934529 4016049 3877813
3761162 3789749 3808173 4020314
3986152 4017314 4207815 3840026
3896841 3893102 3938278 3974887
3857247 3988492 4034552 3849145
3742315 3799241 3877876 4037002
3851915 3854909 3784773 3850443
3979316 3881882 4035441 4014148
3850090 3942237 3891423 3921226
3916037 3866612 4059672 4057249
3912870 3968821 4004019 3910261
3968186 3916281 4168942 4108196
3837582 3866951 3836137 3927640
3781731 3671318 4039207 3989962
3880297 3948105 3737028 3903727
3789821 3922042 3928516 3922391
3948862 3943373 3816017 3929451
3902159 3989797 3967363 3970688
3965907 3965151 3941826 4052988
4114103 4056040 4151752 4172125
3927950 3860623 3734929 3896904
3928853 3904051 4018489 3945743
3811992 3886525 4040369 3816905
3768382 3864205 3858400 3920892
3889961 4016808 4047573 3842450
3817339 3947101 3956910 3941122
3980464 4095717 4081599 3961412
3857177 3948517 4066406 4080413
3910715 4008103 3924045 3844630
3783787 3929664 3946528 3860066
3724752 3931875 3797668 3834463
3913447 3930632 3866908 3936207
3795238 4013115 3926733 3822249
3949416 3963058 3916023 3947254
3883305 3998181 3992287 3836518
3992332 4074131 3949253 4024046
3742133 3860545 3824954 3841868
3827722 3940349 3911206 3919177
3882805 3857008 3900743 3854061
3854152 3802033 4073038 3802324
3945880 3878961 3964944 3950231
4021832 3815496 4097683 3910754
4027526 3966196 3974978 3929421
4043733 3991785 4193014 3880376
3880360 3921253 3881616 3889943
3928234 3853683 4009625 3824392
3906180 3840358 3912331 3722555
3721347 3698263 3681647 3788383
3793287 3958004 4188352 3811026
3778178 3826718 3812540 3955603
3889651 3969101 4017208 3841059
3726837 3731435 3787333 3966733
3813246 4010501 4057046 3764408
3695495 3804766 3768103 3960057
3675705 3808985 3826036 3764679
3805211 3792946 3988383 3904135
3836212 3813727 3892248 3868907
3965563 3759244 3983631 4064779
3865350 3840925 3879994 3922430
3905426 3772691 4046592 4071623
3818432 3817752 3856935 3802765
3800471 3761131 3988921 3993021
3830754 3835458 3658447 3874510
3912463 3821470 3940436 3838829
3917663 3953570 3744274 4024191
3919428 3917668 4030643 3913622
3824054 3944877 3707982 3931422
3792853 3834593 3955565 3925016
3819728 3929266 3702505 3897040
3871490 3946332 3982910 3855119
3758148 3916314 3950909 3683494
3697823 3743701 3850382 3873197
3879016 4018313 4002662 3850567
3876629 3838319 3933958 3897106
3840665 3888095 3985498 3892672
3798867 3853785 3991655 3922935
3863380 3918277 3976176 3871083
3808975 3855283 3931095 3802040
3745598 3892306 3797135 3866333
3812422 3909391 3815264 3863465
3882930 4004242 3940726 3855155
3882356 3982250 3943079 3959610
3854689 3941741 3792879 3774108
3851950 3941983 3929986 3927188
3812371 3889635 3773063 3857697
3820952 3929850 3854451 3897520
3799199 3710196 3807203 3809282
3816682 3739370 3989744 3837322
3889999 3825970 3892702 3887254
3951433 3888389 4002026 3841802
3919111 3857763 3924536 3910214
3884951 3875516 4078364 3866835
3848115 3764851 3847814 3852917
3931989 3856373 4042203 3825413
3831343 3874979 3984851 3747121
3753750 3811004 3774019 3822422
3804137 3941698 3957825 3801565
3653225 3772846 3799061 3883739
3870657 4005468 4195570 3839524
3847876 3876034 3875643 3964127
4020576 4017123 4138170 3845978
3827651 3858072 3855546 4001982
3826066 3785875 3796886 3798737
3863190 3790331 3916752 3985023
3713575 3808145 3918829 3876946
3802469 3684548 4088797 3968223
3935623 3856606 3897710 3874429
3979372 3820747 4080530 4079159
3898351 3977209 3960245 3917605
3998330 3811895 4140215 4097387
3790223 3812130 3786428 3987879
3812183 3849309 3920489 3854655
3823933 3856687 3753939 3883004
3877816 3828282 4032945 3977687
3946232 3953607 3829862 4009084
4029640 3994299 3992420 4051303
3904690 4000920 3776368 4012106
3892075 3989318 4032042 3983997
3814973 3869772 3911687 3764685
3703282 3838216 3837238 3886994
3912805 3929592 3898076 3783623
3837839 3887442 3939251 3890831
3965225 4045818 4116104 3840686
3807089 3947421 4021891 3984816
3911288 3930526 4007276 3886046
3821817 3928959 4044598 4005672
3785160 3930639 3816336 3811614
3896232 3915830 3885163 3888869
3822316 3885925 3770144 3821204
3809830 3975451 3835214 3879239
3843401 4010362 3979591 3893919
3946952 3981536 3945708 3994445
3902052 3951359 4023022 3920397
3910531 3994902 4008004 3947036
3925029 3795189 3821158 3841937
3817422 3811908 4064099 3814653
3888410 3794844 3869410 3801356
3973842 3868101 4079218 3855099
3993153 3894576 3967665 3909351
3990751 3864940 4122905 3947043
3862475 3926776 3974559 3892367
4005803 3881039 4145017 3881563
3885419 3933926 4108892 3809744
3733823 3817223 3803830 3975402
3707225 3828506 3833704 3595682
3649235 3668773 3618698 3806567
3934857 3920657 4161705 3764442
3816744 3822474 3796726 3946668
3841842 3976937 4052067 3723585
3700145 3806996 3747047 3882583
3908620 3851339 3796099 3744984
3904166 3749012 4075365 3927712
3732495 3678278 3733128 3767236
3730833 3645609 3921587 3883189
3903377 3901793 3870409 3960729
3968713 3850193 4031812 4006622
3768666 3824450 3876548 3837659
3810306 3712350 3935527 3984274
3903973 3851704 3724276 3896994
3865141 3941791 3959435 3898202
3601407 3748273 3633964 3733225
3794297 3752434 3858559 3872144
4037310 3939710 3922164 4028452
3878468 3917832 3970190 3919146
3811161 3910873 3770380 3882949
3932585 3841555 3944745 3859719
3918382 3896057 3988448 3847528
3805346 3812067 3945239 3866417
3722714 3774383 3793375 3686078
3648028 3741765 3812781 3760684
4022451 4069320 4015256 3800301
3874801 3877437 3989455 3932653
3795687 3985715 3913594 3735644
3902374 3867795 3902347 3951689
3879665 3892963 3842141 3858623
3881769 3913932 3872005 3940182
3601114 3755757 3702848 3664248
3844684 3839953 3766697 3716040
3953293 3980216 3879439 3874089
3968701 4036512 3988375 3943554
3782317 3913228 3835861 3799563
3838211 3932507 3803377 3900136
3953392 3855845 3873831 3855894
3916471 3793489 3992096 3905140
3720151 3762439 3730218 3616819
3780098 3675091 3851612 3667651
3948337 3904220 3918521 3962274
3941767 3865700 4162841 3888704
3876453 3809321 3853320 3821949
3861398 3757135 4033596 3772110
3897191 4004474 4019162 3778499
3762691 3725666 3855665 3958168
3911627 3977728 4143405 3913855
3865868 3887647 3878803 4026752
3816929 3928631 3958481 3692906
3690894 3749215 3713061 3945731
3961366 4026389 4125036 3847804
3847368 3780257 3838459 4006889
3858790 3814578 3843305 3847120
3896968 3847869 4082252 4045694
3980558 3971376 3903855 4019916
3944327 3875694 4132439 4142574
3749245 3692070 3768418 3737614
3765076 3707658 3940644 3875365
3845856 3913605 3993972 3939109
3950462 3881626 4054877 3967469
3832454 3932801 3702501 3870729
3889958 3853782 3893159 3948852
3954975 4021808 3851529 4034118
3991153 4031340 4052869 3954733
3774009 3804636 3732721 3851475
3850531 3842201 3886361 3863490
3902358 4014918 3824628 3966125
4044790 3924618 4040917 4021540
3855400 3961569 3985571 3845803
3812779 3919747 3863540 3919880
3971915 4015075 4117368 3907060
3954056 4033407 4057127 4005225
3803930 3795395 3995269 3764113
3695242 3769449 3857366 3831882
3968557 4076682 4023496 3861320
3875975 3942160 3969862 4041085
3854555 3882225 3843149 3791219
3827596 4003260 3934395 3825124
3916311 4074191 3994018 3946048
3981644 4054880 4050183 4079838
3684918 3889393 3771118 3726524
3807610 3922450 3766437 3810946
3856490 4031733 3904965 3884262
3978915 3982062 3909057 3981289
3966495 3767835 3921912 3822703
3963132 3798759 4135430 3786320
3977141 3879499 4068290 4055852
4092891 3926018 4174796 3927570
3847075 3749947 3785010 3832406
3829909 3764903 3959851 3755818
3936341 3852326 3946679 3942735
3990877 3935478 4102675 3906660
3892691 3922760 4009149 3723206
3757914 3813082 3797851 3910225
3821815 3931137 4143256 3809949
3746868 3826038 3792780 3933045
3777665 3986218 3943548 3819094
3745794 3777424 3804188 3890490
3710681 3869702 4028463 3758273
3712676 3705839 3729597 3915113
3795156 3785344 3883629 3804588
3892061 3813940 4004645 4046015
3844061 3903806 3839952 3730013
3909922 3794457 4007636 4001156
3791402 3888299 3795545 3896251
3903816 3736706 3973519 3954950
3802860 3812523 3780159 3761686
3834619 3724031 3972140 3947468
3882795 3880412 3753532 3940571
3845333 3853775 4030687 3908998
3917144 3973741 3707575 3896284
3915264 3900101 4003919 3919444
3917477 3868331 3837240 3949070
3911439 3936593 3922595 3827218
3851701 3829553 3715432 3842374
3759108 3720847 3878206 3787818
3846509 3973631 3951749 3782793
3819649 3876831 3944968 3963017
3839641 4014240 3977116 3779559
3809129 3897561 3952384 3905648
3871073 3968693 3924259 3768421
3830602 3867096 3889093 3905254
3884754 3898855 3862068 3738969
3740328 3791423 3889642 3738252
3868368 3956519 3872715 3786113
3887725 3980806 3882131 3992446
3797847 3886768 3864095 3835579
3940860 3865418 3821536 3878805
3760152 3822424 3771915 3715387
3853353 3876445 3888266 3867973
3750448 3915624 3795030 3724748
3775786 3830516 3815552 3786753
3868300 3837216 3897571 3884126
4045603 3874447 4068347 3853549
3892401 3828121 3798470 3870543
3939455 3826943 4058423 3852545
3904283 3777920 3871098 3824795
3927234 3863590 4052458 3845001
3820899 3783545 3854644 3808876
3949577 3749670 4052037 3717077
3955619 3984961 4143620 3926966
3891476 3862327 3866768 4030983
3693762 3812204 3966709 3714361
3655860 3665882 3700760 3870249
3852116 3977039 4114850 3800147
3743072 3936256 3947036 3951929
3911218 4033882 4203975 3941634
3809276 3880223 4002818 3962555
3966380 4083486 3956607 3902469
4022674 3878563 4141186 4152270
3733530 3741267 3778262 3799359
3805475 3774924 4008091 3927808
3811638 3902821 3928315 3916367
3906458 3773647 4109159 4071334
3988448 3914944 3914780 3959475
3936212 3880385 4117706 4118849
4011316 4089703 3915568 4054925
4038499 4032082 4043311 4042921
3826278 3811372 3733228 3828880
3834614 3810603 3942007 3812680
3913628 3925700 3817885 3898591
3998289 3922269 3983540 4022759
3974356 4026483 3957231 4059472
4086127 4033245 4068285 3937187
3968278 4069986 4149447 3940853
4021616 4093292 4037211 3947366
3726904 3902866 3909842 3761949
3698441 3783819 3910362 3850505
3906603 4021801 4069810 3815428
3835096 3914680 4023516 3927485
3978765 4065049 4118260 3917549
3927957 4058251 3979413 4033249
3873382 4009139 3918362 3919544
3974790 4099490 4013857 4050811
3693175 3853745 3737927 3755306
3690047 3890205 3778126 3872560
3807403 4051821 3814180 3780348
3946433 3951188 3875023 3948781
3824542 4053505 3939684 3986294
3983167 4066316 4046679 4028265
4047842 3985551 4052777 4011761
4102045 3985740 4169710 3958628
3788650 3840173 3776402 3730411
3892282 3787450 3965315 3789412
4047763 3908423 3879985 3936826
3934929 3826215 4131653 3828404
3969714 3910568 4016482 3977540
3991957 3965697 4168106 3929161
3817890 3762662 3973664 3736117
3649289 3696966 3716416 3784035
3769847 3852884 3975331 3745077
3706021 3742951 3705403 3865048
3886740 3958400 3977694 3762572
3656848 3755078 3886318 3881802
3863135 3958076 4145626 3845709
3799998 3838478 3819961 3924154
3723204 3784190 3718584 3710320
3766829 3636647 3837260 3838762
3806206 3827942 3766892 3803425
3838059 3689830 3920541 3954999
3852902 3833652 3859145 3907011
3953353 3720929 4024890 4037519
3919976 3881764 3920683 3870889
3895620 3788372 4078780 4053125
3792735 3761597 3630612 3773909
3811136 3761239 3833919 3741788
3840863 3871055 3741160 3897898
3822294 3853320 3912621 3908359
3872446 3933212 3802264 3876912
3923259 3976178 3964533 3961618
3916791 3947855 3850179 4008419
3971250 4056417 3996481 3994905
3784884 3815662 3835512 3727141
3720041 3781509 3822464 3781923
3852958 3901971 3918154 3823579
3773100 3895074 3864100 3883078
3887180 3943257 4014846 3879743
3804207 3849007 3961719 3865377
3889536 3980955 3999367 3868731
3878759 3940258 3901642 3932065
3715144 3756545 3806794 3671543
3773656 3832327 3807346 3792728
3716197 3880125 3823096 3774775
3892243 3802616 3845986 3862421
3752797 3890877 3850469 3825594
3899394 3876716 3885791 3943666
3822559 3977677 3922798 3911294
3972463 3956387 3909198 3938500
3735402 3725166 3774818 3765474
3872033 3744376 3995728 3762373
3808748 3691485 3875487 3815887
3843145 3733935 4008493 3797621
3822500 3851717 3919222 3952456
3952357 3835348 4043720 3814202
3922677 3838068 3951757 3962753
3975968 3898429 4166600 3806192
3802771 3940148 3961581 3767968
3706743 3782643 3755363 3844623
3984699 4009505 4138528 3964798
3821999 3821561 3900696 4096039
3962127 4021597 4159338 3917983
3823464 3892015 3817900 3988567
3736549 3873108 3934935 3710551
3639734 3683573 3738685 3876826
3747760 3845037 3857672 3827696
3765504 3752724 3950952 4052695
3906407 3920476 3980728 3954755
3945539 3915815 4082467 4137967
3919532 4008660 3862487 3963498
3973962 3941604 4120566 4186697
3810170 3753521 3805913 3805062
3834368 3688123 4010596 3858784
3834167 3870590 3722378 3834358
3761373 3914265 3992112 3960791
3888490 4009350 3849731 4089456
4024595 4044618 4006548 3966671
3955485 3976067 3851294 4083130
3951277 4042915 4113582 4114138
3823986 3837423 3737969 3916864
3801400 3790284 3833603 3863827
3900498 3932334 3938545 3806588
3868961 3808440 3927049 3955085
3915892 4007385 4063054 3896360
3944536 4002467 4075640 4054496
3980128 3925474 4031800 3930564
3902433 4029142 4024954 4062660
3789693 3732007 3901807 3696279
3771776 3813207 3883104 3840192
3761640 3835400 3821966 3743102
3899535 3901389 3908467 3873146
3934148 3951109 3873666 3951448
3955857 4034922 3924445 3994822
3933683 4013507 3902592 3888345
3962642 4128321 4044633 4002026
3776972 3810430 3799834 3721212
3739604 3909202 3745026 3860844
3873015 3834169 3814789 3914406
3925218 3806569 3998221 3870993
4073658 3856164 3933180 4004740
3897475 3872028 4219435 3925534
3992722 3974871 4045828 3999988
4028045 3919907 4215667 3932883
3749810 3768114 3812700 3779298
3903043 3759179 3943270 3780755
4002783 4058840 4169502 3861862
3810611 3846574 3894171 4019483
3847974 3937681 4003674 3823878
3701847 3706227 3782726 3859439
3747689 3810547 3924013 3597801
3637887 3719948 3682778 3888011
3823104 3934277 3980754 3735723
3695420 3746576 3769227 3862566
3939471 3824935 3994807 3958000
3960996 3890397 4101512 4071134
3761996 3700986 3784185 3832425
3816108 3797361 3969299 3894059
3752606 3653343 3803110 3774402
3817615 3721815 3906475 3854557
3810812 3838001 3787927 3836281
3876379 3794288 3952299 3917299
3949255 4022452 3850421 4040735
3927059 3981626 4045220 3999266
3840408 3832043 3679525 3931534
3891633 3881548 3971197 3908414
3798878 3884044 3666703 3826021
3797507 3798440 3755635 3775817
3845852 3914616 3682532 3876274
3825611 3846636 3929587 3908400
3938420 3989769 4038360 3893250
3864623 4010054 4026022 3981400
3848436 3873354 3965489 3786404
3768225 3803277 3911296 3892265
3819970 3843375 3955321 3684552
3803074 3780073 3866305 3853754
3858915 3980856 3873310 3791672
3800550 3747693 3871544 3861616
3966790 4011180 3928567 3943062
4023294 4044496 4026063 3936777
3908422 3929863 3772804 3772335
3831735 3942727 3925549 3806611
3690031 3876401 3811740 3735708
3769173 3879271 3723730 3849780
3723410 3860538 3781460 3731931
3833482 3778876 3815395 3874678
3980344 3995394 3950762 3986794
4044314 3933400 4192872 3975660
3922467 3779323 3901252 3873350
3885248 3736685 3993732 3688129
3812656 3777651 3790430 3782109
3892091 3733279 3925040 3707972
3865406 3854553 3904001 3767097
3897661 3829521 3951500 3727197
3656805 3789643 3780178 3670325
3769888 3925703 3851456 3820322
3823541 3860957 3904838 3756675
3824568 4000910 3934234 3992026
3630671 3726350 3745615 3569323
3675244 3930575 3815277 3799904
3815792 3905109 3872557 3673766
3794871 3933823 3962263 3822305
3749301 3701985 3943804 3834028
3723244 3814338 3858647 3737943
3889159 3798471 3991236 4043380
3809069 3918168 3876369 3821200
3777306 3661389 3839197 3888833
3798216 3726880 3748762 3716279
3775437 3745444 3944489 4019846
3793784 3898447 3879447 3730627
3907628 3713115 3819109 3753812
3691721 3810749 3799559 3831731
3841213 3868849 3944154 3824383
3788881 3899239 3910660 3951153
3714927 3645760 3739660 3702670
3720506 3765455 3772848 3808367
3876171 3866596 3959861 3761041
3788975 3789491 3747427 3852350
3784463 3797081 3846962 3678982
3856540 3863982 3862062 3792515
3882992 3947627 3988235 3711810
4059108 3868624 3949186 3850613
3678172 3710610 3873111 3655481
3896160 3784669 3894349 3643671
3764177 3905888 3966509 3664469
4014282 3891876 3817282 3813733
3810235 3788433 3775277 3715589
3782201 3861251 3784609 3736967
3971817 3935729 3758562 3731538
3909155 3982993 3872314 3863909
3737806 3854627 3701525 3682312
3758717 3835894 3720286 3811007
3927001 3768919 3740631 3744826
3894194 3980609 3841289 3818835
3897590 3746569 3837403 3803655
3752324 3850864 3762541 3788853
4057724 3809420 3926859 3938293
3750578 3894204 3829344 3881941
3842968 3751348 3825429 3842741
3750176 3758192 3664863 3755868
4044552 3763884 3846210 3937072
3751945 3820434 3807297 3949047
3844999 3960930 3950933 3818836
3896717 4088398 3995912 3929845
3715391 3860190 3922939 3669581
3905312 4091870 3915146 3929300
3625458 3832999 3733308 3627906
3744624 3905998 3888380 3867181
3898724 3932804 3953301 3695683
3962349 4112083 4018312 4073917
3908953 3889690 4147924 4100793
3923408 3964395 4002757 3918657
3922231 3834853 4070757 4099288
3825131 3906243 4000455 3834961
3649962 3708563 3854664 3988504
3724108 3745553 3816252 3644921
3971919 3851760 4116422 4119942
3926484 4010893 4095547 3835177
3951309 3941444 3979505 3967027
3895799 3955192 3934125 4019280
4006586 3935584 4078496 3877681
3740319 3964115 3971169 4010607
3775663 3773266 3863304 3730123
3705073 3752764 3764018 3784471
3981070 4027882 4052159 3950531
3856153 4028791 3998477 4041750
3944563 4029098 4143651 3786169
4050255 3985731 3990321 3907710
3923605 3953614 3924200 3808673
4057891 3997143 4009740 3917811
3793973 3849690 3838589 3588146
3961341 3842243 3820746 3715528
4007026 3958821 4092791 3870870
3988198 3972695 4042181 3914139
4023560 3997913 3888437 3885567
3969393 4045225 3920667 3949012
3990861 3931262 3876514 3787348
4012673 3947873 3902972 3911429
3885204 3761872 3761751 3663191
3797930 3884861 3780529 3818058
3967839 4065727 3960845 3859522
4058854 4044490 3998635 3997813
4094672 3959993 4086858 4035823
3837808 3942825 4019921 3922440
3987260 3852849 3987660 3888445
3838209 3897668 3895641 3887838
3947406 3706986 3825288 3897061
3789291 3840339 3800311 3773509
4129827 4020569 4050227 4052381
3900733 3993460 3919518 3948666
3935800 4034746 3970435 3817167
3931910 4188345 4028300 3975695
3833209 3921665 3788929 3800613
3851805 4051752 3963898 3919702
3750050 3843817 3755699 3678064
3869303 4052144 3956341 3796391
3669434 3772292 3700280 3541742
3648335 3895257 3825295 3712136
3975663 3889171 4057564 4139876
3954625 4019217 4014693 3855596
3934340 3834668 4037897 4155532
3906762 3953558 3974883 3862052
3793575 3781264 3946775 4037289
3752842 3845716 3902011 3714289
3722591 3611046 3841622 3777207
3713168 3754632 3709270 3565218
3970744 3925926 4021472 3948357
3935368 4013462 3932651 4037630
3994052 3953050 3993532 3862719
3871229 3948595 3956766 3932414
3861174 3855568 3898370 3840643
3745940 3789648 3838880 3898041
3783033 3712398 3755536 3673073
3706200 3738322 3768821 3752109
3971879 3970164 4037515 3790712
4081709 3982234 4041223 3927206
3874625 3893944 4032243 3773836
4050569 3981192 4051063 3851535
3800366 3770961 3885289 3666142
3880039 3813754 3921008 3757476
3637393 3738576 3750241 3621215
3811873 3704527 3722383 3731942
3989596 4074407 3974739 3898101
3985073 4073029 3915315 3954207
3897499 3905460 3757882 3829021
4000476 4022499 3962611 3871604
3849993 3906804 3801545 3742784
3842624 3940960 3729665 3848982
3771839 3734333 3674636 3637239
3721672 3844972 3667706 3686620
4163391 3935843 4057190 4003194
3878325 3975427 3997404 3914444
4014752 3944392 3992012 3984649
3822086 3917383 3883209 3938611
3975281 3750304 3887921 3904459
3714421 3800316 3764773 3848978
3833352 3608985 3719862 3818139
3712567 3778565 3658592 3802180
3605904 3841530 3774949 3619799
3739120 3899775 3857311 3750485
3728587 3769735 3759507 3570189
3785381 3913053 3828379 3819926
3701747 3799994 3733327 3651020
3716051 3995769 3850726 3824990
3834408 3906097 3898984 3772891
3839179 3997151 3933733 3918054
3725157 3668039 3853799 3892554
3730130 3805778 3806421 3683876
3708834 3645835 3865926 3915097
3724881 3811858 3834157 3708430
3745656 3662090 3958820 3962774
3745586 3779800 3733045 3648968
3833756 3772656 4030910 4062798
3906067 4003426 3950501 3770326
3748313 3804117 3833475 3718665
3747375 3777434 3733592 3802745
3805227 3813972 3866482 3727298
3666645 3849486 3812824 3823928
3829034 3784845 3861925 3794206
3749224 3743235 3813944 3757907
3873955 3914099 4021209 3878910
3901278 3964377 3911674 3963281
3742712 3758107 3911683 3560172
3872073 3736393 3902588 3737715
3742011 3868966 3865081 3543706
3905436 3839057 3816336 3758042
3707932 3873004 3893192 3677234
3836916 3780801 3892954 3749673
3790608 3957480 4043936 3696965
4012955 3922071 3936671 3836865
3763304 3802352 3707010 3634686
3798385 3800048 3722738 3765803
3851645 3857987 3724632 3667660
3809603 3781302 3756674 3801659
3777487 3794402 3724233 3629424
3819095 3871263 3747083 3749140
3928866 3967914 3865176 3767853
3936203 3920220 3819562 3917844
3817456 3765824 3812937 3790338
3706097 3757203 3691610 3775876
3935525 3711679 3774120 3758946
3752130 3711916 3714989 3735523
3914202 3747615 3838037 3802609
3657560 3827683 3755965 3772120
4003954 3800845 4053594 3968065
3890539 3926063 3887919 3878936
3833558 3979771 3835804 3747264
3845274 4064463 3927433 3994761
3805092 3868259 3840967 3733300
3773290 4030563 3973456 3824107
3700984 3844470 3901414 3697158
3822738 4016501 3987542 3978174
3925464 4012664 3982261 3831692
3981536 4058239 3987344 4134123
3971140 3802527 4071373 4103447
3877029 3940432 3947169 3822509
3838298 3765640 4022329 3963483
3854557 3915818 3906820 3732286
3794799 3751647 4048691 3997850
3797161 3815339 3981756 3809500
4014325 3906117 4174930 4131933
4014762 4083038 4054802 3936539
3936544 3884661 3984117 3896027
3811472 3947047 3903669 3929319
3905406 3842596 3992568 3784770
3741660 3862259 3875772 3976327
3855581 3891837 3954805 3887797
3767663 3898227 3803473 3896805
4004258 4030544 4133737 3980859
3841308 4020987 3979342 4003854
3857535 3930384 3990593 3766947
3999430 3969485 3913649 3827558
3846489 3949020 3967749 3649994
3957381 3870214 3922334 3777544
3867100 3871069 3881468 3670178
3907144 3884950 3877697 3855502
4023906 4032877 4070490 3871429
4106690 4035942 4059958 3964487
3990664 3934704 3871029 3793648
3896402 4007893 3863225 3946469
3898798 3903771 3803153 3728721
3845385 4023978 3820917 3866726
3871260 3844981 3764613 3739479
3894049 3956306 3791715 3824543
4029736 3960855 3909284 3850139
4081871 4129808 4028040 3976974
4057939 3863256 3953479 3897332
3920052 3883770 3875978 3883498
3985820 3873254 3935058 3916654
3794440 3896435 3763790 3856348
3966464 3863762 3938023 3868936
3748862 3832839 3843255 3830967
4118713 4024288 4092023 3967701
3969897 3971109 3972311 3928418
3790060 3813837 3873450 3618700
3797178 4027202 3841501 3771435
3574283 3819805 3665763 3570483
3675186 3832129 3800413 3584095
3794998 3947786 3864766 3707343
3867780 4014085 3975387 3874610
3836709 4029672 3983641 3821628
3898420 4037282 3969102 3957523
3795837 3670922 3956270 4052223
3773914 3912850 3829602 3692994
3658308 3647471 3824469 3842527
3693516 3744909 3706527 3658371
3768176 3766898 3997222 4022814
3808932 3987239 3883446 3837690
3889697 3819950 4074553 4073904
3917859 3971741 3944985 3895094
3842728 3779915 3845311 3771082
3709405 3842329 3826370 3808136
3721334 3651929 3830413 3690485
3635913 3737748 3733775 3774806
3915112 3850721 3924229 3810770
3787150 3883082 3825309 3961963
3953267 3967467 3991950 3816950
3771023 3971426 3898654 3955048
3793686 3874287 3886647 3653278
3808520 3803051 3902276 3797085
3723539 3788046 3855118 3544204
3838877 3722781 3870986 3674304
3850131 3942320 3946147 3717905
3970606 3783481 3873612 3815752
3904795 4062572 4018705 3737315
3994124 3929968 3951358 3852356
3900506 3806200 3741728 3723055
3824457 3901186 3878668 3862597
3718537 3736844 3693469 3573375
3761595 3813835 3708021 3690021
3878628 3922929 3786401 3790900
3920134 3962968 3894129 3945543
4009326 4021797 3952060 3821001
4033721 4029969 3915222 3872065
3995939 3819379 3887627 3930751
3784718 3848246 3839147 3793063
3812909 3712036 3797867 3733735
3701052 3738274 3694277 3686795
3985009 3880841 3876963 3867151
3820615 3898504 3919875 3939118
4094967 3933886 3950548 3985072
3941799 3919095 3990079 3906994
3725613 3817769 3754623 3692693
3817174 3891538 3917862 3831561
3735798 3911103 3892291 3731141
3848452 3966664 3869659 3827547
3805208 3960119 3912291 3676748
3895105 4030406 3982162 3908566
3785300 3865510 3790682 3690741
3798754 4004022 3904806 3881103
3744386 3741197 3915507 3999693
3862060 3843845 3852776 3721788
3877310 3717475 3928340 3947418
3866493 3915164 3937153 3756962
3927868 3816802 4030126 4130187
3917352 3922968 3931797 3735590
3864451 3744157 4012607 3985635
3889646 3850856 3906000 3679640
3814090 3873428 3897599 3771814
3733968 3864311 3822952 3827870
3877395 3875281 3982595 3819271
3744521 3838283 3883617 3977326
3951634 3896578 3980857 3883532
3804533 3947837 3923544 3920318
3893848 3864357 3871804 3812726
3780606 3861773 3842510 3965341
3779237 3830482 3933960 3629309
3940107 3834311 3922264 3893131
3789757 3883879 3957869 3680670
3996576 3903313 3938019 3798376
3893151 3934108 4034202 3693893
3965464 3883016 3954048 3904487
3799395 3872326 3993023 3663928
3967308 3869854 3947901 3840954
3860905 3853812 3737470 3758074
3858227 3862956 3839111 3859076
3955831 3889756 3794623 3772834
3920598 3888716 3815241 3893681
3948222 3901839 3836174 3787845
3921387 3936112 3841630 3981412
3905451 3858919 3863604 3704085
3909312 3910298 3815350 3833133
3952876 3777885 3961790 3851664
3770633 3732339 3759294 3821040
3985255 3811424 3958285 3866283
3748019 3807023 3840975 3866335
4129274 3893513 3909386 3877890
3793620 3940076 3861270 3949452
4020760 3795148 3945147 3908045
3788642 3881750 3828456 3825084
3867000 3941117 3936415 3755760
3912468 4033291 3999277 4005512
3771436 3844956 3842238 3701599
3754327 3919628 3806045 3898756
3862861 3968181 3987124 3805770
3897980 4133441 4029701 3950962
3838262 3890639 3817890 3721470
3866014 3983747 4014427 3885598
3951524 3807809 4025040 4100326
3938405 3899312 3977711 3807952
3781925 3766919 3903781 4017588
3818812 3918059 3844371 3696288
3959152 3906942 4100585 4064240
3956845 4019995 4030716 3843675
3870819 3778583 3998743 4054952
3913247 3997763 3993737 3785868
3928655 4002002 4064750 3847914
3865339 3857891 3952763 3976734
3910284 3804930 3930311 3920030
3779043 3899213 3838565 3879297
4045517 4024217 4086631 3906693
3967313 3984389 3908631 3972938
3985893 3935685 4037538 3858059
3801903 3877650 3899583 3951341
3922051 3971063 4042235 3782171
3995827 3987483 4026373 3872539
3765319 3894235 3880944 3567651
3963601 3800292 3921182 3820007
3952852 3948508 4058525 3757907
4056366 3961343 4070442 3887674
3882104 4059343 3974309 3682314
3971107 3982839 3898755 3864388
3988227 4001337 3855915 3818070
4048193 4001416 3977636 4011053
3893658 3889528 3763109 3719893
3948984 3889895 3824801 3926273
4024235 3982076 3895237 3826023
4041454 4149793 3979096 3959640
3932525 4056642 3815672 3807972
3894647 3951345 3823619 3927765
4100330 4005126 4088825 3947399
3918794 3874055 3885128 3988799
4010362 3856814 4010756 3889432
3809573 3837128 3784720 3879307
4125427 3980092 4000717 4021113
3916595 3968723 3894858 3957681
4068476 3832529 3992020 3873577
3916173 3952350 3879826 3896202
3805624 3875072 3783417 3609598
3792941 4030618 3904799 3809560
3806593 3915205 3884092 3653456
3875841 4019234 3888590 3901322
3845289 3938455 3891615 3690556
3915648 4080815 4006463 3942963
3899606 3999554 3968347 3697755
3875519 4090717 3926394 3976809
3790832 3772897 4022385 3975068
3941923 3841745 3887506 3714452
3882606 3742320 4102815 4045263
3903567 3930102 3907675 3771672
3864759 3876473 4017796 4108592
3929621 3968369 3971981 3843837
3868233 3844546 4100589 4098717
3927627 3944060 3911113 3883017
3860770 3795323 4005120 3836008
3757765 3792956 3822717 3852803
3930375 3866442 4030233 3900944
3775477 3903402 3938983 3973778
3894150 3923500 3991158 3892093
3847022 3905599 3868605 3865830
3996004 3913125 4080191 3859301
3912781 3990844 3925046 3988124
3862322 3831268 3934323 3611317
3944168 3810026 3869831 3858186
3825353 3975363 4013877 3702634
4075741 3859656 3953850 3864682
3909138 3959993 4016772 3704890
3966388 3940556 3978977 3897959
3928866 4002038 4104480 3848461
4035151 3877796 4022677 3878560
3919324 3843686 3724957 3770065
3887006 3824185 3862785 3861211
3972680 3835177 3861655 3768246
3926711 3986193 3869614 3868066
3984063 3981760 3886759 3807170
3938810 3967937 3960278 3970953
4007363 3935488 3851550 3740698
4044115 4034151 3932890 3990574
3936699 3721348 3859722 3862936
3823147 3798569 3819028 3804950
4048787 3836786 3964550 3908639
3832661 3886187 3912481 3880045
4032144 3855849 4002793 3952375
3841621 3934641 3935279 3920554
4154254 4011021 4048140 3939170
3857428 3856896 3920203 3892598
3828811 3904878 3805742 3748824
3858994 4077565 3895539 3935295
3823859 3790194 3805909 3629395
3795929 3960834 3861784 3774177
3765456 3815553 3786614 3682263
3815500 3967030 3881185 3811174
3787978 3874348 3804316 3586820
3733792 4010555 3811318 3828505
3851389 3792749 3984250 4136545
3875881 3867473 3851938 3823383
3844610 3713854 3914662 4039070
3709302 3879370 3848757 3761512
3728692 3749952 4033963 3935910
3733290 3847361 3907701 3744914
3808421 3719672 3937251 3997656
3893548 3920893 3839465 3738305
3942108 3897459 4064769 3819672
3868328 3942073 3884796 3995421
3852463 3785990 3860464 3723608
3723639 3853833 3762348 3844861
3896118 3831574 3922767 3854135
3673262 3878343 3789198 3873102
3895334 3838717 3887503 3804152
3768058 3943493 3819875 3930307
3875460 3909946 4048348 3764329
4078821 4010638 3895661 3856670
3829692 3878390 3933650 3661199
3848706 3855980 3910335 3793251
3893385 3808156 3952695 3649202
4010262 3903998 3943686 3795921
3796277 3889464 3949406 3708492
3950747 3927823 3876794 3825600
3987604 3919430 3820793 3693032
3984219 4064097 3917061 3960698
3913635 3762009 3686473 3707623
3816493 3908067 3758075 3846397
3845528 3881471 3796809 3626817
3956480 3928258 3846935 3823078
3892588 3861010 3699003 3734272
3937088 3957861 3861621 3858335
4059474 3833480 3955528 4048004
3895900 3899389 3865136 3930865
3948616 3770976 3831984 3839562
3726320 3822801 3735469 3794465
3921924 3833447 3908252 3912335
3798300 3883498 3852572 3867084
4012163 3792934 3855274 3897257
3799974 3785418 3671160 3830482
3667213 3770336 3799291 3632811
3819821 3927761 3864269 3832592
3868726 3978163 3952888 3689343
3918048 4098891 3996315 3905310
3884921 3989432 3934249 3736472
3950437 4055696 3958966 3899595
3900286 3988022 3908892 3636081
3909910 4067305 4027126 3924146
3679786 3730731 3927606 3989839
3786838 3820211 3877776 3745228
3912751 3909492 4011559 4083070
3928767 3948187 3946973 3856988
3875099 3903004 4094770 4190356
4021810 4006224 3975256 3896456
3818911 3851049 4004417 4001793
3928381 3856015 3969330 3732511
3856105 3844482 3811846 3761273
3687307 3798007 3801123 3832685
3958446 3930443 4190240 3890223
3896727 4005428 3907992 4050481
3975538 3906045 3988478 3903521
3881301 4077047 3919775 3994382
3914074 3791938 3976141 3897025
3762558 3931425 3875970 4016462
3720468 3838651 3930914 3600295
3828318 3892698 3879571 3745476
3993047 3986810 4047235 3762079
4098181 4035169 4039500 3919753
3941347 3953925 4070582 3753895
3974742 4067107 4036008 3903085
3880904 3974386 4043145 3734844
4024657 3982556 3922175 3876294
3766984 3892740 3702294 3599217
3835683 3853547 3814250 3734140
4029149 3964445 3920901 3778451
4064816 4004349 3971012 3947196
3989718 4029786 3908230 3820608
3947793 3979872 4019113 3995553
4029963 3988271 3853047 3767713
4038204 4002289 3884561 3980644
3930055 3798559 3773944 3808982
3728135 3784980 3767444 3750042
4055937 4030237 4077630 3961889
3922670 3897372 3980862 3879367
4186395 3883359 4066484 4088058
3879344 3913486 3930330 4007999
4039218 3886697 3984006 3902324
3891712 3857869 3929076 3908369
3794089 3898436 3872806 3609159
3870342 4066061 3979999 3878058
3667565 3772238 3718717 3616687
3687441 3867104 3861333 3725393
3861703 3955109 3826331 3688695
3821792 3986890 4035589 3871230
3774485 3932690 3865089 3748455
3854889 4074992 3989219 3863092
3896317 3807287 3938056 4107133
3879270 3912035 3928823 3817640
3738826 3650763 3868762 3919849
3754826 3749409 3801477 3579191
3856766 3757791 4007232 4065886
3915054 3826964 3849341 3748028
3884713 3803725 4033280 4091805
3849812 3982168 3930929 3827527
3860059 3966933 4014834 3918628
3866667 3948901 3909525 3977639
3783602 3748543 3917428 3677259
3654513 3744515 3774412 3832812
3867000 3899278 4013991 3930098
3814231 3955307 3847985 3984624
4000239 3924167 4030655 3813302
3812224 3963320 3922866 3980436
3892170 3999094 3961759 3727507
4067010 3990002 3997810 3876601
3706115 3808557 3883993 3561910
3905555 3851898 3790560 3664694
3879382 3978367 3942117 3740287
3959950 3920977 4007529 3848991
3935302 3944794 4055643 3725624
3969799 3909461 4041665 3826940
4019643 3982084 3847580 3773955
4028327 4098255 3926679 3891404
3862469 3742385 3729257 3609895
3757526 3854126 3762159 3727294
3971592 3863480 3841969 3826756
3912158 3924241 3891052 3906993
3880701 3944399 3824189 3770365
3910820 3996606 3916911 3857952
4024991 3975072 3973770 3917354
3801425 3870809 3876598 3876042
3840352 3589774 3875089 3810434
3706507 3664380 3727669 3695688
4049570 3881423 4015613 3867275
3912337 3908224 3880789 3868436
4056081 3897651 3986611 3952479
3915788 3874192 3900992 3925405
4047413 4114634 3880171 3946400
4050032 3962315 3866575 3750967
4216415 4237472 4024015 4014258
4206810 4208633 4072670 3965274
3982314 4130388 3840249 3871850
4048203 3998699 3969200 3729467
4054244 4117644 3925083 3967769
4211835 4097900 3979994 3785969
3897804 4097407 3990534 3802119
3920217 3823938 3805385 4007111
4073602 4229883 4152441 4042044
4095830 3973404 3867513 4084446
3911287 4062531 3919810 3778398
3975375 3736459 3719591 3939972
3945341 4099077 4008307 3793747
3992355 3778583 3779471 3989721
3821212 3851329 4079201 3865534
4041836 3912513 3824634 3903451
3939470 3846617 4319702 4116442
4303867 4117064 3946262 4015546
3773353 3745082 4101908 3881344
3983150 3880838 3829038 3914876
3859802 3772557 4190206 3925748
4066452 4060882 3950282 3888236
3959116 3912590 3932103 3832187
4019438 3976843 3777980 3814521
4079808 4085343 3978496 4088860
4138896 4186089 3965260 4054104
3841409 3868522 3849165 3763741
3947224 3916018 3824280 3898203
3956152 3907387 3981324 3959675
3977619 4030355 3892440 3934660
3922406 4003283 3831299 3879595
3783452 3987867 3847264 3835191
4060151 4230153 4035220 3975167
3970676 4106696 4036851 3973411
3901596 3918126 3802095 3841470
3709562 3888061 3958029 3753314
3959462 4118291 3851182 3888753
3885168 4004998 4006913 3860628
3797539 3924385 3921614 3919887
3977053 3915586 3935702 4006141
3983231 4191531 4096685 4109975
4153908 4094761 4042810 4106637
3703605 3895618 3942711 3858408
3936042 3842292 3888222 3893728
3827387 4023491 4002299 4056834
3979067 3974744 4024045 4043352
3819923 3890822 3699557 3831146
3931422 3754468 3707458 3624297
4066175 4076113 3930311 3863123
4062966 3989363 3873862 3756030
3874420 3944981 3761420 3781988
3932263 3834685 3699329 3566128
4058434 4079097 3823419 3878618
4020613 3985709 3862496 3761146
3792636 3918825 3843060 3690593
3716776 3668012 3565064 3664612
3882687 4046315 3871517 3842250
3948847 3851550 3696493 3887782
3744648 3917407 3840272 3751405
3808767 3614075 3698172 3807454
3914258 4013348 3882667 3833155
3923347 3799034 3744759 3884559
3646478 3631978 3855360 3803763
3816802 3783086 3736064 3767384
3836377 3689836 4057245 3954021
4132821 3983890 3829427 3907261
3658960 3696109 3895279 3836025
3905227 3784352 3755010 3741064
3785702 3830058 4058797 3877060
4026460 3962836 3832549 3912213
3719591 3683135 3702896 3675927
3825592 3843035 3698024 3693936
3920707 3877354 3881610 3853686
3972323 4018976 3893717 3927698
3784578 3791938 3791245 3725761
3855648 3801105 3667901 3711498
3843382 3878793 3850228 3836631
3995192 4022210 3813286 3851114
3739905 3796604 3655993 3795738
3597889 3764575 3822244 3693544
3907147 4046887 3908251 3895565
3750621 3954275 3944827 3832529
3781238 3838883 3702870 3741295
3634439 3822816 3811268 3688983
3887554 3990919 3785721 3905168
3772755 3910013 3998606 3829285
3699001 3910554 3766110 3757711
3768193 3813423 3782179 3753146
3769005 3959024 3964646 3863187
3973734 3909155 3920231 3900786
3707190 3925580 3933801 3727448
3802643 3843809 3715128 3776675
3797579 4006254 3939228 3869284
4010296 3944524 3920803 3881454
4020356 4077591 3869148 3875884
4097928 4059709 3880041 3824494
3959838 4111866 3794089 3858548
4043915 3952474 3861112 3782684
3902479 3977879 3778428 3804844
4015317 3891487 3751165 3650671
3895028 3990075 3853167 3853342
3988212 3968025 3827937 3727618
3942814 4050325 3976251 3846480
3911640 3842202 3742577 3930083
3816434 4000993 3937258 3831990
3837425 3774814 3674089 3867155
3850500 3919366 3873260 3695863
3824647 3598778 3693675 3739103
3892658 4007520 3899456 3787718
3798277 3772552 3728777 3908634
3789939 3862521 4061791 3960497
4125064 3980913 3899560 3947071
3811582 3770369 4018139 3901549
4031569 3863700 3792034 3855793
3617051 3644905 3908927 3879547
3931149 3885809 3613259 3729200
3732226 3784788 4072679 3898056
4019399 3990111 3738397 3896519
3814609 3991062 3977512 3827194
3973407 4021796 3886767 3809588
3871798 3813244 3836725 3834253
3965181 3973146 3711341 3830217
3813798 3781568 3759304 3773874
3846869 3981088 3704570 3740954
3792168 3891941 3858299 3854989
3932432 3891923 3867196 3896021
3942073 4057511 3911223 3848238
3776979 4004876 3953934 3962764
3826612 3942174 3820933 3817347
3825678 3809752 3838544 3835860
3751901 3873196 3708184 3804832
3698603 3798982 3833461 3731513
3877251 3992735 3875407 3896509
3674790 3901095 3909798 3804918
3817591 3982457 3978971 3937257
3976414 3925061 3897018 3951793
3733927 3927310 3924437 3872434
3935644 3909610 3870172 3869237
3754660 3869494 3838010 3788901
3827378 3796166 3808822 3782611
3744331 3877060 3973615 3891887
3960675 3940788 3892882 3924358
4026542 4056466 3866702 3983956
4079611 4106043 3851580 3795330
3908221 4052484 3885119 3936937
4107000 3992876 3914945 3852744
3954426 3990492 3847309 3887696
4029995 3910617 3820927 3686658
3944438 4013460 3834731 3820914
4050003 3972787 3829443 3694242
3922607 3979978 3947123 3814592
3920781 3782220 3808522 3914579
3951487 4080190 3923261 3893582
3924442 3761500 3721533 3921717
3818818 4007095 3982990 3721667
3914130 3662308 3699239 3849081
3917318 4038802 3830927 3764364
3871116 3715371 3713344 3948792
3816671 3807858 4076662 4060108
4069729 3952387 3792722 3962472
3851354 3774978 4132971 3907485
3998404 3994125 3812982 3892492
3707284 3729574 3979980 3873257
3977221 3949260 3789990 3901184
3788449 3723175 4084791 3912514
3973782 3968107 3864540 3892980
3846675 3854516 3861843 3852270
4004443 3946820 3779452 3860258
3959698 3898751 3934548 3887572
3970227 4011289 3821420 3888539
3847381 3803652 3815188 3747621
3945013 3904596 3737966 3928972
3879495 3855175 3806490 3737902
3934618 3963550 3769456 3847255
3878943 4012618 3881838 3906760
3773726 3887301 3894466 3801888
3894854 4012871 3843354 3914440
3747882 3972285 3978280 3883843
3857716 3947513 3776311 3791785
3761614 3813404 3816473 3812176
3848420 4025608 3709196 3840100
3769908 3935291 3818445 3853233
3804643 3900588 3935773 3939667
3921486 3961591 3905981 3879000
3795058 4038316 3980293 3863167
3956952 3904114 3923718 3865672
3841980 3996455 3933080 3853351
3884541 3881919 3909299 3781207
3810229 3887637 3926068 3857331
3938583 3782680 3798670 3811257
4114271 4303147 3989268 4049946
4268310 4156916 3964863 3882605
3959823 3988614 3843212 3829607
4004212 3950407 3794022 3685644
4056457 4055186 3838489 3996010
4114631 4109772 3867577 3813328
3882788 4037669 3815947 3827234
4121112 3981193 3853925 3715474
4034455 4164819 4037857 3918055
3964788 3828722 3831282 4002610
3835564 3879099 3845048 3809844
3841998 3685653 3657762 3843948
3956115 4112166 3980586 3808889
3913072 3753284 3719371 3847774
3916490 3987619 3856058 3766585
3810871 3700626 3653177 3902988
3917461 3866476 4194150 4118997
4144455 4087427 3897867 3983365
3728603 3706135 4027531 3908591
3994634 3896983 3845067 3816038
3838260 3779098 4066198 3980898
4017742 4004572 3812202 3904835
3830250 3747207 3967422 3850212
3953976 3831695 3747147 3866305
4055713 3981131 3993439 4018478
4131566 4035530 3954336 3997293
3793939 3812415 3820431 3768994
4005047 3944763 3774869 3896772
3935929 3928101 3911419 3953435
3977258 4008446 3838858 3879545
3817603 3815796 3815657 3727172
3957999 3983112 3773497 3852880
3971538 4106557 3960178 4102636
3900995 4059707 4083056 3934095
3823274 3985338 3808953 3781986
3680053 3921152 3883403 3767487
3927188 4031586 3802990 3885062
3806757 3932578 3938434 3867243
3843168 3973894 3731423 3841140
3728282 3838637 3900624 3684378
3914218 4118784 4101211 4085780
4203026 3947748 4050559 3982121
3695157 3957978 3895294 3866562
3964310 3874793 3865549 3858147
3715408 3999184 3998356 3952454
3965904 3983418 3978896 3869730
3771397 3932234 3901619 3887537
3872552 3826263 3830265 3794841
3977251 3968337 3768005 3896661
4037652 3942430 3823448 3742663
4127605 4201048 3883925 3993736
4067364 4037974 3906233 3860114
3853802 3963404 3819879 3752364
3985694 3904443 3747459 3672888
3969419 4011533 3840775 3883014
4005854 4017636 3845960 3730547
3854819 3995522 3849522 3847597
3893200 3736789 3676596 3946971
3933812 4160622 3935151 3996015
3977754 3833471 3743937 4027790
3754461 3979264 3839498 3750868
3720974 3575756 3658015 3776644
3845010 4065462 3916664 3820937
3905310 3744006 3692481 3974163
3750313 3735317 3998650 3926589
3938728 3918007 3790921 3864299
3798526 3845036 4159459 3887037
4105900 4039208 3889537 3932155
3608472 3650366 3997627 3771932
3906818 3886286 3769540 3806060
3779300 3782003 4009052 3957824
4033514 3846870 3846386 3853051
3827177 3890531 3779046 3832745
3925473 3934914 3763463 3743157
3839380 3973693 3956176 3928152
4122211 4049615 3918376 3872086
3741823 3716600 3816463 3790097
3930234 3913057 3699521 3850777
3886694 3931989 3846045 3835740
3966740 3990692 3821683 3791622
3850179 3986369 3756921 3915877
3723997 3874515 3891471 3791053
4015871 4141076 3936923 3940273
3817422 3997127 4035947 3950653
3795787 3936815 3765523 3753747
3685566 3864442 3727231 3750545
3946743 3978641 3850548 3827519
3776330 3929782 3805583 3833019
3725045 4006858 3936250 3926793
3970968 3872206 3926022 3865771
3834114 3900506 4059449 3939027
4031743 3982921 3950732 3971735
3665693 3987497 3865779 3765184
3856146 3795099 3811585 3781077
3787768 3950382 3928632 3826775
3996037 3966759 3866770 3822101
3951357 4085772 3862626 3883115
4067899 3946179 3903555 3691195
4007968 3955856 3826569 3821465
3988713 3872471 3798829 3717572
3940567 3990326 3829815 3847972
3956234 3908252 3805674 3692435
3973731 4082900 3932214 3954044
4072412 4047205 3960404 3822197
3899322 4078705 3914079 3870033
3911138 3753224 3636491 3878538
3748089 3856088 3885200 3731373
3850024 3683295 3717315 3784154
3867046 3873332 3820165 3776769
3863170 3727775 3631491 3807818
3909342 4117635 3951302 3889359
3893887 3799377 3765489 3922896
3779421 3822124 4038663 3938128
4038517 3915987 3823740 3867582
3588679 3668994 4010892 3946601
3937247 3804370 3722841 3850649
3732308 3621078 4048573 3787668
3890245 3835534 3660326 3756822
3783318 3750162 4137854 3990766
4094825 3958444 3807585 3926865
3862598 3961904 3884505 3892044
4040128 4014030 3749125 3846175
3771682 3798049 3772417 3765227
3932082 3868627 3761930 3758671
3841925 3802640 3755165 3787772
3896640 3874478 3694304 3774486
3869100 3826373 3853261 3890649
3960951 4005838 3818473 3936004
3899046 4028573 3875484 3949037
3684836 3850914 3868577 3810625
3792315 3930031 3734779 3751351
3717082 3787196 3849176 3760105
3800761 3904631 3786674 3844025
3735694 3784728 3832968 3781517
3936111 3984342 3851400 3893570
3820149 3996749 3972821 3852744
3762404 3904353 3904356 3936001
3996434 4017439 4002286 3906309
3695474 3822739 3905427 3853856
3900575 3807600 3797665 3847778
3685129 3875086 3854735 3761408
3875685 3866121 3793081 3902957
3753484 4082787 4067809 3970635
3921542 3910543 3965206 3967947
4054267 4174826 3985182 4022318
4168462 4133714 3964530 3853422
3866403 4049147 3882795 3864443
4075586 3920577 3773582 3670506
3892406 4045452 3813314 3855472
3959475 3992592 3855045 3737993
4075425 3973708 3843226 3903162
4119702 3978030 3940458 3808223
4075029 4093618 4085173 3974473
4049084 3846191 3931650 4054969
3892154 4002172 3928508 3741926
3834300 3638445 3728914 3890634
3902431 4003250 3882955 3738877
3854352 3760471 3689374 3905119
3942302 4089505 4046665 3895566
3968296 3809105 3808977 3939298
3839712 3900108 4182962 3983146
4093357 4096161 3941035 4002940
3754392 3737129 4038188 3867589
3913130 3881121 3790459 3901886
3705641 3763261 4003981 3834004
3941436 3907899 3794527 3834858
3872603 3834961 4080820 3948092
4105109 3941941 3869373 3870361
4024271 3941093 3968010 3984935
3993440 4088928 3888284 3938277
3858511 3882134 3896917 3834085
3858625 3945683 3726858 3887218
3864911 3785346 3894763 3879082
3866039 3874489 3766353 3786117
3895443 3850349 3936249 3865451
3988822 3993346 3844925 3928891
3977751 4111931 4014429 4008444
3884432 4106517 4068248 3923953
3887743 3941295 3828586 3858386
3712680 3881736 3917882 3792000
3887172 3964275 3819566 3778924
3742486 3817128 3882489 3820887
3894055 4029633 3849671 3881644
3833250 3999042 3894857 3896422
3833886 4055236 4109093 4052073
3989018 4071257 4028867 3986021
3794329 3926296 3974551 3823891
3882717 3838728 3841899 3858065
3753994 3940401 3894144 3838929
3887259 3782643 3813522 3835914
3823619 4058053 3929463 3953089
3985875 3967716 4008010 3942325
3867833 3952227 3715768 3774430
4011112 3849158 3777779 3730054
4062414 4157816 3922687 3913908
4074985 4067394 3874340 3866800
4053685 4009738 3899884 3968101
3992660 4027034 3792136 3791041
3923751 3883606 3769308 3835512
3978383 3933012 3770754 3728220
3842919 3922902 3845195 3748699
3774243 3625151 3703461 3756519
3944484 4071210 4020163 3882804
3952875 3791507 3776452 3968166
3895109 4026551 3960133 3765388
3881628 3769689 3773478 3879927
3888091 4011493 3898168 3788928
3846459 3731085 3635474 3815277
3723455 3683118 3965601 3839973
3866668 3854400 3690981 3836576
3795934 3852431 4152034 3986232
4098345 4056597 3925836 3935392
3751129 3703174 4067993 3937422
4016426 3934994 3816603 3828735
3733029 3686516 3934663 3865298
3918573 3889346 3794168 3822464
3776735 3786381 3842012 3701733
3908560 3846358 3702946 3801200
3901773 3949795 3933120 3857598
4119552 4029963 3877114 3870938
3834577 3862408 3858068 3920390
3995071 3981278 3854499 3947925
3820148 3882438 3723194 3742228
3865336 3856708 3754295 3727454
3853547 3940924 3782093 3828240
3747743 3798347 3849899 3732184
4015119 4077574 3849532 3897399
3807157 4032789 4000899 3927158
3963984 4069625 3821258 3824313
3699006 3993409 3918436 3919107
3837483 3964853 3691216 3851770
3749316 3831185 3845417 3678874
3713087 3884058 3877878 3783404
3914763 3822046 3851827 3827026
3740105 4038170 4077609 3944844
4048160 3912085 3935311 3926309
3767089 3880482 3983716 3991336
3939158 3926971 3865202 3826815
3742076 3932485 3861208 3874301
3963082 3805979 3917408 3871798
3956839 4074901 3797802 3757843
3963350 3961571 3798278 3809907
3989213 3984910 3860267 3852208
4021847 3974047 3802593 3773271
4004539 4104022 3883041 3917824
4059967 4038053 3864677 3808061
3988533 3980867 3926386 3951416
4237364 4091127 3898193 3737918
3740885 4013996 3870620 3809966
3887126 3689409 3678086 3833567
3839546 4045634 3887424 3797712
3864663 3757416 3711224 3834334
3887693 4040334 3856715 3841118
3901725 3794690 3756974 3943971
4005346 4036952 3982100 3849233
3920579 3795692 3658699 3940651
3720828 3762688 3999808 3992239
4055060 3921057 3820129 3873772
3781978 3732496 3966010 3914139
4020200 3949229 3780486 3859881
3850135 3801737 4146966 3977470
4032339 3997640 3899883 3891434
3777071 3778022 4077634 3972081
4057956 4019021 3907653 3889343
3887005 3868013 3792077 3808993
3873794 3967691 3762219 3765012
3866896 3766544 3823745 3788324
3988373 3889331 3817413 3881355
3900768 3810091 3896493 3853557
4025032 3989487 3790160 3851585
3931200 3929551 3942560 3847297
4088437 3942179 3922217 3933399
3853760 3984270 3837286 3840694
3795888 3920922 3880634 3785721
3864874 3911544 3826193 3803365
3817761 3968486 3906683 3783404
3880814 4021472 3833374 3946931
3788673 3972482 3964462 3818534
3897946 4061884 3845696 3974371
3807290 3922465 3911921 3895840
3792720 3884645 3912345 3885487
3971727 3843445 3878835 3881543
3675378 4003826 3903463 3888187
3925264 3809360 3793266 3840988
3889556 3961594 4043328 3890103
3937158 3820125 3956407 3893141
3823320 4015036 4027475 3978420
3969154 3939707 3997834 3950083
3975012 4069878 3857798 3966518
4022560 4002861 3927417 3833349
3917944 4040796 3877887 3899235
4067844 3983456 3790439 3756384
3971976 4060622 3819487 3836757
4011337 3974073 3834849 3746653
3936821 4019170 3793677 3812041
3906743 3882637 3830625 3688671
3933929 4030755 3990442 3838833
3924473 3813905 3832166 3938081
3899925 4074651 3869976 3746775
3876366 3691048 3764890 3959369
3880397 4086488 3922980 3798060
3850906 3783888 3743177 3917272
3838604 3911001 3854220 3782147
3781756 3730177 3684600 3777638
3859987 3806256 4074410 3936691
4040260 3981948 3870200 3854964
3797772 3746357 4094892 3866064
4026577 3952992 3764256 3784394
3855723 3771173 4079122 3941694
4017202 3975033 3809605 3861098
3720410 3722642 4034623 3907863
3982653 3898783 3697843 3789524
3868800 3907438 3915001 3852709
4010926 3962319 3895999 3829708
3901611 3886584 3830262 3867755
3896656 3985949 3811671 3869254
3862099 3869110 3847237 3848135
3975179 4022777 3891764 3896119
3788054 3864054 3823848 3776414
3890029 3942273 3707799 3771639
3972619 4053314 3892193 3893781
3797326 3883616 3928582 3843586
3918309 4031983 3816493 3839905
3792223 3935079 3974911 3825226
3895595 4017993 3850136 3838916
3757357 3945414 3973337 3833172
3886071 3881534 3769950 3789707
3690912 3854901 3835416 3835948
3786435 4038353 4035980 3903195
3934627 3919922 3862650 3899425
3798580 3954386 3993872 3856525
3948159 3840556 3915770 4000337
3740813 3953249 3975941 3904223
3931354 3947226 3936212 3874542
3615695 3876875 3901374 3803042
3872882 3801881 3858989 3805348
4018758 4063693 3908991 3959651
4098887 3987781 3882126 3807253
4019147 4166536 3863553 3915122
4117400 4051616 3908493 3822407
4073963 4113247 3879702 3915013
4140352 3912953 3931006 3717720
4091614 4082500 3929822 3894683
4052162 4020374 3845490 3800079
3976790 4020619 3907166 3795066
3819387 3726885 3773463 3897542
3870194 3993318 3910596 3790266
3843704 3807986 3766343 3883695
3949898 4045286 3923758 3861769
3996859 3706897 3713897 3901135
3873855 3974260 3904594 3874899
3951769 3688321 3719577 3881544
3808888 3863443 4052877 3926625
4015858 3952880 3814514 3856201
3880557 3788957 4160298 3983290
4090573 3971077 3845420 3874210
3745176 3769613 4106657 3950472
3995393 3960783 3841648 3925906
3790710 3824058 4058545 3961622
4050085 4003000 3798679 3872308
3824716 3861459 3869409 3821169
3925589 3932031 3832348 3859396
3926553 3900536 3927205 3829180
4012104 3954385 3859257 3945351
3886181 3907673 3911834 3876327
3982216 4005876 3813531 3895979
3869199 3888761 3898493 3845315
3981315 4006834 3877329 3905810
3893788 3916728 3841853 3861744
3847582 3877900 3870664 3781086
3966314 4127085 3885313 3845459
3776797 3904545 3876853 3896101
3945789 4005738 3939873 3804129
3800639 3931276 3901003 3900569
3971051 4095901 3872314 3879635
3790793 3961345 3908656 3808080
3803603 3971823 3877967 3819696
3970465 4032484 3850440 3935231
3931694 3991495 3977610 3994152
3871986 3915243 3965515 3950102
3819443 3939849 4054413 3879842
4003797 3895889 3919823 3885947
3707871 3951028 4011155 3926474
3994430 3941564 3877473 3944136
3903037 4063215 3884271 3957962
4038834 4084068 4062885 3965454
3758238 3874339 3724759 3769372
3822095 3791454 3821288 3724252
3626500 3741464 3762366 3733894
3869604 3746215 3776756 3754331
3869390 4062261 3961022 3981840
4018302 4018302 4001538 3955634
3919132 3905813 3897790 3987610
3983784 4014114 3946776 3989695
3732976 3742012 3694576 3789764
3826900 3917832 3820798 3733147
3745176 3615233 3633472 3869505
3829291 3832215 3741966 3646535
4013074 3867406 3901281 4077392
4058653 4088890 3914875 3942443
3941604 3994874 4034979 3905588
3855225 3774538 3976370 3877887
3737090 3723296 3873347 3781589
3772767 3599044 3817027 3732911
3646603 3711829 3721384 3679929
3723364 3559137 3790498 3616482
3924978 3952417 4069447 3879464
3953803 3777993 4086261 3899314
3988473 3879259 3915010 4031334
4033914 3798312 3849743 3902940
3745876 3807241 3792857 3828072
3871907 3696738 3676993 3775402
3758344 3735906 3635366 3745917
3807698 3608086 3687218 3649962
3970601 3944662 3885703 4061363
4118025 3816857 3767875 3952731
3952824 3988870 3994371 4079861
4093210 3976668 3881467 3966814
3808391 3868577 3819938 3872491
3900259 3805297 3720212 3819691
3649673 3752469 3770732 3892592
3820501 3743443 3696885 3723018
3976847 4049511 3967117 4106016
4055545 3972546 3963543 3999753
4029101 4029055 3917960 3968662
3882078 4056345 4001641 3916889
3759221 3851014 3869876 3722004
3789384 3853440 3765816 3830465
3787608 3773607 3734224 3661915
3801891 3698896 3825295 3750589
3951413 4084360 4008089 3915793
4003204 3962526 4026184 3977368
3782432 3962904 3802819 3838376
3929978 3822016 3928134 3923952
4055709 4143395 4094309 4113367
4178940 4097140 4137361 4102950
3832402 3983420 3820465 3936310
3941488 3926535 3895423 3906414
3745480 3922695 3844494 3825817
4022690 3967275 3843671 3934871
3857630 3788553 3839545 3905795
3918184 3850890 3791310 3829310
4109581 3888169 3987234 4183305
4066145 4157902 3997034 4026083
3948229 3787744 3819535 3872903
3917439 3974576 3834922 3895913
3906947 3710599 3821400 4011637
3959155 3984557 3804063 3788842
3795018 3761774 3873639 3786244
3818435 3741691 3867178 3749973
4064943 4107691 4166277 4080093
4059198 3981055 4063940 3907485
3777073 3887217 3951662 3805390
3836850 3774022 3938621 3770933
3791096 3844660 3915821 3848409
3836258 3747937 3851626 3816847
3918647 3879638 3829635 3938587
3931029 3705472 3637254 3828872
4134331 4010714 4011116 4089215
4191499 3917019 3966853 3965872
3893985 3801403 3755982 3964669
4061259 3774807 3761748 3837306
3816833 3772453 3789859 3912294
3934222 3759731 3799431 3792457
3866466 3884422 3900490 3939725
3972066 3882926 3787981 3925101
4017798 4155577 4147270 4140681
4220296 4064216 4077334 4125119
3828289 3913259 3845278 3996215
3909875 3819940 3779899 3872912
3879336 3942194 3824886 4004227
3946622 3884630 3786900 3919112
3904049 3882010 3898917 3804633
3836762 3978818 3800136 3850842
4189950 4198736 4145827 3980362
3990023 4100612 4138808 3969274
3895787 3953364 3981631 3750454
3858827 3943738 3962652 3768731
3818649 3906715 3907908 3842500
3802761 3899809 3830458 3881636
3790326 4009302 3838673 3930274
3983855 3830546 3884660 3934759
3913990 4110474 3984239 4082284
4123871 4022815 3972478 3976987
3884384 4119522 4029989 4031639
4079359 4039931 4030441 4017616
3801356 3932482 3827147 3880907
3960343 3928401 3911211 3885146
3866107 3737622 3820785 3990868
3930745 3997384 3840182 3856174
4049133 3884771 3909773 4053206
4045917 4090552 3979543 3923244
4040107 3891158 3985448 4060333
4031983 3980758 4015798 3958098
4006841 3745240 3810796 3964969
4011331 3959614 3979751 3873813
3850201 3972905 3904486 3835270
3830394 3675063 3918986 3830347
3968447 3980960 4130220 4000945
3996157 3865917 4028162 3917318
3962892 4009424 4047657 3932370
3989892 3799284 4044450 3937667
3849016 3877256 3996879 3866194
3895764 3769643 3906688 3810560
3935764 3896820 3840614 3974268
3931267 3835540 3762476 3892699
3975026 4031888 3940362 4087887
4041943 3882493 3849929 3979279
4108839 3960325 3909354 4086772
4082784 3901804 3831431 4082117
3939218 3839717 3747890 3949366
4008797 3773171 3734039 3941361
3946845 3969034 3916254 3980436
4002864 3984215 3870501 3931609
3997157 4058285 4057121 4138853
4085029 3984570 3946775 4106662
4063161 3921426 4076653 4086772
4043177 4101609 3893405 4105486
3966351 3950055 3967889 3960707
4006657 3973181 3850262 3880985
3966394 3955867 3833436 3755746
3893349 3969208 3911301 3788349
4038974 3992653 4042766 3937450
3935428 4037355 4054498 3955030
4058642 4050212 4045753 3898662
4009549 4076101 4061648 3943211
3915464 3966963 3970255 3891494
3971955 4007719 3945280 3856065
4020368 4172566 3977338 4099552
4187548 4193586 4111187 4160353
3778697 3908828 3757077 3833534
3928611 3803545 3878369 3844040
3819891 4008821 3892529 3835423
3995852 3940446 3908366 3893618
3853015 3900677 3711920 3777733
3911369 3788559 3862498 3839167
4072770 3992610 4008933 4125230
4106382 4236133 4083296 4078967
3887393 3801878 3763845 3946890
3790913 3872935 3809880 3761118
3904308 3723024 3791744 3950696
3920589 3970696 3871670 3933312
3813150 3726693 3817426 3850056
3905880 3915553 3786745 3824017
4087123 4128372 4171828 4015096
3990009 3890548 4176738 3968808
3752739 3853088 3865173 3846243
3739032 3708870 3871228 3745239
3781054 3934447 3884548 3829188
3794745 3735895 3907557 3809447
3717701 3806252 3932617 3848874
3696214 3684525 3816637 3693240
4123458 4056800 4064306 4199878
4116765 3987796 3899770 4089158
3814442 3804257 3733649 3908286
3953419 3678653 3717056 3766867
3903848 3948425 3770196 3939682
3941490 3750033 3816947 3814201
3825005 3813031 3759407 3894507
3890181 3652531 3687809 3800937
4108836 4131507 4060301 4201518
4173924 4117564 4008043 4112864
3861735 3810750 3832325 3966891
3858223 3863169 3734398 3793577
3879080 3828966 3930575 3971373
3997229 3927918 3722330 3941865
3816435 3857322 3752048 3896354
3874060 3846210 3786269 3905300
4060858 4127769 4191891 4012263
4127116 4081113 4015190 4067294
3861850 3893769 3812504 3756629
3864549 3962910 3833256 3826807
3841691 4015977 3884586 3815898
3949188 3902782 3951379 3806510
3883515 3860913 3793365 3741984
3758804 3873943 3805084 3784913
3703604 3877031 3738050 3844324
3865085 3829274 3867659 3860455
3721782 3797479 3739899 3774087
3911075 3743416 3798634 3784044
3762449 3835947 3809069 3831983
3830788 3842971 3849547 3820774
3955213 3939435 3899406 3862308
3965053 3872534 3935775 3930207
3806945 3748794 3766535 3847463
3871387 3875239 3834814 3736306
3778772 3658446 3771248 3801261
3803807 3820151 3706721 3783206
3847696 3704125 3786018 3933198
3942121 3830800 3739476 3807944
3908771 3756779 3800143 3952049
3916562 4009226 3850298 3845418
3770089 3793106 3923132 3824566
3763361 3704301 3862763 3737019
3678094 3769776 3894341 3678508
3753685 3625038 3701464 3695927
3781626 3801204 3876610 3827439
3844743 3662665 3841213 3803403
3829365 3833166 4001235 3930892
3832093 3756321 3982970 3821152
3826260 3808653 3699229 3852191
3889278 3679288 3684437 3765380
3752851 3745312 3642042 3816062
3916921 3644672 3606986 3714492
3847626 3806977 3751519 3920779
3904468 3727368 3707332 3746189
3892210 3848324 3732893 3923804
4020287 3777294 3697250 3807033
3778510 3865203 3729953 3985160
3904473 3908043 3714229 3824075
3768288 3861990 3826486 3822485
3787821 3707043 3737224 3801040
3781827 3784811 3841388 3904120
3859679 3845116 3829397 3792336
3966568 3968603 3916942 3978660
3918545 3911987 3784242 3899388
3834282 3896527 3780903 3737320
3785393 3866170 3817955 3789848
3810853 3795405 3673648 3737347
3796050 3776728 3817758 3769911
3780399 3825914 3818768 3772177
3765774 3919423 3789255 3803021
3924767 4056815 3979991 3794162
3845291 3998434 3937454 3901984
3735765 3950326 3747149 3875267
3923756 3921903 3954285 3863587
3830620 4002760 3887575 4004463
4081113 3937005 3997968 3945071
3803629 3969664 3885482 3919619
3998306 3892004 3883644 3902413
3727753 3844024 3802008 3771649
3842740 3844884 3760929 3752606
3913112 3767112 3771157 3906825
3869897 3893564 3827315 3838572
3928517 3841460 3870692 4061656
3999655 4050420 3976908 3910093
3874894 3776801 3841861 3956222
3846180 3939801 3825092 3890212
3822786 3749941 3687779 3925612
3804216 3879759 3724998 3688123
3801036 3921771 3982958 3881287
3800098 3828259 3892464 3688154
3985266 3974676 4084160 3980055
3898346 3777616 3951990 3843355
3788606 3785821 3971517 3854715
3824632 3764840 3913659 3801707
3794483 3782706 3870536 3704629
3766548 3612113 3855637 3698708
3855596 3873156 3735176 3899832
3976091 3764224 3789040 3895093
4000612 3960094 3846713 4007898
4004755 3812638 3846017 3886817
3861908 3826808 3787368 3953253
3898924 3769928 3693829 3864578
3788822 3754294 3734664 3814121
3869929 3752249 3696405 3744254
3895528 3883106 3887205 3997957
3867066 3865551 3878202 3899150
3956445 3967688 3952386 4046237
3973874 3976270 3904263 3974272
3916392 3859067 3801134 4000611
3900738 3932600 3866587 3956571
3838377 3846250 3879069 3916465
3839426 3791892 3732577 3867433
3884279 3950248 3908668 3749907
3818804 3889159 3992019 3757654
3969838 3957270 3936726 3884228
3941731 4030641 3956777 3876740
3924221 3920491 3904597 3837907
3857990 4001185 3893268 3847166
3841099 3789380 3862780 3700647
3768778 3874872 3793440 3712563
3795754 3956443 3896254 3916901
4064383 3950029 3980609 3893097
3852360 3915349 3844949 3861936
4027420 3996666 3938137 3926222
3783161 3941160 3847221 3880688
3934340 3828988 3829603 3833768
3760855 3837881 3677754 3794505
3924797 3781837 3803546 3768401
3949411 3802613 3942858 4058238
3930503 4007771 3969285 3842526
3947297 3779328 3855461 3910086
3911079 3980126 3838682 3925048
3887737 3777601 3753486 3904341
3904191 3998914 3867910 3794060
3826243 3705441 3757537 3897508
3839736 3871161 3792716 3764364
3921542 3977047 3978396 3906198
3887238 3850665 3920719 3833343
3799421 3859121 3976479 3888657
3827875 3718630 3934811 3816525
3752417 3865629 3909923 3839060
3811196 3689217 3902622 3719186
3797820 3801300 3852882 3759179
3762948 3706170 3818767 3742774
3905057 3929919 3800883 4012572
3985648 3769727 3807723 3911796
3896902 3942983 3758561 3954149
3953957 3801918 3704336 3828902
3853728 3895920 3845058 3947273
3885480 3719500 3712369 3855429
3846057 3817571 3775931 3886678
3872546 3653120 3737578 3806068
3994373 4022737 3917949 4023694
3989540 4013934 3972440 3909007
3935408 3926805 3885100 3976920
3966139 3859414 3851264 3960584
3868895 3889113 3931303 4065781
3879890 3921501 3876600 3846875
3790444 3854457 3832828 3882508
3824216 3811134 3741451 3883150
4000707 4034859 3866472 3827538
3876224 4012073 3999572 3923560
3996972 3933161 3967584 3789206
3854181 3957484 3888200 3818125
3842006 3938872 3887282 3734210
3872578 3954503 3842944 3840396
3815198 3901212 3825070 3664914
3720718 3880845 3910249 3778323
3801845 3822437 3831833 3868399
3942790 3900780 3818046 3835008
3745533 3927690 3843338 3952451
3981413 3906209 3964084 3933420
3758189 3984013 3917525 3906969
4045566 4005103 3992517 3951947
3869691 4010529 3930675 3979691
3994280 4022331 3970070 3954689
3921360 3731697 3865033 3935149
3872987 3860968 3804578 3798142
3917476 3737312 3849447 3963331
3936086 3916158 3930797 3859499
4040193 3836666 3882237 4062121
3980206 4086594 3953208 3955688
4099024 3774722 4030496 4034198
3991325 4014188 3922002 3891546
3781184 3910396 3844283 3715954
3802349 3675263 3938326 3713415
3796721 3883836 3958840 3961788
3821661 3750035 3911755 3824962
3873862 3969587 4046681 3876977
3966634 3799704 4089018 3813927
3908640 3991264 4079913 3936503
4055894 3839394 4003290 3834373
3846454 3810286 3705606 3944129
3902274 3658589 3713593 3772498
3955727 3895994 3884984 3969504
3943867 3782418 3767389 3877014
3923279 3916447 3883421 3997154
3981791 3859605 3834940 3921311
4003317 3953176 3903777 4017949
4024521 3831259 3793131 4003091
3792317 3853244 3884840 3995855
3882868 3811008 3830295 3872709
3929091 3893014 3908209 3958675
4028513 3920372 3806660 3950871
4025786 3959235 3989495 4105814
4023553 3908932 3834969 3966220
3973708 4092236 4012268 4120132
4050704 4021072 3922329 4075901
3881862 3901617 3895427 3789526
3795828 3967467 3889179 3793933
3903927 3968545 3889670 3912766
3838784 3914653 3947984 3889260
4002858 3980808 3969103 3850740
3957850 4051826 3949669 3941219
4010894 4062367 4056328 3871374
3875292 4034297 3984554 3978979
3788339 4032343 3869624 3956327
3998851 3911106 3881833 3887950
3771827 3944259 3868535 3864506
3959407 3992321 3960546 3977246
3795242 3943429 3948697 3999999
4074031 3961612 3974802 3962096
3766739 3934728 3859865 3915902
3892882 3885771 3904909 3856826
3888947 3850691 3861041 3958037
3989828 3985352 3950078 3817060
3936478 3733633 3856325 3906745
3807685 3972851 3911814 3894944
3964330 3933860 3909362 3960642
3994267 4016255 3996392 3850173
3900652 3820810 3798983 4033714
3876487 3991366 3911633 3802483
3958486 3904412 4007221 3829213
3820167 3758253 3900752 3784439
3857298 3936822 3919448 3798285
3874015 3733038 4053190 3754619
3857459 3965090 3971493 3925330
3813446 3771689 3949118 3767945
3935834 3876331 3985875 3909296
3937361 3687351 3948734 3795894
3870269 4017758 3814831 3949645
3956675 3728767 3720406 3865630
3904205 3807560 3788457 4016940
3986224 3735797 3795817 3834525
4003401 3944371 3912163 4057957
4015197 3803872 3791338 3886746
3891184 3822336 3832247 3864467
3964490 3717353 3712171 3873732
3936028 3942822 3991736 4043119
3989630 3915339 3876657 3896478
3951205 3905256 3917422 4042619
3942298 3941545 3809733 3925462
3954890 4006947 4051065 4150554
4040765 3910793 3982028 3979885
3899067 3943926 3961308 4022830
4033159 3986668 3811601 3927009
3918428 3912886 3931033 3846011
3833116 3948051 3987671 3892951
3880047 3976816 3836448 3853805
3900207 4011685 3959748 3783916
4014660 3988977 3982378 3816688
3989732 4049142 3969549 4005854
3939256 3900168 3949968 3824080
3925534 3987170 3879960 3868201
3906159 4038256 3939897 4046747
4012511 3991289 3975739 4051716
3927277 4060299 3946505 4000009
3966189 3917703 3954168 4038220
3737014 3897679 3741939 3852196
3970065 3788631 3852829 3819914
3845344 3980204 3872207 3906957
3999330 3994208 3872318 3891855
3985855 3861513 3897258 4014067
4053826 4014014 3975096 3923593
4035822 3863404 3890015 4016911
3987786 4032351 3930162 3963987
3854931 3703307 3805036 3902845
3869787 3925673 3810139 3791425
3967494 3832205 3877893 3995189
3923490 4026411 3970214 3868125
3880370 3975163 4036050 3905288
3913509 3791825 4055571 3830342
3876533 3994418 3975153 3876819
3874844 3826727 4014628 3913553
3790827 3760013 3981692 3838529
3746420 3723238 3878946 3742620
3843260 3902324 3972764 3911833
3887880 3728786 3950660 3846777
3925858 3966236 3787703 4023095
3969631 3772026 3835187 3895303
3933125 3873242 3854124 4014295
4012889 3783710 3875081 3872807
3889297 3730555 3766193 3880202
3961740 3673909 3667069 3813551
3873499 3859886 3906316 4005828
4096901 3885040 3764498 3831914
3856974 3979665 4081996 4123815
4039282 3982416 3938025 4032715
3895473 3988413 4008628 4087769
3937519 3983300 3945121 4001200
3850106 3949708 3812344 3948023
3896899 3777853 3809549 3822111
3933011 3929681 3832147 4052172
3965033 3874520 3902202 3915091
3998425 4070440 3953220 3932895
3977122 4020000 3962045 3885992
3895532 4043699 3990592 3845165
3975917 4068649 3945198 3919795
3902142 3833586 3864212 3714126
3790870 3869161 3771627 3861367
3982791 4058234 3929880 3841898
3921552 4036457 3859292 3950562
3907669 3950491 3847330 3885748
3968455 3971149 3912739 3866136
3778422 3908099 3814029 3810585
3894614 3932532 3801785 3881956
3731457 3912107 3850606 3819986
3979978 3794002 3820682 3892551
3829324 3949017 3916159 3882740
3963682 3942082 3904933 3812147
3984535 3773380 3864079 3879810
3932915 3969421 3829634 3882686
3780079 3751776 3779095 3852051
3821592 3901687 3782644 3873535
3864009 3765953 3763281 3978098
3898851 3970174 3840529 3771093
3962743 3772528 3852321 3974224
4002600 4028572 3894462 3891364
3743633 3872852 3941245 3877342
3861671 3774030 3953362 3783299
3731005 3822360 3903503 3736127
3749236 3717197 3829267 3796870
3778572 3846170 3855601 3847087
3895195 3663832 3921249 3770862
3804454 3873541 4049582 3895112
3929468 3813360 3932025 3779538
3884430 3844818 3709611 3881828
3938120 3764543 3738320 3815534
3846163 3810720 3730447 3838631
3915511 3755834 3732913 3730324
3881402 3823756 3789469 3873489
3906890 3633431 3729728 3737030
3876522 3848058 3825996 3951890
3980304 3754604 3736636 3825883
3816689 3944681 3899103 3895023
3939967 3869135 3799794 3958935
3788428 3788077 3779610 3962775
3977127 3801197 3797406 3892455
3926202 3851308 3825833 3964938
3874276 3881808 3732957 3881815
3921206 3898560 3921030 4033816
4013823 3925593 3784165 3983664
3968968 3939122 3822532 3778571
3901451 3971773 3912246 3822086
3831460 3956043 3901906 3772470
3734818 3894635 3867759 3776671
3890220 4021568 3805563 3855361
3824991 3987500 3929765 3786191
3910629 3924033 3916277 3793236
3854610 3993889 3936964 3824932
3852284 3953260 3814194 3909972
3911316 3977655 3895517 3892297
3645018 3855480 3745930 3775636
4017711 3806158 3865718 3748511
3906156 3980029 3879993 3996131
3954401 4009974 3982459 3951519
3682078 3880073 3745190 3835605
3905876 3818179 3881673 3795743
3902453 3811539 3834799 3963256
3939329 3951275 3871914 3904395
3782491 3717616 3738898 3823849
3811653 3875983 3813287 3715423
3982704 3827590 3957393 4036744
3901329 4025788 3960220 3938071
3760361 3680704 3704655 3864688
3760201 3927386 3819484 3769489
3791327 3980849 4034314 3841754
3866508 3756869 4003770 3897632
3728115 3784350 3904158 3750743
3809976 3613138 3837433 3647159
3855542 3948550 3926554 3887669
3899794 3808312 4004504 3853062
3706777 3867272 3802366 3754721
3755139 3687313 3864205 3732229
3931097 3809959 3887254 3932619
3990178 3772566 3845306 3900964
3746729 3863863 3671362 3858686
3816424 3691132 3689297 3770530
4021103 3961078 3840615 4040842
4023688 3893330 3827461 3918727
3870058 3808929 3697567 3779645
3882947 3673660 3731070 3752577
3945886 3870238 3988423 4012720
3984261 3829972 3875390 3905008
3818254 3830872 3787796 3916226
3849091 3820803 3675745 3849724
3910188 3933952 3986925 4091812
3996706 3946705 3938906 4093748
3713607 3890076 3787961 3914776
3825837 3739214 3704436 3835107
3989346 4032961 3900386 3862868
3889648 3966946 3903583 3883122
3862760 3912100 3764249 3755081
3813562 3765272 3782202 3716064
3967004 4054575 3934458 3885419
3913846 3950002 3957954 3849807
3800468 3821546 3791757 3805998
3787355 3919103 3887781 3819639
