3777670 3678625 3709644 3752700
3797650 3795247 3790358 3678355
3826729 3835814 3886524 3878535
3932548 4057863 3992315 3820597
3961236 3877702 3870847 3978689
3938790 3902662 4042684 3838488
3750923 3728658 3771055 3672887
3897766 3866867 3837585 3716827
3710614 3649163 3657776 3857899
3563605 3725451 3783993 3694787
3902438 3769796 3900399 4068400
3655392 3963609 3864823 3951276
3966036 3878659 3900383 3965732
3691861 4009958 3885355 3972754
3813084 3704807 3739119 3871046
3629761 3767948 3791988 3778353
3636115 3718982 3919958 3743638
3694840 3729526 3590512 3664017
3816822 3863817 4135191 3825519
3862574 3858064 3769692 3793021
3864093 3907973 4175999 3889314
3739506 3902029 3805987 3749034
3668805 3698703 4064121 3743823
3638712 3744163 3641700 3611249
3826742 3714726 3724839 3810274
3544540 3850034 3613024 3715309
3954448 3891534 4020383 4029778
3818150 4098077 3810824 3843270
4039633 3898301 3944897 4028916
3827036 4002729 3867288 3835908
3863313 3789606 3847849 3802433
3674152 3890611 3664436 3779321
3730557 3633426 3919153 3638920
3808552 3673899 3824332 3810927
3871648 3787025 4053790 3912715
3891574 3907048 3975093 3948133
3874332 3735656 4007605 4022824
3909106 3909304 4001387 4014039
3751707 3621489 3924602 3739407
3740846 3724575 3897004 3827649
3960690 3806298 3781783 3666494
3705201 3652134 3748570 3840678
4154930 3948736 3910509 3787503
3962534 3884563 3942069 4048030
4019644 3936912 3982520 3775494
3892877 3808595 3951562 4030268
3823677 3793538 3728228 3653420
3738227 3692909 3836365 3868481
3923965 3834826 3852987 3842099
3915625 4055508 3899994 3769338
3679833 3590598 3684033 3655768
3677707 3784288 3798159 3634175
3858031 4006195 3906278 3998274
4032829 3950141 4002337 3901515
3748239 3727414 3811562 3835589
3756597 3869132 3885112 3678013
3957661 3862520 3823133 4027590
3679668 3856623 3906070 3906194
3732827 3601214 3666680 3811969
3521697 3762006 3760953 3685092
3968026 3914347 3850163 4041031
3818187 4010703 3962602 4012754
3856403 3739977 3747763 3975250
3602140 3866798 3831512 3893669
3826490 3892902 4135845 3808691
3744104 3854425 3710495 3802963
3684365 3643794 3945985 3668592
3603996 3640460 3583359 3572487
3812667 3921713 4119439 3946639
3917351 3930529 3777041 3766673
3751518 3767037 3969699 3742156
3674771 3771526 3766835 3759075
3943450 3907888 3896636 4060769
3808142 4014538 3759233 3842290
3760329 3713073 3701832 3829868
3644348 3813195 3621399 3747252
4043372 3960121 4009023 4044126
3861209 4034595 3907748 3967329
3882331 3736646 3842587 3972116
3697785 3900953 3681454 3786570
3909132 3696361 4005454 3892827
3879117 3933711 4020896 3983416
3678411 3716302 3713434 3711851
3716415 3645639 3808244 3811203
3965756 3774128 4030593 3951119
3970144 3931704 4082176 4059996
3838566 3689240 3944870 3797228
3794412 3679637 3992053 3918148
4035361 3937869 3966766 3820052
3919494 3805294 3893007 4045427
3834791 3764971 3694907 3595887
3679995 3579655 3708279 3779850
4194692 3990287 3933428 3807349
3881198 3789980 3987096 4030816
3873205 3858543 3825748 3652730
3784764 3713171 3853764 3946651
3810829 3827458 3832671 3887074
3933815 3965358 4001407 3831856
3815459 3854937 3877165 3919193
3970720 3986398 3948078 3904872
4053491 3973661 3970402 4019466
4119183 4031833 4070945 3940993
3880085 3853256 3839312 3824018
3931361 3924509 3923634 3829853
3870164 3830595 3913461 3965790
3695363 3842414 3875492 3940901
3910098 3866870 3898003 4023179
3688240 3932485 3990247 3948625
3991383 3914078 3929481 4148164
3737640 4059015 4033356 3947593
3899638 3814513 3871578 3984774
3648776 3890991 3893290 3905962
3834780 3867251 4122684 3878499
3724894 3837233 3645970 3726868
3898433 3951560 4200939 3826246
3770618 3849547 3728134 3858970
3904489 3928192 4126123 3891961
3874856 3984496 3903178 3820808
3830989 3787769 4128559 3848156
3731076 3788923 3752261 3768925
3980390 3832586 3959388 4052345
3830545 4004112 3791357 3862108
3967861 3852984 3971177 4020483
3758402 4042435 3791277 3902976
4121401 3994644 4166262 4185344
3914900 4094777 3833487 3936744
4017072 3902270 3895025 3920935
3764320 4037286 3793435 3870970
3822950 3651917 4032738 3868577
3876324 3814215 3889126 3948647
3903411 3751632 4029549 3875912
3864420 3854519 4000311 3896163
4016386 3850668 4141731 3961756
3961011 3945210 4064499 4065515
3881095 3721653 4007308 3865716
3908148 3855129 3938040 4012318
4026369 3867596 3774204 3756936
3863613 3669286 3895031 3891363
4088567 3894977 3883658 3786287
3942461 3808080 3949065 4002779
4116668 4055673 3923949 3914594
3867795 3868789 3926370 4074911
4026716 3966041 3827301 3705932
3876966 3785303 3903342 4010881
3829079 3762096 3733987 3882918
3840950 3884506 3903138 3702531
3875252 3905560 3871308 3891119
3931613 3961927 3996262 3753618
3876302 3880221 3856430 3807075
3968810 3903868 4032246 3842299
3811175 3772133 3802278 3845739
3825533 3854346 3885415 3714486
3836436 3735321 3745986 3855018
3632851 3780014 3838595 3878452
3905182 3835623 3870841 3986136
3681737 3938731 3987949 4018819
3877773 3811058 3813555 3967930
3649970 4012087 3897483 3890286
3827920 3747161 3816560 3921809
3645075 3900132 3853031 3854154
3703652 3722347 3901223 3776590
3693323 3811961 3704499 3722447
3841399 3908271 4120806 3891683
3817853 3815572 3727932 3785234
3769073 3910755 4048018 3798486
3777392 3784363 3692826 3694585
3700176 3865586 4043598 3802888
3792986 3824363 3661982 3728468
3844463 3851013 3816508 3844620
3759001 3950289 3674037 3870072
3946148 3908299 3908618 3969457
3802041 4039608 3776650 3881841
3940860 3894729 3897954 3976539
3809974 3965347 3779752 3834458
3884634 3858548 3869361 3929389
3714328 3988337 3711136 3775006
3735105 3669747 3932395 3828869
3825384 3831365 3854880 3927603
3864528 3855307 4058252 3859315
3849900 3881904 4041977 3930269
3829219 3716121 4035246 3923023
3958928 3832872 3950640 3972905
3780030 3648150 4021407 3868414
3884576 3875876 4008505 3922883
3942506 3826878 3770424 3706002
3794430 3675077 3801981 3851612
4063876 3975686 3859722 3800539
3872271 3774642 3874352 4046806
4056266 3883122 3863948 3802401
3858710 3782536 3864261 4041794
4021417 3903881 3833733 3754074
3805519 3745438 3877473 3878183
3791987 3774592 3875474 3771448
3892168 3984684 3851916 3727304
3803120 3831418 3831133 3829884
3940348 3872293 3977024 3793611
4005710 3987859 3967648 3955218
3972566 4023900 4037722 3933385
3947781 3848272 3834776 3991064
3950688 4024384 3953961 3836476
3891379 3801585 3838029 3983605
3690495 3897514 3836914 3843253
3876360 3794182 3863674 4049915
3699928 3910029 3894944 3931689
3969926 3854917 3961754 4035292
3693548 3941943 4009684 4009602
4043008 3890942 3920580 4009418
3661477 3920051 3912941 3924151
3743089 3859034 4053903 3825775
3738667 3851926 3798655 3664163
3763099 3766761 4094626 3831793
3754972 3837060 3759400 3678642
3856716 3871390 4183345 3902579
3838195 3886785 3802530 3822677
3778217 3907076 4146609 3971019
3804739 3839399 3899656 3788769
3919431 3858486 3983896 3940044
3713876 3959520 3754169 3695741
3981754 3882515 3889713 3990691
3797025 3949151 3710789 3840945
3945074 3904716 3978685 4025567
3864857 4088999 3800740 3865498
4056859 3968631 3957764 4026141
3804489 4129073 3779389 3918667
3832537 3709474 3949974 3884258
3875664 3872682 3923531 3817637
3856325 3679121 4061897 3847275
3840887 3882534 3901144 3985835
3922801 3791226 4076905 3925998
3966633 3987278 4071211 4051401
3881345 3758902 4076846 3911194
3933979 3892382 3981268 4000275
4027132 3904591 3887868 3770771
3943942 3691827 3840437 3883432
4059267 3959672 3844566 3700048
3884529 3737439 3831843 3960425
4102340 3935747 3910249 3781188
3950565 3854550 3994346 4122657
4087258 4007793 3951067 3754029
3918449 3818765 3942104 4060567
3834908 3869277 3867316 3801514
3900369 3944625 3919302 3819491
3709087 3725869 3714828 3741966
3781596 3842986 3839172 3729289
3963888 3853513 3933496 3885072
4002826 3985456 3956673 3816655
3790207 3840782 3908151 3784221
3918629 3908913 3947627 3794858
3920790 3814102 3856357 4072139
3665440 3873979 3873938 3912642
3798744 3664616 3726049 3854842
3519453 3790263 3713723 3839213
3905384 3854672 3893498 3974688
3644535 3973741 3918673 3969081
3835265 3822158 3773984 4054552
3653988 3885018 3793012 3878936
3791027 3887275 4057992 3878591
3799598 3860283 3831075 3731223
3711249 3743997 3941004 3707370
3724155 3599345 3576984 3588617
3919230 3961492 4127125 3912015
3802330 3925186 3813954 3825523
3824554 3848524 4112400 3772428
3748928 3806201 3705067 3678411
3959382 3848613 3884189 4011723
3774177 4026778 3788689 3829777
3864352 3746674 3750521 3879992
3669125 3890355 3585294 3736590
4056711 3930124 3920547 4028936
3825431 4038719 3724411 3908478
3928058 3819201 3875918 3972364
3794314 3994695 3682133 3855504
3864220 3686826 4015582 3894116
3794319 3822082 3994046 3959476
3681229 3580055 3876280 3611444
3739724 3732530 3807028 3732432
3910495 3847742 4103465 3801382
3868881 3838949 4026109 4035681
3846084 3735130 3975997 3875110
3830169 3850301 4009833 3923567
4039627 3949920 3806551 3773981
3802957 3698431 3915853 4043150
3928089 3809102 3635365 3563871
3758447 3683317 3704186 3892072
4065555 3987344 3869189 3773226
3835208 3846614 3942309 3965266
3977735 3985375 3862025 3768614
3871528 3711177 3849233 4047332
3835642 3775430 3855033 3835064
4010743 3910144 3911342 3776874
3962082 3999804 3977148 3972864
4042208 4075564 3998649 3971415
3758386 3792461 3775785 3786568
3790894 3832278 3822327 3735502
3978788 3910819 3936335 3912564
4030174 3916883 3963797 3943496
3865124 3808097 3868690 3917448
3700876 3963428 3961446 3829827
4009596 3975965 3915753 4077528
3755214 4059668 3963010 4123375
3821546 3710177 3789178 3841836
3623124 3838926 3846912 3859792
3978413 3851812 3857166 4068258
3727972 3977781 3968198 3975615
3738387 3770453 4107352 3821705
3758961 3794407 3737229 3759268
3934708 4025026 4262805 3971232
3890330 3889068 3879878 3882499
3733401 3791937 3976107 3708091
3764428 3765253 3704698 3780212
3892974 3880015 4157898 3820282
3866787 3909472 3859608 3879016
3917152 3902378 3877206 3950412
3820288 4018811 3750718 3899311
3980648 3988697 4050804 4139667
3860894 4233135 3940210 3992025
3950768 3832641 3877751 3968005
3727993 3962825 3745888 3814368
4115790 3897244 4008411 4019167
3871507 3968181 3846473 3910253
3880104 3831462 3878008 3856410
3888000 3847121 3933860 3906155
4017150 3914570 4115438 3954850
3988340 3981914 4038418 4073210
3770618 3776811 3985264 3723573
3863203 3779915 3861145 3880134
3940684 3792265 4077223 3906792
3924173 3947945 4046455 4039414
4101978 3965953 3853576 3784691
3912747 3792618 3846592 4046815
4212086 4044487 3983514 3923983
3977337 3891059 4043358 4084421
3935351 3909062 3751808 3708555
3781867 3740951 3860138 3910733
4193929 3994696 3855829 3823229
3958497 3784786 4068856 4010702
3816523 3825098 3929339 3841122
3909021 3947254 3864956 3769324
3869026 3933676 3814697 3860267
3915630 3940547 3977452 3875035
3792921 3797968 3821694 3785042
3886966 3938564 3925068 3740069
3744615 3819198 3772364 3724905
3815958 3848980 3864703 3738537
3910908 3741243 3893093 3985872
3699529 3918064 3915690 3965484
3869297 3798120 3823647 3988316
3704645 3932931 3840242 3951573
3968644 3786435 3871755 3935795
3599975 3885626 3883727 3928556
3830098 3666342 3794967 3825580
3607792 3904899 3790925 3826147
3784162 3819971 4094964 3741325
3724176 3874002 3775285 3703267
3816889 3882073 4145893 3856919
3789194 3854579 3729567 3775460
3719952 3827198 4041530 3809911
3749500 3760856 3708755 3758826
3788436 3757986 3984599 3731428
3745647 3735907 3614051 3619960
3998167 3889731 3919142 4058820
3786024 3981064 3760135 3860222
3942282 3831388 3882614 3909663
3745668 4009431 3734491 3844824
3936694 3886484 3860876 3890545
3820945 4021381 3739899 3878803
3859607 3783258 3926069 3963267
3772633 3951433 3742133 3748020
3787480 3741709 4045224 3851944
3884674 3766590 3964815 3983462
3775774 3792738 4030365 3779057
3874128 3909109 3973475 4028527
3868044 3791900 4005676 3863204
3802720 3823903 3969633 3946955
3747649 3666774 4004051 3748442
3833033 3760104 3951888 3956173
4105822 3853387 3798388 3726796
3899844 3818867 3832189 4057245
4100129 3988525 3779535 3665725
3918116 3811807 3872639 3976041
4115046 3961640 3901680 3702540
3840778 3792435 3867917 4005658
3904476 3814460 3762405 3762840
3868900 3606094 3820351 3873445
3973141 3950264 3942286 3964709
4046552 4028996 4074451 3962541
3753741 3685068 3751394 3797915
3783159 3788033 3877396 3737013
3927244 3917972 3940944 3876888
3943117 3927344 3978851 3881446
3926049 3928692 3919747 3909315
4051816 3993446 4095952 3869387
4007542 3987085 3961154 4125068
3763802 4076898 4115007 4067347
3802833 3727692 3848434 3940864
3611507 3811425 3828208 3820133
3917329 3828863 3864087 4052172
3713477 3984200 3882853 3986439
4049839 3985446 3941597 3992849
3767767 4026036 4072097 4056443
3879306 3930313 4251356 4040223
3958202 3907123 3826678 3928123
3703258 3774608 4086165 3730652
3716417 3794426 3686537 3672710
3903163 3895740 4181957 3877604
3759966 3862394 3747125 3772778
3865166 3952572 4196883 3932633
3955449 3943856 3836638 3862020
4095103 4000726 4114387 4104687
3908575 4161956 3855905 3900814
3920893 3732232 3798245 3895254
3691699 3883834 3724518 3724951
4025203 3888340 3980092 4075713
3819993 4053066 3787271 3948149
4117022 4079532 4017025 4034627
3851306 4062091 3800906 3959309
3965682 3790309 4112075 3960299
3964887 3977021 4066348 4144770
3784710 3660212 3880365 3776667
3809418 3704882 3887908 3871183
3947813 3787783 4077407 3920180
3900266 3856119 3974441 3942462
3952514 3924643 4124407 3939650
4030474 3991194 4015870 4086873
4284310 4053898 3953345 3905121
3931197 3839050 4016553 4139410
3946541 3848092 3779628 3758145
3794246 3672909 3823746 3924848
4158600 4033575 3917134 3844630
3920923 3753301 3973940 4053479
4225655 4023339 4074509 3900319
3924891 3866697 3983803 4153173
3796628 3699592 3757413 3791887
3746174 3821701 3762793 3677395
3874031 3818223 3885768 3841197
3874477 3908439 3867878 3780645
3789406 3804664 3928553 3898429
3910923 3950773 3940220 3811996
3891863 3892356 3843587 3925784
3892182 3983111 3995514 3894803
3713800 3693343 3695737 3854366
3564593 3779442 3834145 3805808
3850929 3784362 3762741 3862612
3560998 3899042 3862041 3866914
3879184 3873860 3812065 4002954
3649763 3922168 3924846 3897945
3998626 3885289 3889700 4021815
3711052 3939789 3952084 4009421
3710444 3707185 3942626 3650716
3577085 3706386 3671395 3713175
3749668 3787804 3996534 3775243
3754128 3787355 3735925 3722217
3824960 3869530 4091385 3824218
3764715 3897794 3752165 3750934
3825703 3881004 4143203 3896749
3821768 3855184 3807771 3827445
3878142 3752739 3740666 3855098
3724017 3824090 3678913 3695879
4001664 3796092 3905663 3870552
3753152 3910696 3689035 3819111
4052038 3838319 3880160 4026497
3851338 3969889 3745260 3831471
3972973 3974006 3976765 4062770
3828024 4066857 3779216 3940031
3739989 3604530 3856971 3745370
3762866 3682649 3760737 3828399
3815239 3710795 4022131 3815673
3795267 3751322 3907850 3896730
3843073 3686787 4002648 3838551
3806765 3887683 3980328 3981407
3949754 3829895 4079700 3950774
3931797 3867801 4113454 4048552
3951707 3809031 3721362 3624472
3788885 3605138 3757827 3832632
4022640 3903449 3805302 3739994
3895085 3671254 3741452 3923867
4101250 3884657 3803191 3695243
3851495 3782790 3916975 4111984
4060222 3938231 3927056 3785370
3926607 3822113 3938273 4035966
3873285 3813869 3858881 3811318
3869322 3882542 3963575 3815783
3949397 3930043 3955724 3947632
4043364 4046176 4070291 3913997
3949864 3958847 3932511 3901125
4055374 3969660 4032298 3855745
3823473 3777304 3766479 3747073
3814569 3882093 3836917 3692135
3883286 3832481 3760977 3976812
3650914 3882927 3822039 3890650
3989260 3940846 3958489 4062893
3791278 3994433 4027422 3987868
3994591 3905812 3937121 4036725
3804833 3940755 4000181 4116500
3836835 3776316 3749594 3834079
3627301 3881746 3890030 3922690
3812299 3885905 4032328 3900604
3695557 3835059 3706738 3778072
3869012 3972082 4224405 3927851
3843577 3865756 3817116 3817321
3883892 4025135 4232982 3865885
3899467 3901466 3813486 3814190
3651942 3786662 3996582 3777864
3746436 3756552 3688623 3702377
3973919 3782777 3871253 3927563
3813568 3947499 3726888 3835620
4102265 3910339 3988701 4166542
3856294 4041004 3906202 3899664
4084054 3981170 3939845 4065198
3982448 4151297 3870275 3971213
3881435 3808666 3773667 3993315
3731966 3926738 3696302 3804041
3828851 3733292 3950437 3767984
3859922 3810369 3914138 3887318
3894375 3874241 4138928 3948180
3895913 3949522 4064427 4044295
3968178 3761958 4103454 3935680
3968457 3966907 4013859 4035966
3815279 3667016 4024199 3797784
3774714 3870993 3799508 3992144
4007286 3918141 3831221 3743617
3809986 3672246 3869177 4028356
4198680 4026840 3945525 3911709
3938972 3876976 4003975 4130444
4195247 4076317 3891544 3986650
3949775 3810949 3897351 4073681
3940865 3771268 3806081 3705226
3770829 3637592 3752044 3882285
3960042 3989733 3939114 4015597
3998880 4016210 4045722 3876880
3787606 3776641 3797294 3794686
3896897 3839108 3888156 3762249
3762910 3745333 3694184 3795494
3881565 3887643 3874791 3626855
3881653 3764643 3783080 3798421
3957869 3871381 3894794 3762752
3964440 3876706 3987525 4097807
3763467 3962311 4022619 4063598
3839437 3815213 3851953 3929963
3632987 3819928 3869491 3918873
3862980 3694798 3774331 3871856
3607561 3854869 3883472 3834052
3902228 3812192 3721650 4028111
3623155 3881738 3814447 3800579
3856777 3918799 4172607 3981064
3870950 3899130 3909174 3911270
3776130 3805766 4004858 3798683
3748697 3761654 3691626 3744158
3634215 3741437 3975752 3747088
3642285 3692283 3575694 3730636
3777612 3761178 3965391 3855643
3706137 3744216 3808989 3707465
4009467 4012010 3949459 3994580
3823552 4077029 3939201 3961004
3898311 3825603 3852701 3957948
3740789 3936034 3724499 3799758
3885993 3799660 3809029 3868663
3694872 3906573 3653285 3785952
3942640 3881712 3901379 3926448
3759484 3981513 3712018 3840919
3972069 3732718 4118679 3932026
4066602 3972618 4053993 4104922
3817034 3720018 3983665 3730487
3802615 3785404 3968453 3843995
3776049 3678526 3934246 3777933
3787296 3763459 3830931 3879979
3736054 3808169 3906378 3853576
3747449 3844798 3856593 3899529
4133938 4018475 4005951 3856656
3869199 3862735 4061789 4080255
3968240 3885583 3846547 3800527
3834766 3694110 3896285 3950180
3948577 3929918 3755217 3714752
3793370 3674359 3876163 3819432
4010800 3906451 3792357 3734913
3837817 3712988 3876687 3994531
3828998 3825298 3776385 3689628
3701613 3724674 3904498 3877699
3902700 3904572 3777011 3835999
3899047 3870679 4005715 3891362
3846670 3779140 3714143 3710673
3688771 3698968 3857284 3818562
3902216 3761016 3786014 3790748
3803169 3776359 3983280 3849811
3871249 3708249 3848342 3769381
3717401 3901508 3772974 3769187
3960296 3802886 3877068 3830109
3860874 3927288 3899575 3772633
3862023 3712477 3799957 3796807
3708092 3901529 3708671 3707645
3902366 3746366 3991668 3867353
3811690 3953749 3706426 3754153
3748542 3748326 3729419 3700577
3847858 3695486 3676725 3862338
3806504 3990156 3840293 3713917
3959397 3734140 3825981 4001682
3724111 3838160 3747477 3692508
3718280 3721445 3709233 3787715
3932574 3935324 3845753 3697092
3913650 3722058 3655189 3959059
3855319 3699708 3636322 3693383
3994171 3745381 3824080 3848200
3890545 3856748 3792194 3832682
4018734 3888268 3831343 3894408
3653365 3636023 3558968 3632176
3909800 3773740 3755479 3797901
3839231 3739248 3778502 3710534
3966911 3847329 3926883 3842202
3866173 3762889 3723343 3853255
3699817 3760138 3831510 3841494
3873746 3790032 3747218 3831260
3781791 3779870 3835379 3912782
3809021 3671349 3637990 3742577
3671135 3715406 3746809 3787367
3872143 3729326 3672483 3865538
3819075 3759454 3795772 3951269
3957779 3792259 3836566 3736574
3817267 3788374 3812654 3608882
4097069 3856242 3942461 3767371
3805912 3876518 3919943 3724322
3911810 3725781 3850996 3707243
3677334 3776174 3762601 3610683
3964360 3865496 3925247 3688108
3804360 3774253 3911494 3739522
4109231 4076481 3932705 3927117
3933521 3845990 4114111 3989975
3964225 3895235 3922593 3796762
3825487 3903752 3957159 4039667
3863205 3825512 3793660 3696253
3750793 3745784 3930737 3718538
4057996 3995665 3983055 3818353
3924365 3984740 4130925 4055797
3989499 3913533 3978318 4039380
3861080 4104602 3918657 3893431
3974681 3880965 3956947 3934451
3806786 3951012 3798848 3857837
3827336 3727014 3879522 3851469
3720928 3865384 3693555 3678945
3975864 3878629 4056287 4074201
4008782 4030234 3889260 3866188
3889158 4081418 3950708 3875634
4096770 3881605 3841401 3957739
3854220 3924365 3888506 3852913
3973222 3856200 3774816 3955584
3740748 3836452 3795868 3664896
3832327 3621994 3615512 3819316
3874918 4048470 3931408 3883123
4009603 3941629 3871546 4039300
3971635 3904121 3816020 3785053
4059797 4037287 3961031 3974256
3901211 3870901 3778127 3865572
4070389 3855405 3902225 3934680
3725993 3719530 3740627 3681524
3996752 3780821 3802015 3791487
3962054 3922081 3813931 3834214
4173444 3968951 3967849 4034873
3983340 3904175 3979615 3946164
3941699 3941891 3870654 4049994
3909395 3846720 3823587 3896744
3855574 3881516 3829864 3940583
3830741 3661931 3675590 3709305
3749701 3748533 3763014 3954404
3986414 3924147 3922190 4015939
3913909 3865052 3894268 4066350
4073492 4024961 4064636 3923773
3888282 3973559 3979153 3795512
4069957 3976244 3931155 3826815
3870326 3903517 3977430 3758421
3871794 3842551 3858351 3837280
3810712 3901697 3868602 3670654
4164320 4016626 4067563 3872569
3999762 4014644 3999813 3829157
4054463 4025923 3945657 3865650
3899697 3884773 4129425 4127381
3951845 3918632 3881633 3754472
3891088 3879049 4141904 3930121
3956880 3843885 3899894 3798791
3826357 3722944 3948731 3800690
3851746 3713157 3696292 3545921
3683022 3680025 3904429 3791201
4031281 3973396 4017449 4044841
3952884 4022251 3966416 3890000
3977065 3760568 3927186 3952179
3863597 3919342 3878603 3806617
3905892 3773812 3868088 3771143
3840338 3896279 3797404 3770798
3759739 3659478 3756941 3701742
3734493 3818778 3691458 3654752
3938066 4048880 3897422 3877311
4129943 3922489 3911867 3917363
3868573 3957420 3869941 3841252
3996985 3820002 3782729 3987497
3685097 3922126 3797270 3726798
3857449 3811983 3648091 3878165
3629705 3713557 3729805 3626902
3832732 3636161 3634765 3760813
3989776 3916606 3856123 3836749
4186037 3986329 3948627 3986078
3957334 3812116 3762554 3790554
4119193 3881327 3991554 4003518
3868400 3741761 3735675 3755336
3964198 3829376 3872732 3825017
3719369 3710288 3497450 3613162
3856687 3761272 3647638 3820685
4022499 3925941 3955120 4010376
3915966 3969890 3848094 4028475
3925587 3855545 3953963 3884271
3798866 3837575 3846756 4013449
3834492 3808285 3711645 3886173
3813817 3821472 3775053 3897482
3788774 3709599 3683095 3792817
3729746 3618715 3747063 3764452
4151616 3999469 4079020 3928901
3929206 4073503 4043110 3870310
4029477 3929509 3991892 3909431
3881614 3936137 4022818 3837896
4045819 3880774 3963794 3854797
3789904 3838461 3851516 3644171
3862832 3703875 3736177 3639678
3749853 3621783 3783131 3607727
3759978 3780417 3728404 3728299
3691956 3668968 3922158 3853201
3884574 3843054 3789543 3664568
3810426 3709681 3872087 3834285
3890153 3760824 3760277 3719247
3706689 3717813 3961335 3816842
3881411 3817148 3863195 3798266
3906515 3877158 3998619 3823714
3759686 3752986 3817487 3744772
3809302 3804037 3716288 3636156
3776877 3797053 3917139 3822892
3805129 3876094 3767391 3732835
3761250 3751994 3816026 3788920
3767007 3850913 3731515 3626874
3897422 3813150 3964362 3867740
3922580 3975820 3842065 3847119
3707362 3928226 3717915 3683835
3840189 3630090 3708738 3732845
3749936 3898006 3744835 3712731
3794921 3776480 3771959 3788847
3736277 3812800 3733378 3710749
3877524 3678456 3693993 3805063
3794648 3922694 3859681 3822418
4088190 3808424 3747290 3920553
3714958 3739393 3637521 3678142
3897064 3796528 3798685 3864445
3752601 3792745 3625707 3688871
4007877 3858726 3786802 3872630
3772051 3687168 3718046 3666077
3926792 3834215 3776405 3800388
3907301 3755082 3705574 3845475
4009487 3848791 3894083 3962003
3827568 3756652 3682838 3678926
3694105 3667791 3693767 3781121
3793860 3737768 3761870 3775502
3679275 3746244 3691520 3904132
3828220 3742721 3681260 3747641
3763169 3711791 3757290 3873666
3989167 3853366 3780121 3919245
3826327 3881771 3788812 3917151
3921970 3736702 3841870 3684714
3713399 3783337 3790452 3608030
3953629 3746493 3843658 3700657
3807770 3795405 3839958 3712909
3869662 3866914 3808264 3678362
3753182 3725380 3849435 3582396
4078873 3887995 3990597 3894800
3826974 3974736 3975240 3856118
4032217 3858274 3939906 3820689
3880770 3887908 4078876 3950391
3925317 3877087 3835933 3743050
3862832 3767765 3981923 3893971
3909583 3791887 3871150 3741840
3822398 3814224 3948009 3941162
4070469 3921718 3991789 3954192
3942578 3973282 4097734 4087066
3946596 3890050 3970020 3942414
3844204 4033679 3870304 3813144
3867612 3878685 3858172 3855880
3836008 3934756 3781651 3872006
3897062 3734971 3882862 3882772
3880121 3969078 3761778 3778755
4120171 3960821 4000083 4092052
4015255 4097951 3983368 3954917
3868889 4040050 3990757 3804933
3993758 3777828 3807405 3992794
3841051 3835561 3834295 3696176
3923439 3830690 3815974 3832130
3823347 3939225 3861587 3772751
3876967 3822450 3749263 3815771
4007466 4068048 3960866 3884167
4061408 3908301 3878524 4004905
3905663 3909326 3753905 3769014
4098556 3924400 3956746 3873281
3826730 3794283 3656895 3796858
4003341 3863825 3909609 3877004
3811455 3754816 3739648 3709779
4037519 3892213 3938422 3895149
4034670 3945474 3864290 3940586
4105234 4071160 4056286 4002470
3944643 3836749 3843920 3869041
3892413 3839385 3883201 4016106
3975520 3783272 3784265 3821382
3808326 3803317 3810277 3938453
3901893 3868260 3849257 3783650
3785430 3723693 3790593 3925807
3930135 3949280 3978071 4024949
3901675 3898913 3901720 4072766
4015587 3938437 3989303 3918145
3820098 3838854 3969185 3799918
3997525 3823126 3898959 3843364
3782922 3881594 3958879 3650161
3966790 3910212 3958050 3789220
3761118 3832140 3969367 3669204
4189942 4026152 4091995 3916345
3893559 4045480 4083347 3912107
3825514 3875734 3869798 3790035
3823711 3820043 3981246 3956498
3788379 3710810 3664642 3594224
3727903 3706617 3906495 3774795
3938940 3855104 3935877 3710787
3921939 3829775 4042390 4015133
3997844 3888644 3951484 3838560
3905414 3867143 4137703 3993405
3876962 3851764 3941180 3810645
3825588 3946215 3830713 3782326
3765377 3695123 3834301 3799872
3730066 3782432 3751816 3676624
3973995 3822491 3877184 3973991
3890764 4054335 3806613 3802519
3976962 3857997 4065454 3995190
3905980 4032285 3925783 3821257
3717455 3928006 3850433 3685731
3952805 3756847 3664867 3865044
3728621 3727644 3678407 3641509
3869726 3679985 3578317 3713559
3842776 3927029 3821433 3731940
3923745 3809557 3768763 3845848
3888545 3974168 3964986 3940107
4039313 3795074 3834642 3988285
3818409 3828964 3661997 3701582
3978257 3811273 3944055 3860678
3685773 3643270 3671341 3648585
3861786 3767313 3760527 3724097
3864033 3806362 3707907 3802068
4100508 3871968 3863172 3877551
3971355 3864658 3759651 3879906
4045984 4016182 3865287 3974053
3812609 3812092 3732149 3828121
3860111 3728070 3767553 3924839
3844248 3695318 3673350 3771165
3746634 3731475 3736766 3784323
3930369 3804864 3830553 3893871
3735829 3908777 3792072 3885513
3960142 3890009 3845083 3893939
3848910 3826966 3874227 4018292
3986264 3837740 3960197 3792896
3783428 3811740 3879922 3736793
3897801 3789018 3814180 3686456
3750251 3802851 3801904 3640335
4022361 3894297 3970695 3891869
3805407 3855715 3930262 3763325
4118356 3937115 3943365 3915426
3921736 3969065 4017992 3815560
3978173 3910716 3904773 3661660
3820759 3765192 3980873 3854250
3951254 3907423 3841516 3806838
3833261 3846257 4018613 3957271
3927300 3843801 3904818 3816980
3913906 3840882 4059517 3862538
3974028 3789241 3840967 3761333
3802418 3851801 4028530 3957779
3897246 3728973 3873017 3828940
3738989 3860827 3844322 3713335
3899764 3773684 3915609 3856241
3943471 3931940 3841879 3853872
3942099 3818704 3902799 3930036
3923694 3946024 3907510 3826661
3948350 3846899 3975614 3848508
3893556 3921211 3745547 3805052
3794838 3874017 3771172 3750813
3898606 3757542 3654417 3789282
3807396 3860199 3912197 3703755
3965027 3773142 3740649 3923789
3918462 3989385 3937983 3721661
3952796 3804103 3782866 3973463
3911711 3896601 3830083 3750408
3908606 3772384 3768554 3854181
3715892 3682218 3773036 3739256
4022380 3796833 3822272 3821781
3848040 3785658 3684869 3701613
4076203 3846593 3899999 3880679
3851917 3820808 3841041 3702831
4108446 3892129 3881316 3900385
3816550 3711276 3698833 3755974
4005665 3886400 3900563 3862190
3888034 3804143 3769777 3794542
3719537 3727733 3733537 3957715
4006856 3810007 3804858 3799369
3852227 3842282 3726179 4032502
4006268 3815139 3844800 3874517
3809765 3874943 3858394 3949182
3898814 3783349 3714719 3899201
3771110 3817348 3772601 3943240
4015472 3771412 3899038 3853393
3868458 3809906 3864897 3741622
3998571 3838950 3941283 3875173
3804225 3946309 3854311 3680431
4083656 3947347 4025833 3895031
3868341 3870358 3932978 3744313
4048187 3856468 3916691 3757052
3790324 3823938 3906466 3713847
4008904 3991198 3950674 3894457
3940796 3923383 4121516 4008289
3897020 3889531 3863467 3646632
3762565 3801469 4039218 3866691
4033635 3946894 4005447 3841616
3883910 3969855 4162304 4036515
3953733 3926072 3912911 3863084
3821449 3825455 4127060 3989037
4009795 3855434 4001155 4003624
3878310 4027280 3943443 3911383
3884831 3759006 3890259 3835140
3866559 3894872 3755996 3759083
3993889 3938899 4045759 3960306
3911127 4059325 3863265 3847249
3949857 3882211 3985741 3891575
3946485 3938290 3818961 3844770
3846369 4039512 3968470 3850519
4018527 3949023 3806020 3920061
3787426 3888897 3877980 3828801
3935746 3787239 3677673 3861210
3887536 3965811 3962328 3822644
4044242 3903801 3936625 3941757
3873499 3987465 3939841 3773552
3955514 3823859 3744191 3928110
3930120 3865789 3778191 3925552
4147481 3972640 4001454 3979157
3785413 3798359 3744795 3799293
4059268 3800604 3794824 3835138
3907520 3928797 3829945 3892182
4163106 4051568 3994597 3991101
3895049 3823206 3785930 3867631
4052427 3886093 3941107 3913999
3971658 3831176 3909493 3963438
3909657 3885965 3872038 4064128
3826855 3857528 3776327 3846221
3801450 3840898 3771363 3933989
4000431 3983293 3916707 3938463
3953351 3939439 3931547 4083085
4004613 3876089 3906725 3883800
3836219 3837822 3886091 4013465
4160624 4016925 4078800 3926234
3831300 4014726 4127277 3761817
3984521 3803674 3901925 3823813
3843132 3893105 3902726 3709592
4105979 3933380 4017992 3881651
3901202 3997884 3986187 3796492
4056732 3960850 4012610 3885730
3827799 3924987 3937948 3857015
3940563 3787425 3819131 3709956
3718999 3775486 3979265 3882599
3987402 3853677 3845276 3771393
3914749 3864658 4074253 4020448
4025779 3982638 3962942 3757836
3903644 3929016 4016251 3980699
4079501 3973982 3976388 3904907
3871349 3967156 4038439 4001889
3812543 3787630 3895393 3901576
3904850 3863925 3811449 3791101
3811073 3828178 3971408 3892918
3885236 4025545 3812057 3860006
3984630 3846444 3943974 3911878
3897762 3965045 3861209 3839934
4047357 3936553 3993212 3998877
3984743 3977638 3841182 3847458
3837379 3911459 3856153 3618837
3941136 3757405 3618891 3844355
3799474 4019375 3895389 3706555
3913576 3850196 3703320 3935678
3901241 4017459 3939227 3872127
3982027 3842556 3889861 3981151
3928804 4034982 3943045 3856033
3971294 3860177 3829025 4004963
3897693 3762106 3748332 3820619
4009156 3820155 3845608 3789392
3926638 3808777 3784985 3796535
4032058 3877093 3937557 3892957
3855014 3863171 3789066 3792027
4070819 3850627 3974557 3957696
4007910 3908915 3878214 3827443
4133274 4031302 3999045 3974810
3976604 3797871 3804331 3797236
3795163 3791811 3786956 3888108
3947881 3890511 3890225 3881374
3879224 3773582 3848321 3973641
3968946 3874448 3860046 3847553
3851526 3819340 3806651 4077097
3927180 3859029 3898912 3955346
3860773 3843183 3783313 4092158
3969211 3974935 3896568 3752523
3809488 3838459 3872543 3764113
4063818 3897909 4033970 3921259
3839522 3886006 3948145 3773395
4077065 3938523 4002295 3894840
3865840 3940378 3927688 3771556
4081239 3981605 3985234 3927225
3894663 3919538 4034516 3879980
4032859 3950729 3843631 3788477
3861579 3908851 4122370 3952072
3882414 3835716 3750686 3748302
3770453 3747681 3872428 3923968
3944927 3791213 3786090 3782521
3792052 3791088 3979796 3969724
3955993 3867178 3850671 3732120
3775879 3839983 4019055 3916186
3955638 3859810 3867012 3932406
3782475 3911483 3844028 3757373
3842766 3727483 3844018 3851129
3784813 3904953 3786684 3742829
3830945 3819930 3854927 3999414
3845969 3970298 3798647 3643347
3959307 3770039 3848743 3920519
3809616 3926093 3703646 3739010
3893814 3893520 3915415 3817839
3928103 3843620 3826297 3967309
3839518 3823405 3813128 3665607
3895690 3723070 3658026 3819848
3736069 3870602 3853457 3724798
3876636 3736413 3723010 3883013
3831844 3879527 3823171 3732626
3886233 3771723 3752563 3819122
3912201 3786597 3861793 3872798
4169762 3861818 3929231 3911452
3790478 3783511 3640018 3727784
3981122 3844623 3792799 3853218
3803257 3805485 3725368 3723077
3933795 3818588 3799854 3906984
3769922 3784762 3756223 3723317
4034916 3799499 3806665 3811532
3926990 3860763 3883385 3956959
3811236 3915268 3816590 4068025
3877378 3732642 3794939 3865718
3744762 3812294 3732099 3894263
3899902 3708919 3751565 3847002
3742448 3785713 3735899 3955424
3845865 3909092 3805266 3915037
3807703 3751680 3820641 3913520
4060980 3835116 3907170 3873265
3825600 3924017 3961903 3746110
3926996 3876462 3882227 3757107
3696271 3918414 3889458 3677358
4003506 3857607 3933861 3770360
3762955 3859840 3891477 3660585
3928912 3822726 3943089 3721204
3791284 3908404 3953049 3723826
3802717 3740992 3821625 3666446
3850347 3765565 3932353 3780859
4098971 3974017 3937412 3863645
3928129 3871551 3988382 4035026
4028644 4023661 3941454 3821329
3885678 3817815 4046202 4005020
3961148 3900707 3864326 3889608
3851878 3872491 4021543 3921895
3811809 3722312 3830963 3837043
3686706 3870281 3692743 3778095
3947807 3903558 3928774 3914262
3930364 3972909 3889227 3882029
4015549 3829058 3920945 4000869
3940789 4008415 3860693 3871732
3868078 3780702 3878669 3953714
3912419 4017090 3814625 3831027
3739956 3885800 3824014 3679930
3940050 3648283 3650959 3838985
3930255 3988569 3971474 3902263
4009465 3879980 3807983 4036499
3932581 4092842 3921508 3835574
4010227 3876817 3841843 3851483
3953590 4031548 3966905 3759729
3995055 3805261 3731381 3947464
3746600 3759954 3680603 3681283
3918515 3707627 3794854 3762367
4017914 3872743 3826345 3919812
4127256 3969741 3974262 4023679
3901332 3904489 3861857 3851525
4180130 3946458 3947627 3948320
3951333 3819928 3755563 3822326
4026930 3926800 3957287 3919161
3859531 3742935 3683805 3863409
3693760 3821611 3703563 3856026
4105064 3909206 3871086 3949824
3910704 3941306 3861008 4052923
3949337 3893562 3873371 3888270
3884515 3823239 3909024 4024458
3878746 3822995 3848038 3892528
3898126 3881276 3833075 4015722
3901715 3797994 3906877 3633217
3800508 3949430 3846464 3604216
4025245 3949696 4026275 3849891
3816312 3974483 4036821 3827156
4087343 3926237 3948752 3923357
3869689 3900823 4023267 3857088
4055396 3987381 4007805 3727911
3863115 3891007 4012543 3769779
3985092 3839935 3862964 3927185
3760381 3878028 4061634 3949953
3877369 3696472 3739214 3628237
3755471 3715069 3870853 3797263
4011799 3907536 3896148 3800720
3976074 3904516 4001723 3997372
4049618 3919866 3858832 3773448
3867342 3838181 4040710 4011649
4020376 3825059 3969665 3951139
3867900 3991335 3849885 3808177
3737400 3693815 3786042 3721008
3815737 3790135 3747020 3646741
3945671 3809895 3955974 3937188
3892471 3961177 3913407 3859579
4037868 3793671 3982874 3983610
3903364 3935166 3867664 3877830
3890879 4055328 3878260 3759821
3993292 3804363 3823191 3865014
3684592 3802775 3709841 3652552
3760494 3750897 3646855 3797729
3896262 3929971 3972810 3824543
3991530 3831966 3726745 3905299
3894007 3957990 3949114 3780945
3976779 3837810 3817991 3947322
3843558 3823932 3751400 3860810
4097521 3992458 3997062 3869017
3686367 3696464 3584593 3640715
3954570 3764289 3712922 3782410
3927173 3799492 3828051 3823947
4054916 3905952 3946241 3880681
3887304 3817210 3810515 3870116
4065735 3922902 4002734 4003083
3929030 3863664 3934584 3854420
3949691 3786097 3894197 4037343
3883141 3705229 3746487 3800839
3696327 3659679 3672643 3843655
3893624 3829317 3880228 3882165
3866652 3855799 3850510 4014256
3938683 3911518 3845884 3912360
3820781 3856078 3756712 4009246
4151302 3977755 3965015 3872249
3786987 3913204 3999733 3865980
3931635 3730187 3829153 3666866
3702811 3664927 3752085 3609749
4042397 3980004 3939943 3901472
3803538 3879347 3930066 3814099
4047826 3939147 3945104 3818770
3774288 3934853 3924024 3802027
3879312 4000137 3928368 3813711
3823121 3992930 3845135 3857180
4053360 4097843 4177327 4074472
3948389 4135016 3889187 3969804
3793974 3832684 3966790 3874337
3736259 3926738 3781650 3748414
3924473 3986485 4136691 3981007
3890351 4023650 3819355 3759451
4060418 3900220 3794795 3882024
3965030 4029156 3900645 3802096
4151107 4023381 3987723 3994655
4175156 4231804 3939104 4020481
3934516 3911837 3792349 3779919
3881734 4040049 3754315 3858455
4027826 3974071 3839896 3843679
4033437 4081698 3960219 3851854
3751739 3929160 3811970 4018007
3866727 3957775 3921450 3777629
3985660 4045673 4011018 4137496
4135407 4114621 4058353 3852621
3866161 3948788 3721994 3930780
3831257 3922488 3833530 3679603
3951525 3949076 3746262 4032419
3943176 4085101 3941988 3794539
3952037 3955742 4025414 4018840
3843201 3894454 3900795 3936144
4118279 4240671 4122621 4122990
4124993 4127727 3983592 4061266
3954207 4042572 3893816 3858498
3844525 3885376 3891400 3875597
3957850 3994695 3995367 3962200
3994609 3979939 3825949 3987788
3974240 3922314 3909613 3930081
3823629 3832779 3927525 3942821
4180978 4096174 4104384 4104155
3879717 3992483 3998629 4115545
4046945 3844038 3862602 3884154
3714566 3756604 3818487 3912208
4061925 3921691 3955438 3987544
3765537 3850859 3876590 4071993
3860497 3850425 3913690 4031934
3949111 3921341 3891233 3964717
4101278 4006152 4172820 4311615
4155708 4120761 3987422 4162233
3830726 3815191 4003281 4018828
3886115 3898908 3790965 3947561
3910148 3898992 3961559 4066121
3970661 4046746 3863231 4032615
3710309 3779296 3862858 3702649
3656690 3770019 3586638 3631122
3884288 3877912 3971929 3839082
3883616 3910796 3679023 3797958
3746632 3717477 3833164 3744079
3706789 3820673 3648462 3703268
3855497 3929388 3982300 3828253
3810716 4011528 3782300 3748137
3758737 3764825 3643364 3653944
3787148 3802267 3695667 3708360
3984673 3846661 3672693 3844034
3927009 4051679 3878383 3775974
3840201 3735468 3607612 3694470
3861064 3885737 3724463 3622333
4011547 3891237 3789236 3842508
3895320 4018594 3811847 3798498
3701033 3725144 3612056 3746201
3778413 3827156 3727773 3537363
3909503 3872557 3812018 3975327
3924236 3949140 3907771 3773195
3663327 3811821 3706889 3807424
3842822 3811589 3725216 3682767
3815247 3892527 3814187 3967705
3870315 3923238 3862014 3749335
3726284 3851721 3726123 3672349
3725072 3833770 3680314 3749324
3890398 4061781 3956079 3914318
3837553 3936639 3730490 3878391
3756940 3845574 3847117 3786362
3799690 3792592 3664055 3809714
3922816 4007922 3944038 3947471
3871214 3864399 3734975 3841578
3877677 3853131 3720629 3854777
3607186 3749156 3714668 3799133
3937998 3913331 3870923 3903488
3831291 3813961 3758284 4006662
3929278 3790900 3693148 3789151
3641501 3741054 3738731 3851588
3986656 3915563 3890241 3948873
3719521 3883113 3843000 3861054
3725340 3631038 3794890 3878456
3818556 3775566 3678334 3808189
3860630 3780876 3901796 4084673
3911650 4008903 3831445 3927898
3775164 3728993 3892154 3914118
3741543 3824886 3756283 3871911
3849731 3880737 3934400 4064112
3906298 3971285 3832519 3938492
3905977 3924908 3959138 3822572
3805753 3961462 3744397 3799364
3763457 3832135 3934347 3804366
3786937 3894758 3721721 3717430
3764534 3727493 3852900 3643219
3686167 3824300 3762650 3695031
3814020 3893123 3992096 3840795
3786213 3852286 3811756 3808490
3881678 3908578 3837887 3865418
3970081 4078317 3785514 3877279
3886569 3797639 3756743 3728977
3958735 3922956 3819487 3737474
3845124 3768699 3574669 3723390
3849871 3822279 3718287 3719673
3912569 3923990 3773668 3866076
3883115 4003483 3831187 3817115
3906634 3907908 3836802 3926439
3912896 3990979 3886823 3761680
3788691 3892943 3765792 3846970
3878572 3896353 3762520 3664577
3765102 3812224 3620329 3824735
3760697 3849442 3778093 3640445
3844419 3933223 3724655 3855868
3904876 3983472 3833618 3753966
3889945 4048474 3960612 3928242
3836005 3861596 3844901 3910615
3806516 4013759 3933919 3867732
3825564 3912681 3756025 3870167
3830006 3855439 3762691 3807616
3777066 3778741 3654885 3752584
3900292 4047860 3826473 3898985
3774651 3917471 3814222 3818144
4057576 3941392 3926544 3921776
3643250 3849589 3794130 4032853
4031576 3882684 3854081 3849241
3701818 3880506 3872823 3885534
3932369 3742011 3822342 3754619
3643891 3713027 3726929 3849587
4030515 3903090 3851798 3935011
3706812 3781226 3837006 3947325
3921499 3855642 4002708 4081430
3959309 3938687 3820717 4003594
3877872 3842526 3956100 4089402
3794887 3890216 3798885 3956672
3817723 3701860 3791515 3996600
3780081 3812374 3643380 3901057
3829905 3839755 3918764 4045989
3943630 3959400 3753934 4007172
3860246 4027548 3939057 3836728
3814981 3986686 3813643 3740456
3872490 3919960 3994367 3876709
3861784 3941443 3854627 3820331
3850996 3801131 3976382 3861107
3795331 3894644 3729769 3693820
3782919 3869205 3919785 3835473
3754893 3897446 3679819 3797393
3945087 3914753 3755046 3875930
3952237 3979879 3816814 3820331
3889647 3843480 3838600 3820823
3942224 4025293 3907303 3802519
3935881 3792280 3691076 3860876
3861840 3962972 3831521 3667647
3943085 3808876 3705402 3763355
3896311 3958888 3789323 3843958
3853735 3922622 3775028 4029614
3886709 3947137 3815076 3720182
3936297 3918663 3809961 3972884
3967961 3892712 3871580 3770280
3757132 3866021 3728414 3841595
3924813 3868562 3750626 3718349
3915022 3911622 3814929 3883055
3809313 3947277 3852796 3661132
3909263 4046974 3971794 3927561
3879117 3964653 3784571 3816069
3922368 3932440 3980725 3947898
3889672 3923069 3837132 3907109
3903584 3926491 3946492 3924698
3861773 3835973 3756435 3823017
3851576 4022179 3800953 3886240
3747029 3835633 3811934 3890104
4009087 3890405 3933305 3963178
3738870 3819392 3766458 3937522
4017034 3964668 3918854 3932886
3708097 3811117 3887452 3909123
3959600 3873076 3889459 3907445
3655176 3822499 3864947 3929621
3987024 3885154 3833797 3912993
3784315 3730869 3812930 4014661
3825930 3868764 3957384 4077067
3989477 3972304 3876526 3984183
3799117 3910651 4019613 4144417
3928090 3926259 3838178 3970685
3809794 3824255 3922262 3985217
3870639 3948644 3787873 3912436
3781013 3778361 3889775 4038858
3884180 3903164 3779664 3949330
3985633 4033668 4065837 3941732
3918806 4117853 3897039 3797975
3818322 3912577 3915292 3802991
3698351 3937484 3711263 3749595
3918230 3926233 3966213 3910421
3816468 3980692 3807729 3807792
3776619 3813799 3922969 3889198
3774070 3902376 3761374 3755771
4100334 4000763 3874036 3885113
4098523 4124235 4025639 3940518
3973419 3867893 3742430 3798796
3812257 3996469 3813021 3781276
3954702 3877275 3828757 3897219
3837290 4086251 3848617 3815075
3948731 3831144 3647124 3713029
3846339 4021374 3856246 3798824
3961957 3956720 3870833 4091921
4002696 4056008 4068246 3858738
3786858 3808008 3763237 3893453
3840178 3771589 3802366 3713670
3947481 3921660 3822083 3956907
3953172 3981313 3895754 3850269
3876452 3921559 3662310 3892643
3858671 3843203 3823526 3636463
4067291 4147825 3985337 4080542
3995557 3998278 3907639 4026845
3819911 3920876 3893906 3879071
3771288 3754874 3774416 3760879
3998184 4047436 3916291 3873901
3926649 4015679 3875876 3835010
3854460 3920891 3919603 3833895
3822764 3873825 3799772 3784492
4136069 4046290 3984022 3982978
3860666 3917951 3988049 4074181
3947541 3805595 3776245 3779438
3723653 3702788 3793251 3868233
4106095 3991750 3909772 4033459
3733934 3816763 3873993 3978986
4016020 3916586 3810680 3961338
3706661 3772211 3767942 3832122
3961886 3895145 4028557 4117487
3962911 4114004 3925346 4072604
3787643 3723483 3924381 4047925
3898579 3926628 3722920 3887928
3884665 3814773 3996052 4200307
3968112 3970537 3855172 3956753
3784855 3803449 3858006 3949738
3872086 3928900 3747639 3841822
3818589 3892683 4018822 3808211
3729275 3902525 3703585 3799986
3811049 3998314 4089795 3964945
3854624 4023566 3861065 3894665
3805927 3716543 3905980 3793902
3700976 3804837 3712142 3625336
3743634 3879016 3885698 3877034
3821288 3944788 3740501 3745983
3945915 3777817 3742585 3867894
3908417 3952385 3731551 3755241
4004815 3899996 3811468 3824572
4009635 4059068 3870198 3874364
3905461 3804008 3625011 3660915
3711047 3948852 3804118 3716068
3892461 3862256 3830700 3872118
3879317 3988115 3874099 3800308
3794655 3927388 3695009 3938700
3844107 3901494 3891187 3691237
3879408 3915488 3767494 4023278
3921744 4011887 3902188 3772592
3750281 3713804 3695459 3852427
3804235 3911272 3750486 3645111
3771311 3877749 3723366 3921025
3884521 3955072 3924968 3703444
3801358 3999599 3838808 3911701
3846597 3882732 3788992 3831446
3876705 4145778 3970378 3997097
3917607 3979013 3841199 3914118
3759232 3879343 3805785 3785472
3678192 3742310 3693361 3742288
3828074 4051645 3916434 3855210
3895075 3859397 3787718 3893739
4004462 3866967 3893979 3868072
3679576 3769964 3802977 3871365
4093450 3960200 4009018 3985974
3709535 3807272 3964897 3951844
3836843 3802354 3779112 3810263
3634977 3664345 3742674 3820666
3977415 3905299 3812814 3925477
3671894 3851532 3865739 3894356
3809951 3890006 3946809 4045720
3858249 3892498 3849754 4031091
3925448 3905599 4014653 4157226
3983124 4083672 3816084 4044148
3772362 3795767 3814493 3939141
3750780 3854276 3704438 3838801
3860033 3859604 3891077 4018146
3904626 3933083 3762935 3859057
3891892 3902565 3893892 3865059
3795096 3920667 3782705 3769461
3778316 3788764 3912460 3866513
3688298 3883833 3710793 3611854
3770165 3869539 3870100 3714375
3759464 3927444 3666360 3690700
3890968 3913379 4027228 3961932
3831552 3933301 3784954 3795112
3879909 3880504 3832703 3807054
3909031 4008098 3893414 3862673
3951311 3794613 3707792 3744764
3892967 3883930 3676913 3791278
3958100 3703959 3668822 3750853
3929964 3982261 3813464 3757287
4024843 3985108 3743460 3867082
3884604 3999813 3841427 3801022
3784591 3865701 3679673 3975312
3877474 3908165 3912118 3713601
3739553 3767621 3712868 3934605
3848035 3821734 3785469 3653628
3712393 3903450 3709729 3837071
3745108 3868681 3771209 3588856
3912491 3871182 3884029 3968175
3962946 4043824 3932654 3750182
3882440 4023427 3930051 3865092
3805487 3927896 3766106 3926140
3803493 3922250 3861961 3869617
3737713 3845536 3734292 3777074
3817269 3897217 3890551 3852230
3835121 3821309 3761833 3845247
3855317 4058923 3962960 3895969
3912604 3974853 3836860 3875310
3962142 3921149 3904993 3832281
3753595 3811990 3862655 3905198
3933255 3769121 3842077 3850466
3620255 3783461 3844261 3869449
3936659 3826836 3774743 3787663
3693499 3739973 3829463 3780413
4023665 3923119 3938338 3963553
3717064 3891210 3762603 3934858
3778521 3829775 3938795 4015464
3931433 4022770 3812038 4009705
3733968 3675472 3843285 3990578
3816311 3901616 3672984 3949622
3818161 3745218 3838639 3957502
3857382 3852226 3813956 3892497
3952083 3802146 3978635 4063064
3972209 4079956 3830932 4008992
3912177 3986837 4156108 4009218
3920523 4128786 3880201 3782462
3849665 3891980 3982188 3888643
3704199 3882171 3694315 3733600
3783254 3810002 3973663 3807754
3759628 3820870 3666053 3727337
3838978 3996430 3969445 3853655
3840715 4017079 3779824 3736698
4078683 3969034 3912581 3932908
3985602 4193846 3971672 3952048
3959691 3763700 3754139 3754795
3904172 3945158 3826833 3729779
3949865 3821890 3690812 3742471
3917485 3925368 3718479 3730220
4047807 3936210 3686117 3851253
3973758 4069331 3867557 3890255
4021746 3988986 3858745 4004628
4042325 4031572 3983041 3873766
3801855 3827337 3657902 3908548
3858047 3920232 3812441 3696678
3774120 3781330 3731455 3825964
3903785 3916699 3857633 3629519
3894380 3886390 3831622 3904861
3942495 3924661 3858163 3756727
3902985 4078161 4091785 4025203
3960661 3997235 3946064 3943790
3944598 3918439 3945227 3924094
3837272 3846423 3697649 3855088
3805787 3956155 3867212 3945767
3764514 3826020 3718941 3799590
3875952 4000740 3896576 3912186
3844108 3896318 3881216 3903591
4154438 4005527 3987721 4064118
3833056 3925659 3874369 4008981
3892279 3837212 3905614 3919485
3702434 3775371 3769504 3965118
3910319 3757859 3797578 3909992
3663271 3718003 3873756 3921324
3915247 3949364 3992020 3918216
3652448 3839741 3806411 3970560
3956315 3933613 4043064 4155421
4065119 4111126 3906328 4197205
3842206 3849645 3909546 4031130
3965440 3944103 3833387 3947346
3788279 3710479 3866556 4011417
3855668 3912151 3740488 3996069
3839314 3838702 3928702 4065745
3931369 3917339 3852480 3903443
3874369 3823550 3951045 3808680
3765198 3926656 3713332 3652726
3889194 3893260 4007862 3890284
3819875 3997748 3820557 3879104
3849262 3946263 3981088 3837553
3816230 4037270 3713054 3850136
3776851 3796933 3915414 3777734
3771341 3890039 3730427 3618302
3844809 3860459 3661065 3734795
3829854 3929646 3740317 3670229
4083137 3952605 3847282 3945921
4022729 4142592 3850090 3971206
3967639 3905327 3737677 3819872
3924902 3941584 3769884 3821899
3970831 3747498 3651491 3746748
3816697 3980877 3837291 3700349
3771133 3772566 3716518 3857037
3837480 3819128 3755884 3638764
3915479 3948586 3826179 4040793
4023565 4011522 3940240 3787427
3892544 3876487 3765500 3914841
3872984 3953551 3879110 3704464
3819329 3815082 3604222 3850183
3887679 3868119 3806996 3719218
3789015 3923307 3808995 3873785
3793963 3808437 3660184 3790347
3943829 4112629 3908490 3967665
3921886 4004887 3895814 3913084
3859148 4000632 3910260 3913285
3822384 3887654 3803700 3837327
3872139 3937071 3836468 3907003
3899980 3869693 3681984 3822023
3932430 3733874 3769898 3885079
3712062 3732188 3721440 3791094
4056960 3980833 3918898 3941848
3777190 3798941 3958219 4022870
3968029 3936181 3888758 3961098
3772318 3761306 3854145 3946514
3911391 3800538 3761735 3887444
3668673 3839360 3834161 3805129
3752109 3780802 3843916 3895725
3843650 3854136 3743325 3919756
3823807 3831369 4058183 4137094
3985634 4066152 3830831 3944770
3883573 3829557 4009065 3972331
3943656 3943390 3808118 4004260
3787844 3775181 3862431 3950483
3877758 3877400 3702817 3986146
3715104 3871424 3984301 3959694
3757386 3821742 3761428 3796650
3841918 3715046 3978534 3761932
3746149 3969116 3745930 3741439
3819449 3914830 3987259 3915434
3790362 3876328 3742081 3818688
3841766 3962428 4004539 3938748
3904594 3967951 3863564 3881819
3987591 3807543 3737544 3701262
3927265 3943197 3719216 3757664
3886905 3792561 3738247 3830729
3903719 3932937 3746624 3772043
3977304 3902410 3821070 3845541
3945428 4001566 3842613 3774757
4028979 3876788 3778831 3874146
3959257 4017441 3893070 3857139
3770977 3835012 3682563 3960330
3853219 3895183 3859899 3684260
3854866 3938105 3721813 3916224
3833481 3836919 3777953 3735044
3851052 3924763 3799538 3966030
3947777 4048924 3881796 3718653
3833910 3927013 3784311 3991979
4001594 4001151 3837785 3748376
3793783 4033089 3880279 3868191
3852286 3828268 3687938 3843391
3787914 3973455 3927030 3943973
3873777 3854325 3829098 3780871
3883338 4016696 3957804 3901480
3793280 3918771 3818147 3879468
3883559 4025438 3980059 3900789
3916775 3931617 3809692 3897899
4004004 3846086 3840543 3958470
3759805 3811049 3833207 3925332
3947346 3901255 3915848 3848664
3649778 3848784 3810583 3903827
3983818 3872061 3945817 3927053
3680474 3812055 3870813 3982886
4061070 3955887 3875684 4006418
3813898 3903104 3808241 4084556
3823046 3683247 3844404 3989888
3953038 3927433 3781643 4037841
3764436 3718895 3889518 4089375
3866367 3995940 3749238 4000682
3917756 3829454 3956240 4059093
3911631 3981508 3801596 3952845
3918562 3897608 3985654 4092317
3975723 3892796 3915104 3985045
3829377 3915990 3987437 3871499
3738399 4028910 3829430 3825508
3867678 3872336 4043033 3772415
3769866 3889995 3737279 3766243
3837032 3929833 3937361 3912429
3756276 3983414 3746768 3810859
3780609 3867807 3866469 3759136
3822825 3849131 3644080 3648929
4006169 3851136 3703966 3846043
3912272 4013663 3780572 3837006
3846963 3867493 3777164 3805999
3831370 4061426 3832325 3759645
3964803 3875180 3737149 3799223
3853985 4011036 3792291 3894563
3832183 3769910 3671966 3703176
3833726 3908830 3746676 3750076
3817646 3841104 3715602 3950717
3989601 3983175 4002297 3717812
3947292 3844907 3694093 3887794
3815260 3973304 3902893 3711604
3864364 3855878 3811043 3925976
3904998 3955660 3916917 3704538
3771297 3737426 3706646 3931147
3853269 3917609 3720710 3702838
3982946 4066127 3895379 4018078
3807292 3895474 3778213 3927963
3861427 3905657 3838145 3950953
3831936 3946498 3801049 3865928
3868559 3962820 3943088 4024320
3874430 3902490 3751850 3903864
3789320 3903924 3854781 3908064
3746604 3885436 3740189 3836504
4132234 3941723 3848567 3908136
3707354 3872783 3827889 3970071
3968957 3894763 3838176 3905022
3777111 3849833 3853114 3964005
3994616 3957792 3845477 3900104
3743091 3750597 3803232 3947295
3951309 3852057 3831733 3829523
3653003 3801233 3762765 3843362
3805891 3807906 3921172 4044862
3918598 3897443 3851494 3983260
3767715 3840501 3974808 4042951
3824841 3947463 3805823 3998787
3857526 3838674 3905729 4073095
3856229 3915208 3809942 3959497
3767260 3846699 3862707 4013583
3919286 3920268 3776727 3871845
3848604 3979851 3992018 3868812
3844228 3960075 3802621 3851515
3813222 3859451 3926449 3886802
3815159 3979398 3796381 3803467
3857234 3960097 4000890 3898233
3827103 3979204 3724076 3795954
3886040 3973872 3978433 3881839
3833087 3932880 3742757 3864918
4071115 3857020 3766381 3890411
3907420 3979700 3818489 3760107
3958053 3966665 3829855 3899537
3851274 3999379 3903706 3844336
4018201 3809393 3678817 3875878
3921989 4065066 3913083 3882842
3932544 3778270 3773188 3737649
3913270 4020426 3774614 3798594
3854682 3941821 3722501 3929310
3859781 3883126 3781677 3736532
3767746 3840422 3789535 4016475
3939223 3961333 3867200 3748650
3827320 3906839 3829328 3970849
3909694 3972780 3909793 3698739
3839543 3923274 3793371 3919976
3914806 3935609 3865154 3724808
3890160 4027052 3917925 3935091
3859860 3879581 3790780 3933727
3925488 3966858 3907957 3934637
3862837 3954515 3856334 3946076
3953972 3985030 3974673 3952142
3847654 3962039 3744298 3761941
3898938 4075098 3931001 3874007
3880896 3916240 3796572 3914482
3979497 3907639 3903197 3946513
3735350 3858370 3888783 3962926
3979445 3894519 3889566 3943088
3703510 3805313 3933593 4015716
4057884 3857819 3824270 3842428
3750707 3874672 3886594 3957595
3978886 3955257 3882122 3895405
3745686 3835937 3847449 3893043
3845678 3872302 3984737 4032538
3934700 3927430 3785859 3928793
3861239 3844734 3950300 4054434
3928691 3981937 3818943 4013578
3923960 3839142 3967566 4073302
3910005 3964247 3891064 3916888
3939140 3879322 3987812 4057021
3881138 3914377 3719827 3951358
4012727 3865598 4105509 3909156
3897048 3974599 4005084 3942225
3806711 3793982 3839922 3728711
3797737 3776275 3809188 3853753
3744557 3565393 3743104 3773048
3714721 3721885 3854964 3806488
3970348 3905966 4038848 3918209
3847038 3932943 4033011 4046389
3966918 3913105 4106718 3850518
4107962 3929416 3751759 3916828
3810570 3751820 3813053 3605951
3971007 3740998 3653730 3769247
3872471 3596634 3808734 3737360
3882838 3745922 3505687 3568799
4005658 3925978 4073605 3876211
4174347 3992997 3781046 3893099
3998745 4133486 3909820 3983788
4044900 3921611 3991408 4055488
3834041 3888606 3691715 3697503
3827808 3722379 3845567 3857571
3745607 3863295 3604407 3741778
3789684 3633434 3734522 3798834
4008148 4145271 3952574 3871340
4044190 3875604 3998415 3908777
3904533 3938887 3819569 3894160
3843933 4008201 3911252 3895255
3794853 3743781 3654202 3808629
3742030 3766590 3725264 3673430
3741402 3702559 3588514 3642831
3643490 3806048 3653249 3708734
3900117 4032015 3833066 3917135
3890710 4086856 3904712 3943334
3919957 3932198 3887092 3992176
3844836 4051850 4047445 3814616
3735524 3845421 3821444 3773562
3799858 3886234 3915090 3764193
3742807 3762926 3659692 3766766
3673946 3762092 3803446 3634120
3914493 3994194 3904430 4007176
3895361 4038901 4081236 3857127
3780610 3903803 4021647 3844339
3911383 3984712 3992148 3867730
3691126 3778192 3856191 3695715
3753539 3722028 3842709 3790781
3653294 3690304 3751141 3592749
3697263 3713382 3791282 3677103
3846326 3916991 3990097 3831663
3903319 4079066 4019581 3922543
3885987 3836147 3916341 3736272
3826022 3855966 3925473 3920824
4228380 3994947 4155390 4054420
4025793 4086247 4215164 4211697
3902970 3791435 3945639 3844822
3884452 3831061 3914944 3887123
3930078 3826461 3958464 3816329
3760825 3870752 3903693 3942101
3979430 3727386 3958342 3759974
3950731 3820212 3734367 3805868
4183641 4100949 4187037 4018519
4288752 3987055 3898095 4050714
3967769 3827177 3960066 3754790
3992494 3836677 3722721 3818828
3923646 3870912 3971934 3767887
4076852 3806029 3709645 3830176
3931791 4068725 3799265 3829193
3995901 3743125 3795997 3934679
4165073 4291797 4028244 4069069
4142194 4021725 4101769 4222241
3861023 4084007 3840670 3820438
3924860 3790993 3918140 3975712
3862051 4087243 3845692 3804910
3932932 3732518 3814237 3988629
3826428 3776739 3734153 3774146
3738449 3854847 3689909 3825086
4032679 4039634 3913941 4040434
4000222 4075690 4019606 3992824
3847419 3880435 3743857 3760359
3741419 3943322 3837991 3792798
3809816 3820682 3766453 3819110
3776366 3906552 3836634 3816473
3755136 3789830 3790346 3886238
3707414 3984816 3830862 3760696
3991712 4048607 4005356 4123246
4013411 4137403 4191337 3939771
3869251 3938427 3788020 3898815
3792862 3978313 3905328 3671682
3837736 3868746 3904332 3899127
3740164 3968365 3907086 3716203
3768812 3805722 3827854 3730068
3803962 3819136 3892262 3846939
3996683 3971208 4065161 3926683
4031782 4071229 4128886 4010146
3773834 3740190 3877456 3725690
3829049 3836738 3930045 3815026
3740951 3799095 3903330 3704693
3873747 3785880 3921924 3836883
4017733 3817253 4024055 3833908
3940759 3811609 4041099 3883652
4019967 3886289 4119443 3964141
3997535 4014502 4063290 4049284
4083472 3891831 4044588 3897470
3974818 3996923 4122622 4057941
4060214 3922758 3994191 3820924
3908758 3905297 4015614 3938832
3974609 3823136 4089102 3854917
4048720 3947637 3696802 3846967
4076638 3897691 4081176 3949138
4096491 3976169 3799420 3963103
4058265 3937744 4094363 3939751
4129060 3951045 3761983 3936763
3973269 3790460 3894642 3904253
4066450 3871040 3784127 3776713
3929745 4098035 3845570 3741539
3918561 3825932 3970984 3933131
4122401 4132680 3920418 3946837
4066210 3956802 4001222 4022483
4002174 4217989 3947457 3945708
4077062 4048908 4046842 4068219
3977662 4157359 3771693 3810511
4038326 3827857 3934229 3962525
3938835 3940546 3834914 3851012
3734146 3901368 3794527 3889372
3988726 4054921 3857875 3928427
3851408 4040310 3956617 3876156
3989121 4015777 3897574 3975551
3943203 3965955 3886514 3927494
3908608 3906129 3762433 3838027
3817557 3972824 3856813 3813173
3844841 3843626 3870774 3911200
3836375 3976380 3973177 3767202
3926880 4002463 3989715 4005125
3960606 4108720 4064356 3878722
3976746 4033425 3984707 4013110
3928182 4146196 4035440 3912014
3840451 3910631 3859794 3974001
3961898 3948453 3991632 3824742
3791058 3910844 3923939 3793760
3776041 3922244 3953831 3799841
3868915 3974206 3954113 3874301
3880200 3965112 4057732 3950043
3895245 3944757 4158111 3913124
3937724 4014662 4070732 3891568
3716082 3879321 3911397 3847888
3979903 3868262 3981501 3912717
4176673 4020296 4157087 4075331
4000831 4025825 4064450 4120603
3882607 3780288 3870608 3764683
3811383 3764163 3979207 3925915
3924578 3755902 3962662 3795493
3868486 3863005 4005393 3893867
3858203 3760685 3963005 3654114
3851474 3824109 3881274 3818040
4211179 3974544 4211525 4049669
4262412 4090090 3968008 4085627
3907137 3787519 3926445 3768877
3910681 3735071 3708922 3732735
3989493 3796536 4005711 3790989
4064198 3837690 3662922 3837099
3875329 3663780 3918513 3763047
4054072 3876126 3704673 3854055
4211688 4270862 4069797 4024503
4083725 4018971 4078242 4225781
3916126 4063576 3716068 3746340
3898329 3749119 3890811 3812905
3960560 4098594 3835655 3791042
3959672 3887943 3892098 3931261
3943777 3975310 3741515 3783346
3874190 3761824 3838261 3926045
4058445 4080038 4045899 4065819
3969944 4101636 4122183 4018357
3845956 3747912 3649843 3735714
3675848 3813050 3808428 3723089
3910710 3800508 3796327 3824891
3668778 3915615 3787748 3869362
3825705 3813660 3726178 3746093
3730291 3856725 3798624 3725262
3990217 4185471 4102597 4105013
4053742 4220092 4153711 3954384
3863162 3927089 3776509 3798618
3891486 3943928 3934693 3686764
3784861 3815851 3842822 3969604
3882448 3919230 4016463 3665908
3730757 3848884 3840271 3901193
3760633 3902134 3814526 3738118
3933196 4043010 4131459 3967578
4068520 4079347 4185950 4015759
3652165 3688876 3858577 3692062
3712207 3777776 3889245 3758325
3793767 3895246 3922290 3748484
3801215 3903410 3908368 3810699
3661854 3774044 3875198 3689806
3718939 3793452 3821949 3789335
3844929 3820845 3910810 3799794
3673797 3785624 3913002 3901764
3758730 3673440 3904884 3701026
3660564 3701691 3744702 3832454
3833430 3788512 3893093 3767778
3783631 3845332 3884379 3927436
3950825 3817808 4003175 3749405
3794021 3892632 3980404 3955342
3838896 3729194 3920025 3721413
3945198 3740559 3642650 3742180
3829838 3742631 3823819 3779227
3874934 3726883 3642390 3735839
3917654 3693647 3886507 3742117
3972299 3733070 3594451 3797479
3987658 3767776 3959130 3827347
4076709 3791365 3712203 3786239
3848215 3886394 3686461 3793579
3851871 3720145 3838027 3804530
3814880 3867151 3644689 3656703
3882700 3716710 3793846 3821718
3869282 4003180 3733725 3790113
3843258 3850329 3775070 3891109
3981586 4058020 3798139 3765186
3958109 3812886 3906532 3948695
3759546 3828827 3719834 3786677
3655473 3869677 3712859 3751942
3785443 3667500 3613306 3667733
3567352 3762224 3740215 3718478
3877153 3750182 3697614 3780786
3629391 3806107 3737795 3766514
3817612 3846713 3731717 3806482
3760243 3910970 3823692 3778410
3767715 3865470 3872547 3834973
3767883 3891022 3905500 3720255
3612411 3718995 3792072 3758036
3668522 3878739 3898980 3631545
3804469 3779619 3767901 3829056
3673143 3913205 3861772 3679247
3884702 3867493 3928880 3945520
3818760 4019784 4012205 3703449
3714380 3662085 3803122 3658959
3734368 3778440 3925907 3793621
3597994 3713680 3777633 3663944
3688326 3752557 3793496 3738573
3650695 3748293 3835566 3727224
3714868 3808913 3893359 3712040
3799315 3789030 3897539 3762241
3884470 3943862 3938750 3899235
3905936 3853475 3998248 3839787
3854213 3793806 3950418 3981212
4050442 3848380 4077407 3870045
3881606 3955931 4016884 4005061
3943383 3795098 3975203 3860933
3852611 3770636 3945883 3911582
3735218 3729309 3939561 3705902
3728878 3711069 3866120 3805893
3959131 3809282 3949075 3838684
3967911 3820768 3778953 3809087
4136303 3861512 4038813 3823995
4099716 3871125 3778220 3867984
3967924 3836604 3987801 3890088
4000478 3862782 3702596 3918836
3866194 3737132 3893065 3742708
3931456 3788592 3615418 3738790
3996341 4052977 3775789 3769842
3925529 3851529 3858879 3975309
3975478 4142880 3855329 3845544
4054931 3859448 3947147 3993163
3945185 4011143 3774351 3798682
3894248 3838296 3916902 3952743
3803918 3946053 3757803 3732309
3832921 3798823 3833531 3836134
3892377 3867144 3748687 3809460
3729591 3878054 3800482 3832446
3991502 3987897 3849435 3864537
3783149 3927377 3927697 3906613
3875076 3884197 3794940 3753494
3741403 3938378 3800456 3668459
3701031 3781622 3674393 3711510
3659411 3821895 3769102 3705882
3751715 3942802 3859480 3937543
3884811 4087977 3924231 3693494
3861809 3981970 3864787 3914898
3948382 4096137 3948209 3860609
3754948 3899630 3987943 3840533
3831554 4056697 3975163 3810793
3701624 3805702 3752654 3796499
3799603 3810182 3858204 3718893
3675721 3819685 3894188 3681855
3842083 3858602 3912624 3818291
3829698 3831016 3974867 3823908
3881629 3964114 3929407 3885559
3812469 3786182 3889176 3722578
3801286 3869318 3899869 3811238
3676850 3720966 3766056 3719422
3797801 3780316 3848971 3764853
3921580 3889376 4023319 3873708
3922224 3944760 4022714 4015812
3931065 3849095 4036820 3756686
3880485 3893713 3963713 4006257
3872099 3725313 3918016 3827259
3839781 3843686 3979606 3946215
3875475 3720689 3920915 3773497
3740497 3767835 3836044 3871992
4009155 3964889 4053149 3887392
4135657 3917234 3758252 3914098
3939510 3860578 4059053 3823912
4080936 3902450 3708656 3883730
3990753 3797291 3994558 3795590
3976123 3814053 3677531 3862107
3882997 3704212 4059581 3787614
3969422 3794370 3646915 3762459
4040424 4107227 3843923 3811645
3979568 3865079 3946898 4069280
3928840 4065263 3810628 3874379
3966966 3785760 3913647 3987183
3894170 4026079 3837380 3741112
3884370 3790412 3875399 3895329
3818210 3909931 3747021 3735601
3893824 3729679 3766858 3826114
3838372 3942544 3797203 3861163
3839140 3972224 3884130 3886698
3950653 3891104 3665003 3869476
3744599 3873596 3898324 3774796
3823481 3973748 3718137 3789003
3761313 3878980 3841481 3812103
3795413 3797235 3689421 3781319
3684354 3752261 3742263 3740768
3912651 4079023 3930227 3881703
3945396 4086481 4039057 3781806
3848360 3947708 3982369 3929965
3800522 3955581 4035235 3733015
3773283 3887158 3847493 3947939
3766572 4063156 3948365 3766185
3758477 3836066 3714999 3900534
3701879 3878202 3836742 3653140
3829486 3830540 4008658 3764206
3905404 3888360 3969394 3865602
3742469 3843798 3927601 3786638
3858666 3835840 3983941 3892093
3731214 3798002 3932198 3722733
3819037 3953649 3955692 3889991
3733378 3690575 3814794 3659512
3689388 3840183 3788077 3718935
3926117 3748292 3904081 3795532
3795848 3791720 3978308 3981102
3936771 3856498 3999339 3865182
3814794 3873765 3905836 3967320
4003603 3910150 4001810 3931603
3920839 3900592 3934429 4059952
4009623 3914456 4099248 3901505
3951633 4042674 4016026 4043777
3981907 3798294 3897053 3813214
4033297 3794190 3668915 3744647
3941899 3833234 4041008 3870646
4015118 3821970 3726260 3877851
4012298 3853232 4054999 3935316
4080758 3932577 3803789 3898556
4026066 3930209 4097412 3933159
4215793 3938443 3774602 3899050
3881951 3942835 3775849 3768390
3866651 3790478 3806375 3930357
3978055 4086292 3858786 3827272
4043419 3817561 3936733 3968627
4084162 4117917 3852089 3884509
4028244 3884140 4009877 4029306
4017854 4140381 3830319 4034258
4101463 3899933 3982239 4022511
3803984 3829976 3814960 3776103
3679414 3867793 3795330 3774046
3941236 3839269 3733531 3842688
3818770 3998815 3732336 3738192
3957011 3922614 3832596 3869885
3873425 3972003 3879278 3933305
3935882 4022842 3917728 3915055
3941228 4050120 4002828 3927489
3776734 3928714 3828374 3834800
3823205 4036802 3925267 3642649
3905944 3891467 3926693 3929678
3873374 4100696 3917851 3789796
3921048 3954619 3980079 4048377
3925509 4076781 4096196 3810465
3881306 4016096 3974638 3966548
3948049 4148311 4092231 3897308
3740021 3738083 3826325 3737553
3782719 3862112 3843613 3857168
3781011 3940337 3919638 3745057
3848651 3917738 3908665 3932021
3843074 3854119 3924324 3752820
3885898 4003110 3974870 3880058
3814959 3917033 4035473 3844417
3950628 3991583 4025069 3981064
3993110 3881995 4025094 3916459
3890625 3880079 3837522 4042418
3917230 3864418 3945209 3766675
3773027 3838131 4003983 4022462
4003370 3862657 4050279 3899891
4006308 4002373 4012808 3968151
3959019 3835993 3958130 3861059
3863484 3870590 4021131 3960144
3993245 3876882 4022451 3867107
4137464 3835894 3710953 3869304
3898344 3849945 4024105 3834761
4002181 3873464 3743411 3857003
4025462 3813478 4086912 3906574
4058376 3916846 3816513 3864085
4012829 3754179 4054883 3880739
4094879 3913289 3697916 3827524
4009874 4052703 3895834 3916925
3994586 3818022 3923299 3968438
3999572 4050877 3816015 3859956
3954408 3816580 3854535 3944979
4019431 4102096 3886341 3949297
4030104 3924975 3962802 4064750
3865816 3993913 3823511 3778385
3940710 3877909 3921296 3969269
3904225 3942862 3796069 3850753
3762969 3939591 3851870 3812826
3884016 3893849 3796995 3805255
3742063 3969400 3824176 3885644
3953125 4011154 3781824 3886357
3830597 3938031 3813947 3865455
3847693 3923707 3795149 3838620
3799707 3876584 3857085 3877262
3894098 4007264 3845426 3924921
3847682 4045507 3987276 3857475
3776881 3915455 3871363 4002322
3802186 3938155 3953877 3740007
3836549 4028455 3957627 3968937
3893785 3987629 4044647 3772082
3852226 3949356 3828394 3904073
3810998 3996521 3997830 3731762
3813791 3832795 3959338 3771420
3875740 3977188 3943545 3865074
3752353 3822131 3947680 3739454
3772441 3871782 3940528 3804390
3822981 3946236 3916365 3829958
3913637 3949292 4032671 3936912
3745038 3777636 3841826 3758614
3876480 3943271 3956268 3900892
4081357 3845807 4119521 3973661
3921826 3855915 4209570 4112567
4010077 3863242 4048051 3846218
3865731 3926633 4075883 4034117
3809259 3768407 3947827 3737866
3758402 3812506 3902466 3951468
3918334 3856945 3993440 3866955
3843275 3847281 3995962 4012391
4094331 3907008 4159237 3895380
4122996 3966457 3869756 3965415
4003861 3855847 4060481 3908473
4113978 3911930 3784335 3914819
3877276 3835566 3983074 3772937
3897223 3898403 3653077 3794228
4054566 3881158 3996138 3835548
4140437 3958387 3686952 3925257
4108393 4175555 3900270 3915455
4046735 3876489 4039652 4009438
4059248 4087296 3953921 3918861
4016143 3837447 3985824 4028106
3885077 4014464 3807378 3811497
4010397 3707178 3858661 3920847
3992650 4045811 3839395 3805710
3985006 3829943 3827914 3971048
3915442 3950179 3870972 3962910
3828721 3920055 3938475 3969345
3924459 3985646 3911771 3957221
3818014 3896561 3874465 3822679
3814050 3889701 3626324 3741107
3686045 3834197 3839763 3760226
3998113 3894140 3757665 3851794
3825120 3969703 3827478 3816696
3896948 4083223 3900872 3981338
3944968 4074391 4108770 3822428
3890191 3924927 3868979 3883937
3908060 3968005 4070605 3783332
3726866 3890855 3872367 3824926
3753960 4016497 3854027 3678416
3879611 3948810 3840173 3936735
3866817 4050118 3969399 3725015
3797181 3877031 3989871 3868566
3911786 3965726 3902016 3939705
3856752 3891649 3910940 3853195
3843630 3888921 4001217 3912879
3748126 3759207 3852644 3795655
3729278 3820992 3846514 3892241
3841054 3940404 3949895 3813142
3860810 3963266 3982252 3904153
3835212 3887119 4015415 3768532
3835033 3838754 3920590 3978785
3875192 3763891 3969906 3786296
3789020 3714303 3915270 3864121
3919297 3772608 3937850 3803425
3781669 3914897 3944145 3930350
3934679 3794058 4012496 3911950
3805962 3811793 4011649 3968139
3941468 3808120 3979881 3898352
3998170 3919678 3717152 3871735
3871553 3753164 3916925 3775829
4022068 3782343 3687443 3736122
3935401 3807204 3984074 3797801
3999847 3811728 3673892 3748190
3964707 3843163 3994705 3834013
4102591 3910200 3730898 3751612
3977955 4074804 3824486 3863715
3970464 3768159 3929331 3979853
3859185 3992962 3799303 3759803
3890201 3775710 3829506 3931653
3877963 4088290 3772347 3790176
3928004 3751764 3916752 3911795
4039934 4043673 3803563 3862824
3975322 3863527 3945483 3933732
3878435 3833162 3764620 3866418
3807548 3897828 3807898 3810669
3813409 3756951 3688632 3742738
3711519 3807225 3695245 3750338
3827567 3866280 3717323 3778566
3727978 3848606 3694604 3780009
3865264 3952077 3728282 3873173
3770452 3916378 3901618 3759706
3818443 3938949 3807380 3901079
3795210 3879451 4025956 3787460
3806743 3794064 3798449 3842448
3804549 3925856 3892610 3668127
3759875 3841407 3821893 3900733
3804176 3996507 4051720 3738212
3835564 3845117 3888291 3912733
3836865 3940899 3962268 3814743
3705727 3851916 3968201 3864030
3753396 3854215 3969542 3881080
3688078 3750376 3794723 3708890
3803462 3849457 3889147 3764911
3738380 3787417 3945927 3778350
3850080 3818291 3879475 3741411
3777638 3802295 3913573 3739687
3922678 3880792 3954399 3884674
3987468 3895814 3942389 3834788
3911313 3885348 3956074 3935452
3894873 3745432 3925292 3838843
3770117 3694896 3817580 3866492
4060370 3825501 4059053 3921580
4030056 3921747 4099391 4075733
3778121 3692700 3895346 3728361
3718817 3806611 3858704 3890469
4018664 3853970 3957316 3903577
4072499 3963132 3632841 3851546
3910471 3776949 3892547 3761964
3907994 3832414 3660024 3813230
3958590 3961927 4078942 3889310
4025107 3902615 3768940 3894976
3832157 3616749 3858669 3709534
4061253 3768447 3588579 3754954
3978692 4059638 3873713 3871660
4054252 3881760 3896514 4050198
3797570 3980855 3727747 3769566
3877431 3681489 3856204 3784399
3958386 4135802 3887246 3939850
4008565 3992201 3957465 3980695
3829458 3908281 3720403 3727272
3820895 3755564 3823838 3867338
3933329 3937760 3793707 3894020
3714424 3947126 3758838 3830014
3784223 3771613 3701779 3822666
3691639 3900651 3766938 3656515
3952404 3983406 3862830 3881690
3833131 3896365 3838320 3825156
3767863 3835037 3648351 3791157
3684734 3862232 3765094 3800985
3796331 4001514 3864118 3951421
3802592 3993998 3961115 3728381
3714444 3812181 3742473 3833160
3773513 3968349 3915141 3670927
3964902 3937371 3944719 3971953
3890500 4054073 4103055 3709911
3715661 3791798 3804651 3843536
3705887 3963069 3860350 3691371
3782865 3870109 3924093 3754581
3873501 3882758 3939695 3852878
3751428 3734823 3872351 3728141
3746609 3779805 3848104 3688697
3847400 3930741 3971928 3784113
3974481 3916638 3968082 3906163
3701892 3719191 3878754 3635656
3732175 3870900 3775638 3688306
