3700957 3824806 3696109 3881186
3750413 3895122 3926678 3705200
3875906 4046041 3738623 4027157
3827041 3900252 4042434 3851457
3715458 3906053 3765492 3918394
3841254 3981104 3965416 3809807
3745014 3940096 3671703 3920483
3778859 3916377 3928224 3783095
3865641 3789576 3827343 3825618
3880149 3799902 3898765 3806719
4043735 4057813 4014387 3967631
4056304 3993790 3969436 4010607
3936588 3887023 3855881 3912622
3889898 3954394 3878199 3905233
3964050 3898527 3931689 3931465
4020744 3938393 3896205 3876602
3902379 3717275 3746037 3760906
3792510 3755864 3994980 3805456
3891356 3859080 3858662 3883893
3956436 3847308 4015201 3993478
3884094 3771899 3837822 3773566
3878335 3790683 4064042 3883872
3917573 3763558 3787836 3798399
3833589 3807025 3977999 3976288
3769211 3797798 3823526 3888030
3829467 3808123 4029219 3755700
3966773 3919790 4027294 3973729
3874837 3956725 4050137 3887731
3807635 3935542 3886813 3979320
3829498 3925371 3972795 3923695
3892191 3969913 3849089 3853088
3876550 3921873 4050226 3843871
3946219 4087098 3891235 3864572
3895511 3767232 3835269 3961545
4009761 4100507 3948912 3935934
3958657 3839007 3878495 3976801
3985143 4061656 4055266 3964574
3968335 3746550 3847134 3933064
4014519 4009919 3927273 3911979
4019766 3861641 3761761 3951877
3895349 3871827 3827209 3940937
3855777 3940074 4054777 3810866
3956355 4021489 3930448 3955014
4018902 4073625 4086674 3969797
3961646 3844707 3974583 3962132
3889626 4002381 4054336 3862508
3940025 4011142 3858820 3850827
3939431 3962388 3992991 3818189
3687347 3798240 3663682 3871824
3781738 3906878 3960868 3749355
3772266 3886341 3696643 3874840
3694535 3985684 3987847 3788433
3719628 3874829 3653170 3881937
3785949 3943719 3910312 3771600
3730958 3877986 3679512 3845705
3816129 3843807 3865936 3768140
3907783 3870669 3888018 3893216
3955943 3937163 3867373 3832649
4008925 3944126 3918757 3877964
4009578 3825266 3861389 3847951
3941114 3872585 3927417 3862983
3928511 3937191 3870458 3910524
3907950 3841555 3864046 3807854
3885614 3842740 3740776 3857406
3952381 3773243 3808867 3762766
3875459 3789678 3879531 3900612
3930606 3816422 3760718 3785907
3891350 3833733 3959596 3945183
3929920 3721303 3709034 3693446
3854794 3793248 4068519 3864319
3813364 3692770 3747310 3788062
3809342 3737710 3944028 3740438
3813943 3911690 3869079 3928318
3912509 3911339 4008052 3814771
3870045 3933293 3926135 3977011
3815676 3854631 4053653 3828030
3851336 3848842 3827427 3975222
3895064 3887832 4084671 3885845
3740443 3867819 3818041 3870147
3816433 3812066 3980332 3792105
3979990 3973397 3886856 3894461
3951341 3772004 3784011 3961672
3996519 4007735 3880347 3910347
3855078 3844355 3763736 3934278
3961849 4067952 3955622 3882812
3929918 3703572 3890734 3874017
4003354 3969749 3840174 3829620
3883614 3733308 3762938 3827987
3907033 3991833 3841349 3876418
3900879 3947279 3950088 3821576
3932970 3934672 3803119 3872661
3938531 3892807 4019389 3841202
3901117 3947555 3904248 3890317
3947768 3863260 4073342 3815078
3882463 3853415 3735475 3865157
3900363 3917963 3946507 3829702
3813775 3896616 3681413 4009041
3871971 4005868 4032305 3844943
3604387 3688386 3535109 3768035
3704688 3756593 3896946 3584022
3653718 3831956 3676765 3864249
3777707 3906076 3978562 3736958
3771695 3923567 3734891 3986430
3848797 3974033 4071023 3770584
4009349 3963085 3898880 3969095
4037628 3978463 3934640 3972099
3919011 3741935 3819071 3701832
3780853 3892041 3850752 3787761
3860888 3870399 3919832 3880480
3954146 3931580 3806151 3810732
3946032 3964663 3946785 3935634
3972978 3962431 3935883 3871549
4008354 3810125 3836030 3821529
3934334 3821331 4027314 3982618
3720356 3626008 3633411 3599909
3789227 3726470 3854331 3747502
3880828 3692020 3709644 3755184
3831019 3755609 3837867 3916761
3974125 3749899 3796137 3883610
3922086 3798416 3948205 3897204
3949927 3906515 4006137 3911162
3871485 3972949 4076487 3888535
3808501 3747277 3767807 3826105
3674168 3715332 3815674 3691322
3887430 3861346 3843547 3847495
3904232 3904885 3941130 3867719
3925065 3906278 3880400 3959969
3870585 3904693 3989264 3847255
4031184 4121153 4002380 3972971
4000719 3855104 3853549 4048949
3907784 3888888 3781698 3812842
3825263 3652013 3666720 3763142
4102287 3980292 3723807 3816921
3926777 3693760 3819128 3941350
3970173 4066429 3873266 3923473
4015952 3808900 3811528 3999682
4030738 3942958 3926693 3980201
3977003 3988797 4117057 3914802
3775480 3895540 3806076 3744092
3763900 3795859 3825294 3773959
3942259 3930481 3852609 3930320
3831424 3850433 3962202 3813455
3973938 3895524 3841898 3932679
3906453 4017709 4051500 3831564
3668634 3797169 3569549 3739848
3718133 3784388 3859326 3704795
3700439 3880076 3621118 3791493
3721784 3857029 3909377 3622220
3756716 3945223 3820752 3887767
3881185 4005418 4045250 3828263
3617996 3820183 3543042 3806744
3720019 3882200 3907952 3720357
3778109 3775775 3820497 3761692
3792659 3840583 3685839 3755521
3885656 3757821 3878471 3861337
3952319 3888506 3825623 3878210
4036599 3918726 3894422 3888185
3987813 3912365 4001564 3908648
3843736 3900471 3737456 3882633
3910014 3883471 3869173 3731951
3794173 3594809 3773559 3658294
3753647 3663192 3881440 3752699
3837547 3767621 3824357 3662908
3812859 3814565 3913268 3781236
3943966 3861272 3847895 3873510
3969961 3919969 4034209 3967703
3803906 3695735 3792689 3695713
3738916 3646708 3872061 3808172
3727941 3797846 3686073 3813835
3767637 3786792 3931743 3724555
3765253 3841283 3788507 3862576
3841150 3868222 3977710 3788060
3932301 3958628 4038012 3978141
3869200 3922658 4080464 3921151
3730413 3716177 3815179 3858958
3759795 3873891 3965013 3801730
3878868 3903943 3839766 3760697
3851833 3644321 3730112 3781808
3945002 4011320 3795807 3861933
3868157 3670418 3730513 3952598
4013811 4083984 3928104 3844259
3972905 3835047 3876752 3957960
3865867 3947222 3832297 3802605
3915052 3607231 3782546 3883239
3827173 3854533 3803750 3746551
3736301 3826599 3820107 3657242
3929602 3844808 3934565 3816265
3866575 3854207 4015589 3716210
3970072 3955350 4012888 3911104
3936141 4022758 4037181 3937887
3796133 3817130 3858811 3776839
3817341 3795926 4004049 3743209
3779002 3943178 3781203 3841833
3846993 3955580 4056686 3792452
3660162 3791471 3632612 3797618
3778582 3855344 3897566 3730039
3748129 3901640 3760334 3974928
3936193 3989777 4113462 3842326
3757844 3858256 3740643 3845091
3706001 3872356 3876596 3720405
3971755 3924071 3944452 3982504
3972863 3997699 3959369 3843708
3845970 3801080 3853553 3784914
3845330 3840706 3806668 3774491
3994171 3967443 3897447 3952082
3974171 4029180 3896857 3922920
3879180 3844893 3837294 3835648
3940102 3859857 3829489 3803110
3868815 3852050 3787957 3762501
3953785 3792986 4106682 3931469
3761245 3666851 3653127 3720096
3821061 3701796 3843385 3786629
3947805 3830429 3793698 3913469
3965594 3862896 4064764 3926506
3825275 3739958 3733482 3772482
3864252 3698130 3871194 3818910
3930537 3909957 3894968 3923338
3855727 3868340 4019627 3876067
3744596 3847833 3772631 3803807
3746899 3741936 3944158 3802613
3880318 3948055 3972236 4001858
3924486 3948061 4049074 3903853
3800774 3847158 3808090 3829852
3758810 3757965 4021071 3715078
4097025 4107617 3958117 4025286
3997053 3869766 3840361 3919443
3927790 3941150 3830818 3910054
3843993 3646386 3674323 3827304
4023568 4148232 3943135 3945741
4028340 3861797 3883042 4061248
3934996 3990045 3870079 3908876
3920978 3797370 3740407 3946363
3959378 3936510 3946382 3945684
3992215 3937362 3923569 3844170
3729076 3869077 3822787 3794623
3766357 3865240 3877011 3753752
3958579 4050584 3976528 3939977
4020462 4044621 4106483 3951653
3967760 3947577 3821295 3913989
3883393 3931720 3899880 3761942
3554510 3696060 3623573 3758420
3640386 3740797 3806099 3546679
3625209 3845838 3638876 3834580
3712841 3868374 3917846 3727247
3665799 3815769 3626464 3836575
3732098 3947873 3969982 3724444
3731929 3822493 3688426 3881047
3766205 3913051 3899924 3717822
3734711 3673020 3801139 3702825
3776781 3739006 3696886 3731083
3910197 3824949 3882243 3864816
3857508 3847554 3819697 3826335
3914434 3759260 3867799 3823106
3853932 3929680 3868969 3886470
3875956 3842778 3873355 3772564
3982032 3861462 3863808 3850908
3739142 3569335 3612387 3626035
3715565 3602904 3804775 3753386
3818494 3692028 3739190 3689443
3843133 3734840 3912564 3785564
3746216 3704462 3695550 3725934
3846226 3754898 3942802 3872212
3780007 3740152 3642816 3763869
3859128 3775875 3847250 3943190
3709501 3619026 3736636 3659145
3630208 3669699 3792824 3588872
3796589 3793322 3876591 3833712
3809811 3871389 3977036 3791897
3793495 3909077 3898739 3852823
3851032 3780633 3938927 3745230
3810155 3852724 3815507 3823607
3814168 3917967 3975629 3779800
3850713 3797403 3778252 3749390
3786830 3588183 3683353 3818641
3866008 3955071 3828479 3887987
3894213 3692159 3798003 3883910
3941296 3929646 3865469 3796282
3867217 3694703 3708857 3858199
3938210 4002470 3848797 3892587
3806689 3710899 3771706 3911278
3708660 3675957 3787559 3737927
3686356 3786496 3782907 3710883
3830930 3873932 3703408 3824091
3841474 3857403 3874219 3774869
3831552 3884609 3861952 3818396
3820659 3946465 3945069 3736824
3882534 3922944 3826881 3850604
3852534 3937826 3950030 3801577
3800822 3951011 3830860 3980028
3878944 3952890 4015906 3906623
3689665 3782678 3663247 3861119
3728309 3864075 3902949 3678892
3673031 3852465 3527263 3784564
3752454 3869527 3909443 3604670
3813976 3966752 3831805 4015561
3879944 4028660 4073617 3868705
4104569 3958854 3989336 3985973
4019695 4065130 4027068 4006989
3857841 3890783 3807018 3751457
3923283 3842917 3774105 3751037
3804029 3880229 3846415 3817923
3898940 3864569 3914754 3769380
4033414 3942539 3997151 3994982
4031999 3974488 3959296 3934910
3938145 3863640 3835467 3895625
3912194 3922698 4101611 3911824
3780881 3671990 3662940 3670798
3815960 3682182 3897210 3838246
3794562 3586237 3685077 3597580
3715941 3702183 3927360 3766296
3990914 3883395 3886259 3898725
3942114 3990939 4121364 4009665
3934881 4011360 3985341 3943835
3952907 4000578 4069285 3991413
3751771 3757735 3804312 3791334
3722621 3815401 3928056 3707475
3828050 3759344 3777065 3806590
3719896 3810304 3941791 3677564
3931742 3996551 4013587 3966468
3949048 3993838 4137904 3931832
4034246 4064887 3957304 4020760
4005835 3828543 3869690 4056831
3880715 3963272 3894075 3850450
3890849 3640251 3750595 3916137
3954538 3988667 3753839 3760422
3857499 3605605 3794623 3774796
4059212 4155774 4023436 4051729
4018820 3878700 3865850 4001343
3925670 4017196 3947420 3999989
3914849 4068483 4094814 3984314
3800503 3873447 3712315 3826111
3819295 3848573 3965329 3697222
3859199 3812515 3849918 3866150
3802296 3833956 3875920 3763283
3972150 4056460 3968150 4024445
3956142 4014953 4009437 3974881
3816144 4000219 3834815 3927418
3915742 4094268 3982857 3781825
3711316 3719325 3565684 3858084
3588565 3778792 3821164 3611942
3711662 3918692 3686259 3923140
3861313 3986077 4015372 3804695
3864598 3952968 3879663 4019107
3845030 4080294 4095062 3874895
4049961 3891119 3973021 3935776
3966735 3988847 3973280 3985133
3848165 3794615 3825206 3749117
3800072 3879523 3865741 3742722
3985082 3947954 3887125 3885559
3918496 3904418 3987230 3952197
4027226 4022863 4021285 4060047
4019760 4024154 4012179 4021191
3953969 3873269 3868034 3826895
3948235 3915392 3996806 3952433
3818040 3569452 3643966 3730691
3757766 3661270 3830591 3788545
3861546 3767232 3815078 3790668
3979278 3798866 3975075 3889715
4080041 3897268 3913937 3883467
3953124 3906532 4066330 3956350
3940381 3988480 3988043 3970780
3874424 3959814 4081581 3961622
3834106 3823687 3783641 3828559
3611789 3766565 3896321 3693485
3987367 3909578 3894575 3928648
3849857 3838541 4006356 3832755
4021434 3963606 3941748 4001526
3948708 4010646 4238275 3913229
4008411 4083787 3997708 4006333
4031741 3850404 3860497 4102163
3924120 3891627 3817044 3755618
3783532 3575040 3756151 3805843
4070324 4076827 3904488 3934694
3962186 3706281 3886416 3982560
4079724 4245678 4020809 4058468
3982085 3827719 3934671 4006226
3992384 3986985 4000642 3962712
3972779 4032793 4054805 3908174
3826431 3765848 3827716 3820187
3723829 3826273 3854295 3705157
3888574 3899503 3895455 3904476
3898677 3892665 4012800 3917392
4024101 4089093 3983274 3958464
3988903 4019671 4095428 3905834
3657121 3785700 3604354 3782169
3740719 3895664 3913101 3719813
3803942 3880014 3723147 3928657
3833451 4001566 4023300 3852630
3860219 3983398 3788685 3920660
3915492 3949659 4100394 3871518
3576962 3756921 3647766 3787393
3698659 3807801 3892427 3614250
3891362 3763725 3886057 3924167
3839420 3854893 3893258 3868480
4077337 3909085 3942972 3888575
3973650 3934350 3972191 3937939
4114009 4007203 3988365 3979505
4053349 3983150 3953762 4054020
3849479 3692331 3807134 3746232
3819229 3831484 3773628 3830134
3784133 3688736 3633410 3697461
3805198 3709277 3871890 3789452
3964181 3811145 3853826 3791440
3885966 3875251 4014052 3961096
4060618 3877028 3956564 3876668
4073496 3917489 4092547 3990508
3786937 3618544 3623519 3671068
3755164 3662479 3868559 3833344
3812365 3813237 3796148 3859844
3763552 3877484 3864866 3731240
3867872 3924482 3959625 3917713
3914481 3988509 4083320 3818861
3972915 3983942 3948622 4010614
3966877 3983488 4145252 3918033
3812395 3777000 3828873 3771846
3742174 3759511 3926079 3681249
3929155 3936069 3837918 3833225
3828593 3702503 3689911 3818933
4108591 4128860 3950797 4010148
3992195 3802672 3870170 4013728
4060985 4174427 4019798 4044256
4119395 3854186 3889137 4061703
3823482 3915299 3792987 3772179
3803755 3577737 3622687 3737434
3787604 3932955 3788669 3800906
3807093 3935752 3889144 3819143
3998118 4035074 3952523 4012608
3953353 3995350 3954255 3958960
4009283 4013725 3957598 4000566
3931018 4049357 4087745 3945940
3772897 3845543 3751335 3711396
3713610 3745187 3858293 3761926
3782021 3947025 3711608 3956750
3891869 3958396 3998242 3800045
3803670 3901219 3702751 3896821
3815971 3917869 3963005 3807286
3700012 3904486 3767682 3945913
3771790 3977557 3979044 3839933
3741824 3900067 3693034 3851336
3763111 3850922 3919863 3780894
4072732 3926759 3957369 3862920
3988301 3935027 3925484 4003529
4041386 3921105 3985723 3933568
3967689 3898095 3979416 3926282
3861557 3873040 3908881 3891545
3954831 3914158 3910041 3969797
3849253 3932055 3835265 3973036
3902871 3950386 3914672 3859035
3981024 3799647 3815397 3827862
3927437 3866434 4071281 3965014
3984212 3790191 3849367 3822686
3904557 3827415 4038794 3866038
3971135 3797674 3823592 3798859
3907039 3908749 4040135 3932496
3881166 3716554 3710919 3777513
3746316 3755981 4019534 3822908
3945627 3966747 3943422 3976229
3917159 3961741 4040920 3883068
3820238 3966274 3994372 3973438
3962255 3865177 4069095 3876858
3868619 3905957 3874373 3871093
3834405 3936794 4037897 3870715
3816530 3837605 3930298 3868931
3751293 3872097 3975174 3801799
4003210 4083935 3989921 4006463
4044223 3794259 3886293 4051145
4003923 4084534 3918435 3975013
4001164 3766245 3848287 3903561
3956822 4080113 3893151 3909475
3877472 3736413 3768024 4002158
3958612 4010249 3928788 3853909
3934007 3768686 3702386 3909674
3958678 4014116 3996704 3992827
3955348 4007975 4080793 3912759
3917111 4027861 3910077 3901683
3868842 3998822 4062401 3827251
3895787 3919125 3872587 3906029
3855689 3970524 3945939 3904225
3933043 3853151 3838722 3899982
3902676 3886541 3905781 3807827
3694101 3799055 3589716 3773201
3657776 3866013 3809664 3711557
3710963 3672568 3518599 3753315
3592070 3789408 3861743 3665233
3747014 3875648 3765044 3918596
3779748 3963066 3993573 3748120
3723522 3916465 3695505 3861979
3670827 3878846 3898862 3731338
3965152 3794575 3878473 3803350
3881257 3867307 3800675 3796451
3856503 3740549 3843195 3720534
3789624 3769321 3745232 3768693
4061534 3851721 3916304 3887588
3923129 3909759 3877443 3918129
3972236 3893602 3933224 3824957
3869185 3885034 3836047 3890870
3827967 3646953 3660781 3742628
3779806 3633004 3878502 3790045
3760607 3587524 3689283 3748610
3770932 3656364 3882917 3730202
3867264 3741492 3730107 3697387
3862192 3824437 3972017 3896581
3874188 3732204 3718577 3752746
3750581 3775191 3827947 3849146
3718156 3810891 3805836 3846491
3710661 3767694 3838986 3768354
3682329 3778262 3712387 3741433
3677278 3778130 3912225 3695350
3924567 3966563 3947155 3886100
3810829 3860287 3963660 3822856
3808050 3852449 3810802 3882140
3803436 3865401 3978377 3704428
3913510 3984463 3919437 3825321
3921930 3688171 3729465 3805559
3835547 3929395 3793485 3778709
3873444 3744160 3645320 3720490
4000667 4080008 3865701 3907964
4014465 3814218 3832424 3942416
3910370 3922259 3876084 3836138
3931387 3686571 3816255 3822658
3799205 3864377 3857690 3844571
3791469 3877194 3921333 3785031
3868683 3818874 3717761 3801795
3764355 3779561 3849264 3779292
3957357 4005584 3844404 3989207
4071378 3933537 4000145 3847177
3907770 3933629 3876667 3839702
3880305 3917524 3936272 3851775
3779980 3798544 3723268 3842936
3740740 3924219 3887166 3777222
3783220 3998125 3753576 3824260
3812128 3941960 4042446 3764414
3788669 3843249 3688135 3892515
3880861 3944414 4064815 3729971
3740069 3922525 3671809 3919771
3740228 3905694 3985376 3731927
3967135 3904823 3845151 3909475
3954372 3938915 3842626 3924558
4025363 3956568 3982706 3901539
3937743 3924888 3898766 3832455
3963561 3879111 3947086 3950289
4027499 3944930 3918065 3960677
3866500 3889329 3923606 3872772
3965588 4016823 3932837 3834079
3923973 3787187 3783911 3804137
3805529 3853939 3964482 3851421
3881347 3736586 3736102 3877819
3908842 3778047 3943402 3910567
3865781 3723129 3803077 3791028
3905700 3741726 4046117 3857582
3885189 3761960 3811814 3753569
3926161 3816991 3979161 3854650
3826453 3917700 3965800 3918543
3819931 3929504 4012730 3826997
3891044 3891321 3914516 3858471
3816687 3883516 4104664 3865799
3862477 3857945 3889072 3917659
3866438 3920743 4078018 3899894
3894548 3986621 3920215 4027189
3863161 3943829 4146129 3862849
3958528 3973664 3950435 3834022
3942423 3750607 3766393 3921805
3989768 4033942 3859903 3917555
3975590 3786804 3813162 3915138
3986830 4062377 3898418 3931642
3934309 3793244 3896695 3983075
3965674 4031328 3944433 3930120
4018444 3710187 3751328 3947075
3935822 3876724 3901317 3879031
3882773 3970233 3958485 3856023
3891157 4031654 3897803 3883746
3844002 3998311 3977742 3821634
3896472 3974705 3924422 3875091
3862493 3961201 4063306 3854396
3936873 3901960 3866231 3891023
3893731 3943829 3953583 3867187
4004715 4018720 3948720 3884005
3886848 4072709 3946886 4121341
3829036 3825750 3765488 3718273
3745093 4050650 3904789 3916109
3770078 3788629 3754594 3679778
3731151 3934238 3776841 3853550
3961120 3788638 3855123 3851498
3890853 4031990 3910183 4007781
4091082 3981814 3918329 3959603
4072854 3962046 4025117 3827103
3916718 3793408 3687273 3891443
3949837 3885316 3913565 3743206
3824076 3803599 3728524 3807097
3984153 3875016 3769902 3661842
4015878 3885375 3826236 3940329
3988637 4022740 3906994 3728006
3954571 4072644 3889313 3987714
4018023 4053450 3930405 4016463
3838315 3979769 3773577 3864854
3907742 3981331 3863558 3888622
3712476 3900758 3681889 3736775
3861172 3953411 3702175 3878949
3886292 4023205 3922022 3938736
3991948 3952946 3846463 3949740
3937937 3987343 3859138 3909498
4090904 4078319 4056815 4044762
3728154 3894747 3851555 3852015
3890490 3884385 3870017 3969815
3705581 3860092 3737576 3756102
3857195 3770441 3886944 3891170
3863891 3902935 3883710 3847774
3964787 3911632 3895063 4079292
4012606 3989745 3946748 3927115
3981032 3869234 4035975 3787978
3933974 3817868 3909073 3844152
3887495 3749762 3935620 3663548
3820960 3795293 3771211 3783037
3822993 3594227 3893580 3657141
4005965 3902051 3904618 3864088
3918434 3737675 4036066 3711907
4018169 3836471 4119932 3902357
3866684 4058777 3967295 3961629
3877543 3755422 3952951 3803409
3887746 3966228 3842347 3854761
3800650 3678760 3916528 3712532
3743576 3960781 3723765 3813978
3974333 3782988 4104602 3851019
3851450 3988522 3957548 3935682
3918058 3765049 3740895 3738866
3734248 3965079 3906087 3848200
3913800 3991289 3844758 3811542
3745850 3977940 4022104 4014522
3874547 3916872 3771287 3788736
3869841 3989707 3903461 3983249
3892132 3723310 3717184 3757970
3758706 3932392 3749312 3871105
3900753 3818706 3694201 3791678
3996078 3886705 3797795 3702752
4060616 3885585 3796455 3866197
4068619 4016322 3932322 3816582
3906662 3862015 3831106 3980895
4063911 3956129 3883647 3733377
3851506 3849648 3680718 3806200
3898511 3809155 3783297 3621866
3812137 3934802 3770837 3818812
3884520 3901233 3786621 3861699
3874588 3987629 3831024 3901886
3974792 4024278 3912498 3957163
3904075 4063972 3769728 3934597
4028131 3989816 3773887 3898342
3746947 3929914 3766701 3828917
3917198 3859341 3721940 3800436
3718387 3906330 3710689 3680145
3952199 3877788 3812144 4043403
3859479 3876955 3838130 3894274
3963484 3937028 3967050 4006409
3730601 3883592 3821431 3856243
3963272 3877793 3915998 4005395
3694151 3808119 3725268 3690100
3870090 3692864 3816133 3909237
3799359 3870484 3770712 3743847
3869361 3706600 3841044 3670437
3983579 3938140 3935972 3857812
3936781 3706163 4014378 3719920
3881901 3850812 3855729 3954483
3961426 3786995 3964798 3776621
3803750 3721139 3758177 3797224
3950257 3592508 3916489 3607030
3854304 3670226 3983968 3803026
3743612 3889635 3786577 3842378
4051012 3822043 4003009 3830446
3843484 3940464 3898290 3932446
3905888 3807175 4072025 3902250
3849881 3979529 3916697 3841522
3849104 3803167 3926360 3709818
3720940 3841995 3764095 3762552
3845142 3800649 3835376 3757930
3679137 4011307 3795737 3936364
4004475 3928523 3872690 3885255
3858206 4037006 3986655 4003946
3846453 3734323 3726947 3713946
3702224 3899381 3801167 3837047
3814852 3781223 3693157 3691077
3686819 3868192 3809602 3806240
3901676 3839895 3713116 3826304
3917774 3893086 3885535 3706708
3984309 3948106 3855684 4003875
4085300 3913728 3969782 3777238
3879440 3810803 3727925 3852996
3903626 3959951 3744487 3593596
3837656 3736698 3678287 3749769
3979932 3860166 3777102 3689567
3841809 3925598 3811531 3866235
3903354 3857743 3791967 3877262
3946591 4015400 3877369 3969654
3992719 4087709 3960979 3957551
3806390 3916571 3709145 3804104
3853373 3885999 3837446 3798023
3826415 3933502 3681781 3726897
3835239 3847575 3755651 3876545
3652066 3849357 3763894 3732030
3840030 3749806 3806250 3972013
3839127 3930419 3862631 3953214
3968939 3961252 3935859 4050454
3710393 3787095 3858032 3707911
3812396 3851903 3758054 3900820
3684137 3819987 3739042 3735700
3792318 3803033 3736492 3896498
3865946 3797418 3785076 3853660
3868097 3567477 3913913 3634818
4053338 3992137 3910169 3942371
3993501 3706209 4072621 3827627
3833051 3828111 3753799 3707367
3849222 3692936 3890488 3574992
3887628 3731476 3710145 3791518
3843953 3581605 3850654 3664497
3865553 3728438 3920229 3814229
3764084 3910871 3730303 3777796
4087446 3758330 4105983 3861768
3827787 4043524 3908129 3925502
3876866 3623444 3916711 3811188
3812686 3899751 3795734 3826288
3774750 3682258 3951192 3730975
3781734 3891791 3775267 3828631
3992941 3843825 3739705 3733815
3762429 3994315 3935362 3911266
3861261 3758562 3821106 3719249
3659683 3944242 3811062 3800367
3974606 3838172 3833816 3892894
3833193 4019252 3950184 3990543
4112556 4112103 4039508 4011695
3945459 4204467 4128170 4114092
3838646 3913718 3769114 3853681
4003564 3938017 3835976 3735618
3857641 3794635 3803276 3829149
4020286 3861585 3777262 3729152
4033403 4003406 3846103 3983645
4109696 3986346 3955455 3803443
4155346 4047262 4036951 4104401
4213952 4096340 4093404 3917309
3950076 3990722 3756750 3828953
3894264 3917204 3873448 3889793
3848330 3963445 3779965 3831744
3826975 3946184 3801610 3870617
4007630 4055188 3849446 3955793
4011697 4070215 3942002 4021043
4017673 4211818 4052309 4087101
4044592 4203095 3969607 4128189
3759848 3917332 3785283 3856290
3930106 3801262 3864425 3924176
3730736 3873065 3810612 3803810
3928823 3797360 3761722 3878800
3875648 4025363 3977516 3942269
3982728 3882537 3869711 4067211
3917680 4127049 4059153 3998063
4182424 4078090 4170715 4145113
3906112 3843402 3841279 3801687
3935680 3548545 3944389 3718939
3823805 3751814 3763289 3834113
3939956 3640288 3857774 3723820
4002556 3935100 3928066 3885070
4064349 3768971 4049515 3735202
4052801 4074700 4047628 4039532
4090815 3866309 4114466 3934953
3915850 3772146 4006656 3782400
3853747 3863975 3855136 3951053
3873605 3703452 3920548 3779398
3792067 3891369 3765975 3836107
4016944 3779513 4115861 3862068
3921576 4016371 3906227 3921665
4108294 4037238 4236769 3933314
3999830 4243556 4060817 4084555
3904776 3781100 3728609 3738217
3791829 3949123 3837775 3961318
3987620 3960578 3937515 3890424
3891885 4074561 3949314 4010920
3938224 3957707 3886843 3752805
3821834 4045324 3909675 4017435
3857237 3747290 3704132 3694064
3722473 3857343 3755596 3791419
3942136 3843083 3789197 3817599
4011258 3964699 3778765 3724385
4117133 4012951 3846546 4019284
4101268 4104460 3988257 3792440
3973921 3926053 3864964 3969395
4065489 3945883 3884533 3804906
3823535 3855470 3683398 3793950
3974858 3802834 3832713 3702644
3810520 3946084 3795096 3813855
3936020 3896643 3800332 3883785
3991701 4092305 3825985 3964754
4046212 4027094 3946594 4070517
3897448 4032053 3860677 3966601
4038106 4021339 3894206 4118320
3742793 3947090 3721831 3818299
3851772 3853539 3711353 3814967
3672634 3833365 3845338 3823028
3854627 3859317 3811100 3959296
3862363 4013167 3990177 3951175
4097754 4012086 3970945 4042744
3825823 4031324 3947605 3876139
3960274 3968669 3972311 4083860
3683328 3852720 3738054 3713980
3880136 3854053 3917628 3882435
3866910 3837860 3770800 3873232
3858439 3652491 3879660 3660477
4025508 3961532 3982455 3911126
4073791 3732958 4116952 3788346
3877996 3863397 3881203 3849373
3979740 3794038 3985512 3883780
3921578 3709740 3760231 3765658
3838044 3551335 3867869 3650532
3885866 3800209 4002828 3818085
3814182 3888386 3758485 3818575
4037230 3881075 4108654 3837442
4004763 4086814 4011907 3977859
3973899 3792680 4041663 3901428
3903473 4027977 3887716 3834575
3829343 3647362 3891745 3704412
3684700 3873109 3801945 3797614
3866355 3836844 3874415 3730011
3742074 4028259 3868242 3907765
3974437 3854946 3777958 3828250
3795621 4018284 3904638 4009154
3874894 3807559 3775050 3802358
3825922 4027521 3833987 3888996
3840462 3763681 3859661 3856072
3765793 3962488 3842352 3924437
3998978 3850507 3752651 3902464
4033366 3923657 3857424 3699217
4002673 3910737 3819397 4031978
3990899 3994837 3919013 3747151
3983720 3875754 3892384 3925972
4089662 3983062 3873019 3698318
3956399 3869350 3716441 3901904
3986263 3921051 3759618 3789767
3939380 3972862 3823287 3822781
3888602 3967269 3785659 3952107
3869001 4081357 3838544 3894307
3916317 4021072 3835635 3967402
3859885 4026072 3739693 3925746
4011381 3986468 3819530 3925553
3744894 3919090 3812843 3888556
3891625 3951989 3804915 3903327
3832213 3875485 3825241 3814432
3991703 3892836 3932199 3924249
3812283 3950240 3846879 3853828
3883447 3855992 3901168 3964465
3828630 3903895 3858792 3832385
3967877 3891934 3913243 3932542
3769174 3836813 3816812 3788940
3863133 3809755 3811825 3967128
3912491 3851081 3841273 3813809
3998488 3615774 3948874 3664460
3957490 3899220 3902264 3911488
3941808 3673752 4003760 3767464
3934525 3899514 3831875 3830620
3929260 3707719 3999722 3653724
3864923 3883361 3814773 3789925
3916462 3704775 3856409 3678691
3854590 3807820 3994161 3771874
3851291 3903808 3759600 3877065
3961866 3824745 4037109 3847719
3804903 3987209 3796910 3899865
3921696 3906377 4053259 3859841
3803416 4013411 3889848 3868877
3852866 3760043 3916067 3827165
3747082 3957602 3832470 3853182
3844762 3720850 3671074 3706847
3728265 3828653 3794308 3858662
3812151 3819319 3760831 3723969
3763115 3989310 3809822 3996432
3878668 3916162 3792246 3827242
3844619 3941380 3857346 4001147
3939006 3864950 3834631 3848010
3842163 4031809 3880778 3966418
3921287 3856773 3733545 3808554
3976783 3927326 3779963 3682629
3907523 3864643 3759441 3936862
4080422 3958216 3756392 3708909
3984486 3916509 3791351 3975115
4069507 3928499 3837060 3746047
3992412 4016832 3916913 3941976
4031089 3973301 4032486 3776417
3804501 3888792 3665302 3895654
3964368 3878528 3813960 3923436
3868960 3984316 3828673 3923979
3900158 3986756 3731941 3914082
3924086 3960323 3762386 3871386
3907901 3974479 3875728 3952127
3997111 4032175 3843899 3902810
4066371 4064533 3972219 3971957
3788161 3821242 3757106 3751374
3760447 3848143 3791185 3854872
3780086 3869726 3805096 3777856
3988456 3870023 3831770 3884639
3877765 3971615 3892401 3843703
3979886 3897649 3934053 3994558
3811347 3953893 3787390 3840045
3907216 3923675 3903183 4009710
3821596 3703389 3815501 3814055
3934196 3595637 3836378 3656138
3907122 3868784 3767687 3843147
3950381 3629154 3923465 3709489
4007159 3863273 4015384 3844463
3940397 3741412 3957445 3708408
4001801 3851261 3885384 3922071
3960015 3746044 3959939 3820787
3819279 3706836 3940871 3796191
3762447 3898231 3776956 3775873
3918787 3724504 3977230 3864278
3866690 3951935 3784268 3874437
3920746 3812773 4036668 3919038
3921021 3929165 3847408 3843556
4105820 3789985 4056688 3858606
3790285 4043135 3894403 3932290
4008371 3852140 3876583 3981033
3868333 4127431 4008485 4028800
3966860 3858717 3809987 3906473
3852312 4094102 3869784 3952922
3918506 3929070 3902410 3884277
3885054 4146808 4001540 3956458
3974652 3948793 3906331 3869802
3924335 4134975 3973296 3996491
4064499 4012941 3886809 3984378
4077713 3996575 3899252 3864600
3982155 3973962 3888479 4012200
4034924 4028245 3915793 3840320
4074565 4058934 3879929 3960791
4076173 4023932 3971764 3808820
4040094 3948963 3892196 4063374
4121916 4029120 3978963 3723974
3945991 4096680 3841217 3948065
4045187 4071007 3940406 4069388
3920854 4085854 3935536 3950110
3926216 3965699 3913122 3950514
3994000 4029604 3883037 3977677
4019947 3976956 3943507 4057535
3985546 4100887 3912836 3945359
4021551 4058293 3854822 4036736
3897750 4031374 3905623 3903116
3969985 3993514 4020070 4134915
3861807 4003280 3854365 3924284
3957423 3968684 3989812 4057595
3898909 3971675 3911096 3924352
4045532 4029684 3983808 4015353
3829803 4012663 3903574 3902097
3987776 3987817 3980137 4078906
3980703 4069312 3938796 3977604
3969807 3847441 4072393 3827003
3999037 3873763 3910697 3974175
3941801 3711029 4067740 3746298
4030029 3988499 3950591 4026000
3971730 3719124 4036834 3812618
3976198 3903692 4019868 3949815
4012630 3727461 4045965 3832051
4002780 3881273 4136870 3903723
3932798 4075143 3997859 4020081
4062555 3798174 4110891 3880517
3808641 4008241 3943172 3958244
3983117 3851263 4085678 3915404
3883336 4106182 3882156 4005954
4043126 3951593 4125750 3882812
3957399 4079578 4018409 3984833
3917218 3903820 3836796 3858167
3840651 4000061 3906092 3929157
3917467 3817919 3733787 3813008
3743714 4021007 3850662 3923363
3965864 3944117 3894667 3888149
3951065 4126300 3902729 4017280
3889201 3879198 3881405 3820990
3909068 4058660 4008685 3985775
3913050 3909631 3834359 3944841
3992005 3959972 3952879 3680654
3920969 3962902 3761231 3983143
4008659 3887988 3908429 3788343
3998423 4093404 3988639 4034285
4178434 4070531 3972746 3807235
4028533 3949989 3797700 3970558
4033570 4012485 3982210 3765527
3927050 4077832 3859840 3829892
3981146 3986875 3805777 4040115
3790688 4063597 3821869 3899171
3928260 3952193 3876261 3950381
3977326 4093659 3945555 4033371
4100827 4001570 3878716 4105332
3900363 4073187 3817303 3913999
4031007 3970886 3904601 3966874
3873988 3955014 3883077 3899015
4014171 3984497 3944674 3993015
3708793 3874974 3808914 3807539
3876361 3848939 3869475 3968921
3847326 4027486 3892717 3955102
3974830 4051217 4013853 4099053
3828805 3998821 3919234 3922504
4048245 4040123 3933523 4058032
3964582 3937827 3899514 3879173
3979663 3812479 4020403 3797504
3881068 3858923 3928196 3849018
3917403 3665298 3999139 3674964
4043788 3991652 3970712 3954137
4048829 3737930 4001768 3874249
3924713 3897463 3916059 3892310
3949476 3807648 4050289 3776564
4023668 3807882 4049708 3849995
3844481 4039089 3890401 3854177
3898218 3795039 3953388 3788092
3894950 3970107 3846205 3890370
3996111 3844526 4099393 3895747
3920612 4066961 3990413 4100156
4019651 3843985 4095856 3827813
3844740 4038955 3960710 3953044
3954641 3888028 3852387 3854634
3875431 3982972 3908155 4012727
3919094 3849116 3844735 3837250
3723466 4005829 3880481 4004419
3809436 3766041 3778286 3711918
3683054 3853313 3739840 3816172
3925702 3968734 3863444 3904633
3908061 4053167 4027486 4086034
3923237 3906235 3800266 3950946
4054963 3889992 3845103 3771070
4026752 3985175 3866595 3918687
4057439 3992160 3945918 3787906
3820415 3838276 3682727 3806005
3864944 3834450 3864466 3648290
4004849 3989749 3861180 4029699
4141738 4020567 3934200 3856180
3852375 3992374 3858500 3829360
4041191 4077153 3891263 3933725
3914903 4115829 3878158 3931709
4022246 4007702 3883029 4062234
3815920 3943093 3709885 3813449
3839459 3919653 3787310 3806057
3989725 4156045 3918882 4015446
4072142 4029653 3899353 4086136
3794542 4030795 3843705 3839659
3960443 3905634 3860540 4077253
3782675 4000488 3845691 3900329
3998090 3954729 3910526 4019872
3698620 3856298 3767421 3661206
3901468 3720107 3714265 3895742
3864574 4104782 3943753 3950894
4100374 3954552 4027649 4072557
3984025 3871239 3901659 3879781
3946476 3758810 3920169 3892687
3956693 3927601 3920521 3918249
4012147 3752045 3991372 3715869
3871237 3757739 3787216 3754992
3876275 3639260 3893733 3649169
4005403 3985963 3956672 3917824
3996140 3746657 4053985 3862977
3943902 3822868 4098153 3858305
3849981 4055517 3898232 3986852
3933692 3821540 4067964 3854639
3811227 4002551 3824602 3921250
3896015 3629108 3978647 3777859
3681377 3963163 3779157 3842331
4047434 3887346 4178000 3937271
3905529 4039265 3954894 4012174
3947065 3738144 3764677 3780091
3777708 4036179 3835546 3871760
3838161 3731793 3768406 3756472
3733711 3945624 3867591 3862456
3832999 3811898 3798314 3731654
3779802 3970071 3754500 3940661
3832551 3806813 3674009 3713396
3714496 3959191 3785255 3803308
3978967 3845395 3749896 3894045
4016888 3955168 3831948 3796510
3903814 3859210 3794804 3866144
3937439 3890875 3858142 3601448
3970699 3884260 3748894 3809059
4022914 3870056 3828756 3729543
3874659 3791178 3751102 3863439
3961612 3887093 3770845 3645183
3803870 3969457 3816953 3852231
3928319 4003330 3821744 3908525
3931153 3855629 3733233 3774557
3878649 3885468 3876082 3957169
3844175 4030633 3762999 3732581
3902506 3982750 3857136 3944538
3800735 3940309 3702977 3755981
3807501 3931986 3824669 3875697
3843599 3937995 3784083 3899467
3903188 3849164 3862106 3890555
3719633 3864193 3802593 3805692
3860113 3852399 3809412 3947768
3715722 3918675 3811949 3790105
3996109 3824478 3833349 3898892
3702324 3886471 3759464 3693822
3842720 3768619 3831976 3981103
3888906 3872947 3834419 3824554
3864624 3653678 3970816 3765031
3876218 3752862 3810105 3816096
3868380 3672961 3920606 3604102
3917856 3787122 3849000 3833282
3863471 3648221 3834766 3710410
3803903 3777409 3804260 3753970
3796911 3669427 3891370 3751247
3933131 3775684 4024085 3860663
3807578 3919943 3870598 3896670
3859565 3676539 3959228 3821875
3719295 3952956 3845604 3909416
3835260 3737065 4014491 3722097
3923581 3915460 3864340 3874750
3920221 3743734 3968363 3718183
3745288 3949710 3768153 3798198
3838837 3737242 3671100 3688840
3717566 3809138 3752235 3859480
3761554 3811205 3776807 3765128
3696680 3907658 3790801 3811269
3804753 3873479 3787222 3817987
3763383 3991120 3919743 3950018
4045311 3986407 3957109 3930093
3951667 4133986 4023100 4071085
3806909 3819538 3736923 3789105
3903709 3834462 3737022 3592596
3894556 3783658 3797054 3842344
3940354 3927142 3792754 3650067
3991553 3997618 3814283 3882931
4062614 3973888 3922751 3763515
4112579 4020285 3794892 4051994
4082172 4074231 3955090 3873479
3766610 3785322 3720134 3769524
3791915 3800119 3802385 3906120
3827725 3980860 3757500 3793451
3882068 4007504 3742331 3906412
3946046 4014180 3918448 3883816
3969893 4028872 3912937 3986309
4013882 4066194 3967940 4083106
4075589 4100389 4036885 4130435
3645806 3870518 3789375 3785268
3869207 3775483 3792775 3830086
3755391 3929186 3778787 3731180
3816670 3847314 3822618 3876181
3881169 4017285 3922426 3846460
3919761 3874789 3981852 4024937
3993272 4128943 3955103 4035881
4012948 3986153 3982033 4020185
3850550 3692955 3748908 3720120
3831199 3695114 3897457 3690052
3835413 3811907 3815280 3724804
3814826 3674685 3919493 3618165
4030404 3812237 3877555 3912346
3997555 3712540 4026763 3795413
4013137 4039951 3910186 3940437
4048040 3784576 4166320 3869595
3804653 3601232 3908953 3761420
3684816 3873937 3781139 3753919
3921201 3820145 3875063 3717858
3794272 3924090 3799609 3806255
3928089 3754824 4005888 3873659
3865206 4024671 3849476 3835849
4059642 3875961 4209715 4034414
3875647 4131847 3974461 4051875
3763341 3708914 3883368 3775033
3677823 3820728 3720086 3821502
3841580 3915095 4042778 3922505
3675513 3947334 3791097 3997903
3847734 3881397 3928547 3864706
3665258 3882853 3795360 3935100
3637475 3765532 3893143 3744483
3645103 3749894 3650857 3820313
3876895 3653568 3719853 3789282
3716516 3927860 3812106 3621705
3982761 3864834 3872714 3963926
3774849 3949147 3948306 3834938
3895356 3851791 3810045 3886181
3798994 3893011 3763437 3736393
3781588 3737333 3620188 3810568
3674345 3836140 3743830 3591304
3773062 3778722 3760665 3711789
3825386 3835422 3946573 3689632
3905855 3881726 3916107 3878569
3908908 3917321 4050968 3769695
3887336 3955651 3931663 3858963
3866597 3813088 4025516 3826166
3853064 3719257 3804162 3754453
3806237 3785119 3937588 3724992
3763599 3856082 3882007 3964435
3646255 3675003 3690546 3721164
3778713 3902168 3916527 4061861
3742931 3844604 3796235 3803485
3864676 3781156 3887481 4023470
3806786 3768475 3874148 3788333
3647811 3737956 3815798 3863577
3652959 3678061 3788568 3593873
3957063 3761124 3788761 3817403
3719594 3948861 3794891 3751265
4124575 3912542 3859433 3844206
3844413 4030195 3909927 3914586
4083485 3853341 3825582 3801597
3780074 3960672 3846392 3726462
3947299 3689452 3650076 3775186
3663660 3898711 3746345 3636101
3756129 3883082 3806631 3814328
3854137 3933228 3950861 3798292
3848079 3918201 3867857 3858181
3955763 3941943 4052385 3843081
3883066 3902983 3884831 3828545
3904741 3893949 3918557 3801832
3773916 3851645 3634368 3810319
3878066 3772035 3877862 3731059
3921466 3964358 4102073 3959828
3808809 4051939 3847543 4024021
3943729 3979358 4153839 3990314
3828883 4046415 3884787 4068207
3805309 3820789 4013944 3857663
3733427 3924558 3666643 3967407
3933744 3967852 4152126 3890220
3830612 4004117 3849785 4147969
3951095 3912874 3913956 3991781
3832485 4055359 3944347 3906059
4054454 4005634 3950650 4085371
3888691 4087590 4001129 3806961
3893158 3806630 3765257 3876211
3776106 3930908 3827942 3731169
4015765 4051158 3891985 4018923
3967567 4049622 4103101 3914963
3970805 3903466 3994630 3841915
3965640 3913776 4204833 3943212
3977834 3947840 4082239 3824488
3968357 3991672 4179463 3946450
3862892 3784402 3787839 3757591
3809623 3809578 4040189 3808653
4067872 4078651 4017281 3990451
4034649 3969155 4103111 3963558
3995906 3895298 4088180 4100798
3929488 3863294 3911435 3783885
3937856 3953953 4013585 4174483
3919403 3919620 3949068 3911716
3794426 3863292 3947801 4001488
3727787 3784706 3832207 3646389
3934886 4002883 4024056 4145182
3874333 3954408 3916740 3898227
4139710 3915193 3871884 3911102
3840940 4049367 3965974 3910811
4151141 3907726 3913883 4052185
3855224 4058932 3973463 3874627
4094222 3777113 3838935 3859061
3711514 3912669 3852937 3762452
4226917 3922578 3920445 3947759
3879746 4078014 4019282 3898963
4040028 4040179 3929319 3954095
3998092 3975857 4080626 3847227
4054066 4032011 4020801 3911676
4049181 4042593 4120199 3944196
3897137 3889694 3775540 3804344
3950998 3894957 4028868 3779935
4045988 4058445 3945800 3901023
4092427 4072421 4165410 3918679
3715069 3773484 3797449 3691453
3691842 3807093 3621013 3824038
3828612 3893186 4117316 3859591
3781269 3921418 3794309 3983450
3827172 3877221 3950822 3861486
3798935 3943964 3727695 3952605
3837244 3759794 3920817 3678250
3630376 3792934 3650564 3917894
3842021 3782358 3725929 3828273
3679368 3822672 3828185 3736952
3902212 3903657 3822334 3871122
3882852 3947834 3967723 3799286
3929762 3855022 3769859 3913275
3769656 3916259 3894332 3848163
3824224 3810312 3679092 3849505
3682416 3798055 3797994 3596993
3787205 3795860 3804063 3773390
3690807 3712279 3996889 3726233
3946048 3958384 3930921 3932833
3886101 3885742 4132750 3916608
3912425 3907376 3819561 3876469
3818976 3872093 4084376 3849869
3811919 3841091 3860018 3757143
3787116 3705514 3999924 3732828
3734141 3787047 3814941 3887996
3732247 3687892 3743092 3667054
3878758 3922884 3930470 4037506
3760204 3882941 3852795 3791277
3801608 3854232 3994559 4044768
3809191 3784204 3781169 3776697
3696111 3755622 3905118 3882423
3651550 3746711 3776356 3621869
4096003 3735988 3681985 3762504
3602731 3852406 3797763 3688856
4128438 3882312 3893776 3987426
3772313 4015313 3926876 3819978
4085881 3771723 3824967 3877519
3798230 3862999 3896436 3798640
3981619 3689032 3791919 3864984
3713003 3876841 3844272 3724525
3726035 3841813 3764207 3767256
3850917 3815371 3889032 3770792
4003901 3979783 3900015 3964584
3988901 3854369 4051805 3847242
3821962 3923213 3967896 3897732
3916610 3961101 4033601 3817778
3774036 3797630 3731523 3738052
3822977 3761912 3837155 3701252
3784745 3944811 4046411 3849241
3778610 3962434 3829448 3999758
3725857 3794473 3941458 3793500
3680850 3783070 3707426 3860567
3583075 3690328 3882553 3647491
3569833 3758603 3655014 3688484
3681613 3719854 3863939 3778346
3671579 3819229 3687465 3877383
3927912 3860687 3858296 3928236
3900845 3970057 3917695 3816512
3777791 3772229 3679662 3822174
3662321 3909226 3755924 3648129
3670608 3583175 3657231 3691824
3584569 3764876 3662952 3587028
3770231 3690133 3747434 3822522
3695096 3855265 3850040 3642076
3834104 3886540 4016777 3729520
3890873 3909623 4110683 3822537
3824358 3881477 3808354 3726903
3672656 3832714 3935096 3712266
3750212 3654541 3735529 3567336
3710664 3758449 3829168 3631271
3850311 3772099 3854222 3768387
3744972 3763046 4014609 3642554
3885181 3932321 3943565 4018752
3829719 3903218 3847363 3757066
3752639 3712740 3887040 3958481
3623583 3671151 3669676 3633583
3705436 3716979 3759475 3801340
3606550 3578241 3641415 3531785
3669059 3772397 3822500 3911244
3560547 3729052 3712720 3619004
4109971 3780089 3826853 3930235
3842152 3988810 3949888 3847349
3994475 3625660 3665673 3794302
3645027 3876074 3719669 3664372
3917570 3692133 3589354 3729417
3588127 3821334 3727976 3560122
4143875 3706003 3717131 3790548
3710226 3854982 3759660 3655513
3868632 3937917 3889262 3847203
3951149 3923484 4006843 3819335
3704016 3783147 3787439 3810152
3857232 3753775 3919761 3682448
3647673 3739093 3678855 3713394
3739125 3719786 3748456 3589217
3801795 3833055 3821510 3759260
3828208 3907846 3980165 3738718
3669623 3771637 3825732 3807000
3582500 3743471 3659692 3756398
3937438 3984425 4099915 3883203
3753918 4032961 3858297 4000804
3978551 3948901 4146413 3950691
3816496 3996244 3810109 4023818
3847106 3904804 4000036 3882905
3704951 3948279 3783173 3948893
3801964 3741670 3676232 3716532
3685558 3820641 3796076 3600540
4015505 3805890 3794323 3953633
3822100 3996803 4021993 3834575
3993758 3991436 3898609 4027799
3993740 4092606 4040663 3927197
3868950 3867015 3757883 3926019
3721037 3930847 3961329 3779946
3712123 3706874 3757532 3637744
3758616 3758397 3919030 3766218
4004892 3884928 3904314 3897982
3924594 3910303 4122549 3878744
4041296 4026080 4091773 3932222
3960197 4073731 4170171 3906115
3842458 3847178 3910066 3898129
3836743 3871669 4024973 3846704
3691645 3687833 3838992 3861807
3668980 3637569 3681880 3660694
3888962 3927983 4022032 4074965
3805795 3869473 3827423 3792372
3995703 4055498 4046978 4224876
3933850 3927803 3995561 3870520
3896370 3858900 3966078 4017435
3799159 3919095 3804002 3780932
3952740 3693415 3710843 3693055
3691348 3864681 3696210 3646676
4238208 3938211 3967028 3935864
3772270 4058947 3960588 3899668
4200545 3994070 3888303 3985548
3933069 4085623 4009400 3891973
4128438 3797499 3812000 3917377
3729911 4009407 3897494 3829725
3744552 3788959 3694431 3757658
3862508 3741441 3837650 3688802
3908856 3940887 3879347 3878517
4066652 4003628 4102294 3857703
4060795 4095731 4009780 4014806
4123252 4048761 4125305 3940022
3810356 4011173 3824034 3935637
3934238 3912955 4064719 3851409
3757381 3823656 3954760 3791166
3750750 3875738 3772390 3861897
3875566 3869047 3953009 3798207
3821098 3827795 3723206 4034184
3725887 3903923 4019432 3939728
3700705 3890969 3714757 3887821
3877036 4000649 3993004 3918045
3708258 3897777 3788062 4019027
3860413 3821226 3737525 3848719
3735645 3870160 3856435 3645227
3920168 3895294 3821693 3894456
3713744 3907401 3950290 3827667
3849590 3777115 3861755 3846296
3764548 3962694 3839435 3771595
3899688 3869756 3838245 3951800
3852210 3948720 4021706 3810784
3775640 3806082 3858717 3739079
3765884 3842520 4038442 3809468
3835631 3866582 3883712 3865903
3880391 3820641 3999980 3814187
3828988 3856500 3894818 3797508
3742577 3929442 4016791 3837563
3946307 3973415 3896163 3859688
3835509 3856059 4165496 3827831
3779694 3837974 3923679 3953526
3708406 3756919 3752836 3704153
3785846 3887751 3944705 3974787
3833346 3755438 3817232 3686463
3772226 3848038 4000077 3977050
3749681 3831276 3771304 3735506
3834491 3965096 3947041 4006547
3792374 3823625 3798556 3764879
4051598 3754677 3838509 3839673
3699452 3944441 3783796 3813281
4119719 3775875 3831642 3855310
3756598 3912505 3834834 3761246
4091282 3763803 3873723 3845946
3790246 3933723 3833206 3792714
4127688 3825778 3914062 4026694
3830675 4005039 3929058 3854622
3769744 3836736 3773915 3873947
3919995 3873761 3958021 3754475
3862145 3987600 3837155 3882664
3991977 3985650 3986142 3886753
3816849 3916473 3873232 3869433
3930118 3862044 4003210 3886755
3912178 3945099 3845179 3942796
3958290 3892604 4010934 3821031
3830045 3919296 3982416 3907197
3762468 3913515 3821876 3957462
3784422 3813168 3968001 3791945
3716553 3861420 3667719 3925735
3830484 3830778 3966812 3861474
3622559 3877878 3726188 3957059
3786348 3832212 3984434 3820804
3720275 3939163 3676034 3924383
4019383 3914314 3867393 3981607
3829704 4017756 3924051 3740315
3910284 3856387 3737521 3887751
3693163 3821765 3865462 3732998
3926392 3780373 3692067 3973173
3774996 3948488 3883021 3811327
3941808 3813606 3820159 3904547
3780783 3874955 3903626 3685777
3884965 3901879 3926553 3774121
3916083 3938183 4093416 3801120
3829825 3851938 3915238 3722749
3678713 3755301 4007947 3832215
3802904 3834837 3876406 3766647
3800358 3925099 4054021 3806190
3863460 3884714 3879617 3784037
3769806 3856867 4028957 3801988
3809449 3911031 4023531 4040709
3810171 3800024 3827962 3787787
3818833 3766823 3937439 3953022
3779663 3735156 3741064 3698711
3855450 3873025 3917245 3862847
3840890 3831353 3788941 3751757
3823715 3808451 3975637 3985959
3706571 3823582 3780954 3683711
4128550 3853774 3837613 3921729
3753977 3970257 3897240 3824305
4116523 3733866 3802363 3879094
3758687 3937423 3857943 3744597
4129240 3783863 3808866 3903157
3712578 4005805 3781176 3837306
4113500 3779594 3932729 3878445
3807169 4045485 3819689 3789649
3824782 3915028 3904907 3872475
3937001 4062442 3971788 3845405
3756085 3857776 3796098 3807982
3888526 3885742 4011737 3785843
3906358 3858824 3864185 3813906
3899960 3830782 3916309 3798296
3798706 3848531 3854683 3811609
3909976 3931750 4012606 3832715
3779695 3769585 3939939 3746343
3679269 3820994 3642922 3823141
3692095 3834177 3963721 3787097
3616942 3900440 3642029 3897982
3782076 3830751 4065178 3772908
3768836 3934459 3710815 3933734
3733144 3759101 3951050 3756161
3710082 3804865 3722780 3865371
3799429 3716118 3709391 3773856
3635259 3828515 3743856 3714207
3874482 3740117 3746024 3832488
3670052 3804702 3850537 3746182
3936792 3901443 3764221 3877791
3756214 3963579 3886327 3747913
3804122 3773579 3789141 3829890
3718467 3903362 3834097 3732863
3832729 3725240 3802190 3730163
3726759 3834316 3910953 3716147
3795443 3731328 3810694 3741652
3683645 3772690 3969619 3780995
3904010 3856830 3986093 3820767
3818797 3846356 4056723 3783770
3830671 3846898 3857532 3797875
3832354 3826261 4037953 3767557
3707569 3747844 3787774 3913953
3648772 3728192 3757020 3637998
3705526 3816143 3846899 3974433
3721849 3769967 3723493 3722058
3774122 3903969 3913728 4033251
3739808 3809124 3773076 3783723
3754406 3790880 3891928 3930236
3751375 3727803 3787999 3684773
3986738 3656598 3786284 3780947
3725256 3915942 3744356 3770474
4028274 3771368 3775666 3826256
3741273 3865727 3785523 3731285
4004937 3847851 3859667 3880667
3750697 4024178 3848954 3838003
4065201 3760835 3720067 3778656
3735056 3916631 3809084 3755719
3754955 3806635 3773559 3784291
3837345 3767523 3924448 3714013
3720585 3798535 3745058 3789311
3866947 3813590 3934807 3778286
3872817 3958873 3809389 3794668
3968347 3896596 3946749 3798107
3831670 3874531 3769386 3751482
3913665 3834748 3892709 3698278
3679767 3718022 3844071 3708836
3707896 3832456 3703902 3741922
3814769 3832613 3912125 3775558
3759670 3864973 3683196 3820888
3700753 3726789 3850657 3703332
3646794 3780555 3711891 3761755
3783390 3783755 3942248 3805414
3686756 3841159 3715471 3846264
3762261 3792981 3659407 3772506
3744566 3847415 3830766 3601053
3944537 3837117 3714673 3836195
3758272 3888263 3875076 3769574
3858188 3741288 3666672 3837796
3605464 3843907 3827854 3641567
3828988 3866517 3690936 3799707
3796691 3800715 3870289 3765528
3784593 3758845 3825970 3748905
3799971 3718551 3925338 3731596
3846835 3869195 3937623 3798085
3722441 3779677 4016184 3787291
3821750 3797702 3803036 3707413
3735374 3687125 3842701 3739326
3856943 3819562 3845053 3809964
3764067 3799840 3999108 3759056
3689495 3728714 3825457 3890513
3657651 3743627 3750929 3676107
3720453 3875253 3819716 3951223
3663066 3776431 3822870 3765127
3699887 3792961 3920916 3840904
3629011 3672496 3698413 3667862
3784432 3757675 3866627 3930099
3740007 3769775 3762164 3750345
3963044 3745655 3730602 3732227
3712482 3796036 3788652 3750324
4101119 3754005 3790100 3797791
3711655 3876931 3799621 3756516
3992213 3652365 3702849 3781875
3594581 3947317 3862766 3734730
3951028 3719170 3748273 3801425
3719971 3885770 3767136 3726669
3806982 3856283 3798112 3782678
3822803 3816853 3912297 3792688
3872343 3906088 3840517 3782093
3862517 3846625 3937839 3811047
3749479 3874405 3782535 3767513
3831972 3809260 3934704 3683212
3889356 3867471 3755404 3743932
3950550 3767214 3997959 3725429
3853211 3904924 4026360 3885087
3766560 3927565 3793307 4047482
3852531 3838193 4042757 3787027
3734221 3937422 3809602 3941961
3626106 3737597 3910382 3691852
3503954 3689164 3691712 3781022
3774030 3779847 3939437 3777966
3688911 3853849 3749225 3875990
4012630 3988289 3778070 3947364
3866173 3959752 3969840 3784239
3911492 3842387 3711641 3834826
3748737 3905407 3902527 3788827
3756673 3808041 3679463 3746785
3645624 3846475 3754301 3612835
3831045 3807835 3736748 3876406
3730753 3937137 3867368 3715828
3929543 3799773 3948315 3857243
3870181 3871040 4118771 3851798
3845480 3880082 3920176 3734606
3768036 3831157 4044129 3760411
3705875 3725398 3686173 3651441
3755166 3713161 3798533 3650562
3887706 3840227 3885727 3741033
3811145 3832193 4071899 3713487
3824460 3920943 3944639 3995206
3771008 3875693 3939915 3780331
3748729 3835100 3926159 3945171
3705483 3854335 3750045 3678137
3725880 3783339 3807595 3871989
3619635 3661413 3659316 3564511
3865483 3804272 3871584 3952043
3733060 3749874 3711886 3692001
4208543 3825154 3897094 3945847
3840711 4102471 3768546 3897474
4100398 3846933 3805453 3883397
3768450 3936773 3808336 3762978
3872034 3684051 3713524 3738195
3645991 3867841 3768494 3673182
4047629 3711767 3889591 3856067
3692648 3889815 3856394 3736349
3949237 4005730 3859860 3833162
3892558 3946012 4039656 3849350
3836751 3946860 3859985 3840963
3874855 3901817 4033196 3805116
3814198 3857589 3744251 3648312
3822746 3717329 3822706 3704596
3889215 3841210 3802249 3830623
3902537 3880350 3992894 3739362
3806909 3806034 3905097 3770114
3662188 3825078 3768779 3797458
3938569 4028085 4159481 3962765
3892762 4033774 3878636 4083151
3934991 3960545 4110524 3862057
3772475 3954529 3941751 3998797
3820609 3866878 3985133 3851937
3699356 3971862 3784476 3979937
3767414 3793949 3725871 3916968
3724502 3821517 3843879 3756544
4103242 4066228 3919162 4079628
3960817 4158998 4049890 3890297
3903199 3902223 3790455 3974912
3857961 3936834 3954480 3759384
3872011 3959726 3736629 3898156
3837688 3977267 3938572 3795971
3767904 3836215 3821667 3763044
3708666 3803709 3964214 3697765
4009750 4010093 4076488 3948202
3942919 4003088 4174945 4021097
3941837 3918746 3975573 3949873
3976653 3950716 4142507 3913902
3954025 3897647 3867030 3752183
3944075 3802176 4052754 3813008
3701061 3785489 3852843 3883968
3751803 3648183 3792529 3680090
3923398 4095083 4144708 4166382
3922279 3972251 3925676 3861193
3900814 3924486 4014114 4053047
3884106 3884607 3912301 3836998
3811663 3907297 3882765 3987542
3714777 3744295 3775218 3846114
4094126 3756759 3695066 3814392
3679889 3921913 3805087 3714963
4229100 3962090 3942111 4038619
3849156 4070599 4084585 3917614
4086393 3852441 3854890 3896272
3847361 3994027 3917041 3880262
4059388 3863594 3793376 3833883
3780130 3924729 3868918 3765478
3756200 3802259 3777354 3822960
3858827 3829264 3855065 3750347
4033752 4062294 4040519 3936481
4130732 4051647 4193026 3985464
3960490 4068671 3906606 3951024
4081321 3923673 4030618 3836664
3879420 3892067 3819321 3835762
3855603 3976983 4031495 3829752
3721568 3776183 3897765 3759057
3665004 3858513 3707296 3866889
3777152 3767789 3961387 3791331
3632352 3835754 3718533 3883196
3787639 3835467 4049124 3857985
3723948 3803055 3706460 3960268
3826674 3869889 3984450 3874633
3733054 3898659 3726826 3931507
3747208 3761603 3706936 3789342
3672853 3870741 3853141 3712011
3782733 3757042 3741640 3820245
3814499 3948523 3777004 3687136
3926928 3783579 3865984 3862292
3796641 3945650 3898199 3753191
3877534 3806688 3762045 3889772
3760461 3977330 3844670 3804651
3737375 3733114 3766832 3710345
3750003 3721094 3907155 3709405
3803632 3769785 3780622 3739734
3854810 3795427 4011200 3773798
3925958 3834056 3884879 3793275
3818822 3857190 4041455 3907141
3812129 3898583 3957687 3838416
3839501 3840664 4050227 3857914
3751550 3795804 3831400 3974933
3683368 3729800 3751664 3588362
3759885 3774572 3960946 3986380
3662747 3760879 3790219 3755734
3879390 3905506 3949742 4026164
3862298 3838078 3747445 3752387
3802060 3965065 3882918 4012076
3709894 3799411 3746511 3706296
3983616 3799743 3750549 3871124
3690031 3865595 3814835 3792830
4037411 3798879 3881814 3799124
3794285 3887495 3819441 3785480
4106380 3809125 3860764 3823998
3715366 3934401 3860573 3780261
4054318 3824744 3825863 3879958
3753542 3960631 3913787 3771670
3804259 3807267 3706783 3810126
3818329 3810704 3887702 3695968
3808762 3864043 3782458 3819304
3909790 3916017 4012062 3741421
3918805 3999677 3917380 3907982
3916988 3924556 3965177 3794422
3798482 3856410 3841198 3803837
3888838 3897868 3978452 3818756
3829822 3791694 3882476 3799295
3927599 3812969 3780059 3981053
3838105 3856747 3899903 3852401
4046848 3946651 3800648 3984584
3719240 3723158 3839065 3780190
3894540 3856881 3712877 3892010
3872495 3853334 4020372 3913277
4105978 3936147 3865330 4094260
3842985 3905035 3939098 3943102
3990846 3829408 3962354 3771145
3893746 3945307 3926582 3978554
3931734 3792575 3899472 3838862
3715104 3986701 3816203 3886026
3947191 3789919 3896565 3722431
3846492 4079349 3971928 3960533
4127052 3916518 3983051 3900745
3888274 3921372 3752199 3748241
3920681 4083784 3934198 3797530
3904034 3956541 3758448 3806758
4012444 4090613 3860710 3827970
3808192 3904357 3715502 3768939
3915364 4000051 3906797 3782030
4004937 4032557 3883817 3908380
4060374 4131399 3955966 3948251
3778742 3849956 4040957 3994082
3863906 3883721 3793026 3815048
3850951 3941900 4062134 4039716
3913114 3861121 3825346 3808299
3738010 3805544 3933268 3964318
3881472 3824858 3772887 3716512
3788230 4027389 4156668 4118785
3962972 3857205 3842292 3829943
3806171 3872726 3817729 3806912
3874488 3981062 3766338 3942969
3968601 3848163 3855493 3775003
3784645 4001173 3767459 3945796
3826031 3871028 3798287 3847117
3729305 3889456 3708253 3919842
3930485 4062273 3918681 3904852
3809722 4022492 3914691 4026135
3927738 3860178 3891761 3893693
3944381 3836954 3835185 3795074
3960406 3849594 3811931 3862358
3927151 3864615 3857802 3815833
3852955 3852017 3804533 3803869
3838931 3815294 3834080 3799061
3943681 3879359 3853470 3953256
4035049 3959293 3956985 3875526
3773278 3854716 3898540 3886239
4020262 3883329 3767966 3938557
3773839 3779504 3827925 3716552
3945550 3809251 3700626 3959774
4004264 3924854 3977593 3882909
4101928 4007881 3846838 4134401
3888873 3902694 3939755 3902800
4047550 3940597 3876451 4092474
3862433 3937643 3917389 3825706
3955282 3791110 3963534 3805536
3821647 3999232 3857007 3871071
3918439 3794238 3871958 3800400
3990443 4038394 4024056 4050930
4099572 3949856 3979090 3860783
3997274 3972788 4057715 4023964
4030270 3921930 3995251 3861267
3884578 3967410 3779705 3763496
3961964 4053931 3970719 3865718
3872469 3828358 3685184 3702604
3812575 3961256 3829080 3840050
3945262 4010855 3964208 3832448
4041472 4094440 4050664 3935562
4003583 4041197 3890007 3834842
3896554 4120746 4028132 4011272
3807204 3881301 4012877 4027331
3877069 3826653 3850774 3771872
3663435 3823850 3882796 3998443
3843802 3763290 3731191 3762839
3897901 3970938 4136232 4231157
4026818 3930918 3988414 3858900
3837200 3956318 4040295 4088294
4005198 3917352 3972076 3856599
3824461 3950134 3793458 3780231
3725897 3989898 3709631 3904986
3846664 3832318 3772892 3735265
3782376 3928498 3786354 3841388
3964958 3995728 3933375 3889631
3861083 4110304 3915056 4033023
4015395 4010093 3937884 3938299
3893928 3984460 3839967 4008551
3907351 3775670 3774236 3801541
3962115 3887967 3928067 3805535
3906295 3886555 3766015 3743495
3848107 3783148 3898530 3742411
4047145 3962581 3983693 4001833
4019171 4009615 4026086 3907832
4015178 3950805 3882496 3950597
4066067 3943712 3900636 3979060
3832246 3880303 3870550 3758940
3977937 3855400 3872775 4048510
3892432 3830317 3874149 3892228
4033596 3950045 3906034 4028479
3717857 3666459 3819837 3682144
3841921 3748665 3689495 3880470
3852657 3791339 3893658 3776770
3975282 3803358 3807293 3930532
3946753 4010086 3993658 4005398
3971811 3864905 3938379 3801028
3921493 4010882 4037833 4031570
4072810 3893437 3996017 3862562
3864284 3746367 3816809 3765947
3819434 3710585 3785478 3686955
3867471 4041384 3935813 3901277
3923834 3862089 3951124 3784609
3926225 3934435 3826512 3745253
3980667 4051043 3958160 3905927
3942686 3977828 3868579 3824983
3958930 4145968 3970467 3955459
3821253 3696404 3689410 3644651
3829391 3951910 3867427 3732783
3828028 3872478 3791063 3784381
3862732 3974570 3929338 3855518
3823475 3829510 4034460 4019889
3933661 3878255 3861811 3781209
3844677 3889258 4096613 4029039
3998661 4037590 3871413 3812356
3699346 3702955 3961186 3967585
3803045 3721546 3720918 3610106
3729672 3835006 4073460 3949873
3922811 3830558 3796597 3723282
3908548 3948578 3824312 3907433
3802689 3984768 3783320 3965625
3923793 4057390 3852067 3857252
3769490 3958587 3811507 3958984
3728629 3853174 3644930 3810886
3631109 3861931 3759806 3903843
3866016 3914376 3877686 3811020
3770051 3881303 3762771 3912094
3960679 3811893 3876730 3835132
3874972 3941606 3916665 3843904
3930491 3948356 3866881 3910185
3956169 3940233 4006351 3925114
3765314 3743614 3691248 3736917
3770614 3748040 3788198 3712597
3912589 3816846 3812396 3833441
3922351 3925199 3918123 3715251
3869745 3815443 3888728 3824193
3997179 3825597 3754412 4070768
3795647 3767634 3929904 3886403
4043525 3888718 3788299 4005116
4028413 3921961 3998892 3925200
4088740 4005527 3909428 4081695
3688185 3643079 3696297 3676776
3876138 3704837 3541135 3841331
3917618 3964427 3995804 3923481
3977246 3860419 3946026 3798927
3932414 4017979 3962725 3983866
3981694 3819350 3918309 3826335
3956061 4028576 4041875 3976571
4090040 3870773 3904672 3865184
3795486 3849788 3791000 3723664
3869789 3635456 3792252 3670886
3877780 3900465 3800499 3728677
3926012 4080785 3936887 3846694
3966333 3921998 3785531 3819387
3964609 4075619 3889443 3854361
3975552 3998996 3901909 3795496
4032412 4121696 3963840 3936447
3733156 3750502 3772163 3626543
3788181 3945293 3711022 3742537
3796613 3881736 4044247 4042550
3982807 3911074 3894724 3747048
3760677 3902596 3937558 4009814
3933552 3805014 3815458 3705624
3852726 3990307 4123303 4096155
3963305 3891438 3867724 3832290
3603485 3780798 3807327 3851088
3809112 3769437 3717084 3703131
3830665 3971904 3885741 3863971
3765669 3982579 3813174 3979414
3837873 3947147 3873581 3848439
3740847 3957992 3835789 3981153
3945887 3945091 3882459 3870539
3842828 4080957 3864826 3974760
3719803 3746288 3625434 3725411
3580266 3814337 3594367 3727492
3863631 3834397 3931633 3950612
3882901 3901338 3931658 3763139
3871543 3815270 3855016 3888774
3831258 3890178 3867222 3781455
3941595 3885315 3990663 3924831
3989186 3889124 3936835 3803705
3790376 3741735 3658589 3701819
3713618 3701617 3750181 3597040
3848923 3827320 3924657 3871830
4013997 3888634 3809969 3977177
3772875 3826894 3838523 3814790
3942551 3886989 3769458 3934197
3917191 3894047 3855019 3840609
3969095 3956585 3788477 4002901
3805665 3819844 3858375 3909485
3945105 3889052 3770934 3935870
3928314 3996284 3988658 3967408
4045814 3833961 3922023 3746352
3820551 3904607 3871956 3871011
3906618 3800767 3867688 3744370
3900516 4011030 3993934 3892829
3964953 3826506 3996252 3842509
3916938 3942600 3926514 3947616
4008122 3847170 3935236 3781541
3848449 3943968 3824179 3739860
3912135 4043198 3928971 3835815
3802109 3953879 3792229 3695806
3941860 4052754 3837389 3810420
3890415 4036713 3844138 3836976
3937327 4077282 4031350 3836513
3937348 3931784 3771475 3759441
3885421 4034066 3951833 3735511
3837605 3862400 4051616 4082771
3866789 3884743 3837882 3799727
3678901 3857793 4024032 3998212
3915921 3853836 3793721 3700198
3838495 3986206 4039935 4076603
3868254 3854283 3845685 3775664
3743034 3865806 4071576 4016337
3868999 3845215 3864940 3747871
3850547 3922869 3828517 3802337
3846470 4008417 3871617 3966113
3854859 3898430 3817250 3759791
3670205 3933159 3771008 3878591
3844339 3991205 3909594 3915775
3810321 4032449 3788314 4043240
3913206 3928468 3797338 3904832
3817627 3957805 3763766 3903443
3937697 3801956 3946455 3883454
3924499 3889271 3904609 3726861
3918161 3723476 3831950 3807412
3876295 3798858 3785382 3729365
3986984 3840670 3912006 3941208
3940733 3898528 3962132 3827543
3901710 3841549 3839251 3841836
3933325 3913997 3905202 3837677
3654558 3726558 3820481 3797571
3931517 3795674 3737544 3846138
3829271 3805561 3912971 3848440
4087637 3849667 3916444 4008451
3768077 3756391 3799206 3664991
3850423 3765526 3754078 3925255
3699734 3682099 3695681 3674205
3858029 3719824 3683625 3900412
3737505 3899798 3839619 3851518
3951341 3717222 3840005 3695045
3849934 4037718 3997014 3960272
4006653 3887829 4011722 3868538
3807280 3950211 3857341 3770033
3795698 3737078 3843448 3670127
3753447 3822889 3771936 3760369
3788298 3681108 3782436 3622820
3715014 3821915 3730653 3714110
3919168 3976299 3834071 3834312
3958558 3986171 3891234 3916240
3976250 4086055 3972982 3954291
3837345 3900936 3742724 3705639
3783452 3983097 3898636 3747740
3800640 3789245 3676623 3612809
3847250 3850494 3794969 3695164
3659088 3812739 3940981 3963821
3855262 3877647 3765245 3698007
3778719 3929416 4011213 4059455
4007970 3870489 3858893 3835145
3694593 3768341 4040962 3945395
3854316 3804961 3746207 3709776
3688036 3719019 3818632 3804103
3827350 3704319 3661404 3610531
3797756 3795975 3727298 3762395
3653923 3875392 3688922 3840318
3963473 4014247 3804060 3829510
3873828 3977649 3816533 3987061
3832794 3901462 3789664 3819693
3732358 3842915 3658499 3834452
3735183 3794643 3693871 3678467
3711689 3853818 3627343 3789311
3875625 3805274 3807263 3797215
3865733 3749918 3838781 3839604
3928798 3831124 3913921 3895720
3881393 3935186 3942270 3774150
3932178 3822990 3769576 3747131
3828025 3852362 3818487 3685321
3773585 3811727 3685004 3735453
3742964 3716207 3675625 3637363
3903000 3918046 3899216 3903081
4073172 3927235 3903628 4068817
3860089 3809933 3775440 3813196
3972231 3807970 3793159 3942345
3649638 3710203 3797831 3822738
3840001 3766127 3717696 3856656
3828155 3815250 3835007 3855777
3972188 3849028 3733873 3941691
3966036 3973971 3956555 3975009
3945505 3854843 3936582 3810808
3825015 3960138 3940684 3897288
3969198 3757674 3921494 3742982
3751796 3868022 3782132 3767754
3867913 3787013 3733480 3651527
3801401 4071288 3861033 3892493
3907132 3782815 3878069 3800226
3992442 4037987 3883682 3801860
4004636 4136695 3964305 3928478
3906321 3862041 3727869 3707081
3839180 4037802 3888244 3831304
3779929 3826401 3702703 3629275
3783267 3998967 3806663 3755044
3843591 3815394 3754948 3724055
3955994 3962283 3921580 3809310
3830983 3951275 4013986 4013663
3937899 3970695 3911630 3867675
3680497 3836933 3966898 4012788
3929175 3871283 3846088 3777784
3733714 3741309 3942207 3894920
3748427 3739970 3700043 3604059
3745320 3893297 4037980 3918988
3864632 3810590 3851970 3754606
3891479 3963380 3963030 3838723
3810870 4055754 3887535 4014956
3830630 3812507 3874933 3829121
3776032 3976492 3693116 3876179
3760448 3839747 3724806 3674389
3632406 3884008 3631661 3824252
3862708 3857223 3896517 3799219
3763144 3884718 3795945 3893773
3988649 3930608 3945859 3914055
3915515 3952389 3959510 3868070
3897657 3715610 3839310 3852124
3911540 3815988 3883496 3765676
3802879 3773448 3731254 3757331
3780980 3759440 3794088 3690092
3877739 3827653 3808564 3814129
3848636 3796380 3798568 3802974
3698056 3672198 3799828 3678382
3872377 3697418 3671116 3771688
3785837 3706470 3778533 3813244
3893225 3837102 3743466 3941728
3857328 3834891 3839418 3814982
4023693 3905056 3734160 4074202
3854915 3843644 4003741 3961437
4055000 3948878 3807876 3990886
3773237 3797797 3855863 3758861
3846271 3695352 3741645 3716362
3765886 3896625 3873913 3895797
3854664 3782011 3864341 3666322
3896324 3992472 4008093 3956115
4018136 3906798 3953995 3755939
3883638 4076486 3929162 3950478
3965971 3890585 3951318 3881300
3706869 3777031 3750900 3568596
3884182 3865731 3818799 3712921
3821499 3854636 3762886 3711728
3876519 4031732 3828610 3762544
3863974 3921020 3864417 3814744
3909792 4053873 3915846 3853532
3941575 3902413 3881726 3801485
4012743 4206260 3924819 3830782
3700581 3798109 3896190 3896958
3805844 3758927 3673727 3669021
3781797 3759612 3911297 3978660
3853208 3846298 3854590 3688643
3814786 3878060 4069998 4063083
3879285 3857263 3915587 3714883
3873046 3939087 4114392 4016369
3942394 3869785 3918924 3833919
3756338 3746988 3703976 3801535
3630315 3851334 3724567 3745803
3844398 3871225 3782608 3718205
3760030 3871579 3682435 3886348
3964077 3953890 3795915 3873716
3753629 3979285 3762845 3938519
3921807 3980355 3940002 3858781
3883567 3992485 3805027 3876834
3789899 3765715 3776895 3654886
3719051 3739826 3830853 3735850
3890994 3744231 3735261 3819159
3798503 3785549 3750273 3813363
3903158 3837427 3806466 3914285
3976499 3911535 3931701 3873969
3951055 3960452 3799716 3897658
3922096 3930146 3960295 3897788
3673579 3722670 3771374 3782712
3942201 3826437 3627861 3927253
3759902 3681319 3752716 3725486
3965215 3779679 3622506 3919531
3760526 3822637 3906732 3773583
3963282 3857743 3702803 3941475
3795892 3821289 3886613 3834992
4071699 3931323 3767462 3964854
3895318 3877116 3861859 3834347
3989028 3761067 3802939 3762547
3804788 3834497 3785685 3815130
3835372 3662210 3785711 3684039
3862871 3995800 3845305 3950207
3944612 3793328 3850038 3710365
3916436 3991279 3995868 3878563
4004507 3873315 3923718 3830662
3771949 3886321 3673343 3728094
3868502 3962405 3899626 3836256
3825864 3738798 3732691 3681240
3800722 3878273 3818731 3778035
3845772 3857338 3795025 3684523
3906410 3976595 3918366 3790206
4036716 3947778 3916128 3799363
3935831 4125113 3919438 3866558
3717998 3798017 3887136 3943065
3865986 3818561 3820204 3666042
3689382 3803217 3915261 3902005
3792129 3750846 3787475 3610352
3754403 3873765 3940662 3993614
3810804 3756882 3744846 3750401
3855267 3958376 4071435 4082380
3923456 3861105 3894005 3798321
3843086 3841958 3720724 3767730
3662252 3871300 3784018 3855108
3754845 3712636 3690481 3694901
3734421 3856987 3686212 3802510
3845407 3863869 3773028 3804042
3749231 3864889 3799387 3891081
3964515 3961863 3905150 3826426
3848219 4119624 3825839 3890494
3793248 3767059 3720585 3770811
3881730 3765695 3809049 3749631
3764856 3695578 3758067 3765456
3805434 3739746 3798098 3733359
3843338 3826608 3801037 3837924
3892016 3810154 3891099 3692142
3960630 3882056 3899029 3969958
3871488 3932528 3881393 3858320
3852038 3829828 3851059 3881314
4076080 3891442 3827322 3948048
3911786 3774568 3853272 3895514
4027101 3843166 3834048 3950599
3856754 3789928 3913059 3772056
4011834 3842134 3750516 3999461
3843099 3860430 3923847 3827641
4046822 3924068 3791502 3978609
3901072 3924809 3942436 3863929
4002905 3859723 3866750 3800554
3917206 4064954 3925652 3906390
4010039 3876055 3964155 3799952
3926405 3989309 3993539 3896752
3946559 3857589 3947254 3846774
3862396 3981199 4031263 3988944
3959872 3796647 3889945 3771739
3851233 3998069 3904531 3728906
4032527 4000878 3903107 3825184
3864818 3948526 3924015 3818968
3949917 4022934 4029226 3848213
3935113 3980753 3925025 3723351
3881236 4098580 3921245 3891543
3968048 3912540 3925231 3834953
3973830 4077439 3964914 3853065
3767982 3942176 4075302 4011290
3867470 3815974 3859310 3739627
3815118 3834260 4069435 4103465
3939521 3863751 3866813 3779271
3772264 3860345 4106933 4062694
3870624 3813401 3850203 3723235
3789325 3884347 4060606 3968027
3967890 3904568 3871359 3857326
3902038 3870618 3861596 3814738
3824373 3970547 3814145 3888736
3894984 3889739 3861783 3742859
3851601 3915073 3799602 3967643
3847361 3994150 3816020 3922138
3750344 4032451 3830078 3972787
3926601 3938652 3812221 3768038
3720271 4021932 3801233 3960202
3831184 3816186 3844195 3845448
3962186 3900554 3939415 3791123
3841686 3813086 3866053 3908178
3869644 3925967 3865354 3803224
3931656 3826822 3825442 3922888
3863927 3837528 3915058 3778049
3907668 3920022 3886451 3867167
3913051 3904487 3854427 3706472
3808904 3846286 3848181 3921296
3915104 3843262 3778356 3965474
3765520 3668351 3841049 3715708
3965417 3781360 3736966 3916134
3795581 3809705 3892985 3785620
3973523 3791988 3703387 3933213
3792688 3726798 3707935 3840482
3955897 3786244 3723261 3941637
3914261 3998706 4016900 3905765
3997741 3777144 3933703 3778915
3854335 3909647 3859219 3844634
3916409 3758425 3935370 3690932
3880200 3958289 3907220 3816719
3931696 3809313 3911679 3751966
3849002 3798348 3849136 3911057
3899193 3803676 3802604 3692425
3895512 3981929 3837509 3794764
3976335 4046157 3900214 3885468
3807068 3818265 3796723 3730732
3856229 4014419 3833964 3759724
3751275 3910077 3830613 3728519
3883413 4004512 3982331 3805317
3842466 3931358 3852974 3731571
3901602 3944693 3841707 3814075
3775783 3988582 4021952 4049812
3885650 3893990 3830251 3756853
3707702 3799746 4008552 3854021
3882030 3808285 3839147 3650010
3748564 3903175 4021319 4039124
3860165 3848924 3779404 3669173
3727441 3810708 3922108 3958812
3801074 3706712 3846246 3641832
3866697 3904103 3842563 3896879
3779117 4036342 3839549 3909191
3823300 3831881 3716931 3770297
3653528 3869576 3704316 3867697
3783276 3858342 3807900 3837795
3729254 3884951 3785830 3896278
3765192 3708132 3674271 3775860
3733782 3874009 3735169 3860009
3879861 3812362 3807595 3914370
3945410 3961287 3862005 3742751
3846029 3785353 3831161 3823059
3782107 3763884 3828232 3716194
3880991 3792944 3758596 3811649
3851427 3792831 3786204 3790318
3905926 3777901 3714768 3843297
3868544 3762836 3855147 3754739
3777139 3887922 3830794 3889528
4052752 3828743 3837500 4024659
3757046 3686024 3868109 3778074
3771356 3839800 3631261 3800746
3831748 3694401 3835340 3751983
3887277 3821429 3723615 3973351
3822795 3867647 3935593 3812598
4100008 3891904 3793443 4006988
3920375 3970298 3914786 3923836
3925785 3869310 3868564 3804453
3812809 3839408 3800414 3782640
3796485 3721969 3806271 3664074
3827031 3945093 3896641 3935469
3999397 3787060 3851906 3698274
3964548 3965664 4042179 4088885
4038790 3916358 3915169 3877857
3937943 4039261 3803708 3811796
3890025 4002997 3946160 3938134
3775222 3842332 3741310 3639464
3794597 4030873 3739644 3769648
3808264 3822194 3808702 3753040
3847995 4027272 3827099 3746414
3981836 3955464 3812321 3818083
3967608 4158957 3986737 3885193
3806574 3852578 4022628 4021023
3973534 3782062 3829916 3737235
3650574 3809510 3922557 3895248
3808817 3720918 3730139 3669210
3718868 3854544 4017356 3925162
3868619 3788020 3819633 3693450
3813076 3897485 4077059 4172113
3983258 3913743 3817816 3743396
3850178 3918257 3895383 3802578
3859363 3970143 3845849 3968152
3829510 3865154 3682681 3685648
3689835 3872976 3654643 3857706
3828598 3942038 3837318 3771104
3779690 3845633 3737548 3868777
3955857 4001707 3847862 3899290
3854530 4015872 3867644 3986540
3893092 3827794 3856715 3876287
3956146 3912771 3907768 3862352
3811798 3790164 3717129 3733340
3815252 3734018 3840960 3694360
3790499 3808805 3777674 3784800
3825177 3901635 3807410 3764927
3957110 3858522 3882730 3863268
3906914 3860339 4030444 3775856
