3965805 3927776 4032613 3916284
4114058 3987281 3912301 3942428
3844914 3752310 3792140 3700909
3830870 3770060 3807520 3847382
3917940 3807170 3860488 3804705
3951391 3796019 3797321 3865700
3983050 3772414 3869569 3890420
3944617 4008859 3877829 3890522
4018071 4035904 3978236 4037784
3988067 4039327 3865083 4137900
3771099 3837223 3785396 3916884
3814047 3999370 3699922 3994082
3836557 3859375 3787202 3897867
3858404 4046533 3754667 4036363
3959532 3974550 3860319 4074586
3965590 4156119 3843678 4137279
3871741 3966782 3954008 3846363
3965957 3914634 4030257 4031478
3602147 3829925 3818982 3720742
3808891 3765328 3818002 3817894
3759074 3867125 3831805 3777471
3823404 3831737 3887921 3878074
3866560 4012973 3880291 3872905
4060270 3963352 3952143 3967124
4116204 3960332 4016170 3965888
4051883 3819686 4157294 4054161
3837578 3805500 3903344 3820805
3849484 3624218 3969351 3818255
3900976 3884658 3818024 3869293
3919972 3702640 3965660 3879874
3991907 3936495 3919885 3912163
3970404 3810681 3962490 3955967
4060216 3982955 4055258 3977868
4030347 4097608 3978164 3934843
3887862 3812383 3827525 3835658
3825495 3907641 3810855 3735324
3936419 3821645 3823318 3899067
3856768 3917797 3863511 3762539
4051926 3928359 3878081 3876016
3943340 4050787 3860883 3894900
3885362 3833794 4121769 4035175
4047812 3885581 3865821 4075019
3802769 3704178 3934104 3889675
3747387 3758265 3711161 3905641
3870368 3791126 3923217 3830405
3870833 3725899 3731709 3931407
3900463 3865442 4061934 3974953
3980238 3861343 3820585 3977934
3800115 3832739 3878713 3827999
3857556 3825953 3778168 3819764
3933487 3783255 3844214 3763175
3906650 3836319 3845940 3861192
3921312 3797599 3897953 3839890
3927388 3891559 3907215 3839145
3808057 3786616 3854272 3883429
3986971 3862804 3821224 3801376
3811708 3862263 3691874 3890404
3845630 3935590 3755598 3919687
3805322 3842870 3684463 3871459
3817000 3994180 3694196 4058362
3947307 3934762 3871745 3981116
3868561 4059013 3800347 4078872
3844445 3852152 3768498 3885793
3780951 4060681 3650788 4080563
3745438 3845745 3706457 3739288
3832574 3917359 3879594 3816408
3740783 3896288 3798927 3778787
3906009 3894285 3833925 3898003
3833827 3879681 3923160 3832394
3934927 4004274 3929530 3894806
3699400 3824940 3873524 3816234
3817872 3961201 3809968 3864936
3900025 3798052 3861792 3780713
3796108 3703956 3932119 3809206
3842591 3793969 3838318 3932395
3837905 3713512 3924461 3825231
3964322 3881130 3985795 3910977
3894582 3790756 4065891 3848455
3904014 3872523 3868088 3820432
3799145 3718158 3941121 3860152
3882363 3865584 3798623 3840354
3839362 3909710 3808779 3762840
3901397 3830839 3865118 3842222
3823509 3931061 3822555 3829189
4028997 3933224 3888882 3921136
3855997 4007271 3900201 3809841
3835783 3782598 3890219 3959454
3932153 3991062 3866929 3747580
3792665 3780114 3913224 3873517
3916614 3822213 3767969 3931093
3818239 3742300 3923137 3866972
3865387 3890186 3667994 3939085
3880120 3778971 3984351 4008930
3892738 3944606 3924221 3937470
3843938 3776279 3974981 3852156
3931056 3848180 3763958 3912520
3924134 3849595 3850347 3899779
3942760 3916882 3828241 3942764
3932517 3952443 3969109 3918887
4063359 4025012 4050491 3962635
3854640 3812786 3845685 3799189
3951933 3812918 3711448 3867421
3856130 3764462 3912908 3761716
3874167 3882022 3768738 3754636
3915350 3973636 3904444 3957881
3940216 4116679 3762035 4045767
4012323 4038115 3896425 4064684
3996037 4164431 3842646 4087963
3826436 3870189 3782956 3900027
3867177 4016783 3673612 3981668
3791499 3889320 3758584 3898688
3794879 3924789 3722080 3930087
3887081 3927541 3854335 3913030
3947515 3837552 3876598 3886630
3868052 3969292 3904000 3868582
4030832 4038629 4046683 4018303
3710400 3908813 3734378 3820964
3825877 3894884 3868032 3845212
3728368 3842884 3842838 3689608
3827391 3826981 3862348 3843177
3936444 3887848 3942268 3846981
3832762 3703753 3985818 3871948
4025485 4043859 3965779 3931053
3998634 3853764 4047253 3926093
3903906 3877605 3842875 3868531
3884507 3752103 4016303 3857583
3848790 3750488 3713031 3783596
3830311 3802667 3930978 3756789
4009049 3894703 3852965 3906402
4018069 4096670 3907017 3801340
4090697 3982743 3871323 3957083
3990075 4046811 3940558 3918944
3886295 3915510 3837490 3884294
3921306 3863560 3844752 3694634
3943681 3783361 3766226 3877945
3847294 3952992 3780442 3748807
3903676 3866056 4015821 3941149
3911067 3982380 3776170 3971041
3992644 3924912 4101781 4069881
4040972 3969433 3900691 4059375
3810024 3719949 3891023 3933603
3875645 3787846 3761125 3943141
3839721 3700835 3940967 3879497
3857650 3834634 3744351 3906846
3885144 3783123 3917586 3815309
3927560 3799938 3852074 3882000
3890042 3801236 3865538 3895201
3949966 3912496 3784430 3830395
3650653 3683456 3744324 3613316
3781736 3746718 3640099 3677466
3805289 3695950 3762678 3781964
3768993 3785388 3758734 3783171
3815490 3895551 3763656 3920319
3803407 3998681 3711621 3968114
3861086 3857209 3756742 3936363
3858990 3992887 3741898 3949731
3661392 3852933 3635363 3679021
3713563 3841271 3600087 3896739
3792300 3848694 3674038 3802095
3741473 3996374 3664274 3974364
3709442 3848099 3833734 3754377
3823796 3949314 3846710 3852907
3767833 3883891 3893343 3837759
3802452 3901281 3925339 3821957
3612404 3695934 3682786 3612949
3659182 3750069 3730721 3704223
3764417 3849732 3750659 3767116
3813787 3862459 3790446 3874583
3943753 3850396 3863193 3957385
3931485 3739698 3891775 3886438
3992207 3851122 3839817 3831814
3928198 3692126 4009887 3874657
3724492 3707687 3715201 3746295
3776451 3578033 3880404 3647892
3900118 3761227 3747741 3816360
3858034 3720058 3912643 3760580
3949563 3852366 3853249 3900236
3940175 3940676 3822621 3845395
4034199 3863833 3836555 3799973
3904919 3927290 3829215 3825064
3786248 3746316 3646027 3750628
3719603 3757898 3706268 3547823
3822104 3835675 3796175 3834070
3815807 3897053 3715021 3664843
3834982 3801060 4000032 3918885
3892080 3859740 3772295 4014012
3795629 3841077 3923638 3826710
3930262 3880777 3808920 3957600
3609456 3633753 3783287 3723784
3777455 3702805 3608377 3758228
3788364 3712758 3868097 3850865
3850967 3742034 3705517 3851230
4000517 3970124 4029480 3989380
4135911 4062120 3943437 4052412
3983108 3858898 3904431 3834886
3953212 3844799 3859850 3945653
3979804 3882211 3926671 3863546
3925085 3902031 3839903 3843402
3941869 3776474 3903700 3768320
3998741 3836460 3760724 3827446
4030984 4048734 3844045 4145217
3995235 4198007 3917097 4167540
3872536 3897002 3875231 3988876
3903295 4052993 3765172 4040896
3951072 3979013 3886408 3973317
4022424 4089376 3736759 4068089
3820812 3874334 3722166 3902356
3831294 4000995 3674028 3935370
3992673 4062031 4030881 3976077
4005594 4052077 4068180 4081926
3869753 3878301 3929768 3768417
3920952 3880543 3970428 3886473
3862081 3939550 3893505 3863503
3908013 3909722 4020317 3931096
3741784 3899506 3856081 3787154
3771164 3900942 3831424 3889087
4088731 4102304 4020031 4047285
4039368 3911791 4155072 4091458
3937118 3845164 3906443 3953536
3955032 3732057 4022641 3921647
3921119 3833372 3899940 3932532
3897284 3841744 4067774 3927316
3849063 3792219 3829826 3836080
3862725 3672763 3930734 3866850
4086455 4028754 4032538 4101212
4005805 4144878 4074050 3932348
4060530 4019209 3879252 3920655
3995804 3942940 3855531 3838970
3998247 4001387 3840893 3950763
3965860 3946664 3938141 3914824
3909643 3765947 3814085 3838853
3788466 3944638 3777639 3776011
4044897 3997933 4127584 4072602
4043591 3976296 3998798 4153361
3899233 3857990 3996056 3966769
4001115 3893331 3877397 3928953
3884701 3826744 4002401 4042963
3964955 3935050 3817356 3944230
3778105 3790479 3949792 3818596
3874093 3813025 3798124 3896567
3969681 3901146 3947847 3941233
4078965 4001055 3956069 4078062
4019263 3991442 4074863 3953903
3991703 3962543 3918900 4022833
3826060 3826452 3914286 3942189
3953920 3862567 3836563 3836290
4092371 4050489 4126512 4001252
4090327 4215869 4106608 4042791
3936659 4055011 3862057 4027805
3954100 4119665 3768011 4150743
4034877 4048677 3805877 4117334
3887409 4117819 3846332 4159823
3908958 3893728 3873646 3999220
3845567 4036679 3691357 4047657
4110428 4113402 3927089 4115944
4014233 4261506 3902648 4224721
3889638 3937341 3971695 3906563
3984332 4046677 4026316 3992149
3909294 4044107 3973847 3881655
3888023 4010374 4074412 4022278
3767112 3859074 3815684 3789673
3877936 3874101 3968167 3891903
3973704 4169962 4037076 3996808
4032140 4143197 4072978 4188093
4066330 3966648 4022536 3948081
3940442 3870235 4116869 3913431
4054526 3952791 3981781 3927424
3923085 3880166 4096335 3977353
3999937 3835873 3899765 3888471
3902428 3739992 4091776 3909087
4116632 4085649 4031596 3984618
4186549 3918177 4212599 4037244
4047905 4069106 3965304 4048222
4014742 4051237 3990134 3910758
3995258 4050468 3935728 3992429
4051326 4105350 3978437 3978054
3926377 3879199 3841999 3940509
3981165 3876766 3890766 3865918
4133001 4139335 4092604 4139719
4106123 4227477 4024950 4029769
3942277 3983913 4068473 4081642
3963517 3964082 3929769 4081952
3999425 3880567 4009876 4103180
4078344 3983286 3880300 4062319
3841817 3773099 3928933 3933019
3923976 3805866 3800830 4047835
4066818 3953606 4252557 4121713
4092301 4022639 3952765 4139131
3892805 3733249 3875931 3810552
3875904 3939308 3818380 3869076
3887154 3858391 3896106 3771527
3928851 3879720 3817805 3783734
3856523 3901593 3906208 3793269
3888791 3790530 3792075 3888558
3836828 3794909 3814073 3692168
3896741 3862196 3742380 3754267
3898729 3905187 3801645 3908777
3816153 4010595 3716393 4049785
3853593 3948294 3727161 3971418
3802417 4069639 3757994 4096905
3869807 3958987 3707595 3908628
3860741 4041126 3697427 4025789
3752463 3882219 3754760 3898270
3758623 4022012 3639683 3982304
3722406 3794297 3770655 3767889
3893307 3789529 3904398 3828478
3805581 3887726 3713758 3794059
3857564 3856166 3922083 3861174
3693341 3901545 3798131 3781208
3862918 3897437 3929138 3818654
3708043 3806206 3807255 3773734
3709758 3926918 3833504 3832070
3988339 3819752 3795815 3870463
3895388 3758353 3982627 3851044
3942751 3821676 3853667 3848407
3859185 3761413 4007064 3878125
3904308 3823122 3853720 3838791
3800910 3780692 3956254 3789892
3871768 3826816 3819375 3814220
3874937 3678607 3894352 3831488
3879704 3891927 3858623 3828253
3865751 3934469 3884275 3798731
3876498 3893076 3799269 3883502
3958232 3958131 3819010 3797764
3872805 3848629 3826331 3881971
3838025 3925508 3804122 3799778
3947980 3827258 3840007 3817461
3811381 3838379 3853060 3771078
3900422 3796464 3980586 3844798
3873603 3947599 3741084 3915802
3866308 3781870 3994377 3896862
3946958 3823357 3769331 3919895
3781992 3727528 3917795 3886108
3944392 3794081 3743592 3908488
3781376 3711586 3952131 3897769
3816090 3756839 3715399 3882843
3871026 3813288 3919223 3849451
3918373 3917713 3905320 3849203
3990179 3935992 4094326 4037817
4041873 4046263 4068213 4071670
4022330 3918534 3989254 3949559
3998463 4037457 3917411 3923564
3982110 3927022 3947936 3904090
3977840 3932321 3962145 3900174
3854772 3908022 3740793 3987955
3902026 4013103 3691110 4039231
4034523 4108899 4042110 4118998
4079023 4174427 3996201 4233129
3940801 4054954 3812069 4034889
3891731 4087206 3782971 4089771
3950318 3950064 3889021 4057051
3984296 4112956 3848149 4026473
3783864 3919171 3858868 3790994
3934179 3885339 3958166 3825750
4025077 4056966 3949357 3894562
4026902 4042939 4070103 4039953
3867574 4004533 3964558 3842490
3929781 3994497 3956909 3894596
3846402 3978996 3864209 3823173
3910546 3916996 4014939 3969661
3903382 3854982 3954842 3976607
3826415 3759490 3983566 3915285
4134267 4035904 4063579 4110225
4094532 3952885 4167898 4099097
3981733 3928922 3885614 3957872
3953665 3831861 4002401 3969829
4035705 3953296 3967832 3917298
4000470 3782430 4104580 3971923
4032151 3898605 3809002 3865558
3861675 3938591 3879998 3777522
4132812 4044956 4070066 4157878
4047479 4086716 4120396 3979543
4020168 3988846 3928916 3921495
4016501 4030327 3871468 3859156
4064335 3957500 3932008 4017310
3973785 4049014 3928564 3877582
3828233 3790526 3960300 3945876
3888307 3982277 3778087 4004622
4053421 4004610 4168318 4068845
4065903 4116496 3999828 4105917
3893148 3813624 4100184 4010978
3976568 3852477 3833672 4035545
3912900 3880137 4081991 4030336
3922203 3894969 3831979 3982492
3699265 3661799 3802068 3657893
3868147 3792993 3755864 3738714
3826581 3768780 3896766 3776947
3833064 3927827 3782177 3849033
3791555 3952580 3915427 3783657
3890690 3833606 3913401 3866175
3771307 3707876 3775162 3629722
3815980 3737673 3697661 3731473
3765086 3819838 3696385 3863976
3799471 3954405 3591835 3940365
3865691 3877651 3777493 3916675
3786348 4017101 3603560 3917687
3837434 3940665 3815747 3947772
3784160 4074186 3750792 4070101
3733851 3815457 3662335 3753898
3661660 3833264 3589937 3870882
3637394 3785383 3748604 3682451
3761220 3799650 3822123 3761431
3682508 3839170 3780589 3811726
3814703 3864061 3868296 3866584
3857224 3803946 3824825 3822355
3871525 3873639 3925249 3830234
3703971 3747175 3740159 3611991
3674763 3690621 3761648 3683635
3814229 3802488 3795769 3748800
3769394 3652360 3941552 3740945
3832713 3867086 3816403 3813060
3796005 3770188 3874845 3819741
3923565 3756524 3922708 3920400
3894384 3781519 3927315 3867716
3732490 3747538 3684868 3757215
3741479 3538606 3868180 3682685
3870411 3829874 3743377 3769234
3805481 3882188 3726037 3650224
3852816 3874281 3845288 3799013
3865591 3884512 3736607 3793466
3877822 3862029 3906729 3864772
3910851 3980515 3885044 3864891
3799605 3801309 3749604 3748661
3837066 3777389 3688085 3745906
3787220 3724469 3869450 3786492
3751461 3712009 3697345 3807847
3798196 3778027 3815946 3827052
3850827 3823957 3859530 3922661
3852844 3796732 3874536 3923327
3943347 3946563 3823514 3998314
3719845 3693740 3788957 3818148
3856423 3667689 3654503 3910261
3857811 3888121 3879966 3787841
3981640 3880100 3803541 3920109
3826177 3727725 3881646 3866694
3948355 3880367 3758834 3816473
3927087 3831504 3983900 3866122
4031739 3937112 3939362 3954122
3851325 3758104 3847519 3805395
3926759 3849952 3808819 3810156
3980712 3835913 3829775 3947683
3886872 4023253 3782675 4010199
3865747 3892682 3828154 3900628
3855184 4016483 3652119 4009519
3959234 3989811 3927282 4062512
3911518 4118831 3810977 4149853
3882335 3851744 3732662 3875428
3760404 3984847 3649433 4020728
3789571 3970308 3876360 3787477
3794811 3892052 3922732 3883611
3766518 3838923 3820733 3729945
3824610 3936844 3844802 3835784
3869402 4002320 3894874 4021830
3881024 3994256 3965653 4027171
3812430 3879520 3809078 3743812
3842356 3935408 3883883 3815264
3938849 3875514 3858355 3879127
3835291 3756760 4024370 3881469
3901415 3830755 3871758 3868450
3868737 3665283 3945817 3844170
3997905 3984239 3956733 3912527
3959673 3832838 4116538 3948803
3937449 3830432 3815658 3833029
3861743 3673708 3980528 3744587
3990207 3852137 3917502 3952798
3949036 3896180 3870019 3883983
4015013 3909220 3887117 3847266
3921357 4087116 3838761 3776458
4057094 4048505 3870960 3991438
4014705 4019380 4014952 3869041
3846683 3830867 3815244 3871297
3874465 3942408 3771042 3751207
3881434 3803257 4023293 3868564
3869507 3826748 3743121 3989200
3864134 3847842 3972753 3890155
3944381 3817348 3804749 3939054
3956822 3935414 4094993 3981892
3946081 3903579 3917579 4054336
3801653 3670024 3844770 3964275
3848912 3842535 3810429 3885003
3739490 3674546 3713223 3579197
3767380 3724350 3656664 3623744
3906082 3772056 3840078 3815368
3952855 3954166 3865972 3792076
3810825 3829800 3866017 3880386
3929584 3888323 3847247 3907218
3858083 3868100 3852648 3855674
3972475 3860192 3881213 3930051
3735527 3724110 3627464 3772102
3649317 3861018 3581926 3741724
3873853 3871180 3758868 3880557
3820500 4026804 3759588 3902383
3839532 3836963 3812098 3990220
3820705 4100724 3747960 4008398
3868257 3841933 3794729 3928368
3877701 4006344 3708299 4124849
3608797 3715354 3638869 3579097
3662895 3772532 3754427 3709962
3801312 3819277 3849871 3684883
3872908 3863369 3939799 3847231
3802984 3846322 3834095 3741059
3872190 3924625 3835424 3969213
3782316 3897939 3825856 3698518
3870178 3952299 3934844 3834349
3821842 3653992 3672873 3705960
3676153 3567440 3768525 3728432
3934352 3883425 3921255 3876683
3918414 3771464 3946851 3861487
3934117 3946439 3921885 3866699
3912911 3692009 4013009 3929252
4024268 3878798 3925717 3832320
3800983 3757142 4054651 3814320
3716890 3807729 3671522 3621396
3715623 3763008 3717976 3627670
3924886 3850381 3812678 3876257
3879256 3933632 3824151 3865235
3942978 3930951 3843403 3885088
3956951 3979071 3915400 3821498
3985113 3864090 3801016 3873535
3993542 3843801 3910966 3882952
3595722 3589245 3728375 3817709
3725818 3687746 3593367 3783857
3853216 3764060 4042757 3874439
3893534 3866703 3790879 3951895
3877707 3839109 3898817 3924723
3901250 3886203 3787502 4001381
3853964 3711681 3915898 3918790
4003027 3913122 3785075 3932220
3858586 3859940 3887255 3731186
3965545 3892212 3829714 3861104
3807856 3766971 3850275 3668778
3798613 3814091 3778860 3783612
3969023 3964652 3865815 3793283
4018620 3900817 3877463 3917735
3911687 3822688 3905185 3880227
3972711 3940153 3912304 3890815
3883084 4050382 3756943 3964457
3796969 4013099 3795328 3887176
3833298 3835794 3754294 3914485
3834481 3947815 3757620 3955951
3973577 3983002 3861378 4024940
3894357 4070419 3783780 4068934
3951836 3866716 3877462 4028704
3875365 4039825 3724568 4083389
3777044 3877845 3820265 3735308
3806914 3889605 3844123 3909070
3687480 3861446 3769487 3737088
3953696 3827338 3829214 3850784
3826599 4009166 3880479 3859120
4050549 3913434 3895057 3952006
3757166 3954944 3886965 3818578
3907305 3972720 3929343 3895786
3921490 3818142 3872754 3790642
3842513 3756868 3950619 3845953
3881509 3782743 3791865 3906356
3806682 3774332 3972673 3894118
3999087 3884228 3882739 3974963
3939492 3745175 4001026 3946367
3957083 3866242 3907582 3929717
3891392 3708039 4042772 3920890
3898133 3952400 3832921 3910721
3934513 3907226 3849627 3717787
3878013 3888599 3783923 3865439
3874392 3949762 3792784 3731914
3974752 3947384 3914122 3979966
3890144 3990813 3829337 3835238
3996362 3867915 3838213 3908288
3976863 4036084 3939662 3827470
3838327 3827400 3948077 3917247
3908295 3855463 3720986 3949201
3781161 3787858 3922341 3830606
3937981 3836995 3748639 3901373
3927614 3937274 4016381 4008255
3916299 3950434 3789067 3978154
3840183 3813356 4032047 3900516
3896827 3902482 3781980 3985186
3793751 3849500 3745349 3837878
3780079 3877157 3742308 3755669
3780538 3794566 3691960 3776742
3741118 3806807 3736996 3721392
3868905 3906706 3817037 3844656
3780193 3913869 3851697 3789804
3733941 3725097 3645038 3797636
3706907 3675923 3708241 3634722
3699275 3817268 3920332 3772549
3860550 3693355 3922793 3926001
3745761 3852449 3958237 3674546
3855556 3733050 3845813 3863506
3891651 3934067 3900701 3832158
3900270 3795034 4024836 3949898
3677973 3780170 3791007 3646758
3791799 3578742 3810645 3803306
3901397 3941395 3757384 3833963
3870924 3802409 3764171 3742672
3773759 3873426 3746064 3822261
3866475 3808129 3761764 3670987
3952985 3935436 3737892 3902535
3928110 3784506 3880987 3794238
3787061 3828247 3646859 3810207
3811674 3730059 3750185 3723103
3888675 3793185 3862218 3833528
3804357 3987414 3816345 3924571
3861843 3735740 3818461 3843542
3874982 3838190 3863277 3854971
3877030 3828605 3978163 3835110
3874153 4009942 3962845 3966545
3801666 3618030 3790816 3719959
3767905 3824610 3826999 3838299
3754276 3924967 3833488 3778834
3908672 3947122 3923284 3734969
3740004 3863467 3713515 3713701
3903084 3924629 3836874 3649724
3842838 3974574 3860780 3873550
4005763 3959603 3901967 3719018
3610490 3775669 3659091 3755024
3832800 3813829 3730453 3636387
3789678 3899404 3861544 3891491
3832271 3963389 3872540 3692203
3769454 3911959 3818048 3863477
3792864 3897032 3942528 3665697
3808354 3917870 3966911 3974394
3967417 3904921 3968992 3758591
3731001 3822625 3822647 3703902
3810729 3870071 3802434 3548244
3685964 3841115 3733432 3829056
3775598 3828039 3793151 3821771
3803701 3762954 3770474 3833498
3770826 3818447 3697841 3812487
3927862 3886024 3802640 3927561
3778364 3856023 3886610 3782771
3751707 3838369 3658763 3824588
3788200 3758631 3768721 3746364
3749375 3812094 3969324 3746911
3905312 3648367 3871302 3840027
3774342 3814923 3891198 3753109
3818479 3674557 3887373 3882172
3839437 3956655 3951493 3783047
3845883 3830866 3983662 3859558
3743283 3912328 3841022 3698062
3794095 3686902 3914251 3924468
3819284 3939747 3769338 3858091
3837798 3851936 3811213 3757106
3812088 3901714 3693566 3878431
3967992 3813591 3761787 3720144
3981495 3909052 3789725 3908998
3909799 3839018 3810380 3708579
3815552 3895932 3696836 3836135
3839800 3746193 3708907 3744964
3864603 3710175 3939047 3842394
3803173 3956361 3805466 3887888
3904598 3753335 3884461 3863328
3740580 3928009 3827320 3920290
3966661 3752526 3876439 3896653
3885523 3949293 3951478 3932027
3906179 3708901 3845503 3794890
3811187 3843626 3809352 3881030
3757264 3926014 3790993 3841001
3892756 3841108 3985630 3680735
3799233 3881571 3724737 3698973
3845210 3947492 3876945 3721094
3785945 3995243 3829949 3773879
3909220 3996468 3970651 3714192
3727240 3881844 3726187 3740903
3942416 3884283 3824102 3681514
3782506 3942882 3906190 3801366
3904293 3953617 3950526 3732978
3844308 3890874 3926406 3860737
3880564 3918931 3818013 3624433
3869161 3883130 3938715 3869177
3890631 4032149 3925947 3724608
3846289 3867925 3852050 3796164
3793477 3865035 3817921 3675770
3827902 3817881 3749771 3907062
3879244 3839720 3785515 3792487
3756889 3798034 3688353 3865834
3778523 3767382 3679805 3787755
3929548 3869635 3778567 3919906
3864339 3848118 3760247 3839464
3706181 3716064 3704310 3823287
3710804 3730599 3660872 3748968
3795376 3951211 3987211 3886907
3838728 3708220 3918669 3982803
3745164 3863547 3877362 3658732
3752693 3694774 3926933 3847390
3874865 3984471 4042887 3845593
3891028 3802557 3942438 3917983
3715228 3792667 3831828 3623617
3745403 3668939 3775620 3800090
3873866 3967123 3760465 3909902
3904098 3883320 3800175 3778151
3796350 3853839 3786080 3855040
3836819 3842243 3769347 3787337
3912224 4011249 3805905 3934230
3987707 3865038 3855957 3753216
3807074 3811302 3612448 3738450
3837528 3794848 3714478 3648599
3987547 3812224 4033167 3902438
3863168 3967131 3891422 3987135
3791028 3747774 3842648 3801703
3746282 3923109 3856287 3890862
3901096 3770405 3975148 3888873
3871982 3908249 3931329 3977701
3828606 3623987 3816487 3798782
3689008 3937921 3895195 3795891
3795313 3955370 3767933 3794693
3980867 3963040 4008140 3737195
3681418 3887723 3706996 3750831
3922231 3945461 3964089 3656164
3773663 3994001 3876415 3932719
4036705 4036090 3959349 3716872
3737204 3867532 3712795 3720393
3781241 3807495 3817991 3677939
3790849 3935718 3930077 3961359
3903906 3967473 3877614 3702082
3750768 3901929 3910957 3785862
3857308 3912669 3869122 3713529
3954527 3979135 4029812 3939710
3852735 3969820 3963094 3711517
3798434 3931631 3815572 3744690
3827597 3837082 3937035 3673998
3793603 3814400 3760089 4002622
3709993 3804684 3772755 3821834
3881963 3942675 3768344 3902831
3787917 3913692 3900263 3797115
3871458 3939511 3792083 3921462
3829117 3806427 3776457 3765455
3947269 3989893 3927935 4010708
3980287 3977941 3907323 3940058
3753656 3890307 3910901 3787350
3818903 3698872 3883391 3894612
3872910 3924714 3985784 3839409
3915927 3733799 3972514 3960705
3833161 3907778 3917225 3840004
3880471 3716382 3932139 3927914
3935382 4046025 4081626 3999496
3998841 3892499 4122975 4075308
3849411 3918015 3699417 3867642
3943174 3850281 3741689 3748860
3923173 4063905 3803065 3971109
4046866 3867005 3819580 3889337
3932583 3943699 3733270 3922055
3926861 3817208 3819938 3800550
3984552 4056876 3857300 3968824
4091659 3989217 3909689 3899117
3893117 3700837 3909636 3848016
3709770 3921763 3865460 3943312
3907399 3778455 3984764 3977647
3858195 4016450 3895243 3984085
3789226 3690390 4008645 3889385
3851754 4014678 3973487 3913721
4015312 3907610 4043223 4032828
4019233 4116176 4097499 4048415
3807116 3871273 3761787 3838931
3915977 3936032 3926293 3710543
3881855 4007553 3800338 3819766
3987792 4038109 3945496 3688728
3811027 3878475 3824036 3843404
3931339 3954949 3902434 3801556
3890832 4011400 3950426 3932293
4103662 3980993 4055159 3876534
3846623 3899310 3793412 3879750
3900094 3989186 3838663 3753306
3861545 3964332 3932010 3930369
4018861 4024911 3904747 3659145
3845864 3949577 3927388 3895809
3875793 3985023 3875202 3736922
3989454 4032027 4064685 4045517
4033693 4020157 3985534 3828079
3800481 3798655 3680876 3808846
3724547 3838632 3836129 3766380
3839197 3931903 3816057 4023372
3864565 3910361 3860995 3892140
3904723 3947467 3829471 3993727
3834378 3943337 3923795 3917762
3858872 3921532 3656663 3908995
3795888 3885167 3857381 3834354
3724271 3926884 3849586 3771156
3879602 3667988 3882412 3874685
3770331 3989212 4066533 3892714
3995757 3906504 4040092 3985923
3918302 4016715 4033923 3840171
3999451 3884746 4106506 3961350
3854367 3940616 3992697 3800569
3945297 3796025 3974173 3968797
3814535 3880638 3731710 3844398
3932083 3803685 3803674 3808734
3957683 4032016 3885461 3952961
4013817 3898365 3912283 3905932
4101801 4067620 3909793 3983469
4009620 3848453 3887957 3924999
3974127 3897996 3815200 3920558
3981681 3923726 3863326 3841720
3843081 3748194 3902993 3800429
3820296 3904170 3921329 3905621
3986876 3834801 4042719 3983204
3882318 3966849 4040856 3978006
3930328 3850828 4023291 4002204
3991322 4055457 3997874 4134082
4042426 3951533 4026005 3839884
3919519 4081351 3985965 3978472
3734768 3933997 3699003 3850439
3927016 3872568 3841292 3745740
3798680 4017049 3983204 3857350
3963951 4035849 3978770 3787610
3962730 4044022 3832559 3946090
4095418 4041752 3979993 3847843
3885541 3955376 3854689 3906719
4004262 4002483 3948601 3852872
3824747 3862610 3824731 3832364
3879071 3929538 3892306 3642794
3877326 4022563 3964576 3961848
3934925 4027407 3993847 3773652
3963717 4018608 3978282 3921167
3931579 4095903 4023345 3854857
3835427 3957897 4006828 3937693
3942891 4034810 3984196 3770560
3964764 4013354 3904167 4089585
3963237 3913765 4015090 3951646
3879730 3923134 3897183 3914342
3972920 3960072 3889656 3890572
3803895 3795040 3851214 3856397
3742110 3740141 3815284 3759344
3847779 3843775 3735037 3972751
3823519 3785587 3800998 3943177
4049596 4081690 4225201 3948055
4060264 3971605 4074200 4023515
3823732 3954235 3936702 3799981
4003934 3818704 3992457 4021553
3741494 3836095 3898309 3849653
3774776 3693251 3874881 3832929
3774903 3986170 3934041 3795777
3885508 3820441 3978882 3934458
4028917 4066722 3862123 4053127
4121521 4023292 4091094 3969418
3991572 3953534 3838726 3935012
3992790 3898673 3918319 3765987
3855389 3905016 3715012 3844358
3914816 3797355 3695153 3727738
3915550 4013331 3798832 3899937
3943508 3874079 3816702 3892651
4150284 3915372 4045557 4074972
3999631 4126507 4091114 4068701
3968763 3847338 4007915 3985462
3913987 4108603 4003915 4104217
3852280 3786000 3853435 3741545
3789269 3852651 3839719 3833192
3959074 3740150 3945148 3894786
3880108 3922772 3989969 3975309
3925638 4123211 4009105 3976606
4164107 4151818 4142726 3886049
3880272 3977621 3870837 3882402
4060744 3994086 3985553 3827647
3745324 3882920 3759106 3842698
3887661 3853483 3836934 3690073
3766338 3982708 3794223 3891828
3956370 3893763 4023208 3734835
4063266 4081719 4024028 4065906
4066380 4188509 4108302 3870120
3978781 3980889 4020166 3904316
3957702 3975142 4050941 3767137
3839845 3870225 3890602 3754144
3834020 3896508 3872996 3642012
3905834 3973773 3940085 3893270
3910734 4004045 3880295 3757809
3799512 3957676 3880843 3984962
3789758 3906038 4019083 3866486
3793154 3794158 3791537 3853170
3792472 3828712 3833939 3859623
3750013 3811706 3734018 3908092
3720676 3780299 3751710 3750686
3726466 3718158 3702134 3807637
3728560 3752579 3703128 3682284
3894342 3954835 4047947 3880460
4008464 3787482 4017077 4047320
3745694 3894699 4010137 3840546
3888286 3791683 3919588 3929955
3757331 3824471 3833538 3748771
3758262 3685064 3856044 3785148
3835538 3860462 3822844 3668452
3820796 3707611 3824558 3841219
3995283 4013064 3807968 3961254
3982409 3907969 3870645 3873663
3842734 3871240 3819111 3873667
3986778 3875671 3849903 3705717
3809630 3875388 3766232 3824445
3892872 3765710 3800968 3696637
3872502 3784789 3733424 3844840
3722331 3805220 3818591 3688908
3983175 3866536 4088244 3879841
3867861 3966407 3966367 4093654
3943218 3776826 3950992 3901079
3798460 3924977 3911390 3960287
3855085 3764549 3810894 3867903
3745631 3928281 3863360 3866654
3779918 3767995 3863378 3784494
3863353 3873999 3811968 3826037
3843705 4029568 3937810 3895084
4034277 4016445 4008505 3752866
3809297 3973614 3825945 3856063
3903477 3930338 3861444 3697707
3717466 3812675 3675417 3742646
3894822 3885595 3852668 3626469
3734013 3814615 3691286 3722265
3882853 3824286 3806693 3709509
3991062 3904644 4021785 4026129
3998073 4011858 3967639 3779121
3838681 3913972 3936337 3920640
3937658 3928845 4012032 3753608
3820414 3854764 3839128 3840577
3744271 3936977 3805228 3611641
3771742 3865097 3839366 3856733
3747273 3875929 3769278 3642103
3817179 3884278 3799119 3915684
3790127 3844352 3800794 3845596
3879300 3952356 3884803 3879164
3821885 3816472 3851447 3913116
3894096 3939093 3775871 3902946
3847601 3885120 3875122 3815273
3859202 3866300 3790246 3919270
3855057 3890051 3855894 3836790
3856806 3984862 3991643 3817735
3877513 3755928 3953171 3963001
3937589 3917330 3989793 3879350
3931756 3797726 3998294 4022637
3814624 3934007 3938151 3886795
3931467 3785618 3982678 3949816
3821548 3983607 3950838 3822719
3848143 3748988 3977304 3931176
3909978 3945475 3834452 3912928
3938594 3880911 3853436 3832223
3962330 3972953 3913747 3922086
3959508 3975478 3847974 3740754
3918599 3987867 3775020 3883605
4004189 3881266 3882322 3816605
3959853 4030501 3817313 3957350
3958444 3908024 3924026 3755153
3941772 3741309 3989044 3886670
3834863 4004901 3914499 4028556
3981013 3817869 4049209 3914400
3804621 4031406 3933330 3924250
3936849 3725855 4003137 3920748
3896008 4016320 3932003 3932883
3911600 3788791 3923043 3948196
3872211 3973328 3964598 3938831
3835265 3983438 3837112 3905730
3990017 3966764 3970834 3713764
3789978 3974094 3856109 3869334
3998710 4019226 3981463 3761294
3776588 3917406 3850871 3825043
3945354 3999427 3999897 3822489
3758856 3921198 3777698 3754474
4021549 3954063 3920122 3796968
3918989 3994510 3984614 3834336
3845964 4000996 3988036 3706555
3944609 3996717 3908749 3968881
3944006 3963577 3999285 3739222
3922337 3927539 3937802 3891766
3889020 4007024 4056060 3797793
3856012 3955866 3952773 3893197
3863877 4086557 3935964 3772435
3799270 3854180 3743023 3841877
3713076 3767698 3720097 3768010
3797274 3870287 3810934 3890601
3861630 3825004 3884549 3852783
3842399 3843452 3816109 3910411
3882781 3929770 3877149 3817882
3826530 3940888 3901159 3951291
3752014 3952304 3818829 3759089
3817304 3881376 4000684 3724228
3832473 3671251 3865763 3921270
3816539 3949134 3959768 3804209
3871943 3745343 3909543 3945914
3834483 3928281 4014656 3737228
3944267 3859252 4020249 4023164
3752578 3909870 3974538 3899825
3894898 3839299 3919419 3922049
3839316 3868087 3652308 3897981
3851040 3858717 3749278 3736172
3930856 3991176 3755263 3941982
3909208 3972569 3780754 3771654
3957230 3992016 3783925 3876076
3906346 3890392 3779265 3783415
3935866 3910033 3768831 3839996
3906630 3816311 3872949 3786130
3867324 3751119 3851277 3835442
3767659 3907529 3834193 3907785
3861698 3744238 3963943 3858204
3857996 3932719 3875144 3946112
3940253 3807114 3992079 3907167
3917085 3997979 3931511 4013032
3881790 3768308 3880858 3905387
3795279 3933322 3900525 3959760
3652598 3879551 3787499 3779959
3913422 3902038 3861059 3670076
3839256 3936735 3875920 3873463
3989671 3893750 3949867 3723681
3834853 3899065 3737502 3822453
4004045 3977487 3977896 3777656
3747902 3981987 3798593 3773412
4025701 3977929 3938680 3687030
3910132 3878932 3898411 3824004
3915923 3807790 3903830 3723804
3899353 3897980 3982965 3892709
3978898 4021395 3893262 3706277
3932541 3909708 3926507 3887412
3960237 3997307 3964179 3743625
3883757 3953072 4042489 3914258
3931772 3979044 3952297 3728001
3937787 3937616 3930277 3929783
3961370 3905015 3919567 3894182
3795174 3854022 3773054 3830648
3726683 3754376 3778155 3814575
3915703 4019990 3919923 4011901
3885477 3977542 3892489 3870815
3879616 3738791 3720929 3795720
3719194 3761901 3751171 3846631
3899161 4099308 4106718 3859695
4020702 3867877 4033130 3989690
3736479 3917422 3962461 3811526
3815434 3761115 3884938 3873490
3867878 3924060 4093778 3847015
4043607 3887673 4015371 4038435
3741542 3853156 3894003 3738319
3798380 3672381 3833981 3916327
4040912 4104200 3875335 3966706
4090201 3914994 3931793 3873417
3852603 3931198 3775778 3798692
3907210 3847250 3833056 3699749
3982046 3963699 3895919 3975055
4126814 3938523 3877102 3917058
3809948 3906239 3753063 3764193
3913938 3895835 3697318 3748512
3939112 3829300 4037996 3980417
4015866 4016887 4050476 4025628
3915704 3762003 3883402 3869393
3783260 3955411 3933276 3891003
3980021 3911822 3985658 3961489
3947549 4084443 4011769 4145249
3851126 3718465 3880151 3853892
3707612 3921131 3875050 3969478
3828375 4036793 3846745 3949808
4031667 4084875 3899254 3865900
3788321 3957950 3817266 3751161
3933590 3837177 4027107 3643077
3910765 4120779 3901053 3877858
4021654 4030756 4037123 3881234
3734418 3893745 3739886 3786734
3877159 3814696 3883307 3652567
3939430 4020327 4058490 3972179
4027664 4050080 3974988 3836103
3849193 3908474 3907496 3865740
3931381 3923190 3953191 3719384
3977494 4060110 4073011 3974688
3975041 4168719 4122419 3841425
3855717 3901028 3939880 3850017
3803610 3877020 3907585 3639732
3959940 3943691 3819238 4026378
3914774 3883346 3912923 3927484
3781770 3892086 3795611 3956057
3840448 3788045 3842477 3789553
3795242 3850525 3791499 3872733
3803782 3832490 3865203 3766540
3874891 3816036 3808051 3868553
3764614 3850213 3803951 3828523
3907697 4012616 4014914 3905273
4055368 3874746 4036444 4041952
3844596 4006804 3830780 3771855
3842957 3691391 3971932 3905905
3784898 3937968 3970195 3890702
3834419 3691237 3972725 3908512
3846574 3930363 3929624 3790485
3935161 3826431 3933558 3976215
3989013 4058571 3895753 3993260
4002389 3895581 3874031 3805758
3892744 3847558 3739811 3948166
3867248 3812692 3817291 3780143
3888494 3938406 3721556 3924639
3930274 3894308 3792030 3815261
4013916 3844897 3768452 3819675
3892381 3816889 3892067 3840165
3930397 3891447 4024563 3905430
3962905 4024992 3966477 4077939
3940957 3778732 3899058 3922711
3874622 4017591 3930112 3996898
3868897 3802989 3868532 3897233
3861279 3993112 3902020 3947530
3900031 3794232 3929561 3764771
3912335 4020803 3919836 3984525
3848297 3993257 3857953 3878250
4148804 4051324 4041674 3796766
3840803 3911286 3866973 3779698
3968237 3934866 3828002 3746606
3749383 3978086 3843968 3855217
3945208 3847653 4002541 3787978
3741547 3928828 3832927 3886518
3935239 3927818 3979069 3792517
3989455 3979276 3976513 3926649
3962742 3981625 3977284 3821698
3864920 3903048 3954812 3855063
3862745 3929152 3947566 3631900
3924594 3975298 3972271 3835044
3960411 3930719 3767123 3777446
3910901 3921542 3909682 3903060
3925073 3931152 3995123 3731168
3740194 3895189 3838820 3902444
3885054 3739741 3734506 3733636
3814685 3966420 3902183 4009131
3889532 3909200 3896520 3841801
4026291 3925813 3890319 4009247
3906350 3949233 3811043 3837249
3803987 3897402 3732258 3869302
3808021 3752846 3831076 3872744
3769190 3871033 3889332 3809800
3808799 3753926 3888419 3926630
3846351 3979429 4040540 3838183
3893718 3744717 4041350 4017512
3814927 3916090 3955351 3854960
3862676 3813496 4012598 3984699
3743771 3952422 3936287 3822699
3873976 3762735 3901000 3919824
3898233 3986987 3778391 3877007
3942857 3863474 3803510 3785843
3979760 4023766 3815927 3944474
3990423 3935892 3871452 3843567
3937966 3990680 3830475 3905815
3995714 3747299 3781806 3786583
3910186 3862942 3689299 3914371
3838375 3877005 3795977 3786399
3866256 3800783 3968469 3880482
3779381 3979480 3936774 3874705
4005668 3837882 4005513 3963664
3854298 3995706 4020688 3973851
3877020 3773167 3933392 3970134
3884388 4060335 3952367 3983412
3817928 3815074 3950046 3886798
3779829 3985559 3790980 3927520
3794232 3929298 3805563 3834573
3988422 3878238 3947456 3765776
3927912 4031070 3806100 3865964
4050679 4024029 3987574 3804645
3849121 4035468 3889647 3870278
4042423 3988384 3996784 3775241
3780263 3951876 3780295 3875627
4002639 3929065 3982189 3792859
3833670 3922621 3848896 3917327
3780339 3947188 3898958 3721156
3914112 3955724 4016698 3943061
3895204 4005038 3950246 3757676
3909636 4002324 3890369 3904016
3947561 3992871 3936889 3777047
3911079 3956968 3912355 3921284
3937174 3995156 3915333 3741876
3852953 3593215 3759285 3736372
3650232 3665015 3810595 3675888
3905945 3684372 3855136 3794773
3733957 3752337 3815303 3753501
3870584 3577065 3755905 3739606
3736653 3722348 3752561 3683357
3902354 3652828 3817841 3758468
3672942 3716485 3742336 3668138
3924722 3874038 3699615 3823845
3725639 3684032 3783848 3819499
3943618 3926558 3755866 3838763
3764005 3768910 3928734 3874435
3963841 3872478 3758895 3903880
3625559 3748167 3820252 3807953
3914992 3905596 3811993 3842924
3743067 3764499 3792671 3774959
3707514 3659451 3816341 3672542
3860978 3861024 3686993 3811248
3773575 3821525 3908464 3758529
3915391 3950109 3764405 3866394
3685299 3643961 3827699 3683938
3822118 3919706 3778384 3811594
3772087 3667286 3771006 3707223
3813693 3912525 3690165 3768774
3941341 3792770 3658624 3784909
3800461 3692283 3744800 3864984
3999908 3843289 3821253 3830985
3860606 3852150 3875945 3972101
3897362 3844441 3708160 3830730
3780801 3668052 3739276 3798712
3773721 3923862 3761739 3853878
3819796 3680981 3830752 3883016
3720509 3692996 3776644 3786943
3740354 3813075 3832354 3737982
3936201 3854321 3936656 3805059
3798729 3924925 3862262 3913849
3885466 3758267 3805163 3850313
3724581 3842864 3873350 3811007
3866498 3800616 3799643 3790994
3808232 3838095 3784973 3806241
3713896 3780791 3771820 3706176
3793641 3843242 3739471 3925437
3834988 3811369 3834654 3756623
3896803 3896432 3932350 3951597
3825120 3704041 3818271 3798732
3803667 3812828 3824170 3914967
3835617 3708242 3733967 3820679
3903506 3875169 3807512 3927119
4101756 3781728 3861484 3811978
3812748 3807081 3830917 3773478
3861268 3674044 3743640 3817080
3818325 3762761 3804305 3687468
3819058 3659640 3806645 3754225
3733835 3708117 3790653 3622934
3957271 3666772 3836088 3805337
3738866 3718502 3809219 3751940
4036819 3956414 3840778 3932349
3721237 3798013 3917606 3908885
4050447 3917705 3801085 3840347
3777988 3708370 3957920 3828793
3967962 3939482 3788029 3868261
3622672 3795437 3763926 3773046
4018105 3945280 3876239 3925744
3783115 3745389 3960697 3867003
3812897 3814455 3965918 3767759
3845839 4031387 3781252 3957100
3729070 3705515 3854256 3736001
3892024 4041051 3764322 3894334
3725539 3689259 3811337 3676924
3778251 3900084 3714993 3783789
3738367 3786580 3893164 3735257
3929953 4032378 3900998 3885010
3956997 4004666 3795418 3887457
3949133 3797389 3794093 4031795
3930688 3817994 3788593 3872664
3871563 3760511 3854058 3958533
3864381 3851144 3719819 3812617
3767754 3694850 3808257 3902279
3933959 3873303 3803887 3880600
3956580 3737027 3831242 3930884
3926604 3822696 3908694 3820987
3835008 3911558 3848298 3988554
3792189 3773385 3861334 3798374
3713277 3929416 3867937 3831191
3812018 3660804 3796071 3696692
3787880 3786061 3830738 3782562
3884502 3796524 3925628 3860770
3865435 3928277 3921541 3894185
3865937 3843633 3919450 3772743
3919019 3876203 3972161 4101255
3814313 3681866 3870246 3794846
3895297 3872624 3849764 3978126
3815216 3635934 3775296 3733290
3849433 3758299 3781821 3983728
3828817 3832933 3927229 3793117
3873108 3848464 3850425 3978432
3861907 3635009 3796704 3737274
3708114 3713047 3776131 3617757
4027598 3736313 3825425 3854098
3837312 3836099 3853913 3761491
4038906 3717838 3780162 3756162
3831016 3696286 3782149 3749929
3977838 3657431 3801334 3817726
3725151 3789427 3825869 3692511
3956576 3925160 3690455 3752792
3634915 3695861 3820089 3759671
3983930 4102859 3941982 3959722
3834298 3847518 3907505 3847516
3978973 3996596 3789283 3879652
3784053 3795431 3897305 3850411
3974918 3977316 3820953 3858919
3766668 3714567 3926982 3867704
3720681 3748197 3819107 3702750
3868801 3895614 3727483 3874260
3765664 3788630 3960322 3820020
3963954 4001673 3819222 3927939
3806226 3686010 3877665 3770918
3865811 3990160 3777359 3900185
3695342 3743393 3843899 3779720
3902566 3963039 3793952 3816721
3908983 3853248 3704484 3848576
3779381 3800201 3787023 3855136
4030195 3978696 3817367 3945789
3960016 3932884 3911918 4060722
4013079 3926460 3795600 3858580
3832206 3751947 3791099 3926630
3893236 3918939 3784268 3847696
3801998 3770173 3826157 3967999
3804685 3694832 3824511 3866750
3782762 3901220 3798149 3823522
3898541 3871907 3936987 3865766
3893965 3944981 3928486 3914823
3880632 3897930 3871250 3828124
3769896 3897633 3905888 3903142
3850606 3817189 3822632 3830265
3774742 3875991 3915124 3976441
3778601 3715395 3843953 3738210
3841176 3760797 3841567 3944924
3901833 3781136 3875962 3784162
3945211 3959766 3919485 3997150
3778435 3769251 3849939 3856699
3879875 3874080 3836778 3994820
3721608 3752374 3868946 3786981
3893422 3877004 3843815 3961690
3892967 3690902 3871069 3886037
3740383 3757211 3813561 3777237
4062688 3812201 4010748 3913308
3914523 3906696 3881948 3809437
4081362 3752565 3887121 3874372
3883714 3866070 3920400 3764338
3904622 3527312 3731544 3786419
3686187 3716689 3680185 3639244
3937795 3962935 3815657 3935655
3762634 3734413 3893769 3946494
4055332 4071964 3910444 4007584
3845247 3941828 4059604 3962806
4103727 4045852 3907268 3990314
3869300 3788074 3983373 3939225
3853335 3835616 3712153 3843063
3688669 3713282 3814355 3774227
3715102 3753979 3898572 3734930
3974069 4012204 3775988 3892390
3794789 3816412 3950560 3883109
4012839 4094897 3956197 3995373
3842373 3846355 3955452 3784444
4016988 4074346 3918084 3987802
3675876 3677171 3835384 3664283
3799322 3903432 3655636 3760654
3923170 3975451 3762516 3882925
3870581 3828750 3877445 4035895
4091920 4092667 3877885 3980646
3951113 3938390 3990369 4108570
3986406 4043045 3832309 3994883
3948250 3913905 3983728 4038779
3818694 3798173 3660254 3818410
3704456 3651480 3726175 3845294
3897780 3820673 3874163 3869011
3781778 3911510 3848412 3884457
4047412 3807226 4058472 4007094
3926625 4012501 3974962 3899134
4014001 3915725 4006397 3886233
3833503 3983025 3925470 3939378
3838217 3719740 3778200 3715332
3696491 3734956 3773274 3749541
3768463 3769729 3849400 3852611
3887059 3924760 3900166 3951170
3925016 3914703 3971286 3962308
4008474 3964607 3929121 4151324
3938877 3847540 3940471 3861813
3938638 3902272 3933574 4078255
3653991 3706781 3696771 3638183
3779996 3811712 3779014 3865540
4055920 3781237 3968799 3861951
3908983 3812389 3826375 3806287
3924472 3684011 3871495 3874856
3817122 3657918 3713242 3720392
4099865 3821957 3924558 3961791
3816800 3826026 3916817 3822963
3940776 3635826 3806151 3796122
3777531 3747177 3745263 3644171
4034091 4138334 3824586 4034242
3767733 3848988 3888895 3960113
3950027 4071155 3926049 3892868
3775744 3767782 3776082 3793704
4161213 4072545 3917178 4064708
3853414 3861527 4001156 4016062
4061630 3941312 3771767 3898746
3755732 3731374 3886936 3881652
3807322 3838095 3899067 3861017
4064514 4051201 3889495 3867879
3768866 3773089 3901524 3757394
3932347 3932127 3882286 3844059
3876027 3889801 4011334 3875365
4174418 4011146 3920845 4020593
3726907 3686559 3905843 3776084
3929377 3941634 3779323 3818844
4046376 4005994 3859482 3919567
3948031 3934957 3921948 4026630
3913720 3944844 3752657 3944453
3856297 3801011 3858551 3923888
4026753 3990352 3825210 3931340
4049908 3948575 4022801 4169661
3961503 3924217 3761837 3820166
3941436 3735935 3779861 3924637
3960990 3994412 4009416 3939250
3939574 4000023 3993293 3960842
3956140 3873208 3957957 3819288
3879387 3827433 3868643 3809819
4030870 3907141 4052527 4033421
3987506 3996023 3981448 4006853
3887724 3787096 3817548 3957583
3816814 3877923 3901554 3875043
3893396 3770894 3901781 3896056
3941932 3968390 3967518 4095082
3808924 3769682 3858529 3784906
3853025 3843770 3872563 3961800
3938819 3853343 4013654 3933167
3988126 4004681 3971040 4096053
3819602 3757075 3853010 3827366
3869960 3758970 3934312 3958600
3884419 3731169 3730889 3747529
3769593 3648942 3710519 3609851
4070031 3805731 3865279 3869789
3884915 3776251 3881500 3916061
3959120 3756083 3767056 3835949
3765017 3711478 3882050 3715140
3877457 3580373 3819180 3822574
3742327 3673858 3738401 3696241
3922298 3888042 3772712 3785803
3713184 3703005 3796941 3804979
4063378 4042730 3858000 4028427
3892125 3847306 3986335 3927022
3943524 3985848 3759946 3939849
3804109 3771878 3820068 3879759
3978412 3924210 3823232 3805542
3682634 3739116 3870797 3820240
3647855 3626963 3868782 3698226
3875042 3966833 3731513 3850919
3828180 3814797 4044040 3879459
4088818 4044390 3875489 3990128
3757807 3703244 3834686 3775761
3953241 3961472 3844527 3792119
3622226 3586660 3834687 3756779
3820393 3939622 3780442 3839019
3913552 3843330 3733078 3785552
3720344 3713721 3751782 3920471
3985357 3938129 3890059 4033334
3919779 3893836 3946293 4034158
3912918 3877605 3756067 3836860
3834933 3826853 3861993 3965588
3942400 3821148 3717187 3783639
3837508 3703985 3834985 3972313
3762679 3758929 3765923 3763300
3865848 3922384 3812979 3838657
4058310 3929191 3922007 3919986
3870609 3885739 3969743 3955551
3861680 3790417 3847092 3822857
3816906 3888765 3871823 3852120
3812296 3763415 3847576 3820090
3859415 3792148 3824701 3802521
3739184 3695478 3804471 3769870
3843202 3774905 3833941 3927400
3847708 3878974 3908555 3990400
3930729 4021349 4065583 4068263
3808512 3843362 3856255 3800859
3835648 3898299 3961306 4003149
3744851 3716729 3770391 3794892
3834040 3840404 3838143 3944318
3997309 3775797 3972831 3890869
3875919 3786965 3918861 3782461
3944163 3696352 3782029 3681915
3735300 3690401 3744840 3708522
3990065 3722216 3881617 3870141
3794034 3825626 3770198 3700105
4021538 3729030 3820424 3843922
3763228 3806265 3798533 3671041
4038929 4070800 3880147 4011132
3854047 3834596 3972055 4032904
4008088 3912977 3705944 3853265
3774575 3771897 3864819 3871859
4056893 4018016 3805706 3919991
3761427 3797209 3849016 3841027
3983811 3951750 3786237 3923067
3799660 3822994 3955078 3841361
3826065 3853813 3939142 3904628
4065119 4103827 3890367 3907720
3644227 3656241 3838597 3694997
3942010 3841076 3700495 3874617
3713285 3777822 3909051 3840788
3898839 3977428 3773292 3887976
3823471 3772961 3944569 3751335
3885656 4000515 3860882 3925382
3957024 4020814 3817813 3951245
3905372 3868818 3937599 4070204
3881694 3835042 3823230 3833247
3813969 3789909 3703995 3849086
3987175 3917186 3802817 3821434
3889976 3826240 3834280 3961298
3996023 3936921 3777650 3867818
3920387 3702263 3876329 3938581
3959146 3945454 4010221 3968521
3928899 4019618 3951965 3947582
3844705 3750879 3816072 3781523
3838081 3862370 3816328 3893324
3971103 3801245 3903805 3865072
3840385 3962386 3803129 3904021
3866763 3862819 3941157 3796790
3803407 3936386 3986040 3809633
3922420 3868030 3936395 3870129
3949259 3951424 3949951 4090090
3706856 3756053 3843847 3787915
3810061 3826123 3814414 3934472
3897750 3853985 3787947 3790045
3894564 3937664 3840214 4092855
3789910 3792669 3792667 3789062
3845406 3850453 3900560 3998605
4044438 3764686 3866785 3966133
3794387 3878696 3920480 3801009
4089494 3893816 3942209 3966743
3980446 3875261 4016602 3802540
4066549 3784302 3973397 3888410
3962898 3786956 3900295 3820471
3952434 3771724 3887980 3905789
3922471 3873726 3891160 3753306
4131456 4021858 3856843 3982746
3876156 3874753 4038982 3973545
4189797 4169408 3980634 4046912
3853273 3880757 4057933 3983629
4096023 4077126 3846801 3928940
3895334 3879092 4027457 4010397
4052042 4010342 3802218 3923345
3871940 3795917 3911147 3903745
3789496 3857438 3990436 3834691
4013223 4080484 3883837 3959345
3947510 3914824 4027796 3930773
4137587 4163818 3959410 4067823
3841368 3811086 3990345 3762940
3966133 4062010 3880087 3899740
3805076 3800212 4012498 3821692
3934345 4001621 3787025 3843090
4096348 4029471 3940766 3851846
3999656 3871669 3982775 4104320
4149062 4126129 3926612 4097206
4084200 3941214 4061553 4082251
3998018 3983191 3893954 3954803
3936756 3890059 3937060 4115789
3967571 3999894 3848340 3907614
3882053 3848104 3885438 4041053
3986064 3940032 3941589 3976320
3973719 4023226 3979315 3961267
4049280 4007167 4036703 4064908
3985461 4078067 4037040 3987534
3990748 3953090 3926002 3957629
3847091 4036604 3934836 3999010
3907449 3857187 3939012 3952387
3885294 3993269 3932315 3879385
3920133 3857311 3869619 3869039
3902386 4010892 4029091 4079278
3981721 4034048 4043637 3924467
4076922 4072898 4090687 4106626
3906020 3857229 3890494 3968867
3970734 4000852 4025454 4097295
3821500 3812724 4020688 3841843
3965784 3932634 3955293 4045823
4147675 3791173 3993404 3995576
3949424 3936182 3936151 3811648
4048348 3665147 3839410 3851513
3798313 3793472 3889281 3674318
3935344 3721246 3852014 3752397
3721548 3710528 3804969 3709005
4004455 3694331 3874448 3817516
3773022 3734415 3916284 3743935
4220984 4079933 4012490 4075564
3864202 3864002 4072985 3971982
4064230 3916748 3778840 3874164
3757444 3777869 3970274 3889183
4022422 3990180 3815254 3862272
3705874 3829957 3822022 3883756
4077490 3946089 3812167 3966827
3777838 3811718 3925270 4015669
3913481 3927157 4005295 3920557
4030260 4113251 3964115 4082067
3756104 3722423 3893781 3747676
3962668 3992553 3812807 3828727
3819600 3671325 3832323 3844844
3893674 3995572 3869479 3825408
3752866 3787522 3920422 3801829
3924516 4003301 3767581 3989934
4154478 4089260 3910632 4051339
4042632 3874988 3957831 4035231
3981566 3940697 3882247 3878599
3912694 3744713 3831849 3922182
3923984 3930421 3895337 3874037
3917568 3697103 3820290 3963429
4009178 3949144 3821230 3934897
3878211 3817327 3879068 4077310
4044116 3968107 3998661 4008521
3995937 4029175 4047351 4080504
3860271 3826161 3909524 3787408
3822487 3884150 3889286 3957068
3875152 3812300 3823933 3868181
3752074 3899507 3855322 3871672
3970940 3926607 3872889 3921781
3866767 3947145 3952360 3885529
4043387 3882910 4016574 3982478
4049281 4073116 4017813 4166712
3792143 3801451 3910090 3828917
3957384 3908264 3908424 4026594
3812282 3779359 3882538 3828768
3907535 3813035 3905420 4018970
3794532 3811985 3916748 3874310
3829162 3926982 3930511 3999499
3926637 3713562 3809906 3835113
3777273 3716185 3792782 3785464
4125723 3854886 3870721 3936920
3969476 3885578 3880452 3806590
4023243 3681413 3883482 3876262
3775271 3714625 3894089 3766338
3986340 3779659 3817655 3801247
3798816 3787053 3766859 3742691
3988491 3959806 3839018 3848182
3807269 3710158 3858975 3823072
4110523 4042568 3953969 4022657
3885299 3885578 3988082 3928309
4089127 4041758 3867676 3978599
3856476 3776267 3999911 3967129
4032738 3907607 3837776 4069929
3797745 3785060 3868557 3891205
3743665 3753161 3923858 3784501
3963797 3981207 3818467 3914217
3825807 3759756 3923158 3921655
4045155 4003481 3887500 3934866
3832815 3844718 3849883 3864512
4003815 4062687 3926148 3977864
3731870 3838879 3857380 3832542
3924100 3958809 3746126 3961257
3933892 3950774 3764496 3947789
3908581 3772219 3876089 3969515
4043224 3995675 3944505 3941323
3991848 3843189 3995608 4190027
4011814 3963337 3919927 3901032
3960399 3815167 3934708 4049199
3932794 3994921 3847186 3903537
3836356 3789738 3885768 3911884
3867412 3834980 3946495 3883139
3846142 3885086 3860915 3878155
3992385 3927184 3951661 3963410
3904810 3971121 4002687 4003731
4060602 3942120 3991724 3919694
3872765 3987773 3898145 3887662
3981701 3886740 3899724 3832176
3815986 3987063 3906873 3901891
3789324 3832121 3815054 3855945
3876177 3938273 3911922 4006977
3879733 3850714 3977401 3858923
3970713 4002068 4090865 4076786
3820098 3859001 3893251 3865446
3931277 3895083 3980424 4071005
3840862 3817313 3926195 3850161
3942201 3929311 3826144 4065296
4020973 3730189 3825649 3805084
3850080 3759495 3769772 3729163
3971285 3824532 3904449 3900884
3903582 3869147 3882168 3832034
4029911 3778461 3932622 3867570
3920790 3761013 3914985 3765973
3882529 3579886 3746014 3705544
3716897 3673567 3651969 3695429
4073040 3956795 3896141 3905443
3815195 3802009 3950980 3858346
4077633 4077210 3856725 4008609
3775062 3873874 3960147 3934029
4050094 4001077 3949782 3942815
3855810 3815215 3921228 4001267
3889790 3889283 3709650 3864978
3667569 3681740 3763585 3795503
3780906 3761016 3896268 3787569
3965046 3989130 3784776 3836641
3825765 3822755 3972327 3846548
4006410 4064652 3870462 3924292
3864228 3853896 3962092 3863965
4024046 4092233 3847599 3986770
3633230 3680735 3719566 3697840
3806465 3836495 3695482 3738568
3963975 3961488 3801817 3820922
3906726 3795173 3863546 3980877
4031341 4001704 3901530 3970883
3975928 3789246 3917352 4048018
4076488 4030703 3893334 4007789
3933375 3950169 3933687 4043393
3849497 3811093 3751747 3912798
3830884 3743706 3774732 3871029
3913118 3812489 3956316 3917811
3847511 3920585 3907292 3867209
3986015 3979212 4012750 3957897
3921025 4021351 3893258 3931142
3915269 3902172 3934576 3956346
3920013 3909437 3977804 3911413
3868597 3739580 3882817 3816628
3731816 3817138 3792389 3797913
3812945 3819258 3846015 3841616
3885385 3914155 3937583 3983838
3957661 3812234 3919637 3897653
3994795 3889443 4011787 4041365
3797113 3839255 3913440 3898112
4017751 3907327 3954257 4076982
3747013 3745725 3732904 3790919
3787546 3720523 3825338 3883815
4006234 3729478 3911354 3953416
3828648 3843367 3859073 3778966
4088929 3780489 3876602 3903696
3876529 3803825 3875598 3823619
3868370 3630876 3762513 3804718
3705897 3743018 3759252 3658838
4116895 3842508 4036405 3971444
3946840 3791847 3923039 3921187
4023424 4022193 3871208 3898239
3810184 3905987 3879975 3925576
4024932 4096852 3905134 4022758
3808621 3846328 3963060 4003015
3911234 3864661 3756336 3846075
3661364 3674125 3892141 3789746
4160114 4147889 3967387 4052970
3895103 3873757 4093136 4059729
3713019 3838419 3968424 3819652
3953070 4028443 3830252 3937897
3844715 3823769 3942318 3845629
3967395 4021341 3905675 3993991
3665289 3686186 3786401 3757890
3894808 3894579 3695084 3834134
3922021 3859543 4055911 3901309
4064711 4120316 3830169 4034947
3989861 3970926 3897113 3901272
3913848 3848616 3838290 4060431
3921711 3956248 3862500 3952534
3952469 3781665 3890025 3999575
3924114 3939982 3793652 3739890
3757307 3695692 3823862 3795184
4070802 4071024 3843153 4042474
4030777 3910987 3997153 4115771
3935411 3821714 3941512 3929619
3908435 3962991 3901837 3847488
3992295 3976412 3886466 3918138
3889364 3957693 3878897 3936992
3815033 3757985 3826987 3759714
3835146 3857399 3885837 3805501
4020149 3981793 4022490 3901913
3973384 4004622 3936148 4010771
3859169 3775855 3870191 3848030
3893972 3931092 3851288 3969464
3875468 3803829 3887585 3877235
3979830 3994543 3968954 4081513
3806413 3705389 3792897 3683224
3806235 3825847 3883744 3940184
3921786 3914064 4009504 3995728
4014377 4010364 3991511 4149737
3696082 3842839 3834947 3763619
3750169 3834881 3883129 3768513
3826617 3982102 4008272 3936643
3884891 3893541 4000653 3848594
3861810 3956739 3871458 3850080
3887811 3946810 3980460 3887025
3801269 3851926 3852497 3790366
3812031 3919751 3896465 3781044
3701979 3785743 3772315 3769718
3736078 3722525 3821304 3881867
3818707 3933540 3869890 3971078
3900214 3842596 4000922 3948437
3814826 3900804 3806968 3850526
3954318 3846030 3933798 3937243
3708924 3848305 3731830 3869432
3826381 3736164 3886879 3977392
3777149 3898016 3876341 3808683
3838469 3829841 3696961 3803500
3804309 3978246 3872197 3958421
4009379 3983926 3790269 4028968
3914433 4015689 3981777 4002009
3939498 4007008 3890949 3973417
3771439 3814821 3807715 3850731
3950576 3927675 3692317 3860994
3834140 3887734 3881135 3826767
3622655 3894514 3670806 3680136
3945805 4003038 4066537 4022525
3792103 4025323 3865013 3861547
3887099 3956585 4002416 3970932
3863254 3937849 3820955 3792867
3909661 3881810 3945540 3907073
3671201 3926310 3779203 3847489
3757767 3748583 3894268 3824408
3818197 3715433 3932408 3766727
4014551 3871556 4039628 3822096
3840351 3957651 4068263 3956696
3959962 3828002 4026970 3874325
3929583 3913541 4031666 3984864
3835603 3804833 3864218 3839145
3769156 3839194 3910329 3895123
3756800 3844800 3955451 3722559
3756740 3959714 3849301 3799151
3814487 4074457 4117746 3864216
3848156 4094396 3949453 3843741
3758993 4035235 3962983 3839859
3818717 4113509 3907915 3851985
3688173 3976747 3952874 3713029
3850734 4043352 3874705 3789149
3797446 3903050 3905541 3871336
3855522 3878185 4038828 3907920
3874763 3990198 3891220 3883307
3971565 4046598 4101347 4014583
3740670 3795390 3812053 3743238
3813934 3862686 3870003 3824846
3849019 3883593 3881370 3866695
3854194 3890636 4017920 3949606
3896419 3807779 3814791 3854049
3960810 3939785 3969477 3929854
3900518 3959156 3850170 3932736
3910560 3858311 4015951 4014987
3767190 3742119 3741641 3856115
3866166 3802227 3874108 3830226
3823517 3897612 3835874 3883176
3899416 3762304 4005672 3913863
3815019 4008826 3890288 3891543
3963862 3970780 3741574 3976539
3923280 4062556 3955148 3929144
4050685 4041849 3843298 4080346
3804913 3831658 3850015 3716471
3814544 3832723 3806281 3880762
3847626 3943603 3854930 3920622
4013200 3998745 3795100 3935892
3981833 4028287 4081542 3983086
3810947 3984718 3827402 3888753
4032117 3994501 4111873 3970726
3827068 4080912 3909482 3891619
3828206 3944841 3980172 3939104
3734195 3941509 3735197 3741134
3997032 3936532 4022043 3951971
3770035 3951566 3721546 3816431
3904893 3919674 4022344 3914610
3862372 3946205 4002982 3969058
4014145 3980486 4010798 3943135
3969217 3957649 4105028 3971476
3833479 3796188 3942727 3781342
3869901 3830336 3967401 3813765
3880333 3866977 4035886 3841076
3854623 3918386 4075606 3826862
3879971 4011535 4060822 3866365
3838044 4124187 3963709 3842538
3955053 4059186 4106177 3880846
4048042 4118085 4037976 3909484
3727974 3960587 3938645 3712574
3809099 3953044 3830344 3787885
3798319 3975820 3969432 3808284
3907537 4069476 3883186 3914765
3705618 3804462 3783041 3746279
3791460 3799624 3876749 3774665
3963152 4119801 4050081 3992388
4024476 4008499 4109634 4011141
3789383 3894495 3784187 3855380
3809640 3876314 3982245 3870207
3812809 3775746 3758825 3781606
3715336 3841291 3820045 3835991
3722940 3683205 3725434 3864366
3800933 3796961 3831306 3905619
3948488 4009904 3979223 4073103
4045392 3848253 4076546 4073012
3733182 3889690 3781193 3862962
3836123 3790493 3923180 3887542
3809530 3786420 3698964 3828066
3799528 3661793 3914479 3861682
3778417 3918238 3779350 3745555
3872345 3896591 3756928 3878982
3969059 4085891 3995864 4033963
4117175 4088657 3896325 4067358
3800476 3941604 3809530 3832180
4014126 3901278 3760226 3907508
3770246 3967835 3815710 3826421
3850809 3916837 3660852 3849111
3809436 3858575 3969701 3894089
3698564 3965176 3647122 3778468
4079978 4077995 4187567 4034967
3878674 4181438 3898644 3959003
3964430 3864598 3930861 3920284
3742956 4067747 3932871 3807465
3835204 3840416 3862106 3809624
3680201 3893614 3834387 3731520
3799382 3793904 3763304 3803404
3810054 3865171 3909433 3827932
4072409 3977148 4127117 4051390
4031159 4047590 4137918 3979730
3872114 3793839 3961931 3785461
3867524 3895494 4017859 3874322
3877110 3741729 3993884 3752557
3773704 3825380 3970675 3801190
3806294 4019565 3896596 3689811
3807460 3969510 3834870 3764050
3918392 4121653 4098363 3932936
4003267 4236770 4038260 4023424
3831801 4016506 3990000 3685557
3791101 4063237 3935380 3835048
3712988 3865834 3927720 3707608
3757582 4036645 3818011 3763162
3812567 3954626 3980148 3995133
3862918 3908788 4030432 3881039
3725987 3790851 3767899 3799434
3751222 3752409 3865024 3735171
3796541 3821465 3831742 3788214
3764022 3791172 3955502 3879709
3773674 3868096 3767033 3669490
3768773 3831150 3889784 3844561
3846582 3899554 3850016 3875774
3962393 3837926 4010624 3897726
3749837 3756235 3727508 3798815
3729746 3770577 3867109 3811424
3753001 3774205 3724964 3812419
3862694 3722805 3921578 4000134
3689723 3766870 3629747 3839510
3668863 3699685 3749719 3827747
3936700 4013490 3911436 4004915
4042824 4009115 3879630 4016075
3645331 3813303 3742118 3788780
3814220 3862934 3733995 3882509
3885915 3887906 3816603 3850332
3944983 3953077 3782466 3853641
3731400 3865156 3682768 3795374
3839534 3899431 3688856 3678928
3910147 3958309 4105358 3954148
3908726 4042529 3828258 3866595
3847543 3763150 3877573 3813895
3633278 3824023 3710233 3685851
3849616 3878007 4048002 3887487
3742898 3956315 3734292 3740960
3876055 3767973 3923617 3853667
3661536 3934841 3693197 3603146
4011113 3936122 4080040 3945062
3874745 3945282 4041824 3899624
3819297 3711134 3722238 3752443
3786112 3698567 3929898 3762270
3880839 3795093 3911395 3819123
3837395 3870199 3984882 3807085
3786897 3780223 3876936 3779138
3694112 3785828 3821785 3777401
3852970 4035374 4029785 3886238
3895409 4143976 3920563 3894546
3715163 3891600 3855708 3767891
3701464 3918220 3846528 3775878
3733263 3915098 3985456 3729692
3784541 4016149 3871535 3856576
3732265 3853707 3898388 3688939
3659142 3926724 3738167 3761656
3767739 3852951 3845467 3900859
3818862 3925439 3984603 3919479
3643947 3835998 3719407 3751000
3749851 3781109 3867727 3764572
3952035 3979311 3875170 3876553
3892199 3924540 4091611 3982684
3834882 3927709 3818476 3893348
3826510 3916737 4042217 3976076
3734035 3743672 3805280 3853460
3840217 3778407 3933993 3879040
3588465 3765543 3637140 3759243
3759221 3680124 3710296 3883180
3919975 3901631 3849138 3991311
3857307 3845593 4055662 3960497
3800843 3871358 3873735 3848768
3883836 3720366 4008687 3962295
3796013 3959361 3879342 3840411
3935854 3952937 3766321 3896300
3691275 3846169 3706269 3802685
3876514 3858378 3667152 3835749
3866325 4002852 3935846 3953867
4118524 4103859 3849858 3983180
3852032 4018512 3914759 3907500
3934086 4004959 3832562 3984610
3857216 3920798 4014870 3922099
3689628 3922891 3823654 3802406
3818004 3846512 3891469 3863164
3694184 3824897 3723958 3673439
3986766 4072018 3988968 4034006
3854651 3915564 3892720 3873884
3970851 3985361 3976831 3943788
3826544 3954799 3816328 3839318
3907981 3806622 3955042 3833366
3841385 3821545 4057684 3896642
3707260 3788450 3869378 3755438
3768794 3690761 3920294 3735313
3965919 3916457 3981690 3987957
3866436 3952497 4042478 3927010
4031013 3940986 3987516 3910940
3931293 3866173 4044933 3857404
3798692 3948236 3897983 3729187
3794146 4020635 3858390 3920636
3773575 3810905 3852742 3686271
3755558 3896517 3737323 3719728
3831148 4090466 4089249 3926088
3869778 4134956 3964721 3980987
3847768 4096866 3985301 3805991
3889632 4065943 3943260 3829571
3715918 3790912 3734629 3681780
3670760 3782574 3801298 3795520
3736511 3910134 3794804 3884924
3839199 3865928 3948988 3857240
3841004 3970711 3966192 3878067
3894500 3948158 4008022 3947516
3700026 3835302 3785736 3736413
3740349 3806895 3867486 3803061
3648674 3705050 3709284 3750278
3746237 3705312 3802378 3739836
3797721 3873649 3797031 3839195
3904810 3828299 3935849 3902770
3874509 3920276 3910975 3920094
3893799 3833829 3906436 3923042
3709312 3782780 3703862 3779359
3752630 3668563 3858555 3821482
3773447 3793062 3803552 3785751
3806883 3741541 3624114 3809540
3819573 3880752 3864312 3893975
3905653 3857158 3757426 3921835
3847154 3969025 3867999 3952192
4039878 4060151 3807811 3977347
3772344 3916834 3747285 3698439
3805658 3835073 3688923 3776745
3759228 3856406 3941239 3724914
3651632 3836391 3699833 3601246
3886969 3836448 3992687 3995721
3812588 3988411 3770794 3737210
3997116 3974721 4087463 3980393
3790180 3956258 3865211 3871138
3882246 3855730 3898765 3826988
3734802 3919013 3663833 3777824
3804865 3719484 3813214 3725888
3711116 3732245 3906466 3749152
3868538 3888519 4049535 3868388
3867602 3811497 3975285 3910186
3995434 3878148 3961125 3819187
3940839 3878805 4100516 3929567
3821451 3799186 3834855 3736789
3709102 3805079 3887728 3747659
3659773 3853252 3896662 3716144
3713712 3950138 3800796 3740981
3777171 3978052 4015466 3728427
3831723 4063789 3892050 3829843
3864913 4056635 3994203 3790916
3881451 4146504 3921167 3901609
3761495 3956729 3894315 3656838
3749352 4034455 3825463 3734643
3817395 3938392 3874126 3833372
3898283 3885996 3891005 3926309
3646772 3828351 3813741 3814879
3835964 3886156 3851391 3788808
3707602 3820937 3811019 3716919
3787730 3791514 3817058 3778138
3796971 3949275 3908346 3839171
3889590 3881434 3965804 3865432
3777585 3781336 3762054 3827157
3863697 3807117 3858970 3827592
3769265 3819076 3742432 3817696
3831862 3732442 3811655 3821235
3807607 3747924 3740025 3811005
3831511 3645665 3844766 3776049
3825476 3885137 3849143 3923592
3874141 3853988 3926143 3979851
3826574 3991729 3804391 3926110
3915291 3940440 3788419 3950254
3823887 3936274 3782691 3865572
3907527 3953118 3806717 3868761
3741010 3774890 3753297 3792706
3774695 3853361 3639853 3811278
3868942 4051891 3839387 3882895
3906826 3981065 3808318 3914010
3943851 3921913 3933839 3895599
3757577 3953653 3859889 3797565
3858740 3888302 3913869 3850770
3756950 3847115 3698286 3764347
3844516 3853375 3866158 3885066
3741570 3841542 3659557 3700158
3969519 3896394 4014639 3923818
3764659 3933064 3871455 3792472
3867869 3890255 3994048 3892916
3794835 3809192 3993579 3822779
3862082 3813847 3849692 3786113
3833745 3816245 3962381 3853905
3811098 3817408 3877319 3722098
3712421 3740542 3895243 3777655
3972051 3905275 4050483 3906202
3853993 3958475 4077101 3923739
3836825 3986078 3949782 3775635
3821774 4067336 3903168 3922275
3726817 3922855 3926817 3797714
3859462 3977124 3927167 3812721
3689405 3975207 3849745 3663596
3774307 3917626 3761289 3724610
3808961 4041061 3967804 3812767
3868046 4111079 3932609 3827193
3727728 3796758 3702350 3825097
3745122 3725252 3837558 3742890
3895937 3997405 3968248 3917495
3938469 3945670 4057209 3865964
3860195 3909347 3893543 3869261
3893643 3900308 4045554 3915809
3814994 3903519 3867764 3835152
3867342 3903020 3952531 3855839
3718171 3804282 3801264 3780832
3721128 3639033 3788845 3828094
3868124 3907552 3899747 3939736
3980209 3830090 3983573 3999873
3885052 3869805 3872565 3950049
3917371 3796006 3991257 3976478
3781537 3783876 3790145 3758686
3900429 3757734 3914109 3875327
3750282 3793240 3757724 3748683
3905393 3889154 3663257 3839054
4004650 4040002 3919426 4048441
4088266 4033954 3928093 3981316
3875622 3958171 3849194 3900165
4064521 4027576 3805644 4021595
3833230 3881137 3863234 3769946
3886466 3917692 3734273 3947404
3849669 3784427 3919017 3857200
3691271 3741742 3722371 3703346
4033209 3996710 4190577 4039171
3903326 4133285 3971318 3898513
3990476 4025047 4057702 3988390
3755195 4059207 3792712 3816255
3847776 3959987 3949103 3929809
3748488 3953984 3814452 3739010
3811932 3760087 3857664 3703089
3753898 3785087 3965272 3718578
4082937 3967666 4092094 3929986
3860966 4026270 4069871 3955859
4017158 3929516 4053583 3886680
3917287 3922432 4078149 3963245
3881468 3836617 3886013 3872234
3797887 3864611 4041244 3866646
3668929 3879002 3901433 3729327
3787819 3915118 3845719 3772178
3904098 4077826 4115744 3882681
3888902 4208467 3930403 3982080
3855431 4012745 3964177 3780274
3832781 4075269 3918608 3970366
3753805 3983224 3914445 3677315
3772402 4064192 3862079 3814831
3681256 3786160 3813501 3753512
3729704 3795894 3874595 3744167
3754330 3865957 3823430 3773423
3775852 3805512 3929576 3754292
3563080 3694079 3697192 3607152
3730978 3699144 3788008 3655393
3820566 3810299 3806771 3756430
3737031 3850732 3917765 3811234
3766107 3724976 3738621 3748253
3776216 3739589 3817711 3806094
3716295 3813392 3799280 3732519
3785826 3716365 3824781 3918624
3645129 3636048 3574557 3667971
3668490 3618631 3798355 3659494
3782598 3744390 3769190 3831757
3734507 3695517 3860929 3859021
3735946 3921010 3776449 3784491
3903594 3972145 3672330 3855771
3819589 3923147 3806455 3836233
3877517 3898439 3771159 3853636
3660411 3784549 3626163 3716263
3676606 3791719 3527122 3769035
3815920 3857870 3809939 3896274
3958332 3919757 3759978 3826271
3855562 3827970 3949034 3835864
3720233 3890793 3646456 3827297
3866938 3866234 3959678 3872353
3613720 3899202 3726302 3783844
3743436 3739013 3774852 3673198
3502471 3764011 3646978 3618940
3826504 3893467 3882982 3827200
3767516 3859528 3743140 3748693
3838375 3878364 3909299 3746974
3807631 3801338 3933689 3838847
3853855 3779572 3884859 3772636
3806596 3848043 3913136 3800932
3703747 3660249 3724891 3705007
3663781 3681667 3811002 3646604
3845468 3854632 3992359 3793853
3757694 3723935 3948099 3754245
3772540 3877258 3804716 3734867
3734188 3909849 3800445 3787754
3737804 3949769 3935058 3739212
3740303 3973079 3820467 3861097
3558721 3813470 3813663 3550440
3660068 3860303 3618752 3711137
3761719 3932740 3953644 3751205
3708954 3962887 3783940 3826153
3863385 3840569 3754229 3796349
3729736 3952491 3971284 3888595
3900384 3981819 3983044 4003564
3964433 3996965 4114571 3956704
3770886 3794780 3759874 3782466
3753655 3800306 3832300 3719347
3688222 3791408 3697476 3754638
3693641 3763038 3914102 3683614
3794445 3808580 3784926 3906754
3837108 3808339 3883633 3880614
3950152 3893259 3918723 3907061
3977956 3831112 4053278 4034589
3703322 3741770 3691932 3804083
3767337 3651775 3886186 3747907
3633395 3707374 3719015 3767800
3817854 3648406 3854391 3775111
3857829 4012083 3915633 3856526
3920575 3965892 3781148 3914661
3976893 4012925 3964382 3945773
4016053 4062111 3871534 4046334
3719127 3740234 3739627 3792665
3836661 3831336 3774058 3800642
3622609 3850190 3639930 3729386
3751288 3794852 3645297 3747662
3892328 3978300 4054257 3964515
3833517 3892310 3829111 3797343
3951766 3997006 4083583 4058203
3892624 4075164 3835644 3917528
3832272 3837374 3903251 3826037
3651813 3876847 3698480 3700143
3732297 3782620 3887292 3842357
3691066 3847013 3601347 3732439
3936119 3895398 3904447 3829136
3816161 3817410 4009675 3830164
4042224 3946740 4038832 3927745
4001774 3951132 4038120 3969327
3850286 3760898 3909378 3745057
3720671 3783437 3930878 3729338
3801426 3779079 3906743 3749460
3702472 3743050 3930084 3722948
3809479 3976279 4007480 3754732
3802117 4087580 3931123 3842783
3889856 4153494 4078884 3825056
3969156 4138250 3981982 3982054
3668762 3924315 3880517 3647090
3642432 3981906 3847714 3641024
3705542 3889126 3882407 3623066
3624458 3912627 3837596 3725638
3837971 3928713 3886432 3801306
3804146 3842004 3929909 3835505
3777290 3797415 3738548 3814607
3774437 3740247 3875468 3798996
3736809 3747123 3770088 3691703
3742409 3695235 3745261 3765098
3712416 3770337 3862334 3796929
3796661 3871421 3941137 3731247
3818569 3864572 3820093 3836356
3770812 3821348 3997970 3948467
3789896 3768270 3748876 3820427
3829040 3750383 3856525 3866517
3607638 3709467 3735281 3764741
3798641 3718727 3776847 3789309
3751148 3761322 3790166 3849084
3812758 3678448 3847382 3908064
3829171 3945395 3901596 3841700
3882382 3985728 3773874 3889893
3784912 3902220 3833257 3870619
3814378 3901011 3738230 3857489
3657894 3797251 3764825 3712227
3821764 3792957 3631558 3762465
3784592 3978313 3863868 3838594
3908854 3940010 3764508 3895759
3877320 3942607 3975905 3880041
3697971 4027697 3822260 3828094
3759680 3889415 3919422 3821624
3725137 3772629 3791955 3703018
3827468 3722577 3895169 3693357
3717773 3907079 3619822 3709853
3845322 3889518 3951541 3840726
3747805 3958966 3723599 3707618
3932539 3941071 3902127 3900550
3865655 3803787 3962046 3816755
3881994 3847101 3854399 3800860
3762820 3841465 3932880 3762458
3708969 3756131 3791867 3694107
3794733 3737856 3810315 3718729
3868636 3893692 3927448 3768100
3910800 3839173 4014616 3815360
3749192 3980046 3983579 3819066
3819839 4127514 3897954 3828528
3717811 3917401 3951285 3789997
3745997 3970335 3779304 3835072
3666943 3881589 3824789 3742757
3678213 3942691 3710385 3677293
3748944 4057604 3914212 3755452
3702636 4065571 3851244 3818261
3966026 3930463 3935650 4002400
3918689 4061734 4066711 3963098
3721852 3854347 3765436 3853114
3804011 3815576 3882362 3786686
3668627 3841445 3757509 3794498
3781619 3813241 3883774 3765620
3785609 3935181 3970044 3857017
4007483 3994283 4009902 3957857
3951100 3956944 4058142 4028484
3971187 3943020 4044786 3938673
3788222 3773144 3819356 3727542
3828025 3678976 3787888 3879238
3700780 3749778 3727567 3799729
3770656 3749738 3782126 3861870
3906212 3833467 3915589 3901849
3944496 3853934 3977300 3988344
3949848 4143618 3946127 3971046
4141077 4053800 3889061 4045899
3793623 3867250 3772891 3770127
3816268 3898799 3637075 3952855
3737298 3888888 3770782 3894627
3861067 3861381 3655522 3827174
3885025 3985101 3931076 3941965
4045115 3894845 3871945 3974734
3988640 4068398 4053030 4111820
3868947 4052936 3863796 3865574
3840722 3765447 3963498 3804778
3687982 3882123 3757125 3764379
3856549 3888748 3846980 3839465
3731095 3761102 3632151 3742418
3944898 3980444 4108169 3998538
3786141 4073472 3864730 3892792
3994993 4038859 4089776 3946912
3923285 3945637 4195592 4028474
3933403 3840824 3857658 3777100
3791882 3790593 3873468 3767612
3834672 3746005 3923398 3728632
3738310 3824561 3944891 3745682
4044283 3937176 4032426 3887484
3939034 3942131 4044262 3907250
3815474 4100723 4067161 3898499
3918471 4257367 4076223 3989613
3640619 3871744 4011284 3652619
3677125 4070015 3862445 3787371
3718289 3924195 3942939 3651275
3754019 3988506 3832354 3689573
3847626 4055266 4005527 3834885
3876767 4146849 3953853 3938513
