3806413 3694625 3803179 3809077
3932496 3874683 3782946 3823215
3682222 3746473 3807533 3794402
3811423 3841886 3886783 3830878
3833242 3789174 3876877 3901960
4086837 4036220 3952626 4006618
3781493 3757894 3821388 3795478
3904263 3951364 3891811 3879268
3809734 3757233 3958194 3942100
3799744 3906743 3669287 3799955
3906410 3814873 3911905 3966391
3778675 3877854 3687921 3861796
3971783 3931339 4000294 4043534
3884241 3999760 3803423 3935388
3894965 3746406 3945733 4024330
3834693 3871677 3746643 3809832
3791728 3809789 3677781 3727088
3809908 3692332 3802598 3642990
3711260 3816399 3737072 3877373
3805229 3734453 3977827 3714194
3850151 3930442 3935035 3856700
3920483 3788836 4024467 3817386
3801175 3917881 3812853 3881745
3785234 3765516 3922528 3760844
3728201 3957704 3800521 3795212
3975359 3787379 3686484 3842112
3802202 3962815 3880927 3838467
4007099 3874261 3727745 3912777
3814839 4138224 4053333 4054071
4032669 3898768 3795047 4076525
3756594 3974056 3856029 3860774
3968755 3866572 3743019 3905270
3863822 3710444 3701011 3787391
3846943 3825197 3817294 3830204
3837000 3772728 3716343 3831833
3916256 3947488 3791452 4006328
3995503 3868933 3884401 3912617
3915993 3988818 3921228 4135172
3915963 3784542 3843704 3756357
3820313 3885320 3876259 3935045
3844485 3716260 3729295 3748748
3640451 3783305 3782952 3954778
3826431 3745716 3742434 3752811
3792136 3880947 3744749 4004850
3998719 3954047 3845144 3876607
3812897 3967965 4021260 4027896
3815965 3780039 3711802 3806168
3733587 3904445 3821410 3933932
3797408 3788495 3851951 3949827
3920536 3946391 3878087 3968674
3820481 3747251 3910479 3865743
4029159 3931280 3934811 3876212
3829832 3801986 3872250 3913583
3986620 3957859 3942238 3957320
3738760 3651577 3750023 3796397
3845726 3817094 3764416 3871751
3947227 3843803 3991036 4041263
3970292 3957407 3736078 3894891
4007127 3832655 3984562 3973101
3902308 3929108 3719754 3823279
3952386 3840763 4007864 4046167
3959657 3955353 3848232 3889261
3793321 3677190 3883822 3869449
3820318 3795785 3647534 3675063
3833477 3947189 3838199 3891935
3872702 3857934 4003774 3768297
3881786 3935803 3816912 3861128
3904131 3812757 3874724 3767313
3903094 3957292 3906844 3874461
3906935 3875711 3971353 3779350
3727683 3817200 3673357 3755918
3689187 3690047 3839910 3609288
3848451 4044351 3895209 3941962
4015362 3904410 3789293 3991597
3843926 4026698 3913183 3865458
3958895 3927187 3754352 4008109
3903457 3993498 3933863 3916927
4085216 3912413 3858382 3975868
3718088 3958123 3716934 3758620
3976910 3826021 3630287 3926501
3866821 3816412 3827849 3865649
3885109 3934699 3800135 4039860
3913561 3896160 3835017 3814743
3946193 3841004 3783446 4011612
3905432 3911672 3791216 3910186
3938878 3810480 3909786 3974658
3772732 3654567 3659272 3777238
3820479 3796656 3726956 3816968
3952053 3808627 3809200 3856298
3864635 3920176 3772013 4071872
3920250 3825948 3738656 3829585
3793311 3935534 3865615 4121854
3866471 3810787 3773884 3894183
3890876 3962862 3942519 4061199
3804246 3671347 3617375 3843495
3640248 3775510 3658737 3938237
3889658 3715539 3846018 3802641
3929821 3978877 3852567 3954200
3841913 3700537 3778430 3862689
3980356 4008667 3912081 3977782
3893474 3797988 3901815 3902389
4026228 4010664 3953400 3995864
3790257 3644527 3750090 3762277
3896203 3888147 3910243 3832005
3982813 3903110 4046386 4043359
3882121 3913154 3815458 3800339
3966410 3887937 3988649 4043151
3896219 3970400 3809159 3828880
4056480 3919738 3979159 4035014
3940046 4029334 3827045 3796235
3799217 3810932 3965005 3971176
3830006 3853648 3691157 3844224
3750438 3847553 3756864 3823353
3870075 3758343 3923083 3805642
3855424 3966460 3804427 3927963
3891554 3842613 4063011 3866717
3925840 4003892 3855581 3975762
3857278 3778074 4006783 3878887
3710761 3803873 3699428 3789302
3842929 3789799 3840906 3724974
3789140 4010098 3907233 3982300
4057385 3874282 3731570 3954730
3849149 4090490 3971861 3964642
4017282 3868147 3857461 4088536
3830930 4117452 3916775 3931478
4076190 3910228 3764428 4069027
3739776 3959402 3766948 3905593
4003960 3829481 3786610 3921402
3838554 3859705 3777673 3826070
3923587 3935801 3832348 3975183
3895420 3853508 3840232 3923789
4011267 3948269 3897303 4018246
3949574 3909686 3765484 3895101
3993611 4010030 3929501 4089841
3758685 3745244 3719887 3751268
3790521 3945671 3731854 3989878
3875179 3846165 3811731 3768851
3769463 3859275 3819265 3993889
3885955 3896317 3870275 3856887
3862092 3969003 4007243 4060473
3913303 3856219 3874562 3904306
3820797 3938577 3983348 4132106
3837966 3733399 3685507 3756149
3718525 3810319 3778293 3957728
3936329 3836035 3888742 3910608
4030478 4114007 3974492 3976420
3844960 3754160 3785169 3956693
3994110 3970479 3986713 3913221
3713232 3614658 3741698 3768582
3791667 3882735 3763064 3771150
3824245 3740230 3822080 3869188
3882299 3874500 3888112 3821655
4059976 3882037 4013903 4105188
3980827 4026448 3781759 3969235
4011791 3871575 4014907 4028873
4006923 3939834 3797859 3902970
3798930 3729542 3780707 3887125
3734007 3840449 3694137 3677193
3872879 3798338 3962855 3989980
3797924 3893570 3677503 3697432
3874011 3972393 3828087 3943103
3906990 3909985 3962126 3731998
3893152 3958173 3875179 3856120
3854707 3839175 4001478 3819725
3743206 3752848 3730290 3677168
3695483 3685587 3819552 3682859
3796610 3819228 3727239 3717797
3762090 3679766 3838689 3715743
3876067 4077644 3878884 3883267
4048343 3872124 3873021 4056505
3802356 4092406 3890225 3900842
4087518 3908534 3774757 4025468
3637817 3904464 3740780 3809900
3843636 3744101 3677044 3850476
3736427 3916069 3785669 3896097
4024056 3806687 3700463 3835516
3949093 3830083 3954283 3953955
3982703 3931519 3953345 4088720
3915016 3888011 3864371 3903967
3963003 4051333 3982247 3999424
3806181 3685373 3719055 3713883
3751025 3808454 3773633 3925058
3787012 3699227 3709909 3717366
3787940 3859150 3848299 3946001
3939216 3884384 3879204 3971779
3875972 3906080 3824764 4043863
3844941 3918980 3893270 3926416
3798914 3860030 3926487 4073882
3753256 3762609 3749677 3777580
3714025 3824096 3625769 3951939
3786325 3724842 3690645 3745083
3652200 3841468 3780749 3931610
3814174 3785503 3716624 3777085
3867139 3866893 3893313 3902459
3774071 3634641 3679645 3712366
3870853 3806789 3730597 3784385
3845204 3685719 3843194 3888478
3991820 3953220 3985849 3962449
3900520 3731925 3799817 3864113
4059306 4007492 3842127 3964370
3912843 3760080 3923753 3960592
3799286 3899639 3668039 3829284
3799334 3754053 3833627 3892453
3740952 3792203 3664886 3764933
3942669 3817360 4062827 4035514
3931665 3919930 3737319 3909623
3942206 3878999 4064847 4101677
3963517 3953142 3777392 3933087
3728583 3848270 3696135 3844909
3764118 3705675 3908033 3754724
3755848 3836305 3712063 3729116
3823100 3632762 3818828 3704245
3847231 3927430 3728744 3863923
3908616 3829333 4032745 3812347
3946913 3885829 3811565 3882141
3831721 3740025 3958368 3875312
3695407 3972250 3811330 3813553
4000185 3878048 3677388 3920427
3715407 3928804 3703340 3786200
3911136 3678061 3651367 3802097
3829100 4099898 3781317 3896968
4070913 3894463 3843138 3947877
3813091 4070085 3863899 3888172
4055877 3947396 3790383 3971813
3806006 3744347 3747971 3766717
3901838 3860714 3836518 3907650
3752415 3748196 3582922 3743177
3731220 3821012 3798094 3820046
3902380 3773784 3853387 3890925
3941088 3958188 3882500 4030316
3962703 3877165 3829265 3857362
3965983 4026042 3932164 3938974
3819404 3773395 3680290 3781141
3802701 3841842 3787019 3978145
3724176 3686248 3608839 3723378
3638462 3701727 3755620 3924579
3829015 3871752 3756559 3909410
3820221 3970933 3879356 4021892
3912121 3872418 3858630 3872828
3839399 3921737 3882743 3986545
3753270 3642755 3783950 3817840
3912105 3914399 3881698 3900666
3860383 3875026 3888544 3888984
3991287 4018550 4008707 3988664
3773028 3705739 3781567 3771794
3893426 3842107 3833051 3818287
3937489 3811237 3775885 3839234
3973670 4047760 3909888 3960403
3884568 3765651 4009632 3915270
3797141 3894498 3713121 3830167
4017001 3895845 4108708 4007986
3926803 4013986 3880092 3895246
3836096 3741637 3875702 3937296
3821810 3917747 3631097 3804774
3954032 3833699 4020916 4137407
3898276 4045053 3731791 3857049
3777105 3861160 3761994 3822883
3808376 3726256 3876034 3829203
3928607 3945402 3872020 3905294
4022702 3797384 3948812 3813801
3693458 3872866 3693337 3754546
3758412 3708560 3834147 3697240
3768456 3880086 3824381 3920877
3883357 3824714 3905719 3824001
3766453 3993225 3863905 3875796
4037884 3855142 3708337 3984485
3909699 4085921 3898727 3953608
4157800 3893790 3840840 4060965
3742057 3924043 3698174 3714510
3947993 3821525 3723311 3846414
3768360 3992925 3907857 3934731
4097449 3863650 3801950 4002593
3890545 3713562 3739726 3776973
3922861 3806538 3837947 3951948
3979603 3901148 3938386 3908676
4021740 3993850 3881663 4076673
3768793 3769306 3701454 3669836
3742869 3811284 3800336 3851143
3881816 3823310 3876990 3798474
3941065 3916767 3921800 4050913
3846974 3851235 3703433 3772487
3784564 3869436 3826231 3995877
3938781 3855433 3820223 3909834
3801624 3936816 3900009 4052577
3771290 3736559 3666617 3765263
3726275 3766499 3833283 3939748
3897026 3919194 3768031 3924695
3858733 3913917 3807053 4029255
3784935 3695932 3763210 3830822
3891130 3941056 3866640 3878403
3836952 3742758 3809913 3784086
3963749 3940468 4028655 3857473
3813870 3746030 3785180 3808574
4003288 3949195 3838392 3891451
3699421 3602043 3647027 3684590
3817844 3803013 3819818 3825914
3927216 3766455 3976177 3985516
3903500 3885241 3661122 3844338
3935176 3863285 4000936 3985808
3848753 3853951 3716602 3876721
3899885 3864766 3918944 3954825
3812899 3902360 3703267 3808625
3816627 3657936 3878048 3854749
3647385 3805137 3671797 3735172
3766332 3869686 3735182 3804246
3781796 3753341 3863198 3730715
3860475 3842549 3800534 3832180
3836007 3758511 3960441 3812719
3723741 3903340 3742480 3768202
3809254 3782968 3878724 3716300
3678317 3811151 3619766 3663153
3713720 3600967 3761495 3641719
3783650 3989672 3860244 3921255
4037437 3846316 3888421 3911890
3751473 3957992 3854240 3835169
3962954 3897887 3739611 3940088
3790854 3974068 3806145 3820356
4025603 3833716 3693932 3815088
3680597 3872789 3753861 3785008
3866994 3755538 3567366 3860704
3880228 3842033 3788946 3774027
3913421 3878853 3855372 3954630
3937181 3806284 3802808 3847509
3942915 3880204 3871669 3938772
3869253 3757789 3783556 3754124
3822274 3826535 3804026 3966444
3697328 3710453 3644466 3594277
3769893 3735648 3702526 3823957
3892690 3767076 3734568 3866987
3700728 3901266 3841349 3994009
3765114 3826349 3812115 3780281
3791778 3905839 3845399 3990806
3768816 3732058 3791000 3770940
3707741 3868894 3764579 3980206
3676964 3666135 3562655 3718414
3624331 3733406 3724304 3909484
3793681 3741566 3793621 3805721
3944673 3949054 3947891 3845844
3777076 3715529 3853533 3879526
3956381 3914326 3900519 3868615
3983354 3789439 3863168 3992712
4130244 4033874 4076765 4066274
3788838 3701225 3750468 3915694
3901271 3934496 3837440 3867348
3898759 3805473 3887899 4081808
3861337 4005358 3695289 3826236
3919343 3855894 4007244 3975246
3848718 3893791 3747957 3877905
4140295 3978830 4134229 4157873
4036416 4080993 3850455 4040742
3857607 3822489 3931364 3881436
3867411 3913740 3703029 3817115
3723466 3910092 3755860 3795652
3819666 3832306 3912478 3782864
3814341 3875130 3800438 3782464
3823752 3847991 3953922 3823785
4035338 4009928 3892568 3954000
3981882 3930273 4076863 4010004
3744807 3818889 3778336 3796504
3830738 3709936 3980829 3782041
3817840 3920037 3871501 3848927
4014432 3790110 3726687 3852206
3745422 4057313 3834978 3868742
4034481 3901572 3821280 3935281
3902220 4137886 3936979 4024308
4084278 4079684 3977157 4149502
3851423 4001923 3782554 3852662
3981475 3824632 3714615 3981606
3881393 3752992 3709864 3801738
3937050 3923473 3849371 3940280
3920659 3735144 3779442 3824605
3911179 3920278 3918089 4036176
3999780 3999491 3945092 3986765
4024953 4054793 3956697 4154469
3841711 3763132 3787822 3757505
3817505 3968979 3790936 3951077
3852533 3813623 3799336 3833203
3775829 3910586 3870541 3940069
3826412 3820852 3765072 3893925
3737602 3791285 3885461 4032312
4045644 3960604 3940346 3964847
3928488 4066090 4004893 4135074
3787614 3828738 3729884 3829973
3752772 3830200 3786390 3850167
3843506 3756836 3865312 3894932
4036930 3941286 4012142 3984190
3836340 3732495 3775049 3813165
4019875 3889622 3952416 3890609
3842834 3701483 3828407 3897287
3920700 3960210 3838904 3816434
3688785 3576101 3729796 3772613
3838618 3841618 3785920 3860649
3996160 3952370 4126700 4174762
3949787 4011254 3812378 4002428
3917745 3914097 3962205 4074875
3864099 3938119 3818097 3875713
3883553 3850733 3974840 3996813
3878315 3917228 3752900 3829057
3872710 3757239 3900994 3879126
3798094 3776253 3663755 3792114
3999982 3906936 3890289 3949558
3930919 3847157 4083221 3891551
3850041 3923841 3772767 3897241
3903542 3785230 4013929 3744016
3778363 3858493 3763169 3804047
3882244 3749499 4061995 3841949
3632088 3883361 3678672 3779484
3752043 3738382 3884113 3705752
3801916 4130971 3960102 3991385
4095232 3938491 3906076 4090329
3759141 3999177 3902635 3982037
4020454 3905593 3797284 3966121
3776396 4016447 3816375 3821188
4036230 3836998 3737629 3914584
3719287 3879312 3803915 3793987
3909059 3777307 3685771 3952308
3970189 3878578 3754017 3955627
4038136 3970703 3918782 4037920
3876906 3848182 3948236 3834776
3849427 3924403 3895849 3941561
3860490 3817056 3767031 3876321
3922415 3931668 3866252 3901921
3770202 3699345 3676292 3736290
3793457 3717847 3705869 3928023
3956944 3879963 3877210 3900933
3902361 3966249 3879935 4119177
3819884 3890098 3848518 3888125
3833320 3924554 3807773 4023283
3800651 3881176 3817291 3836124
3762776 3843481 3856782 3946239
3777337 3745108 3693745 3612787
3691936 3808845 3808421 3851227
4042453 3835988 3920114 3998819
4049205 4048040 4098479 3969972
3912991 3926909 3919239 4008320
4014416 4092878 3964929 3937432
3911569 3792876 3800224 3869744
3986796 3965889 3950670 3968069
3914231 3854737 3830131 3991036
4018191 3964139 3974708 4059877
4033226 3987252 4084192 4144641
4030016 4033518 3881163 3961629
4069720 4003827 4063376 4110384
4019607 4161711 3872488 4006579
3964004 3892746 4032702 3995528
3910469 4014822 3766113 3932559
4000628 3929216 4087023 4068180
3947731 4028710 3887663 3917691
3975613 3985304 3868595 3825850
3927495 3876883 3967218 3914294
3938103 3957146 3918707 3942762
3893090 3913496 4042338 3964188
3830736 3930219 3755853 3858269
3861572 3752864 3858334 3815938
3971477 4034858 3921483 3904226
3961690 3871252 4009569 3853100
3892543 4174137 4004914 4027257
4114926 4017754 3878433 4134008
3871636 4233450 3974640 3985220
4201101 4002302 3913185 4081468
3884992 3980602 3918931 3941338
4147513 3862708 3766604 3908404
3874007 4106090 3844334 3981829
4091893 3896694 3843071 4111496
4021956 3902537 3920991 4000020
4106506 4057776 4022388 4071392
4065225 3882410 3877898 3911003
4047728 4067353 3979138 4111998
3821209 3812833 3877937 3778007
3982735 3971779 3902763 3870241
3966876 3905307 3903423 3898387
3996695 3906626 3916092 4101312
3949683 3984808 3923207 3933068
3952579 3995415 4009462 4127115
4001693 3915793 3875844 3959691
3941967 3953853 3992814 4142638
3842465 3847105 3812395 3875385
3831084 3917090 3920558 4024638
4008155 3893116 3904455 3953276
3892431 3933025 3934624 4103230
3860120 3805780 3882840 3917650
4071890 3995940 3947703 3917348
3967740 3910368 3979439 3931455
4042350 4065314 4003457 4039763
3878624 3772797 3915030 3870157
4003295 4036519 3947630 4000205
3859207 3675229 3662926 3826385
4002097 3855557 3887542 3826003
3986816 3928424 3983227 4047198
3879239 3939793 3720823 3933899
3992153 3895419 4082484 4072845
3922689 4088939 3844994 3919365
3910877 3837540 4030198 4004978
3906542 3994236 3731351 3944224
3898417 3744332 3922416 3998745
3837043 3885319 3743115 3818558
3854313 3941411 3827762 3846092
3863353 3818105 3945673 3833018
3995312 4004754 3821646 3961904
3891405 3843287 4002095 3893481
3835858 3977006 3866269 3967692
3813294 3809941 3959831 3870252
3800254 3820528 3747764 3779245
3787030 3704038 3857600 3677391
3834895 4037763 3892722 3976573
4074859 3899776 3738428 3948633
3858138 4186568 3977394 4050152
4089635 4019355 3849826 4041889
3814469 4061518 3896816 3972700
4048426 3861547 3886978 4005986
3772314 4056329 3792683 3881172
3945173 3826446 3775468 3953917
3930995 3822718 3825434 3781308
3952805 3927727 3914706 4042613
4031056 3954388 3867380 3983721
3976458 4105255 4002168 4020202
3845931 3828489 3823196 3912973
3983399 3898281 3988984 4014304
3809313 3812224 3737949 3811218
3873130 3930300 3896535 3939938
3930753 3881921 3822789 3847895
3850142 3932037 3843399 4083345
3910861 3942233 3875192 3924249
3871649 3913450 3916274 4144187
3980070 3958792 3824671 3943928
3834932 3875208 3907223 4127897
3865374 3704651 3672821 3742448
3842195 3831985 3739497 3933431
3888790 3755302 3793458 3797491
3908663 3874479 3856405 3858466
3781949 3744084 3774857 3875841
3905162 3934513 3896083 3983128
3895497 3758843 3802786 3941371
3991145 4008631 3893897 3912493
3815508 3816322 3769655 3913311
3819672 3979738 3902332 3929169
3844764 3770253 3907104 3887294
3879430 3835210 3665894 3852061
3924990 3802666 3873930 4063796
3887137 3984527 3781965 3758167
4010431 3922614 3978856 4005476
3899680 3948600 3826136 3912006
3846980 3851189 3941683 3991597
3839808 3881842 3743357 3836793
3792885 3870056 3654770 3776422
3790400 3646491 3831870 3737872
3791662 3813255 3809178 3861714
3763363 3719922 3916759 3752524
3851884 3888364 3864623 3882929
3851513 3732623 3892947 3854600
3804169 3895773 3792723 3915591
3910065 3767991 3925444 3811746
3752390 3984001 3806496 3943296
3918704 3799173 3786430 3958964
3721779 3949787 3767631 3848365
3945211 3858105 3704202 3967427
3873940 4085793 3913541 3947353
4070818 3886379 3862586 3971221
3816287 4044008 3883905 3829878
3946444 3783711 3748316 4012150
3816342 3816237 3770929 3776412
3833447 3806162 3823545 3958824
3764206 3790937 3816248 3797844
3854484 3973403 3918486 3904620
3942769 3888347 3903794 3818706
3967582 4019171 3940005 3990710
3893552 3860630 3796186 3885610
3866198 3907215 3915763 3916662
3840543 3824122 3760893 3793220
3736786 3779174 3774771 3920006
3813055 3803693 3758913 3848282
3827827 3887181 3819468 3995387
3871147 3849331 3820035 3942442
3774111 3981039 3928127 4011740
3862945 3875516 3848207 3818972
3761315 3882920 3861099 4037891
4137873 3995713 4013770 4138985
3982499 4207241 4201168 4148050
3831100 3719277 3838593 3877239
3705156 3989353 3851074 3914478
3896121 3775213 3835659 3939930
3898468 4126752 3963211 4003256
3856018 3762790 3715322 3851079
3690956 3911345 3869036 3799514
4056413 3970758 4107198 4151006
3991565 4071175 4095206 4043810
3904046 3709749 3904283 3894693
3697749 3823720 3834666 3770139
3871115 3830249 3977701 3970606
3869936 3961058 3957255 3812352
3904411 3749519 4025129 3869417
3651617 3866026 3839529 3784671
4038511 4023589 4021392 4086451
4023120 4056576 4101154 3900749
3776650 3784942 3817332 3801453
3772406 3841506 3888861 3707925
3868985 3853515 3834913 3883899
3813688 3963435 4016949 3705440
3792261 3721660 3764866 3878837
3722221 3774740 3825766 3652105
4009131 3994720 3937592 3982056
4027928 4077466 3939506 4150362
3743220 3778702 3675787 3764342
3756549 3877764 3693391 3947364
3849805 3799788 3775474 3855106
3867713 3967254 3767943 4048515
3739508 3738303 3717126 3790677
3735090 3796417 3660772 3899998
4098211 3906363 4102324 4091863
3927138 4204207 3969184 4027651
3855011 3791917 4000305 3857994
3770021 4008188 3763084 3778482
3925075 3859537 3985201 3992884
3887666 4025927 3831686 3811333
3823974 3670984 3916623 3854091
3789337 3908708 3700863 3742162
4058768 4105743 4068163 3968549
4039706 3941258 3965625 4043024
3785880 3929448 3849175 3757277
3760443 3803146 3850627 3815110
3868120 3982555 3945288 3893736
3910428 3814793 3879251 3872620
3794680 3902106 3760475 3619341
3701535 3729358 3725590 3801761
3965071 3891545 3961186 3964817
3882829 4051798 4025411 3930568
3833410 3780614 3783458 3861935
3765764 3990273 3911997 3900201
3943792 3897082 3882568 3957680
3873842 4147364 4074822 3956849
3852693 3805789 3796841 3850642
3794751 3981061 3956958 3940480
3935221 3884848 4088991 4032609
3883785 4013299 3988051 3869307
3874094 3765885 3939504 3938419
3755773 3941877 3864844 3842055
4042735 3899220 3961245 4048414
3933786 3942925 3947973 3902003
3818918 3764428 3930076 3918661
3724267 3842600 3858991 3782988
4012436 3913884 3895315 4003420
3789272 3933711 4079952 3800953
3776026 3739143 3795745 3888943
3776468 3850162 3941286 3683498
3930848 3794936 3909751 4008428
3855820 3912986 4024742 3857400
3779117 3682442 3822349 3799391
3753301 3825005 3946115 3645456
3855045 3912951 3876080 3933980
3908976 3944500 3777452 3966318
3783563 3819688 3794871 3776217
3767774 3812459 3737210 3913578
3863429 3867870 3840231 3827425
3980661 3968345 3813844 4052594
3792430 3753441 3749193 3779190
3805944 3849079 3761578 3983343
4047592 3887480 4048939 4036403
3828300 4042637 3920714 3929235
3909677 3819136 3914784 3949372
3725501 3945240 3813643 3817996
3960194 3862061 4036114 4046525
3844193 4013324 3842428 3918657
3852651 3762885 3920316 3903338
3750682 3974231 3783974 3754525
3958308 4036547 3955844 3816019
3876235 3941989 3980987 3983316
3798646 4030555 3812792 3668902
3763187 3707291 3902735 3871576
3870150 4035355 3915567 3855424
3837431 3960544 3967897 3914790
3868258 3893991 3862707 3766319
3807495 3759634 3812165 3829141
3924920 3813551 3866594 3913840
3774532 4062696 3972554 3969496
3925809 3854991 3831344 3957546
3826204 4071992 4002230 4028525
3958043 3929520 3945128 3997257
3928431 4054776 4111414 4039709
3983117 3939088 3924256 3958316
3819455 4124211 4022366 3904579
3805715 3786096 3919204 3932982
3759809 3924970 3904836 3871306
4006568 3896280 4062087 3908617
3845999 4011026 3979170 3854697
4048798 3903049 4075016 4107794
3974879 4044490 4107499 3947873
3961392 3791098 3963070 3930779
3849527 3987689 3951286 3925019
3772585 3701330 3770380 3759892
3730253 3874256 3945910 3735117
3826340 3859998 3958377 3890527
3824360 3908639 3945260 3732221
3932639 3878339 4038709 3999819
3872004 3888178 4109149 3902426
3888212 3859347 3873491 3920399
3870428 3944757 4000632 3743009
3797137 3844084 3767534 3764618
3809652 3806978 3781646 3908808
3806489 3875528 3802400 3899737
3897759 3896966 3782694 4024329
3928500 4027572 3881927 3919608
3936084 4027440 3938804 4104244
3808117 3825405 3805647 3928497
3869950 3954496 3785941 4029921
3870556 3866542 3976787 3888782
3701553 3925278 3792018 3837698
4016690 3800450 3952538 4053548
3859447 4019637 3842691 3881987
3958674 3874965 4046651 4009101
3997903 4084116 3921651 3917622
3878606 3781220 4018571 3978619
3850602 4014864 3859784 3858409
3841042 3930444 3826239 3727952
3872509 3778468 3877060 3863882
3857537 3997718 4009147 3731516
3853870 3841760 3941054 3987092
4038669 4109542 4019295 3914675
3987288 3929785 3919042 4010909
3839208 4023029 3955318 3855515
3900451 3908365 3868216 3917349
3996251 3912268 3940717 4006923
3886872 4110338 4045466 3968652
3850261 3752301 3782106 3871629
3760962 4007019 3943135 3881696
3920599 3810243 3860868 3932647
3822808 4094905 4018442 3986608
3841284 3773769 3862572 3901096
3802605 4001005 3866974 3861395
4002763 3894290 3973698 4057668
3886643 4041129 3915449 3924292
3860788 3762666 3969021 3952490
3667521 3857596 3830244 3784298
4029825 3779273 4026275 4012394
3839062 3961363 3954344 3974271
3855211 3800360 3907065 3946450
3843614 3838560 3825022 3879597
3947389 3860544 3959405 3942696
3958576 3949035 4012920 3782652
3786359 3820106 3806682 3854740
3730732 3893278 3898481 3737022
3887137 3792244 3864461 3909218
3953433 3884264 3944150 3709676
3848952 3693915 3901161 3817206
3746588 3814219 3942798 3701401
3885598 3861248 3896142 3816499
3866429 3968100 3875549 4107980
3743561 3748316 3743653 3830049
3756412 3834325 3768427 3934792
3807380 3745679 3803637 3834486
3862314 3931122 3820408 3952433
3752267 3734239 3768085 3762673
3863175 3901763 3773000 3969539
4007458 3840557 4000363 4049287
3819791 4079355 3941332 3893945
3858253 3719141 3950122 3877005
3736873 3998445 3798669 3760830
3920760 3744331 4015167 3998476
3840362 3991993 3911417 3847614
3925362 3796531 3896857 3908360
3760806 3979022 3745304 3687950
3998291 4034338 3903046 3798793
3902775 3927491 3965158 4011341
3767376 3892326 3810270 3722645
3783115 3834818 3830998 3816576
3908287 3946846 3929159 3788479
3877660 3877351 3897829 3931640
3851798 3866170 3937718 3701404
3801567 3835072 3854295 3858032
3860013 3735024 3763194 3961616
3755087 4014620 3918845 3919669
3985590 3778472 3821564 3957851
3858259 4084412 3949328 3964847
3978881 3783472 3868986 4012989
3872903 4118354 3993916 4069037
4141161 4050667 4050603 4232430
4122997 4268199 4201130 4193958
3966143 3804427 3956154 3931520
3697103 3931326 3835870 3859442
3968549 3815371 4068227 3980800
3796068 3986721 3952054 3853923
4051762 3786800 4060065 3986586
3848524 4054598 3942961 3948690
4212842 3994784 4240635 4208307
3977079 4164340 4137375 4033719
3784848 3750263 3756990 3878033
3760965 3912147 3831176 3613509
3747839 3749034 3897998 3858911
3857930 3887673 4010331 3712328
3929697 3935333 3852447 3935840
3872213 3916061 4043952 3797896
4098098 3933657 4073263 4067221
4011581 4025284 4145689 3929266
3827736 3836507 3785450 3790059
3773167 3908309 3775752 3903853
3867437 3849351 3816853 3863274
3814515 3953604 3779210 3886517
3893923 3895943 3814988 3848921
3912431 3994595 3816240 3998910
4081458 4048200 4018314 4038485
4034010 4076264 3967606 4194129
3897308 3774218 3929831 3834121
3812117 3843547 3782048 3821928
3894592 3739321 3988851 3885536
3893743 4047810 3737868 3815646
3943577 3771184 4052000 3934795
3867295 4039560 3838768 3931455
4147458 4094724 4195373 4272536
4006538 4207678 4049716 4079968
3828733 3985734 3814921 3724281
3787727 3753607 3839054 3755954
3850689 3991588 3955824 3814528
3895811 3791772 3883444 3904067
3909226 4009288 3936122 3811110
3920366 3900427 3920939 3970447
4037098 4196471 4179273 4006652
4021991 4056485 4060272 4093403
4064637 4039406 3984926 4082627
3953953 4218811 4113875 4162974
4014275 3947278 3957034 3960866
3906451 4107218 4123084 4089158
4096548 3871680 3938028 3981283
3918319 4131692 4110374 4110991
3818802 3823032 3733425 3834890
3758638 3990113 3941855 3918170
4103588 3989211 4109715 4047142
3964231 4046127 4067422 4033088
4067339 3863891 4091000 4041834
3941071 4050122 3974468 3994028
4172740 3870166 4170631 4072128
3885914 4111372 4020489 3955102
3838352 3668409 3904985 3918125
3783019 3873350 3880750 3865767
4076865 3966715 4012174 4076715
3958574 4073952 4106638 3947142
3970064 3822724 3925896 3968869
3877578 3933285 4028809 3845639
3984535 3857341 3992672 3997779
3897055 3947423 4130500 3831901
3775860 3731760 3854163 3757155
3726151 3837454 3901218 3675503
3998960 3994060 3917559 3937903
4015324 4104637 3962178 4207881
3853342 3927440 3982515 3845272
3888947 3977168 3857757 4063081
3919581 3885116 3890784 3874211
3974017 4029030 3885915 4055152
3704449 3756695 3730986 3796109
3788338 3791255 3749467 3953475
4074419 3895475 4176588 4095939
4031144 4113869 3945307 4014284
3978777 3871469 4092550 4008231
3937224 4031326 3897679 3991255
4022863 3892699 4089914 4111536
3901999 4131427 4001966 3926243
3844736 3779513 3870297 3822276
3726977 3919823 3828796 3765911
4008582 4106239 4077168 3936199
3950863 3940673 3987467 4089929
3985434 4075638 3992610 3910009
3919278 3961117 3870440 3934576
3925721 4106417 3971709 3918290
3931166 4011832 3972341 4018596
3775818 3898999 3890170 3734139
3756150 3780771 3736758 3846650
3849193 3713532 3789543 3817950
3782377 3986394 3917406 3880161
3874282 3905635 3797572 3897978
3705335 3993391 3948624 3949402
3918063 3865875 3844418 3887052
3812887 4019206 4052512 3909189
4042267 3957304 4028910 3961408
3970576 4193490 4179295 4105279
3973668 3691085 3909055 3884480
3692845 3874466 3797412 3877885
3954712 3845147 4018722 3899513
3809566 3958837 3974020 3881044
3996308 3813488 4070919 3969818
3777063 3976586 3908630 3921149
4146044 3978398 4077384 4113095
3973997 4149879 4071974 4002504
3784926 3749210 3849926 3742686
3834253 3776174 3899126 3750316
3888873 3825385 3812492 3875578
3823562 3803123 3972533 3718092
3863837 3799872 3921667 3857212
3825659 3881518 3953147 3833952
4088535 3891640 3990235 4069889
3934083 4007337 4104514 3870769
3766942 3715053 3706515 3709006
3791616 3780945 3775565 3851827
3839547 3787237 3795252 3845470
3874321 3939896 3872599 3995037
3834315 3849339 3775529 3838995
3904409 3928051 3777886 4069000
4000687 4030812 3864171 3940688
3980559 4146661 3977097 4121359
3813085 3787788 3934607 3887198
3755410 3980704 3746811 3795050
3957791 3751922 3944266 3947506
3811249 3931863 3879807 3792338
3958565 3840111 3974698 3973008
3814377 3980551 3870946 3810947
4048546 3966493 4142284 4145212
3915535 4137347 3909280 4011241
3819790 3853966 3740944 3751991
3802502 3818459 3838674 3719181
3864355 3975834 3975393 3731979
3751258 3786549 3856069 3870893
3853699 4062864 3951408 3819091
3841834 3882101 3916186 3859535
4056798 4128945 3944032 3890290
3990135 4069782 4017955 4046506
3937141 3855611 3929112 3925641
3907976 4095871 3954458 3898812
3885751 3814081 3902052 3949988
3864786 4073028 4020305 3912533
3755342 3778879 3787032 3805256
3693309 3960432 3894434 3910261
3705995 3790616 3768512 3846235
3712576 3988485 3898061 3852053
4034233 3728677 3949636 3995739
3863940 3891246 3963120 3837585
3946904 3829082 3964754 3962901
3778496 3939878 3912427 3820963
3852253 3779557 3945015 3933415
3856058 3881286 3801375 3839609
3829110 3768532 3907375 3830330
3707548 3773373 3822975 3803667
3880888 3813090 3879348 3948151
3878215 3865706 4015959 3773502
3894833 3791414 3784943 3918517
3781032 3904866 3964493 3859645
3809131 3828332 3773642 3819534
3853382 3775776 3897252 3701694
3784217 3629438 3781035 3770859
3723441 3790247 3833612 3707192
3800618 3848677 3837037 3835772
3795357 3930283 3762087 3966008
3814922 3770211 3789072 3831475
3788727 3886859 3779469 3997642
3677857 3767838 3744543 3693608
3796175 3815272 3757218 3855580
3683514 3667961 3756165 3758855
3791595 3732761 3788603 3847219
3866130 3810066 3912337 3895029
3850090 3973602 3899082 3840719
3986476 3834125 3951640 3967203
3874202 3928996 3871516 3827026
3873955 3725979 3930335 3923966
3740285 3933218 3747121 3757044
3864643 3717139 3834073 3828812
3749603 3818983 3751892 3810127
3840364 4019715 3944132 3827488
3808172 3810769 3852303 3887420
3831853 3958723 3847563 3828465
3866645 3873963 3809736 3897381
3760974 3822396 3839056 3750126
3789605 3759447 3804889 3819122
3780639 3825473 3841534 3585140
3738268 3699433 3733671 3815898
3831115 3740306 3906936 3836843
3738124 3968004 3978262 3916580
3909378 3732689 3773731 3871801
3803776 4012675 3968102 3920017
3977391 3765782 3743965 3935660
3781249 4064327 3914219 3889836
3879032 3844766 3872512 3858438
3769161 3995534 3986429 4063449
3974124 3776067 3970106 3915448
3760338 3834891 3887312 3814964
3835411 3742286 3979218 3913618
3839603 3877065 3838179 3866288
3984681 3786844 3933015 3937802
3793213 3896865 3820695 3915832
4019884 3771421 3944854 3920099
3810225 3931180 3846670 3818139
3771245 3823081 3903328 3857070
3809733 3840813 3915704 3696917
3837132 3701489 3874370 3847857
3870624 3863839 3895714 3728922
3836280 3787766 3899002 3868717
3841199 3841443 3900181 3712626
3834845 3751112 3824901 3895642
3878496 3922735 3963046 3790584
3768474 3749749 3758492 3737001
3863839 3879289 3793608 3904178
3794723 3787037 3758167 3753006
3856129 3857390 3801672 3984632
3802059 3746211 3712200 3738721
3834840 3946500 3776766 3906928
3802092 3845613 3695553 3733697
3719076 3954296 3744770 3974257
3903063 3741895 3972011 3936141
3738098 4042090 3801103 3759927
3894885 3787281 3916289 3965226
3751136 3970242 3788119 3757212
3786180 3740181 3895606 3904634
3778493 3961988 3750789 3798852
3974910 3806076 3902950 3925814
3799334 3936666 3792559 3821813
3833064 4013556 3796122 3756245
3762157 3690134 3870403 3849374
3845837 3873207 3851386 3791197
3824628 3806739 3848118 3901291
3788280 4003834 3854951 3738317
3839616 3803415 3787517 3799278
3874080 3981382 3914794 3769679
3846150 3810517 3865850 3787418
4064925 3879119 3957585 4049102
3852265 4111013 4089804 3996222
4068690 3892163 3992873 4082679
3918311 4134427 4142657 4033287
3942824 3845044 3906052 4037205
3870894 4133773 4069420 4007695
3854043 3780464 3800089 3834477
3805212 3979000 3911349 3910518
4046816 3868417 4048524 4059806
3901242 4043899 4030054 3948271
4074821 3906530 4139127 4167834
3871594 4066083 3942866 3943042
3948306 3914986 4043678 4080147
3774687 3931677 3965331 3862501
3924754 3772028 3944167 3875944
3726707 3879677 3861041 3864741
3895022 3867976 3943430 4009030
3892877 3962782 4128699 3877696
4061233 3989310 3941914 4051123
3907275 3946796 4107026 3887066
3910152 3877465 3857649 3868257
3871295 3879149 3973193 3810119
3784434 3721797 3716576 3881796
3844311 3782413 3836433 3718193
3920952 3936297 3924867 3881589
3944382 4035009 3881015 4042866
4011991 3987874 3914690 3893756
3925820 4002049 3840795 4121772
3835902 3889678 3772880 3885699
3893490 3853611 3822905 4063443
3852844 3768836 3643085 3755225
3844911 3814162 3734904 3982260
3996038 3897741 4021001 4003926
3891275 4051598 3905500 3936833
4037035 4037219 4214124 4070749
3982799 4127678 3979581 3993502
3969509 3834503 4016036 4087904
3901680 4011649 3911473 3860813
3881598 3786999 3898795 3983158
3756048 3845524 3805372 3726885
3969103 4040305 3911384 3805281
3824643 3918864 3942091 3922431
3982718 4129489 3952067 3904303
3984342 4011567 4015273 3986942
3930866 4057090 3935844 3813893
3890158 3913241 3963289 3952609
3878291 3918793 3821008 3693708
3827051 3680818 3815865 3853790
3818057 3736568 3751594 3808872
3704787 3934875 3818368 3879652
3849739 3782981 3824158 3902701
3850514 4046242 4040443 3911587
3969005 3934093 3892893 3990023
3823621 4081430 3948990 4039765
3932452 3858072 3886076 4016216
3828370 4064218 3936195 4081319
3794438 3660194 3877602 3876051
3697529 3780054 3802878 3795120
4012402 3746429 3986065 3896960
3777343 3970413 3873392 3869021
3946773 3817934 4036110 4010761
3886964 4019991 3866435 3945464
3994472 3689631 3948979 3961558
3870946 3944749 3938754 3891463
3755347 3684032 3818564 3788558
3823300 3765970 3840338 3609712
3874388 3755947 3822812 3879808
3801258 3929189 3887454 3751867
3855524 3869466 3954603 3915667
3870302 3943586 3934173 3765498
3855846 3876207 3845967 3897884
3862394 3897133 3932720 3809562
3703469 3676089 3723166 3763674
3760208 3873144 3745483 3903454
3848743 3717085 3775750 3803226
3853302 3946683 3753304 3982758
3872668 3821471 3746643 3807346
3889834 3934039 3824918 4004224
3815715 3854733 3825725 3806062
3798539 3990461 3803223 4000317
3806328 3688408 3921595 3900298
3743861 3883845 3753198 3730002
3865757 3733705 3998864 3948396
3777337 3988200 3742276 3762469
3934863 3889548 4041524 3949364
3848839 3983611 3851484 3855022
3970786 3929898 4047793 3907276
3904360 4021245 3852636 3878827
3736151 3831585 3774343 3658090
3724163 3653429 3761921 3816824
3908306 3943747 3916840 3815813
3803189 3882574 3899910 3970879
3892283 4044246 3935984 3766921
3888491 3904856 3919288 3898378
3900188 4039732 3955626 3741016
3792018 3855048 3926215 3880084
3718336 3639232 3593263 3782206
3646813 3926936 3731238 3719039
3946401 3733539 3788708 3971633
3757882 3974616 3938297 3962494
3889274 3754497 3867335 3837801
3730977 3932437 3803984 3962278
3935234 3897881 3894367 3978826
3835568 4140010 4037040 4013029
3779958 3512218 3797890 3771450
3691730 3747411 3771909 3704667
3877915 3742561 3994410 3923676
3792352 3979136 3878440 3859607
3824648 3760257 3872142 3833342
3668548 3850363 3795827 3854668
4044041 3930933 4073062 4084311
3825175 4011588 4067257 3902176
3637276 3663445 3665622 3708897
3605589 3725235 3783405 3555791
3842278 3801280 3765071 3887954
3808720 3883316 3951091 3717195
3769836 3704669 3834152 3858844
3801014 3816577 3924660 3705035
3868692 3812039 3949001 3878495
3743746 3941180 4008630 3830392
3642551 3696047 3630291 3589397
3602950 3686825 3621068 3799192
3845821 3808611 3866128 3719833
3827718 3818725 3787072 3932230
3823681 3748030 3693919 3661050
3810948 3870855 3692825 3923334
3839366 3839837 3817896 3872819
3932362 3994359 3792206 4007643
3703103 3661068 3801746 3832801
3596149 3816291 3624608 3744343
3871276 3803541 4026667 3886524
3816477 3960607 3830215 3720101
3877071 3744703 3909874 3846404
3724068 3922912 3738079 3683938
3935289 3817651 3977710 3974067
3796027 4025013 3916563 3938434
3595876 3769920 3797609 3621518
3581025 3732050 3679712 3738646
3856449 3983564 3864160 3739720
3803685 3882430 3855610 3812745
3818865 3922772 3888521 3727646
3770924 3750959 3855485 3826834
3984165 4067445 4043355 3778797
3891904 3892973 3922690 3886626
3976816 3895103 3983668 3905356
3791479 3900824 3933051 4051110
3930916 3728198 3903557 3849778
3765545 3830905 3818201 3942086
3971650 3880440 4001487 3869997
3786818 3914377 3924387 3955513
4000029 3848263 4014905 3863267
3872243 3839950 3936962 3991308
4022051 3982666 3901353 4053781
4048100 3898145 3996697 3968482
3888294 3938401 3723858 3941041
3958778 3697772 3913730 3843060
3920979 3905771 3840322 3971022
3924298 3860089 4051982 3911563
3942234 4051433 3803231 3990255
3928128 3855116 4012253 3966864
3860336 4008779 3971303 4093239
4041150 3900038 4026379 4022926
3842614 3942598 3862185 3952608
3941651 3771714 3908169 3898128
3873421 4019243 3928600 4012165
3957832 3788464 3934683 3997368
3973905 4011455 3906988 3985556
4060971 3868980 4000646 3964113
3995974 3972634 4129050 3967912
3999993 4053264 3925473 3914765
3837298 3869456 4060774 3851109
3876736 3876770 3916817 3890019
3889352 3887801 4092963 3937984
3856976 4037040 3951748 3936225
4015457 3925752 4093867 3866772
3899237 4012625 4025965 3988800
3997229 3889456 4060614 4064284
3867421 3948633 4082688 3950028
3832297 3777054 3898007 3973496
3787867 3879070 3928192 3776438
3968421 3866608 3923550 3998836
3776383 3897858 4039971 3905273
3989294 3896357 3894211 3990331
3866526 3821964 4065017 3925565
3861823 3928163 3980283 4003567
3817468 3933160 3924193 3990250
3652350 3786405 3742419 3843855
3769507 3931020 3883290 3884043
3718142 3765017 3902069 3880967
3752311 3849829 3940694 4026735
3700061 3837746 3861703 3968438
3782797 3868735 3866879 4091718
4065828 3905557 4126425 3970599
3890043 3968831 3903094 4031645
3811618 3813478 3881555 3804821
3737151 3837252 3775469 3823233
3935433 3847379 3919855 3970846
3786423 3894831 3897010 3971656
4013059 3926567 4012774 4035346
3927087 3930080 3949339 4004596
4037167 4123586 3944154 4037969
4051283 3958120 4007766 4011557
3829033 3896291 3720305 3762854
3792427 3686742 3812127 3768129
3819063 3957817 3686414 3956053
3878179 3695755 3923975 3863729
4034370 4009338 3894306 3970979
4036073 3867177 4012315 3952159
3908173 4062191 3902886 4101830
4009513 3893216 4094001 3983934
3807149 3916300 3764726 3930990
3891377 3786200 3860886 3916574
3851415 3927416 3800541 3971458
3879736 3826887 3935564 3900112
3834508 4063015 3936363 4092545
4080989 3957627 4083978 4093382
3937629 3892373 4202789 4029490
4071169 4044384 4019884 4032813
3742479 3775838 3910928 3805584
3741153 3872447 3798340 3801459
3893333 3830339 4052302 3927996
3853763 3936676 3904360 3936708
4004408 3939488 4095122 4037412
4034917 4104722 4054741 4034543
3985975 3899058 4022093 4062798
3927448 3923694 4140048 3873858
3773973 3673255 3926888 3900550
3674526 3636456 3995582 3713150
3921544 3783530 3893932 4024924
3863848 3759219 4051106 3878138
3942361 3899695 3961810 4131469
3832893 3983163 4166015 3878915
3869165 3936615 3940335 3955495
3785662 3966052 3929744 4089047
3630418 3776933 3740493 3817716
3635897 3835084 3813340 3940096
3786876 3804222 3820030 3927371
3749062 3888903 3837545 3934325
3823773 3860426 3911376 3973324
3888876 3915935 4006010 4037087
3936773 3806682 3846555 3888665
3736449 3788613 3912959 3874504
3856141 3736377 3862943 3771589
3688102 3730111 3778319 3838202
3915492 3778325 3884952 3840566
3707075 3817822 3811021 3862131
3910328 3894320 3928409 3931738
3835582 3879383 3938196 3960007
3837531 3912768 3700922 3828557
3905581 3739198 3880848 3779449
3793915 3851427 3644867 3785430
3748797 3642106 3909419 3794163
3822665 3927064 3707672 3831805
3886629 3717237 3898928 3774250
3963905 3997507 3859408 3948062
3838360 3777295 3920637 3762291
3821683 3903252 3830201 3873746
3850465 3749765 3847468 3907986
3801716 3797389 3761667 3928579
3941584 3675702 3831311 3797449
3818353 3868925 3802607 3924181
3917052 3728448 3891231 3869191
3878664 3946419 3955937 4047098
3996988 3863494 3922664 3916409
3743003 3791942 3929229 3898591
3866883 3829016 3878721 3924984
3846853 3774350 3847425 3810424
3792984 3880609 3787784 3860190
3798266 3886387 4023069 3862664
3897920 3829363 3881069 3843546
3866789 3978201 4019857 3936795
3885040 3923835 3963152 3939339
3786647 3767671 3827258 3908072
3732433 3856003 3906290 3684640
3737155 3647037 3901521 3836538
3709218 3729987 3921258 3719553
3848758 3687519 3828286 3895585
3688973 3792217 4038063 3815467
3811738 3811453 3989624 3939318
3799391 3878982 4081524 3866972
3686779 3752532 3777507 3759185
3687685 3782280 3841349 3897840
3626457 3714023 3716237 3760108
3569781 3726549 3797808 3880875
3625277 3731868 3757680 3876147
3666134 3764145 3858179 3953015
3736530 3781722 3861019 3894951
3729816 3912905 3903687 3975086
4029568 3888425 3944819 3932603
3847428 3959450 4019333 3984433
4018705 3947229 4001982 4008106
3940042 3994217 4044853 4063616
4052349 3975524 3926128 3905031
3898931 3868076 3889127 3966856
3793093 3696788 3826905 3774586
3644739 3744639 3803155 3759872
3921001 3985374 3889300 3979315
3963175 3809148 3959132 3734401
3962908 4048693 3843783 4113881
4028516 3880053 4010040 3986524
3862373 3979562 3888537 3958186
3918913 3854076 3998943 3893155
3714366 3835070 3636180 3750142
3849801 3535569 3820013 3772479
3927512 3926174 3902973 3959531
4027784 3803970 3963395 3936033
3987757 4064761 3985122 4048606
4074503 3908842 4109978 3942013
3937417 3943995 3821601 3962639
4066660 3813354 3984647 3939069
3672424 3794508 3703392 3854136
3827471 3665089 3843900 3752421
3889613 3926212 4085918 3939372
3872163 3960585 3875806 3971878
4018313 4038145 4169272 3986006
4026126 4092041 4052514 4117453
3904602 3849471 4068933 3893579
3951224 3962415 3968318 3963225
3635742 3754233 3861883 3709997
3701317 3809801 3802398 3790087
3906027 3788511 3929089 3982027
3824713 3813280 4095133 3790027
4061851 3939520 4035503 4136156
3884033 3901995 4174291 3999077
3856832 3909825 4007252 3945472
3752849 3916549 4144025 3833394
3706349 3674123 3735957 3881907
3658894 3650109 3839800 3704716
3695406 3766047 3817184 3952059
3767644 3908998 3944276 4057646
3847113 3941203 3882924 3951942
3877204 3989434 3943056 4160750
3722153 3784852 3840499 3974064
3769584 3910081 3873181 4081529
3612379 3558703 3642817 3720945
3552160 3754792 3759203 3802265
4086617 3971462 4037717 3974213
3908448 3965609 4043280 4078313
3911419 3923476 4043992 3961141
3859588 3888371 3928221 4050113
3935727 3937916 4071829 4008522
3878720 3960726 4017194 4010559
3881471 3820160 3942218 3824265
3718627 3774321 3818399 3841446
4013221 4080304 3890064 4035052
4040895 3944085 4101142 4007515
3968128 4035010 3769759 4019815
4008919 3822351 3902310 3928933
3931251 4066568 3846323 4053354
3984015 3801349 4035242 3961771
3891511 3931876 3741436 3915680
3875158 3731065 3910724 3794685
4022098 4062106 4023185 4172033
4103541 3994611 4064251 4077548
3905979 4023502 3962697 4034581
3974257 3868521 4031089 3956723
3876138 4036809 3856413 4060443
4065661 3933272 4045400 4012866
3805882 3936816 3815086 3921198
3984696 3687349 3887159 3799997
4022744 4005253 4160800 3959417
4035579 4070877 4000158 4136302
3959447 3922044 4128333 3915957
3903332 4018003 3950753 3955826
4063291 3925434 4182212 3943925
3894731 4114312 4005479 3968946
3800660 3821295 3965970 3832113
3822035 3859107 3896914 3878141
4079628 3972139 4100236 4114085
3808953 3887147 4115583 3920566
3955376 3842771 3913685 4007354
3851931 3871058 4088606 3814278
3924365 3840106 3992946 4021091
3859414 3883005 4201072 3943820
3863327 3751178 3857139 4024733
3756354 3803615 3976623 3713338
3771524 4003721 3993555 4008024
3854340 4009419 3981282 4123320
3749149 3775539 3774078 3939492
3739150 3926153 3881454 3988702
3769105 3945087 3904388 3951032
3822859 3946260 3957795 4057283
3620987 3733771 3796269 3856310
3648417 3813761 3814364 3976503
3835113 3910771 3958271 3903932
3829831 3935891 3833197 4019611
3859499 3895898 3865504 3865216
3750545 3817510 3867109 3963477
3895647 3900783 3966681 3918858
3830218 3807545 3928100 3860912
3991658 3983164 4076050 4034157
3947424 3904191 3975253 4069649
3853101 3947734 3748895 3955087
3945227 3832667 3908871 3857359
3893602 3941553 3743429 3899244
3849196 3779074 3877007 3903787
3877237 3911740 3749948 3909938
3934060 3710817 4030196 3857609
4025825 4125942 3897322 4105814
4101678 3862227 4053112 4022052
3811656 3868729 3901252 4028484
3991924 3800505 4006096 3980792
3810154 3940269 3824340 4019259
3924251 3770661 3941739 3843549
3830958 3909187 3870376 3921467
3967817 3774005 3952305 3879754
4018556 4108319 4006488 4140614
4077356 3949366 4101117 4057192
3898699 3933411 4012552 3859021
3856297 3978354 3873840 3913975
3832398 3880813 4027963 3868703
3727025 3902599 3887386 3978110
3873418 3962423 4107672 3844148
3947592 3915217 3918384 3929347
3983876 3991222 4205221 4067192
3946113 4046578 4109389 4051778
3864749 3843098 3919108 4036992
3835804 3820545 4017850 3814405
3841112 3820251 3888708 3963645
3795576 3783897 3985861 3842196
3855750 3778382 3981452 3963946
3858795 3919752 4090623 3806837
4027793 3924958 4002134 4080169
3874362 3873051 4187505 3945935
3679182 3889624 3755273 3863196
3695680 3835893 3808364 4083548
3713386 3771421 3733047 3865839
3738296 3895623 3799778 3938739
3679824 3716920 3703652 3821686
3797479 3948873 3833664 4036109
3915961 3934537 3946556 4094034
3844475 3972150 4006064 4074524
3968933 3937064 3994232 3921496
3808975 3888333 3906930 3958464
3938517 3926111 3947207 3958746
3865167 3843679 3998397 4005901
3927278 3786696 3870493 3746620
3694916 3796530 3820930 3862428
3863676 3850461 3910301 3804669
3853262 3838888 3823803 3943538
3914071 3984309 3782986 4004770
3966883 3817302 3924106 3959618
3901540 3987108 3859457 3968702
3997985 3802970 4012480 3935575
3797785 3818314 3665807 3891030
3919971 3752527 3795914 3789960
3858483 3894530 3737304 3919483
3856685 3811750 3834806 3866900
3845613 3956856 3891464 4029638
4031032 3814874 3982987 4006391
3874441 3952652 3916438 4050025
4025194 3832716 4047788 4011995
3862275 3933986 3807649 3895458
3883359 3714036 3883983 3849715
3793208 3856011 3897951 4021582
3947596 3718323 3928374 3869903
3926415 3935016 4084809 3963029
3958538 4018587 3890764 3946761
3894707 3928258 4179018 3957090
3933254 4019209 3926059 3981817
3793156 3783412 3966327 3855985
3802125 3880805 3775163 3868692
3869011 3827629 4042156 3859047
3823153 3933937 3849142 3854905
3867524 3926621 3944921 4064585
3859506 3837961 4139412 3820197
3936529 3875788 3997078 4015810
3815863 3903181 4151124 3924267
3807170 3717439 3851850 3932120
3796887 3722938 4052203 3754059
3816580 3743502 3899794 3928652
3657529 3753228 3973539 3839119
3731964 3853053 3822209 3963520
3785589 3894279 3989720 3991448
3832383 3892694 3889220 3998176
3805104 3982071 3931046 4064079
3668709 3673222 3744174 3771877
3648411 3773018 3817217 3892814
3661560 3797758 3828385 3812324
3703248 3793194 3861800 4026491
4019467 3873655 3918253 3963334
3849943 3935637 3964756 4029607
3816331 3814318 3831575 3829307
3745283 3780415 3769306 3934478
3821833 3748630 3878986 3850243
3740174 3718808 3817972 3930653
4049265 3934613 4069942 3960752
3830585 3918036 3984442 4038439
4005829 3976069 3767370 4001183
3896123 3776524 4041978 3940129
3833972 3876943 3697436 3957334
3893555 3730145 3795127 3827999
3770516 3887617 3679567 3908621
3851980 3725247 3849593 3786243
4068254 4055523 3886673 4109085
3961798 3897892 4056160 3915470
3927493 3980597 3817918 4084301
4027395 3833542 3993371 3993832
3759219 3896655 3781971 3897730
3909759 3796598 3928430 3898103
3840422 3895861 3730503 3882280
3813692 3734652 3876602 3723536
3918443 4057152 3964132 4158170
4046694 3931991 4043137 4029017
3947090 4024102 4093336 3902495
3897102 4057331 3989515 4050191
3834811 3847060 3982083 3806776
3801739 3907450 3844126 3845421
3729868 3715063 3958971 3748539
3745595 3865764 3836165 3883647
3927223 3940321 4170448 4030216
3909096 4104312 3945899 4036620
3945640 3865739 4034965 4109541
3887079 4039461 4191083 3879446
3849815 3712158 3841655 3899361
3709442 3728582 3929534 3771287
3805717 3725152 3863767 3884237
3645586 3728696 3924012 3671519
3999438 3857267 4012056 4096348
3848231 3911134 4066112 3896714
3843518 3891366 3906165 3993205
3820935 3926193 3971887 4081787
3593743 3804925 3681532 3835446
3656932 3826665 3842245 3967302
3703936 3673152 3763836 3796793
3650673 3818030 3749029 3925665
3771685 3911144 3912978 3972871
3841359 4000011 3944688 4148700
3992560 3869858 4011999 3937980
3866029 3916461 3898718 4028252
3718703 3707089 3825498 3743788
3681207 3823304 3791392 3778022
3888677 3862347 3962835 3828526
3821066 3841671 3863135 3879375
3831508 3750324 3833692 3775384
3749968 3741793 3902795 3797524
3962146 4035908 3865699 3938052
4010634 3831765 3988841 3937119
3731463 3841447 3631454 3777375
3805712 3701009 3764782 3752023
3859533 3910259 3775776 3937530
3921212 3832484 3905168 3857013
3634263 3926165 3601051 3791092
3790004 3703355 3861415 3840468
3867829 4073485 3931135 4026666
3994054 3955875 3972721 4073158
3771300 3820708 3772956 3923200
3899118 3737796 3875479 3690353
3870982 3872112 3869144 3995946
3928874 3824694 3926512 3902779
3815194 3859290 3828617 3898790
3942966 3733829 3860369 3847591
3982367 3909282 4123154 3930344
3970228 4028595 4005713 4061814
3730509 3773581 3937682 3731151
3759426 3776838 3804108 3873016
3951005 3862998 3992508 3837495
3740456 3977858 3807927 3887134
3842731 3819723 3884719 3725623
3751628 3836847 3837045 3807104
3933599 3937410 3985912 4022729
3759188 3898536 4087752 3817110
3788903 3741170 3806642 3904774
3634513 3702324 3993775 3687304
3857373 3754048 3902152 4025946
3792640 3805070 4050694 3842497
3742598 3677027 3853920 3886492
3696888 3739172 3903691 3748496
3733076 3873938 3875260 3928090
3806450 3992754 3952632 4073709
3545513 3738699 3681450 3715140
3596551 3761486 3740133 3860821
3621716 3854703 3829471 3858985
3731500 3928765 3941944 4036149
3551758 3748447 3613093 3870000
3628341 3703369 3829191 3906908
3810086 3831112 3897259 3764330
3736062 3777569 3875721 3897205
3951385 3858997 4040148 3889723
3742033 3892423 4015793 3973530
3972662 3917405 3967152 3950558
3901251 3931121 3910329 4003238
4030819 3969654 4052806 3982562
3924063 3972097 3913832 4027528
3756215 3875663 3742556 3823310
3869473 3623880 3895380 3818485
3924933 4005195 3667507 3929434
3862503 3798536 3966956 3871565
3820766 4008797 3815704 4049887
3999456 3808050 3913535 3921817
4009008 4062732 3875828 4027338
4013769 3896211 4008940 3951661
3804683 3850729 3711439 3962355
3932905 3669006 3877676 3813771
3871617 4018766 3900018 3973776
3957694 3854064 3941657 3928491
3853663 4000572 3923998 4094408
4040240 3844974 3963802 3931315
3935241 3987383 4009440 4089264
3991160 3972929 4025268 4049279
3813993 3795312 4052898 3766807
3712716 3839483 3910041 3859563
3855219 3984530 4044386 3953736
3920000 4008561 3935897 3948928
3922243 3916380 4189644 3931825
3936518 4011788 4021635 3965999
4013560 3989313 4142465 3974676
3924763 4058339 4009931 4078602
3843392 3754684 3835322 3918379
3712819 3743178 3994119 3815476
3935032 3843091 3943238 4089129
3817662 3900377 4080713 3846137
3911560 3840240 3986085 4020124
3850630 3853584 4105716 3849083
3908909 3940910 3989401 4060587
3864114 3916895 4136470 3938167
3660005 3697523 3755835 3763334
3664728 3787926 3743457 3910869
3703451 3880547 3846246 3854291
3826280 3875250 3981665 3965078
3781356 3853429 3892748 3930165
3821104 3908501 4036650 3973300
3807772 3825631 3892134 4006806
3888669 3881071 3997458 4067415
3944153 3801539 3967338 3836878
3848521 3814306 3778579 3846943
3935035 3900921 3976074 3891713
3829096 3916780 3899186 3913943
3951751 3826134 3932313 3864587
3775759 3824463 3877530 3967307
3958585 3899133 4039977 3991616
3825212 3964719 3926684 3991285
3884983 3928825 3753581 3918167
3896622 3751112 3878734 3747467
3908875 4011990 3753216 3925237
3879646 3817212 3916124 3881441
3876546 3983581 3839131 4027969
3878487 3829885 4049182 3980524
3991260 3983777 3821669 3970941
3975173 3804759 4033534 3948672
3797552 3948218 3832633 3966598
3906589 3806987 3854736 3810285
3873259 3994429 3921142 3957559
3915256 3820652 3941286 3909662
3945060 3922592 3877123 4053282
3997765 3774330 3961410 3920515
3969744 3954671 3954796 4041365
4010068 3845674 4033924 3947054
3908945 3785122 3947841 3841595
3863521 3984815 3907007 3869510
3841633 3872338 4124434 3975546
3903501 3965594 3959830 3979826
3887841 3957775 4032743 3975548
3809052 4015111 4004172 3938447
3921689 3965979 4095952 3942592
4041999 3947916 4076393 3986703
3844865 3752126 3887789 3920987
3745950 3783052 4042910 3709177
3894584 3899473 3912578 3910701
3826060 3825329 4044076 3820858
3858624 3863086 3943272 3966550
3826119 3832331 4043920 3823903
4011056 3894392 4010295 4004589
3915326 3900001 4064609 3878921
3732284 3747611 3731808 3824813
3678468 3807178 3863055 3906661
3722648 3737599 3805584 3872340
3738468 3829419 3851740 3930152
3762194 3827430 3818567 3933999
3744885 3880597 3834271 3967032
3788282 3967964 3849994 3945884
3822897 3912178 3892668 4044245
3894492 3749919 3882852 3838638
3739179 3888709 3838505 3901201
3785048 3865735 4005003 3867198
3843811 3874318 3888238 3893020
4012070 3935822 4038896 3944048
3878214 3918107 3979778 4078801
3938255 3861782 3902888 3824449
3729859 3735217 3839658 3987820
3793981 3897243 3800338 3854810
3889831 3793111 3909296 3794740
3790712 3952997 3727168 3927355
3828129 3787434 3905246 3906949
3892813 4018615 3873477 3982699
3975660 3862826 3958021 3999245
3874668 3958280 3627699 3890311
3904241 3801880 3906025 3826299
3843074 3909643 3828763 3898986
3912522 3785392 3914778 3900414
3899339 4008142 3888082 3987528
4009142 3879926 3947876 3924639
3952547 3939858 3917906 4062874
3993626 3885911 4021747 4014400
3788658 3857216 3766808 3939958
3875888 3844856 3860640 3866443
3863535 3810184 3978346 3832769
3850724 3834412 3816270 3940996
3844864 3842494 4032379 3902860
3873491 3979649 3875919 3875408
4046802 3925220 4074925 4003256
3855639 4042659 3989552 4011654
3793800 3823111 4051844 3822847
3898811 3925225 3947516 3922662
3889164 3771887 3855104 3891050
3712153 3827897 4035844 3795926
3897317 3810614 3964613 4010694
3811393 3870157 4071535 3814719
3995141 3853149 4055736 4069729
3784733 3955506 4192729 3953567
3803650 3684475 3867781 3964869
3746221 3774141 3989252 3764826
3671399 3714878 3812273 3836588
3748097 3883551 3815835 3899113
3746324 3777170 3756073 3894520
3777238 3886446 3804208 3995922
3728128 3816504 3862006 3926924
3824383 3892748 4014291 4035690
3720560 3739305 3751306 3805509
3685620 3830707 3811431 3928597
3974774 3835435 3968413 4113079
3829400 3933677 3834496 3990368
3899705 3738043 3795573 4028428
3696195 3889545 3670167 3799821
3749570 3593169 3678318 3961051
3602702 3698973 3614851 3702047
3813884 3688929 3751900 3922247
3667393 3805578 3667683 3729217
3920528 4002985 3840454 3907419
4139368 3964151 3811922 3960910
3764702 3835254 3773944 3737425
3978525 3914919 3781205 3796185
3743620 3756412 3635427 3540884
3859936 3715518 3667603 3695853
3741118 3808486 3669504 3667610
3928529 3892272 3719016 3814953
3813376 3972566 3960324 3961455
3911739 3933707 3984617 4069293
3806758 3782079 3853558 3872372
3912400 3839076 3825670 3892210
3666432 3706580 3657465 3769413
3695489 3814603 3705183 3834462
3816971 3744204 3751003 3799182
3774078 3692376 3829154 3767198
3862180 3778392 3998558 3984073
4044094 4013349 3942235 3988254
3793725 3798036 3882649 3908382
3853602 3806511 3794544 3756683
3726855 3657793 3752789 3773891
3797904 3785571 3627782 3613650
3749665 3789868 3887875 3775872
3872672 3772262 3722549 3685118
4146795 3907316 3995107 3825444
4058948 3996818 3924832 3907988
4036750 3896085 3902788 3725651
3850800 3841947 3828244 3840265
3908181 3830457 3806678 3637187
3842736 3747356 3681246 3803019
3955424 3826721 3821507 3684626
3833152 3723798 3764739 3717585
3962525 3821032 3919719 4054250
4134125 4040841 4026204 3910568
3819940 3707065 3842887 3885845
3973084 3842524 3929959 3749608
3805161 3570606 3655692 3799399
3913355 3837608 3875666 3606373
3808382 3704810 3802429 3822313
3922427 3736735 3867412 3633953
3793444 3721606 3800582 4001439
3700819 3839168 3640815 3846038
3883401 3744319 3844544 3978718
3680043 3838944 3757883 3765310
3885501 3788946 3829309 4131970
3761003 3848704 3760991 3895161
4060738 3892517 3947277 4118439
3838217 4017983 3750385 4013090
3780783 3793030 3717622 3720375
3967805 3790041 3740267 3772641
3866527 3720425 3752730 3761865
3907519 3795389 3769646 3773700
3927081 3933525 3832321 3819712
4017329 4037493 3892210 3946787
4005457 3980238 3862162 3854971
4106598 4065263 3922573 4041104
3762704 3787523 3775697 3841557
3873922 3781223 3790786 3902393
3770434 3797765 3894398 3828264
3888608 3773075 3841528 3927190
3827416 3897082 3895299 3983028
3926129 3896924 3862463 4023827
3893075 3891983 3973702 3907184
3935298 3951217 3929305 4147323
3716195 3837701 3857975 3746170
3767804 3811693 3730490 3700832
3754736 3749601 3831255 3820323
3886426 3803292 3849515 3789630
3849891 3790467 3908223 3859796
3933486 3935211 3946644 3822870
3945880 3974147 3937371 4019458
4037292 3939462 3982982 3882915
3873757 3808955 3826765 3693272
3842541 3746118 3735851 3839869
3943531 3876278 3855297 3763081
3871611 3762963 3799612 3767125
4103489 3972871 3953179 3869926
3944562 3929215 3866036 3848320
4108890 3931151 4079142 3890210
4113622 3986954 3959515 3990478
3818518 3663197 3749781 3910400
3943947 3871840 3885651 3692785
3753012 3651300 3848029 3911774
3849315 3882828 3955532 3774101
3926411 3811408 3919434 4015872
4003483 3916882 4026014 3829036
4017197 3872330 4016337 4161035
4094275 3969551 4071749 3818757
3815794 3677421 3872907 4006401
3775490 3909810 3734671 3860950
3882983 3851610 3917484 3985101
3755289 3921818 3810459 3913247
3795577 3646168 3779894 3926456
3704498 3734696 3653997 3669095
3781923 3802425 3797608 3953041
3802005 3846987 3748057 3801920
3862217 3773474 3731234 3740660
3972391 3869253 3762097 3776670
3870148 3901039 3827600 3787169
4086010 3976318 3848764 3891826
3729571 3701041 3666537 3618746
3965433 3787641 3723618 3734246
3840301 3828683 3722249 3761961
3910018 3949086 3769220 3734475
3798031 3786891 3792028 3866452
3842449 3813401 3785931 4010067
3897745 3890652 3936799 3971342
3922689 3935185 3864692 4004698
3734935 3673996 3826692 3778854
3696773 3751438 3750168 3851273
3762485 3801648 3801137 3783451
3838263 3803422 3758556 3872559
3791216 3853369 3844202 3863629
3926700 3867936 3812937 3727392
3851047 3877655 3884736 3927478
4027084 3916026 3840838 3857619
3580559 3747028 3785638 3753157
3756056 3735436 3731444 3652063
3766753 3820339 3873352 3806910
3846692 3913410 3783687 3715147
4069430 3840555 3867601 3756430
3910750 3832470 3898472 3846895
4089426 3882691 4020288 3848159
4013646 3924710 3861703 3890116
3900479 3770650 3755862 3704761
3793045 3781303 3684259 3694823
3988483 3907480 3845950 3711766
3836339 3784978 3793274 3724214
3829437 3748470 3782454 3881091
4001373 3941854 3937297 3718478
3959680 3701771 3881785 4065557
4019112 3920382 3988923 3877688
3765640 3636690 3723537 3777753
3944681 3829325 3920179 3694207
3883296 3763608 3829836 3901007
4013494 3834624 3923972 3762228
3720923 3733804 3784233 3972544
3716050 3796128 3695295 3767121
3779461 3563367 3700914 3918625
3642254 3725881 3686211 3728471
3775913 3726162 3795507 3995423
3776924 3826300 3696912 3813376
3819335 3732787 3755565 4007560
3765402 3715120 3641173 3792305
3797713 3761560 3653552 3763737
3838227 3832410 3679618 3820281
3672420 3658750 3588066 3652154
3920759 3799457 3624695 3719495
3766951 3815937 3742370 3703616
3901658 3809828 3798804 3792147
3777565 3789888 3718815 3785213
3932993 3820316 3728346 3769884
3687069 3801647 3827803 3790754
3839442 3767873 3793712 3834068
3695949 3701457 3703744 3692385
3720291 3784133 3766752 3808946
3730298 3815516 3878106 3822188
3812780 3804439 3854851 3924674
3795846 3790509 3871720 3856878
3827702 3728279 3772943 3856378
3733731 3744327 3762549 3777689
3825241 3824410 3825576 3707387
3665028 3654040 3678448 3692429
3795500 3662279 3775639 3650845
3747392 3748903 3795614 3850419
3918096 3830516 3870429 3698348
3719617 3769161 3779016 3795648
3838151 3864745 3769836 3730384
3981882 3819499 3795439 3740311
3770478 3713827 3772389 3758382
3974070 3795524 3782703 3636573
3720319 3727696 3645096 3630011
3994215 3775460 3902512 3729122
3926071 3844979 3783652 3714261
3999392 3824481 3692922 3669424
3765691 3764441 3736485 3679737
3821733 3614866 3833316 3870307
3884184 3840437 3909229 3742612
3684443 3619456 3631242 3802260
3888167 3773567 3788324 3594278
3877213 3665953 3791925 3934186
4042829 3835756 3879044 3761264
3781013 3652059 3795616 3846687
3841293 3834082 3926983 3712037
3903659 3669109 3908409 4117564
3801410 3878430 3741447 3905233
3880792 3708570 3798117 4053222
3762447 3886805 3729392 3819684
3837928 3742549 3843793 3931602
3728315 3833980 3709633 3786980
3870090 3792969 3870016 3999482
3763997 3922150 3788042 3803320
3876779 3870686 3788315 3824013
4037130 3952458 3794702 3941989
3782232 3778865 3711570 3841940
3974963 3860031 3800030 3784488
3787079 3815429 3580721 3716855
3893119 3812374 3789289 3807492
3758890 3826976 3794823 3824237
4007767 3923793 3823268 3852940
3900067 3862049 3956214 3939004
3906805 3854563 3848898 4063516
3870762 3814094 3839043 3907775
3841524 3872413 3837781 3936120
3739849 3752284 3791662 3787980
3828888 3828196 3755103 3923218
3810951 3829769 3943754 3949505
3887772 3819522 3785403 3909072
3864927 3830272 3906451 3801861
3961613 3938636 3898994 3821420
3811020 3746129 3831847 3849289
3923423 3839913 3838766 3752137
3761902 3744657 3741241 3849314
3819024 3871974 3824047 3841512
3734628 3822609 3841743 3822064
3925862 3907367 3890015 3779111
3996858 3942139 3941998 3844541
3909306 3830905 3832038 3867658
4040970 3897431 3829648 3830435
3915878 3816597 3829266 3860355
4021396 3910060 3861171 3776722
3889428 3776169 3781142 3755297
4059900 3875446 3907414 3777408
3927299 3808653 3851411 3802565
3855961 3763786 3794303 4057754
4075028 3941238 3987158 3796991
3862432 3697137 3843838 3979660
3936497 3901437 3950541 3772457
3889132 3750910 3814496 3867095
3963687 3859776 3882985 3748375
3876779 3749202 3816390 4064935
3933919 3942185 3956450 3845442
3947037 3780071 3891000 4102073
3897406 3935050 3822580 3921382
3744946 3710451 3781084 3946620
3785685 3775972 3683052 3837213
3895721 3766688 3897077 4055005
3728622 3860935 3800694 3906260
3644612 3556229 3707957 3776775
3519756 3611752 3596336 3647099
4002042 3900767 3846846 3821411
4011102 4006413 3836980 3932722
3890274 3870286 3732950 3713688
3950756 3909825 3752165 3817657
3893516 3883485 3736009 3866640
4087868 4014087 3820296 3921136
3707977 3574947 3598654 3504850
3772556 3626357 3601898 3600218
3901923 3920816 3924341 3950934
3970716 3972950 3934073 3983653
3731925 3844038 3773167 3830258
3862998 3825676 3748025 3887767
3828469 3842763 3930568 3942492
3854167 3852783 3813107 3932460
3666733 3601980 3701895 3667753
3694715 3675167 3615443 3736302
3867517 3961054 3935821 3982741
3991512 3904933 3979312 3889478
3666005 3736128 3807465 3762938
3844842 3857156 3756715 3739534
3848586 3823613 3959149 3934031
3955671 3886825 3873348 3801312
3713088 3602256 3655332 3645164
3685609 3657754 3670167 3671488
4070691 3967176 3963107 3860065
3975934 3910424 3890488 3809074
4027427 3819552 3824922 3719550
3806579 3745377 3830851 3852041
4088759 4015335 3908823 3848582
3909928 3966217 3785537 3769781
3749610 3740967 3808173 3650891
3682636 3638162 3598947 3659429
3959209 3793842 3950178 4032735
4191756 3947034 3994881 3760676
3813111 3681729 3836073 3919853
4020909 3743340 3916681 3722381
3872633 3755802 3921141 3931918
4073740 3968858 4019985 3875550
3693236 3482823 3660348 3854850
3839362 3757413 3714663 3654720
3984679 3881656 3927051 4037327
3856295 3943319 3828797 3919657
3965481 3848787 4004167 4116501
3849418 3928442 3928933 3920170
4075976 3906100 3981415 4033494
3853103 3945530 3934965 3935027
3705013 3623044 3580315 3756980
3576116 3646539 3531443 3631832
3912944 3914548 3830952 3901158
4142753 3987786 3874057 3933289
3984190 3964491 3830393 3885397
4050268 4113639 3929164 3972099
3926338 3937491 3839407 3888932
4114384 3959048 3865672 3937395
3656956 3575447 3514239 3632530
3759888 3707691 3574348 3680021
3930727 3926654 3952855 4021953
3960159 3913032 4050552 4016111
3976249 3961665 4026843 3974930
3930973 3884437 3863698 4036037
3970775 3927075 4030871 4006189
3974022 3978136 3988244 4096081
3596676 3648208 3665924 3732975
3661711 3637906 3628480 3748233
3961391 3983040 3953436 3940789
4010992 4025786 3952994 3819731
3959278 3939560 3951569 4014069
3967090 3963832 4014561 3819351
3852835 3880588 3944363 4031331
4032960 3996232 4045796 3930007
3561207 3504619 3683975 3643594
3650647 3666634 3762064 3625456
4186342 3985435 4040680 3893787
4025289 3926680 3959845 3934020
4166547 3945413 4075830 3890733
4076937 4062535 3978483 3899657
4185886 3945077 4026565 3950619
4059415 3890124 3926792 3841699
3831168 3625955 3710164 3625796
3739715 3658087 3606171 3617066
3959686 3891734 3964015 4034366
4164550 3943973 4030034 3908328
4012866 3820128 3953583 4076062
4038468 3995805 4096583 3859627
3982631 3829234 3859664 4062623
4114558 4074438 4029073 3843073
3715936 3560407 3643237 3783991
3835421 3667008 3763131 3591394
4101854 3970281 4095948 4266006
3956316 4040458 3929176 4083784
3955992 3737759 3821503 3968219
3832867 3841474 3823160 3815278
4084609 3981039 4066293 4214220
3919733 4093370 3979750 4077558
3843206 3732023 3832023 3989345
3774119 3830006 3793000 3824402
3999200 4053656 3904319 4034060
4115894 4082749 3928157 4071066
3950521 3826366 3777600 3821016
4083185 3913415 3791142 3908932
4064390 4037985 3942929 3888299
4129382 4085894 3994456 3985064
3853088 3814541 3808544 3820348
3921056 3908742 3751922 3866514
3992464 4045275 4063569 4087277
4049368 4049666 4069098 4209999
3862254 3816246 3887085 3889954
3889238 3915338 3850985 3860061
3965146 4047842 4160105 4127313
4092744 4122579 4047989 4173900
3825806 3839175 3836634 3851225
3851717 3845706 3845724 3950414
4093069 4054052 4066078 4153669
4178423 4127838 4159229 4001127
3826770 3798327 3849257 3905435
3908120 3801528 3829176 3820049
3989156 4042728 4061386 4022038
4145081 4024854 4039048 3993159
3760271 3732648 3862310 3919175
3920996 3893982 3869496 3822917
4233833 4124651 4044570 4020490
4163628 4037592 4041920 3905115
4119829 3857722 3879253 3830218
3876045 3873520 3928453 3853011
4231776 4117244 4139793 3878409
4069528 3992546 4121946 4009712
4066108 3877459 3876716 3735191
3952149 3833511 3878668 3859930
4101614 3903079 4072903 4167811
4294636 4118754 4179953 4044043
3795082 3737163 3867600 3988367
4015728 3941826 4000303 3822720
4039116 3848773 3938391 4209934
4190880 4208944 4161443 4055208
3917097 3713054 3848912 3913481
4031131 3893192 3954364 3737055
3972694 3831013 3901114 4085810
3834159 3966893 3844303 3972624
3826396 3716391 3819504 4031250
3739490 3794875 3751901 3874946
3952220 3819270 3964007 4033875
3837830 3911552 3848237 3920372
3835536 3699472 3836992 3974199
3720378 3829702 3749305 3859144
3846689 3907774 3866025 3870688
4161335 4032837 3879358 3935942
3879743 3850547 3763587 3864375
3965120 3953349 3803145 3875239
3879243 3899627 3842199 3896156
4095863 3969957 3909419 3873199
3838545 3743288 3713757 3716963
3915074 3868669 3755968 3831053
3888779 3931273 3955415 3954077
3928953 3951994 3895883 4040371
3830273 3810335 3962726 3808296
3849229 3744429 3865773 3867622
3870777 3931178 3992705 3973066
3916442 3963234 3893119 4043012
3713230 3821571 3867800 3868520
3844684 3764444 3902005 3858788
3770132 3800601 3970539 3896548
3998600 3968621 3984578 3864616
3754456 3853068 3826980 3837726
3848738 3871447 3839601 3833369
3878468 3910340 3825857 3885768
3966001 3888825 3991645 3909386
3805560 3749766 3789590 3818669
3864003 3758276 3820427 3817608
4180871 3895274 3956786 3850190
3942817 3878366 3943166 3852853
4021727 3908556 3879652 3710889
3871640 3869982 3821242 3853269
4223782 3942961 3975630 3843559
3964995 3985797 3938770 3903830
4005207 3838360 3829459 3776254
3909419 3742871 3703881 3744181
3919293 3828618 4005267 3969355
4117150 3949791 4027027 3817665
3869894 3702263 3860729 4018933
4044575 3856626 3870262 3716730
3976614 3886067 3883955 4086804
4117202 3963802 4000465 3829476
3807843 3690921 3804149 3930805
3993179 3884204 3902260 3741390
3756973 3681463 3755128 3914589
3679409 3728577 3585134 3742728
3983485 3771983 3865149 4078569
3779990 3892609 3800468 3938782
3852762 3731744 3905170 4082015
3724003 3911375 3779914 3957134
3786046 3654433 3902138 3945935
3741932 3794688 3698987 3766454
3770438 3769457 3644361 3622554
3889778 3820544 3735902 3746142
3831831 3866805 3766912 3858100
4026909 3901115 3834954 3844096
3892409 3884548 3775605 3803562
4055605 4002766 3778594 3908264
3828865 3750283 3724826 3718374
4042711 3939794 3774590 3813561
3685273 3765214 3739749 3722573
3775791 3752212 3650116 3861637
3878578 3860725 3876828 3906079
3898204 3872796 3864957 3988544
3815419 3887436 3872032 3768302
3932218 3865503 3845524 3953384
3782383 3818630 3727807 3795633
3731402 3795162 3827510 3905749
3658620 3784419 3725322 3744313
3817871 3759831 3803528 3627159
3798419 3780319 3872963 3853913
3974831 3880538 3890321 3838993
3758696 3794391 3886194 3833830
3918486 3923241 3895759 3897844
3750647 3825278 3787156 3786937
3891659 3748339 3803996 3784086
3904076 3796694 3836987 3714263
3783223 3723363 3813436 3734837
4058489 3927510 3899117 3843000
3908072 3839446 3864864 3803083
4176652 3945918 3953057 3853881
3968731 3891259 3944662 3751257
3970245 3735269 3818706 3694209
3866939 3827744 3783782 3761631
3757905 3596034 3686370 3825670
3974445 3832689 3826296 3722229
3885432 3724542 3907515 3872127
4025265 3950385 3922778 3755564
3933003 3715026 3879977 4013723
4131641 3981080 3944736 3799584
3882806 3743109 3816983 3947051
3945132 3876291 3872089 3710788
3860252 3775222 3883648 3986746
3771468 3849668 3751460 3847527
3899688 3675376 3889953 3932482
3724898 3756568 3708787 3805805
3700364 3615124 3747588 3928032
3642104 3710464 3684700 3691229
3859626 3704003 3696525 3981498
3678222 3793922 3695410 3843457
3832260 3897632 3721200 3745194
3929014 3916961 3754541 3822655
3793154 3775933 3735564 3686476
3945155 3859741 3667770 3725274
3762417 3668259 3591345 3640688
3849619 3786938 3620827 3686187
3861163 3854133 3682401 3747238
3975214 3935309 3700964 3799172
3811214 3863765 3874706 3939752
3897475 3819135 3735606 3885830
3715284 3852963 3851707 3907105
3775505 3815465 3718205 3864920
3662383 3682706 3694682 3707924
3673499 3677103 3704770 3830744
3721796 3758218 3756301 3851585
3778442 3712532 3847383 3870841
3762992 3814638 3816103 3837902
3961697 3798898 3883127 3782864
3795155 3833953 3846406 3803143
3900288 3776435 3879064 3807008
3587741 3733086 3742057 3702000
3900903 3714981 3740830 3649507
3797373 3734864 3847445 3899895
3928894 3880619 3768732 3734139
4034093 3823930 3996889 3861205
3893163 3845540 3845530 3804830
4032665 3854702 3801952 3676239
3841943 3697474 3773408 3702209
3898729 3718523 3829946 3650265
3679128 3713325 3687949 3641961
4029174 3866608 3955394 3795316
3891910 3763258 3800464 3760955
3871605 3726390 3772009 3890086
3956376 3902259 3934393 3677316
3756809 3703188 3844473 3916164
3997092 3806261 3889715 3713393
3724744 3559164 3730607 3870659
3827581 3735355 3843730 3612310
3794665 3678949 3803691 3969813
3935509 3860461 3892843 3746377
3877153 3707041 3748093 3983230
3758753 3809964 3785936 3849005
3877159 3788645 3893105 4039458
3748549 3911853 3710728 3877056
3770154 3699115 3784782 3911455
3620057 3806907 3596441 3791877
3994204 3840416 3866161 4101909
3829088 3904135 3847753 3915316
3845587 3757828 3741937 3703298
3916395 3906310 3852552 3795041
3775890 3842180 3825730 3775877
4059450 3920777 3903695 3874617
3738105 3743986 3620844 3694895
3753560 3787473 3650997 3722780
3922351 3818619 3840595 3862697
3970269 3939119 3924143 3867419
3772721 3823825 3865180 3872728
3879005 3781970 3804760 3880935
3870520 3828749 3892767 3848692
3871225 3884393 3893250 3959320
3718861 3774270 3785261 3747973
3817928 3747118 3782769 3776624
3820677 3829000 3972319 3926506
3915864 3831837 3885007 3944603
3797160 3806448 3889242 3863198
3879329 3789677 3834487 3740517
3844876 3808554 3845522 3885047
3958273 3863654 3849440 3824899
3756014 3764065 3796826 3781599
3878246 3706339 3771007 3620438
3894743 3897458 3999078 3917632
3925474 3954858 3914115 3890077
4171012 3829444 3905247 3819577
3885399 3850347 3798192 3782870
4068835 3885333 3921732 3762632
3897091 3753864 3887325 3824779
3922058 3721611 3794577 3715274
3811437 3714964 3741871 3724466
4109261 3911007 3981095 3856443
4006261 3904662 3836319 3866626
3786851 3693246 3863602 3983285
3982818 3846638 3953007 3782909
3898090 3721171 3884608 3919575
3990834 3881730 3925064 3723616
3842619 3612068 3734166 3835852
3831242 3813087 3786174 3630645
3970513 3783911 3924308 4044845
4051947 3895294 4029702 3786396
