3996433 3950768 3812493 3944526
3945977 3968707 3989009 3803377
3920740 3912528 3842964 3962946
3923113 4049921 3940124 3920444
3821202 3832529 3857535 3930459
3941355 3956340 3990021 3837468
3947732 3897949 3861650 3914810
4062642 4045583 4030225 3891989
3872156 3843159 3822528 3977722
3675904 3880824 3932779 3959878
3995767 3822314 3844347 4007303
3714135 4027351 4006942 3975151
3998859 3856740 3785985 4044823
3617277 3958538 3963566 3946121
3999519 3979353 3909494 4090795
3766619 4029360 3992178 3955450
3885625 3866778 4020742 3865803
3818969 3854788 3802388 3733220
3883403 3904277 4124056 3923964
3863634 3845191 3852894 3758137
3829989 3853264 4032225 3831272
3842558 3908164 3799046 3816766
3874487 3880155 4128451 3935410
3870423 3864615 3829566 3891328
4017478 3870554 3953183 3990742
3768255 4078641 3775438 3868109
4016144 3967692 3885679 4017655
3754663 4022043 3874684 3948297
4006737 3861784 3947101 3990652
3742857 3976987 3774989 3866500
4034435 3966658 3945702 4059641
3853899 4125522 3817537 3927734
3845729 3675107 4054015 3940040
3916142 3879593 3925530 3977358
3967656 3865039 4122832 3887160
3915419 3930428 4104262 4019401
3884365 3725343 4024447 3858933
3834816 3828263 3920672 4028486
3929120 3820747 4145668 3926790
3927900 3932455 4020842 3936561
4056079 3987803 3901838 3824030
3858366 3803015 3921743 4065333
4021815 3933810 3936951 3957649
3932385 3845211 3962049 4111814
4130086 3978826 3877648 3768587
3930732 3836790 3944412 4027368
4094809 4031940 3916317 3770108
3968404 3835196 3942228 4049028
3866568 3731000 3847009 3986171
3874356 3887269 3862849 3757541
3880438 3791757 3871824 3792737
3851482 3864594 3973264 3940227
3950196 3930499 3949809 3993259
4045714 4043976 4129038 3894113
3847217 3847085 3828662 3764841
3808352 3878414 3896996 3850659
3892064 3841438 3760568 3979751
3669798 3816958 3919149 3879580
3914152 3869951 3760602 4007456
3626483 3895291 3878216 3944626
3965071 3907586 3936224 4167981
3740416 4027680 3981466 4079312
3886012 3750413 3817193 3949939
3631134 3912214 3882650 3952023
3708481 3797712 4080632 3752903
3746845 3845122 3802932 3746502
3725080 3858937 4037874 3816805
3801495 3782734 3763462 3785654
3927065 3957713 4237286 3933126
3882910 3957599 3837861 3935695
3820613 3785372 4053307 3868514
3727114 3803642 3656672 3663812
3915729 3922858 3922405 4001490
3840146 3932029 3772676 3918667
4009468 3866847 3878910 3995427
3804898 3977968 3776657 3885258
4040924 3961478 4126082 4121678
3949312 4114994 3927972 4008837
3904258 3803013 3904967 3957138
3786310 4053035 3707673 3835702
3835643 3683367 3901507 3805460
3802434 3782989 3966932 3967770
3884602 3678028 4027403 3852868
3916587 3904753 3980831 3994383
3956120 3872876 4163384 3982123
4059546 3959667 4029717 4046129
3805279 3641289 3952602 3922768
3769850 3746489 3915955 3925591
4032314 3909290 3819219 3767054
3825714 3704229 3906337 3945294
4116667 3995528 3902336 3677669
3833949 3825509 3901121 4042680
4137730 4077197 3929372 3918289
4022329 3940763 4016383 4133845
3985847 3881686 3698007 3751708
3922313 3761039 3770604 3944473
3825718 3740323 3730650 3738831
3879270 3867920 3961488 3793692
3851095 3885045 3900427 3900615
3891695 3985726 4005504 3786137
3751019 3686956 3694975 3618214
3797802 3755826 3914900 3678911
3986804 3957113 3946672 3979621
3951750 4045838 4073661 3934745
3894117 3795147 3735431 3983927
3679057 3926460 3760816 3876155
3813680 3848079 3841417 3988195
3700962 3950359 3922643 3880663
3790468 3669792 3658243 3877147
3569400 3782870 3762775 3755402
3942643 3848364 3965960 4076639
3744871 4048223 4027610 3998755
3773452 3749998 4106132 3815506
3685524 3798797 3752547 3747783
3852045 3847112 4007127 3774256
3834568 3831184 3844664 3813965
3723300 3805627 4007225 3757600
3706006 3637820 3602522 3623206
3970189 3904253 4231127 3937050
3942038 3948677 3881777 3864514
3883823 3795090 3866831 3899392
3708964 3923425 3732203 3809879
4007301 3912891 3976119 3998357
3883568 3969212 3815745 3845904
3869994 3730466 3788236 3882599
3656493 3910105 3639239 3649025
4184848 3979797 4112741 4120014
3897575 4024211 3889191 4005861
3842089 3711067 3973615 3818548
3857150 3851948 3955027 3935973
3886987 3689322 4034037 3840926
3893702 3831102 3970051 4028359
3784219 3669055 3828866 3685296
3715578 3774064 3834922 3818582
3945221 3830519 4083108 3964022
4001722 3866090 4055651 4073301
3983123 3867212 3823130 3618881
3796619 3721597 3883579 3936592
4134061 3833132 3877560 3761552
3861008 3781306 3897721 4030605
3927159 3766774 3719981 3550747
3729520 3563326 3810196 3774170
4130985 4060648 3952292 3908373
3960961 3805627 4000356 4042148
3865065 3888450 3816187 3791475
3831787 3909868 3919327 3712815
3808760 3759540 3765813 3721128
3857036 3865028 3914715 3733547
3800041 3773788 3802062 3879685
3921030 3915549 3887082 3750878
3902749 3912964 3924337 4000630
4039891 3996629 4011587 3956142
3886194 3807615 3766145 3922403
3602828 3815170 3917985 3895181
3876717 3752942 3824647 3923094
3641607 3806391 3865188 3886588
3839924 3800946 3792065 3949419
3643517 3818401 3881370 3863641
3982994 3928824 3958693 4075486
3689621 4009257 3986064 4038184
3792870 3810362 4086667 3809860
3803145 3821601 3733985 3739766
3724394 3759691 4080310 3778749
3684166 3725286 3706140 3748155
3783770 3803016 4067226 3791907
3800430 3817788 3798917 3757046
3938956 3993851 4219624 3911455
3912075 3903867 3902566 3834744
3851996 3833432 3912348 3956475
3703443 3977223 3770284 3803914
3971380 3801020 3819994 3914141
3754026 3943782 3708650 3825121
3862215 3867334 3872647 3919460
3748316 4022608 3656665 3832119
4006776 3915688 3970790 4124787
3834959 4092902 3881822 3940454
3857146 3721411 3959470 3861421
3881910 3775934 4006908 3919816
3863708 3675386 3919574 3819828
3811949 3775943 3919890 3879943
3821948 3658746 3988747 3762028
3797494 3820972 3966345 3922173
3986482 3730303 4082725 3862418
3968854 3928937 4069148 4055432
3981512 3911756 3864577 3772720
3756381 3724307 3902765 3924451
3933455 3826548 3877512 3712886
3889068 3688633 3795027 3876102
4005228 3924562 3781865 3677114
3763275 3702183 3914066 3935625
4115357 4028960 3958080 3895110
3935516 3856408 3997409 4118938
3947064 3934468 3891602 3868559
3900497 3962434 3999258 3850226
3974378 3856943 3820581 3937682
3941663 4025980 4023175 3832793
3766939 3718884 3682480 3698748
3837375 3844351 3902371 3717512
3728114 3703195 3745816 3848955
3849449 3882176 3850827 3677475
3833164 3857118 3925338 3948017
3724081 3946663 3952185 3978790
3964062 3762029 3861699 3970577
3704184 3975579 3933907 4015257
3814005 3730633 3713871 3957239
3532053 3812565 3795361 3846579
3825307 3701130 3770531 3877187
3594507 3894583 3767600 3831865
3860160 3822893 4079096 3910589
3756318 3846314 3765676 3794966
3885939 3880488 4216830 3932516
3872539 3916592 3799582 3826702
3654730 3692146 3990250 3696931
3739690 3731025 3611122 3616772
3762858 3788968 4012935 3712084
3768246 3876354 3675852 3610112
3983059 3905349 3941507 4011658
3759706 3973422 3809652 3970399
4050519 3928811 3962428 3983314
3857910 4012189 3794076 3985908
3912930 3810090 3864244 3853422
3732399 3900995 3649715 3712219
3782680 3732186 3750946 3842394
3773916 3882632 3685282 3758226
3842772 3840087 4035474 3899121
3881576 3860556 3980328 3974180
3954275 3816156 4055613 3992521
3927550 3854483 3975293 3938827
3756963 3646627 3937992 3789816
3795658 3715416 3934322 3858463
3716564 3704424 3908323 3769570
3830921 3717705 3873792 3916604
4119956 3945495 3817769 3838861
3882222 3806574 3975193 4040417
4133244 4004353 3975084 3817484
3962364 3880697 3962086 4003924
3952334 3802815 3718844 3652879
3750272 3594442 3738491 3891327
3930848 3850214 3749741 3706396
3785927 3680275 3751276 4001774
3701093 3723388 3591096 3770355
3796270 3779944 3816180 3725739
3713499 3709336 3717107 3712224
3766547 3837511 3799836 3697276
3918679 3818126 3851624 3934879
3922860 3959388 4011501 3872754
3712073 3715086 3754467 3797668
3892521 3825939 3877763 3623023
3782962 3699862 3712079 3773880
3557445 3826482 3828728 3825486
3717541 3733215 3718563 3837681
3534031 3713726 3762327 3776570
3968473 3920416 3926695 3987485
3669246 3883525 3877776 3971202
3811812 3737015 3808673 3871314
3564254 3739841 3760812 3792111
3685866 3685905 3911902 3751223
3699921 3687988 3607809 3638940
3629429 3641153 4039951 3683807
3730177 3736496 3551673 3627039
3905458 3988013 4083151 3923006
3795266 3874209 3880276 3816590
3671863 3709840 3956037 3742819
3737034 3759058 3662203 3656363
3859130 3703902 3722523 3861307
3629944 3837168 3648629 3773300
3836113 3715308 3828263 3935075
3621259 3922023 3646881 3815981
3979079 3853454 3949338 4031422
3800304 4033217 3769883 3927012
3796950 3746717 3845589 3916530
3627917 3937248 3683195 3751029
3673183 3627292 3927421 3752015
3704067 3732803 3818232 3801160
3774032 3587502 3970536 3796427
3720809 3738490 3845650 3853655
3887184 3812695 3955220 3819408
3910753 3884204 3982270 4034299
3773004 3695114 3918914 3670239
3835291 3755865 3803624 3851142
3849743 3765557 3724699 3586338
3777197 3621707 3714564 3810649
3955614 3766058 3646531 3667234
3731392 3649906 3845723 3891253
4003085 4047891 3999042 3745541
3900481 3746504 3989051 3972205
3919751 3817929 3765536 3660818
3760843 3670034 3726198 3913787
3692751 3754464 3705877 3749210
3804718 3808188 3894446 3730950
3804013 3960746 3913370 3983774
3969639 4072077 4025254 3891115
3868133 3787244 3889060 3802121
3863467 3923440 4011068 3851024
3779363 3847123 3784121 3734444
3874253 3850099 3905064 3728460
3773107 3724721 3678047 3928924
3571322 3868250 3767199 3863445
3958361 3899614 3918026 4022964
3750768 3990095 3979103 3991970
3956737 3761313 3903809 4003082
3644636 3956341 3812242 3912034
3830026 3760940 3733535 3914305
3639052 3850778 3839360 3911263
3739650 3690688 3963039 3625330
3634651 3683354 3704260 3617261
3819665 3809119 4082138 3906809
3819941 3955286 3858314 3766605
3800838 3891171 4115973 3778706
3698813 3876046 3747345 3808939
3774086 3845406 4084634 3763357
3715307 3726127 3650549 3703027
3819521 3732735 3732382 3842176
3672159 3912405 3728719 3717526
4053346 3952773 3979682 4087314
3847300 4085318 3832110 3965991
3973229 3784063 3939022 3981657
3776283 3958909 3719308 3931546
3878064 3735660 3781735 3884440
3768815 3969219 3701291 3814745
3702299 3595966 3788188 3731289
3779950 3659756 3748422 3799548
3904622 3789001 4065909 3906307
3877937 3947599 3951994 4049938
3843749 3726605 4050080 3859587
3887119 3802764 3889068 3985413
3783282 3684963 3987739 3774315
3900925 3698515 3876359 3849353
3944628 3779102 3816954 3625297
3741399 3658144 3813483 3896232
4124897 3987941 3943841 3808007
3931197 3839410 3871812 3999010
4067510 3890899 3856417 3746083
3868355 3764030 3840381 3964647
3992069 3817252 3757461 3720866
3760960 3772423 3767760 3991526
3769119 3772056 3803711 3723540
3862863 3833360 3933509 3833078
3843848 3901950 3911591 3892228
3822492 4053358 4027290 3841381
3854754 3857611 3892497 3848665
3962226 3907126 3938078 3841399
3857179 3762053 3791260 3765418
3843827 3866667 3895943 3806636
3828454 3781503 3815627 3996582
3677716 3850742 3924636 3807133
3940833 3850287 3892129 3995077
3707489 3971601 3873074 3933988
3915006 3760383 3837969 3960427
3727907 3966573 3899513 3888932
3838940 3788750 3733049 3914276
3679870 3924719 3832090 3860077
3722800 3788875 4051540 3755842
3774797 3712747 3682790 3703211
3891746 3879942 4173691 3850944
3845773 3907654 3742635 3834790
3808199 3826779 4146668 3843417
3828897 3789857 3800934 3771905
3817767 3790944 4071704 3845371
3737142 3699343 3650896 3655751
3889615 3740165 3922045 3873253
3692867 3911031 3727120 3780918
4059463 3859437 3953756 4098165
3904345 4008986 3802498 3925385
4048616 3847279 3938358 4025389
3763521 3909329 3746775 3841592
3872149 3776473 3820933 3908529
3711988 3946789 3714692 3866764
3771135 3716445 3921794 3895290
3740519 3890566 3907543 3908791
3909381 3792415 4116497 3914240
3937861 3865595 4021634 3972178
3889246 3824227 4013407 3862141
3820820 3845068 3951746 3973277
3805017 3690308 3921958 3729534
3706568 3820460 3915306 3849337
4008946 3782161 3784411 3744676
3813452 3721057 3807927 3866243
4098251 3969306 3952146 3822290
3874206 3788732 3948952 4015917
4082917 3891369 3873859 3785974
3941886 3798968 3997111 4011170
4048589 3885438 3835817 3705414
3863670 3706626 3823228 3886368
3823781 3813148 3795855 3813420
3923251 3905038 3896113 3762988
3965139 3911928 3971477 3949078
3976944 3982296 4002501 3841534
3910834 3885826 3902415 3843716
3898899 3960977 3985927 3825504
3807308 3725209 3836292 3816523
3909896 3914386 3939164 3799789
3890469 3756006 3757274 3964243
3643767 3797218 3857290 3957901
3964373 3827135 3882141 4016525
3737549 3972314 4009201 4006679
3999167 3816907 3845124 4089615
3742606 3943187 3956680 4021027
3874355 3786571 3788505 3900807
3666129 3824167 3845435 3772120
3763356 3800772 4034962 3900983
3663484 3902878 3738456 3744041
3839483 3888419 4133056 3946507
3853773 3917616 3814493 3918774
3847673 3835907 4073322 3901545
3788092 3813814 3853253 3774993
3686255 3845630 4084697 3730973
3693923 3752466 3768498 3766175
3981619 3753479 3900235 4030667
3819636 3976857 3759258 3833559
4029990 3867688 4022443 4021424
3871034 4108387 3862658 3954397
3974360 3917668 4003979 4049823
3763804 3987465 3866346 3870430
3931916 3812854 3879577 3928310
3713101 3840149 3770730 3813074
3803346 3666372 3973170 3843822
3818881 3842384 3901449 3968066
3928908 3881684 4046758 3866131
3904065 3918020 4093251 4029295
3922773 3783666 3937000 3931198
3795569 3952603 3973038 3964725
3825525 3649927 3909078 3855150
3788429 3825881 3942278 3925416
4104705 3959513 3810940 3673175
3885966 3830704 3900071 3996521
4113606 3973855 3991465 3770980
3936953 3851276 3936429 4080204
4083688 3949112 3957061 3842392
3883121 3781571 3842956 3971165
4016832 3856212 3788785 3741221
3798823 3706952 3808362 3908845
3937950 3902233 3837391 3941161
3957177 3948548 4033334 3911204
3719128 3754113 3757704 3774066
3773963 3848015 3842153 3707228
3720632 3697002 3682500 3780822
3832536 3804736 3812626 3735416
4015222 3931214 4018938 3977636
4064234 4080982 4093756 3983652
3984025 3835705 3844834 4032212
3638731 3956764 3993072 3873395
3713418 3738783 3670830 3851060
3497868 3738452 3713611 3807108
3809467 3742750 3700785 3836316
3622099 3761424 3825789 3847474
4019532 4005452 3966244 4099091
3794176 4062061 4052553 4096883
3911589 3911340 4141969 3911213
3802329 3911778 3766715 3654820
3713362 3751233 3967496 3680808
3703930 3768145 3598669 3681554
3655257 3697245 3931505 3731329
3613145 3725189 3621891 3644915
3915309 4042972 4253181 3968012
3956544 3995925 3899043 3893682
4096517 3910304 4037296 4093591
3831534 4085485 3981197 3850941
3853586 3761296 3802601 3934126
3659266 3947381 3693035 3716793
3881087 3814555 3785678 3875341
3609417 3878752 3585344 3742634
4116501 4025670 4025534 4119813
3964240 4180304 3960905 3966924
3886460 3844544 4015742 3863886
3937061 3867261 4038258 3972991
3762421 3610909 3872795 3752496
3800270 3706922 3823660 3886243
3763432 3606691 3802509 3710283
3790542 3711965 3844107 3917065
4061554 3946856 4112301 4004893
4067546 3971175 4059597 4132584
4045752 3984328 3901477 3795825
3878223 3840509 3958294 4063705
3916319 3789536 3765245 3678109
3721561 3588555 3795604 3817353
3943484 3822262 3714652 3574099
3771414 3591074 3670630 3900320
4233521 4127667 3977126 3958748
3997732 3878135 4080077 4059818
3885271 3830799 3902644 3851361
3903152 3908413 3953687 3824190
3862873 3782961 3795448 3840881
3917983 3958420 3932952 3815987
3962567 3924240 3956821 4060238
4052512 4081788 4176169 3985104
4031215 3935418 3955956 4031624
4029663 4087910 4130750 3942913
4009633 3874385 3852156 4009712
3679244 3817021 3905070 3921350
3843809 3753878 3736006 3964899
3712274 3874050 3863451 3825646
4112345 3983868 3979313 4075333
3788214 4007351 4038633 3994537
4073573 3969795 4005563 4098950
3753186 4081840 4102311 4124697
3775715 3899932 4080226 3887392
3824612 3834428 3783158 3786042
3768779 3892036 4116439 3799074
3774096 3782127 3707539 3622067
3867794 4048014 4209785 3978944
3902061 3993769 3819865 3908142
3876363 3977849 4216712 3960454
3933558 3998479 3903390 3940360
3947012 3870597 3909905 4004377
3715056 4051897 3763894 3895012
4027867 3938512 3887377 4018527
3785810 3897424 3739584 3803183
4160823 3964786 4077058 4154254
3931106 4158774 3952611 4034941
4135356 4035807 4070888 4120366
3995766 4155389 3927623 3951555
3870197 3805101 4019649 3852617
3852201 3815930 3977323 4021684
3849127 3742801 4010073 3898382
3835927 3841765 3893502 3897766
4077039 3913347 4217735 4002556
4078121 3978588 4141262 4123182
3956680 3882658 4105078 3936279
3976729 3980103 4073122 4066827
4102345 3973532 3817713 3804350
3833138 3814266 3956462 4007722
4013638 3891820 3906652 3759778
3808125 3658942 3839111 3903039
4197185 4106912 4064877 3888879
3946702 3831984 3985319 4178383
4195538 4061053 4054235 3964990
4024568 3937533 4023066 4129785
3832647 3866327 3783414 3808468
3817681 3941898 3950150 3787199
3780242 3756284 3741213 3768802
3913797 3881286 3912175 3794164
3961275 3893636 3958740 4001958
3909172 3968658 4016486 3922030
3841157 3754944 3860375 3782574
3948408 3848083 3863912 3749345
3897762 3799700 3864576 3967868
3703622 3935272 3870169 3927342
3857334 3753035 3750355 3879290
3694202 3899221 3884324 3871466
3964442 3949534 3934676 3998226
3669389 3946396 3997257 3961147
3848101 3822760 3822911 3972550
3621276 3861462 3837702 3943562
3804993 3836130 4185588 3812168
3773996 3838784 3772824 3728477
3756162 3728466 4078743 3762293
3726476 3709662 3586557 3793148
3842142 3961511 4191319 3906831
3843413 3822960 3810460 3838474
3772955 3894504 4065320 3805949
3786680 3856517 3710047 3787806
3946606 3887070 3885302 3953554
3784076 3985657 3865612 3856885
3968365 3794713 3877371 3951785
3771929 3976449 3721978 3887227
4084402 3979943 3985795 4071572
3817535 4092332 3910335 3876251
3987865 3793207 3943469 3993195
3784829 4009687 3703692 3860284
3827996 3688829 3991448 3903823
3895625 3885961 3960947 4000189
3798903 3648724 3919998 3799918
3818144 3828829 3953509 3949141
4001874 3816238 4033801 3943628
3933896 3932476 4066975 4041419
3801539 3653140 4071592 3803728
3889273 3794767 3934098 3941213
4070015 3913357 3850683 3735122
3834464 3732956 3870537 4032216
3988535 3890324 3852182 3737427
3809933 3691023 3857271 4006873
4077669 4028692 3897265 3849817
3977121 3848609 3976713 4038669
4078119 3925438 3860111 3686496
3823628 3748538 3811760 3900118
3771239 3678158 3673960 3630128
3692408 3710501 3887197 3784675
4007253 3882528 3878851 3851321
3905964 3827863 3961901 3940256
3966319 3936377 3999159 3759052
3821831 3860165 4072084 4044333
3986287 4062913 3948732 3908422
3878662 3880289 4101307 4070709
3682014 3698390 3735105 3764606
3661657 3735581 3741272 3704773
4012186 3814230 3945331 3927989
3945602 3955209 3851434 3870098
3934863 3840709 3959696 3966690
3871869 3872708 3879799 3845942
4023395 3907950 4030113 3968969
3829963 3988360 3908670 3876220
3685959 3729960 3743074 3513168
3761229 3598070 3686384 3751243
3908859 3973278 3942146 3836263
3965471 3875498 3817965 3974820
3904931 3966425 3910306 3833530
3984586 3837237 3781618 4017004
3877237 4040551 3978462 3860018
3975679 3882528 3805443 3962601
3709341 3643286 3598416 3641318
3809056 3687273 3763924 3734722
3882559 3870695 3793153 3842509
4145994 3818484 4021154 3942973
3951450 3834286 3790585 3890094
4154581 3980654 3959368 3968537
3940992 3877547 3858815 3928571
4126369 3994980 4019341 4015831
3751676 3688975 3578646 3782450
3666833 3713186 3632781 3743396
4033837 3775719 3890300 3884022
3906202 3819444 3828474 4071648
3940301 3868784 3839536 3883273
3879301 3823940 3887528 4018739
3943927 3936020 3838214 3992410
3914685 3859184 3960090 4049058
3838915 3783191 3785889 3668157
3629004 3695482 3847371 3638583
3998679 3912022 4039794 3882963
3838813 3899934 3987453 3815473
4061201 3999154 4015844 3850263
3913076 4002997 4032941 3847119
4101149 3948225 4057945 3881853
3926837 3994189 4051896 3807476
3938827 3776057 3818032 3674323
3775897 3763789 3953841 3900259
4070638 3937354 3985595 3908899
3918439 3914483 4119211 3976014
4075809 3976745 4061125 3941592
3984495 4016431 4152552 4064425
3808623 3826984 3686552 3684554
3758905 3784630 3929141 3831593
3823594 3763930 3797513 3854234
3784250 3874160 3760116 3833262
3983504 3828000 4067275 3943334
3992878 4104245 3926568 3876310
4049652 3971425 4176876 4007411
4092897 4056056 4084802 3943143
3889895 3745656 3796193 3882269
3701819 3771665 3668806 3688764
3799017 3922586 3777508 3710022
3889412 3706093 3695896 3773278
3959389 3973977 3943612 3815054
4025137 3900197 3877998 3958234
3918999 4043128 4008842 3905679
4137353 4040088 3912410 3997097
3818219 3886788 3796516 3650930
3889130 3709817 3697411 3802997
3879241 3682647 3728706 3729308
3958457 3849335 3836692 3825350
3994694 3945440 3858079 3923952
4154042 3937114 4046490 3986510
4080494 3983785 3887284 3975311
4150339 4063830 4075958 4040995
3697444 3724355 3718706 3719655
3991462 3803022 3767804 3836450
3891993 3726019 3734294 3818159
3727040 3801775 3742052 3994593
4026971 3920526 3830804 3908164
3848648 3879530 3929847 4065588
4123947 3971083 3940554 4049908
3990411 3969903 3993761 4095398
3839100 3782004 3776799 3793259
3725881 3678986 3722770 3861116
3939368 3926807 3911507 3746285
3805314 3873070 3965460 3674207
4109448 4065776 4119029 3980944
3905510 4038077 4061659 3806371
4207515 4040217 4021427 3941706
4005896 4017012 4055080 3934460
3892189 3837479 3849020 3768840
3690584 3785550 3808855 3719142
4100764 4013100 3980534 3830549
3938242 3915140 4063945 3978471
3927662 3843876 3751506 3713673
3856123 3855206 3897373 3859045
4014215 3972831 3889509 3819886
3864947 3801532 4063129 4009595
4052522 4015875 3956441 3744491
3860724 3866046 4106399 4037440
4020759 3832879 4011878 4029162
3948853 4016655 3872648 3862906
3932925 3732595 3871272 3813228
3878959 3853901 3727605 3828693
3983554 3797213 4005199 3977077
3928257 4059928 3836389 3793585
3979394 3937125 4033401 3996861
3902079 3995786 3868069 3816791
3806189 4081421 3962250 3854103
4089713 3913620 3844333 3962523
3849884 3906223 3883127 3702498
3858868 3708727 3645590 3850918
3874180 4017742 3903611 3764624
3977732 3814362 3778094 3918273
3876911 4001684 3935914 3887310
4067810 3833866 3840053 3901317
3838550 3973245 3845304 3895841
4187651 3925298 3994599 3979962
3760258 3750878 3737087 3782634
3909237 3914047 3817782 3905878
3833717 3811494 3736184 3799299
4029043 3891633 3991220 3961484
3960727 3877733 3807744 3878956
4145631 3918319 3976732 3980619
4064655 3915524 3955295 3950741
3973536 3883864 3904696 4050194
3856156 3816919 3776327 3905406
3746408 3711172 3788337 3864728
3984896 3860586 3864444 3897530
3875189 3858252 3869311 3987483
3994500 3876059 3844447 3943595
3867376 3884617 3822240 4000813
4124057 4048608 4025470 3842919
3887263 3984200 4063939 3863524
3982070 3834335 3888558 3835166
3721270 3902838 3904818 3696662
4115417 3928456 3973998 3879164
3876525 3957492 3935188 3642462
4078003 3897229 4011998 3884455
3903711 3954818 3936769 3868628
3790986 3819820 3755444 3704871
3784094 3839152 3890691 3741562
3891333 3831855 3738055 3713501
3802512 3748626 3964414 3854927
3964824 3880555 3881537 3786900
3888792 3841655 4047354 3776676
4022541 3853085 3807180 3827583
3835530 3939822 4027313 3928772
3851627 3765756 3827419 3866741
3765998 3853047 3765417 3728479
3807624 3819736 3831452 3911790
3875726 3856301 3824118 3806761
3899743 3783373 3862263 3876674
3804839 3922245 3772215 3765160
3928347 3817909 3960035 3923541
3909141 4014552 3928446 3834025
3771804 3899501 3824515 3614117
3859781 3728561 3659343 3835231
3748455 3850194 3809525 3692708
3884130 3651426 3753776 3868042
3839309 3908431 3850070 3791460
3982401 3753418 3798415 3852504
3834966 4016086 3868976 3748862
3953239 3906936 3777727 3894020
3803013 3700116 3636643 3744647
3875328 3755239 3809461 3802958
3814067 3756461 3827905 3716102
3934493 3845141 3817205 3865277
3836303 3779412 3784775 3769327
3989113 3882562 3898085 3952432
3807934 3808123 3777452 3877972
4076513 3872287 3890774 3980939
3790888 3719784 3773092 3846076
3801218 3708738 3677262 3782894
3822843 3797445 3800391 3897935
3768344 3806322 3766084 3917669
3918939 3838601 3870823 3840611
3890652 3843489 3783328 3944484
3950171 3855666 3869549 3849249
3892575 3783245 3853019 3997788
3929142 3736298 3902970 3720844
3739062 3766960 3849280 3675885
3922956 3823687 3910707 3815077
3774145 3903406 3922725 3783857
3999429 3920139 3908264 3808810
3848688 3925974 3959208 3753477
4084716 3956026 3948371 3807310
3863518 3814112 3916300 3728209
3885442 3767780 3849069 3672313
3835737 3735636 4008871 3878679
3969422 3872828 3902852 3789570
3917287 3804862 4035112 3905052
3855681 3818624 3778647 3748350
3752408 3774104 3975037 3794027
3983881 3835902 3914150 3734221
3811440 3819799 4029736 3883070
3855934 3730843 3820513 3892054
3827602 3875154 3758491 3772835
4005569 3877991 3927600 3939057
3852690 3935017 3770050 3860326
3741025 3723648 3865010 3724526
3740912 3878750 3747244 3683806
3922364 3796017 3939036 3877557
3905704 3948518 3799943 3780850
3709348 3828684 3777571 3682941
3896287 3759950 3720954 3814104
3868622 3926039 3873229 3779913
3958130 3788610 3736579 3901483
3689595 3864512 3789535 3646522
3941414 3699005 3654026 3786754
3775286 3899678 3856277 3778718
3921770 3832033 3685623 3886305
3757632 3790070 3750758 3714984
3975894 3805587 3821143 3850173
3946375 3842262 3797692 3883743
4065829 3936947 3895072 3945448
3871853 3755184 3698508 3731570
3942915 3788914 3828070 3749853
3864394 3831934 3665086 3741742
3952371 3851354 3986657 3842386
3818441 3746589 3737880 3772183
3791645 3758260 3774366 3945866
3975778 3868765 3905691 3911568
3868067 3831196 3871971 4024453
3824241 3760769 3673870 3784001
3754988 3747555 3750694 3905702
3956197 3777103 3747812 3882434
3806944 3826916 3734741 3993440
3982356 3791260 3847353 3806975
3764517 3801534 3925237 3688221
3966046 3896294 3972777 3901926
3835777 3958078 3893416 3733246
3910815 3850786 3882533 3821266
3741603 3767704 3844813 3721020
3965272 3928479 3976406 3793882
3795753 3873654 3995419 3721941
3985844 3901688 3829750 3794766
3850712 3864122 4040066 3945410
3948451 3878495 3890738 3688102
3841972 3789546 4091005 3904417
4043661 3935106 3914294 3857073
3830449 3852079 4105699 4047477
4011885 3952431 3992701 3912343
3921492 3923060 4164708 4006914
3838641 3788473 3956377 3903720
3933567 3893146 3820090 3708645
3892766 3890970 3866074 3897965
3905958 3891754 3812369 3663197
3952197 3886519 3868661 3946845
3906777 3992733 3928968 3777596
4055060 3899702 4015299 3916539
3916975 4074059 4007410 3956006
3730006 3927626 3835179 3721465
3931683 3822453 3693364 3931647
3863296 3942381 3803687 3738256
3934442 3784623 3775931 3878844
3887596 3974556 3917043 3782132
4012206 3884406 3751074 3914753
3946991 4012447 4041267 3913215
4050768 3888322 3882737 4017649
3794682 3735196 3707282 3728761
3996416 3914231 3880509 3831356
3826825 3774592 3729442 3804721
4057929 3807277 3834540 3862909
3903560 3849445 3841220 3891010
4094699 3974418 3841248 3915619
3985650 3841490 3864423 3833673
4166959 4042132 4055636 4021837
3924947 3805926 3838667 3881965
3767936 3758020 3846530 3833778
3966039 3783870 3750002 3881459
3772887 3830962 3783959 3921463
3989076 3860026 3917421 3971578
3858663 3933473 3923870 4034704
3966601 3956638 3952486 3971546
3928294 3980050 3863604 4086806
3999416 3901464 3926731 3896667
3831010 3883218 3967193 3797547
4012147 3872420 3997315 3867164
3802006 3897965 3931043 3742871
4060457 3961904 4039890 3946109
3799115 3961484 4070133 3803273
4164016 4061250 4003244 3849484
3943866 3988407 4001912 3902540
4085265 3971703 3992645 3880949
3943654 3959190 4207512 4087260
3872931 3818372 3749550 3729156
3824452 3783897 3947049 3825742
3845161 3738156 3735711 3682557
3662197 3762991 3966916 3852309
3776343 3757816 3806419 3667638
3804718 3688246 4004811 3867827
4016539 3890414 4059173 4013527
3981559 3966216 4013262 3953261
3887424 3744639 3807083 3849061
3733920 3887922 3803482 3722984
3778521 3748500 3802642 3810563
3807990 3848581 3722265 3752522
3844203 3750955 3871078 3856728
3745437 3857355 3761253 3774599
3949447 4136941 4001302 3897960
3977985 3918328 3884776 4041377
3771961 3809660 3755976 3709413
3874341 3799363 3725932 3794689
3865849 3785160 3723985 3634301
3809369 3664417 3663336 3829576
3719133 3902762 3861183 3746164
3876746 3703653 3618503 3843578
3963537 3929216 3837037 3886162
4170714 3990131 3994241 4056531
3681170 3712227 3754692 3727149
3944137 3753071 3773479 3875545
3716002 3727908 3654221 3723049
3912096 3788051 3851421 3814815
3814102 3777726 3722084 3761527
3995808 3755113 3848963 3858637
4056952 4023220 3950957 4049941
3903117 3984533 3891575 4111482
3823478 3733175 3810838 3877555
3777979 3774570 3753513 3867081
3810717 3771015 3724904 3757054
3786993 3755712 3677695 3899705
3794376 3745813 3771905 3878647
3812239 3800179 3801753 3838548
4118772 4029927 4172587 3983092
3966468 3996926 4095244 3780160
3903427 3826247 3860286 3747300
3731261 3879797 3917723 3739807
3920181 3835065 3831251 3686814
3687220 3819781 3797634 3567472
3945829 3886214 3842652 3718824
3682543 3860725 3858356 3728633
4099232 3996975 3938653 3932668
3875941 3899627 4054285 3999513
4089032 3912812 3989973 3883018
3913985 3833239 4100172 3961913
3948578 3872300 3890558 3777919
3889032 3798267 4014106 3961736
3990022 3922604 3938815 3807094
3922043 3887294 4043193 3919294
3982046 3935754 3977658 3991348
3974573 4048082 3919147 3842232
4050084 3831619 3980088 3913919
3952123 4036732 3914925 3860835
3955970 3758562 3908141 3918939
3830911 3918157 3856801 3776417
4048346 3886585 3990806 3899942
3951124 3993767 3817062 3893424
3893602 4080902 3874272 3775413
3997449 3790653 3824109 3942332
3799595 3915422 3835385 3831116
3965230 3840147 3823387 3921136
3887085 3967392 3934482 3755259
3977531 3820334 3772299 3928925
3902008 3946990 3900713 3789037
4091547 3865811 3824447 3930669
3952822 3928606 3767992 3902768
4131550 3927418 4033548 3969593
3952971 3953726 3840747 3837394
4174775 3960308 4010785 3892624
3982120 3835848 3783040 3786267
3998530 3947955 3873430 3895351
3914019 3839881 3886650 3864828
4161425 3867867 3909661 3986734
3976815 3878361 3835987 3875403
3917914 3890601 3900767 4052522
4003942 3963414 3828343 3966132
3868254 3934178 3860319 4037562
3890983 3857082 3742242 3914180
3838361 3813194 3847469 3961230
3997229 3881426 3842999 3916535
3844746 3903899 3924322 3971126
4085899 3871424 4083519 3934837
3871791 3910908 3925164 3792282
4003843 3944776 4013856 3870893
3834940 3975650 3977139 3841324
4073535 3894500 3986949 3839595
3852497 3856941 3909678 3801399
4043724 4069990 3936253 3903417
3935477 3919573 4003155 3786441
3926243 3787000 3828504 3718897
3874757 3862183 4007887 3855286
3947248 3849385 3832156 3797636
3721404 3810061 3964163 3851522
4044614 3945760 3888251 3820379
3874576 3824835 4057916 3955946
3920580 3738850 3724863 3757526
3796890 3771675 3905212 3830888
3923129 3771929 3869540 3784632
3835484 3914408 3821377 3717124
3907246 3750939 3846338 3830243
3808342 3908294 3751101 3729880
3915850 3835407 3951287 3969375
3892472 3945685 3860688 3782552
3838897 3719744 3796255 3773024
3748577 3861096 3720139 3758709
3677750 3856724 3821291 3768319
3889476 3789054 3777647 3839760
3716170 3835657 3783896 3722531
3919889 3745301 3750866 3760809
3849906 3949100 3857783 3770203
3952143 3808687 3788160 3934794
3752970 3822434 3740819 3665139
3875678 3704010 3684285 3823600
3896783 3785807 3687849 3823867
4003962 3923897 3851834 3854851
3809004 3771680 3725943 3766770
3981188 3764432 3828553 3794674
3947596 3924800 3732666 3877273
4055781 3906607 3973442 3915516
3777174 3809903 3667696 3736395
3950219 3821858 3844398 3776607
3863604 3816197 3802951 3915335
3774205 3803730 3706385 3896650
3909355 3817462 3779634 3773839
3778429 3795343 3801348 3889928
3877952 3843675 3872822 3868683
3855007 3832928 3819377 4015355
3791021 3733388 3747043 3714570
3848071 3723146 3736434 3955241
3977317 3857467 3960343 3790333
3716976 3912749 3984846 3779703
4025201 3807691 3856660 3785497
3788274 3799269 3901050 3762503
4017676 3876147 3978880 3868559
3803335 3904257 3969962 3825418
3943690 3808019 3874348 3699915
3769014 3773123 3905038 3615715
3906368 3846202 3777462 3734089
3807271 3739575 3998221 3827158
3985516 3924955 3856755 3860886
3848741 3874706 4011775 3893897
3834319 3686181 3747255 3633535
3710910 3669534 3882043 3796364
4001517 3913272 3828017 3812483
3827445 3830033 4069216 3932959
3824167 3790546 3810247 3832981
3820443 3902265 3802748 3751699
4030738 3786237 4004820 3956004
3914246 4031475 3883023 3835116
3807369 3672078 3735867 3833127
3736581 3801204 3689525 3687581
3976268 3862428 3963305 3961351
3862441 4071046 3845411 3877829
3822339 3989248 3786488 3746778
3937531 3768573 3649638 3826965
3948377 3989813 3928776 3799691
4028359 3850928 3839638 3910882
3682471 3742518 3682474 3593244
3784886 3640551 3546329 3769175
3806244 3998213 3895985 3797588
4005367 3788010 3796681 3930211
3864942 3789518 3656401 3735294
4048942 3800856 3832667 3836008
3942474 3801328 3780756 3731125
4098013 3865614 3932806 3936587
3838623 3707261 3566264 3696389
3923919 3713452 3841257 3781566
3877909 3861704 3824815 3848125
3991811 4054865 3913859 3941937
3902217 3750838 3768848 3861147
3764211 3788291 3772554 3933075
3955002 3872618 3891192 3925632
3797475 3933787 3857292 4021736
3710259 3730415 3677028 3785920
3647058 3696098 3741651 3760369
3955333 3738830 3860255 3937309
3890569 3865973 3820671 3966854
4036006 3838443 3894653 3770229
3767715 3836944 3957045 3688539
4006532 3983161 3954862 3780788
3892845 3925003 4041683 3842948
3867250 3684023 3828308 3725532
3680462 3759635 3759985 3623092
4139484 3901957 4011054 3768140
3839884 3880147 3938622 3793184
4061035 4006037 3890638 3850185
3918634 3999948 4138702 4058103
3969312 3853857 3885315 3827740
3889601 3893836 4024866 3950521
3983100 3854410 3877284 3841852
3831798 3773900 3999924 3924234
3933940 3871062 3863572 3770914
3818666 3910266 3947373 3909911
4018855 3996742 4039740 3944298
3978260 4078624 3879331 3883268
3878042 3882482 3939258 3938727
3928567 3913573 3834438 3875298
3939450 3883896 3916869 3930813
3786140 3933964 3880118 3753992
3942890 3806856 3925902 3995400
3845875 4036857 3842728 3885398
3961185 3989687 3944651 3780956
3998790 3835168 3855313 3930478
3930957 3958274 3963011 3811683
3950407 3795990 3660250 3870446
3900878 3889145 3887357 3805650
3949965 3778944 3734394 3900735
3770347 3952017 3947220 3741074
3958003 3827453 3795444 3924538
3966361 3831034 3906794 3863620
4067297 3886595 3962871 3992755
3921888 3866260 3775632 3802183
4157486 3877377 3966305 3872372
3955386 3787606 3710405 3808912
4132599 3915921 3906779 3927230
3818100 3792812 3667551 3810066
4034700 3842974 3862333 3938115
4078418 3933569 3917249 3962653
3921740 3910372 3837015 4033617
3936902 3931149 3981950 3852925
3805396 3828053 3753907 4001597
3986895 3850856 3847946 3928402
3939952 3830030 3859473 4011959
4034888 3777059 3782780 3899479
3757104 3819713 3825307 4031730
4153810 4003910 4013001 3855999
3948421 3955120 4075848 3892251
4051771 3977536 3963535 3815740
3781879 3877683 3976301 3870368
3953750 3981033 3974060 3749649
3837817 3869036 3913525 3770440
4100273 3962617 3999702 3763280
3857165 3912908 3945538 3704615
3953516 3867144 3778549 3732423
3834717 3838958 3987289 3905409
3993420 3842251 3905168 3825115
3906468 3843436 4066397 3943685
3898127 3856316 3812276 3756715
3848991 3753264 3885151 3860315
3923430 3801370 3823080 3773109
3830960 3807158 3962397 3900653
3870779 3763741 3885236 3853667
3789308 3853577 3839071 3718401
3932402 3809303 3938246 3936917
3903309 4024480 3778318 3808132
3864140 3765139 3866955 3890930
3809993 3946858 3807468 3788911
3823504 3756336 3772429 3815660
3788310 3900117 3798173 3738399
3822078 3915773 3897514 3765816
3865425 3751549 3747024 3936208
3856450 3944035 3930495 3813577
3936232 3814485 3795970 3927189
3759459 3818573 3833520 3714623
3869719 3694257 3649208 3942541
3808158 3942898 3851933 3733976
3767918 3735910 3727777 3816059
3848194 3853959 3779435 3757209
4031314 3792219 3855339 3890831
3870853 3846652 3751413 3729264
4032515 3949679 3977354 3961402
3829111 3752000 3691959 3880430
3984446 3850857 3895773 3871591
3924310 3783444 3715563 3720326
4005199 3818693 3849326 3863777
3886903 3795647 3734963 3801446
3778132 3799851 3840588 3927756
3912673 3726884 3837259 3935953
3817935 3879803 3807053 4067082
3863771 3789408 3790897 3848109
3734352 3781015 3849266 3834514
3864104 3775538 3807504 3816278
3821515 3800163 3838128 3863748
4028465 3811961 3895493 3879434
3784859 3820208 3947944 3742297
4003994 3888204 4007396 3854575
3824682 3883113 3954435 3743950
3913887 3803538 3831171 3800730
3806533 3828854 3890894 3742682
3986711 3835554 3932676 3749877
3675050 3901534 3898831 3738483
3812154 3715372 3787364 3739135
3661628 3807099 3672538 3628486
3689893 3871388 3918838 3748446
3701461 3849546 3719711 3668441
3788085 3917057 3950460 3860869
3725711 3876459 3768971 3712522
3740201 3885543 3949041 3772623
3699010 3849610 3679868 3758960
3751766 3689207 3682724 3681037
3773742 3896880 3677338 3666325
3930106 3724538 3682995 3613022
3868030 3872496 3665434 3657156
3989212 3880328 3761580 3828769
3825464 4093792 3823114 3713846
3938918 3701886 3667715 3724704
3808164 3839832 3682216 3728665
3745300 3775546 3719967 3913026
3795012 3832615 3773973 3668526
3795413 3768136 3634166 3846029
3827084 3928497 3763006 3632799
3862140 3893852 3794490 3940938
3874866 3971964 3806559 3725746
3761219 3759484 3709988 3833815
3846718 3845981 3879621 3604253
3842550 3907135 3773655 3765092
3788527 3790209 3719720 3706045
3782524 3868221 3874769 3781904
3769357 3854937 3778194 3714017
3905472 4034933 3859050 3942331
3788711 3849777 3754188 3863483
3852990 3999220 3841950 3857784
3754265 3779500 3700730 3805310
3884263 3801624 3787751 3849291
3633645 3697639 3692300 3827593
3911038 3815590 3732624 3857096
3664150 3779211 3723364 3851393
4056569 3878094 3865719 3915135
3734419 3791800 3879848 3930240
3897677 3832127 3794198 3844876
3643526 3686497 3703148 3908590
3764871 3728273 3788352 3938163
3781057 3791394 3626289 3816164
3785182 3741999 3847808 3921693
3830871 3891510 3671311 3805994
3895186 3824227 3923875 4013062
3915363 3888796 3782432 3952057
3777670 3695204 3893081 3939685
3846449 3864289 3696500 3869262
3781001 3799137 3944039 3798415
3787584 3930109 3799656 3818413
3898293 3891572 4029448 3946389
3881010 4024277 3763152 3829591
3690663 3719657 3736314 3701493
3688088 3800138 3627426 3597491
3867941 3803168 4013103 3806731
3788467 3834443 3719710 3808064
3991520 3806638 3739636 3905720
3889652 3971371 3830855 3781921
4019507 3963838 3819083 3840372
4037852 4107726 3819788 3831714
3849885 3608283 3631261 3724326
3774695 3884890 3601784 3623059
3930506 3887330 3754760 3844171
3988602 4063616 3832800 3821082
3857078 3819143 3757783 3876482
3882623 3843869 3857397 3707309
3930772 3882542 3803302 4027609
3935052 4030081 3972145 3793233
3745877 3691536 3629657 3787771
3692612 3766825 3708526 3525560
3853864 3922215 3842590 3875353
3822459 3944153 3825056 3661138
3860253 4002016 3873724 3832408
3811125 3841614 3788648 3767379
3958868 4140555 3992574 4007554
3881537 3948439 3846274 3972433
3829677 3865524 3846554 3754102
3748736 3798476 3662761 3666309
3834362 4028310 3957737 3894402
3833392 3840543 3735209 3799029
3955518 3821637 3895481 3854577
3725998 3804361 3881715 3946434
4058012 3965785 3991289 3962954
3808961 3814450 4000041 4055011
3953701 3732049 3795011 3799415
3594251 3704353 3697161 3862129
4029881 3921746 3880443 3811420
3726411 3791507 3894218 3936233
3812001 3855159 3938157 4152924
3857541 3942617 3834945 3958846
3903555 3897737 4087013 4119249
4004488 3928904 3871078 4083381
3711361 3681732 3705365 3920334
3810297 3792139 3665467 3850272
3806513 3880058 3954978 4132301
3868732 3907081 3794561 3921915
3802184 3764447 3827177 3687546
3709140 3942223 3830485 3752134
3832792 3894719 4060616 3864786
3753134 4002581 3818016 3747586
3778275 3873317 3879942 3783620
3665633 3863313 3775427 3745637
3744817 3881937 3977074 3864045
3753622 3963762 3757829 3776606
3956112 3699733 3712628 3757391
3861232 3885045 3769586 3683328
4016684 3858607 3841155 3924803
3924854 4095243 3889296 3798572
3910314 3760426 3707242 3728156
3794864 3991631 3824438 3748629
3919293 3817920 3670460 3746694
3928725 3960846 3756933 3765971
3779819 3755476 3713258 3839592
3792239 3890241 3755139 3667036
3873858 3931108 3764408 3910697
3871098 3950899 3914709 3717894
3751851 3806335 3648807 3875649
3792501 3847503 3857716 3640514
3855742 3851112 3735334 3937750
3842525 3985673 3835616 3650061
3855557 3984440 3828126 3860212
3813792 3867673 3755439 3881609
3841286 4025055 3957833 3884668
3794633 3949478 3823301 3869948
3723072 4014959 3784587 3808202
3786627 3879896 3710416 3786175
3882543 3924326 3815200 3900057
3851011 3824234 3796204 3804508
3978987 3800067 3812312 3862077
3642899 3753157 3815313 3911639
4023305 3963110 3988155 3973237
3801239 3886522 3866049 3960823
3896274 3822729 3817958 3853116
3704591 3800402 3762573 3829128
3966967 3899201 3836289 3860607
3800855 3873404 3799659 3876156
3791082 3785977 3823001 4010466
3857011 3828893 3756925 3885544
3850143 3846002 3966023 4161291
3926244 3944751 3837972 3980150
3703266 3670097 3856071 4050949
3927777 3854002 3736687 3895304
3774660 3795512 3950836 4001764
3947481 3875766 3803505 3937922
3778065 3772809 3950842 3875921
3725328 3877723 3647910 3731721
3864937 3925974 3937756 3799139
3755162 3928961 3812210 3659047
3927948 3945709 4006924 3914339
3832076 3983936 3800771 3866184
3775471 3694086 3917487 3709732
3678941 3829722 3633598 3682875
3904222 3786121 3627460 3715145
3878642 3967527 3674632 3710352
3991362 3816107 3696551 3798196
3931980 4029186 3806858 3755860
4022003 3916150 3799918 3893464
3908128 4009680 3868496 3943861
3776042 3723977 3649817 3765019
3751908 3909762 3682067 3798080
3760440 3849202 3673155 3887334
3828698 3846420 3838949 3662930
3810565 3815885 3752120 3941797
3907465 3963699 3840312 3732978
3938775 3964823 3831437 3997166
3975996 4050914 3923641 3743219
3754221 3695225 3681994 3848230
3763448 3833997 3799398 3579180
3897566 4029545 3836849 3781894
3845481 3736442 3597347 3803908
3870212 3915184 3846304 3958267
3861454 3868977 3812524 3903913
3936634 4085486 3948576 4009088
3926366 3971195 3915135 3894964
3814503 3954085 3811773 3681344
3800028 3840929 3709453 3763674
3931708 3723456 3765461 3902211
3592431 3719983 3730524 3869310
4023087 3917699 3812960 3814295
3614089 3787753 3847916 3914680
4033743 3951663 3934470 3926129
3835561 3835383 3888581 3982792
3910057 3764110 3733690 3713504
3599834 3701313 3759209 3826202
3720508 3745418 3886712 4036220
3863812 3937439 3687086 3867097
3780597 3808433 3920401 4051664
3932707 3896094 3815129 3926013
3883001 3848114 4087102 4045002
3995275 3962524 3915426 4027664
3675865 3689823 3827613 3907382
3747167 3811689 3678149 3813881
3747726 3852769 3900780 3859123
3720309 4065344 3793143 3738931
3801752 3872077 3970307 3805373
3692215 3889220 3690235 3728665
3795574 3919345 3928538 3859944
3846513 4008364 3782426 3813410
3769892 3850220 3829075 3809541
3643631 3865070 3667291 3790787
3941422 3835893 3820873 3807755
3812608 3986680 3832229 3803458
3838431 3746172 3651476 3749429
3803278 3928464 3740136 3686943
4016638 3811548 3784106 3857420
3962480 4007632 3900204 3820266
3972051 3803834 3650788 3689282
3777119 3889923 3742721 3727241
3830076 3925149 3813392 3889265
3867543 3904433 3840241 3691352
3829704 3777343 3704908 3861305
3758082 3860428 3813464 3670638
3823840 3903849 3735853 3866281
3854949 3922610 3798011 3753514
3786586 3808706 3646213 3909132
3781347 3836904 3782976 3663046
3863431 4018200 3925652 3924043
3871653 3928053 3775881 3790725
3741054 3978238 3898662 3805817
3774189 3760642 3824412 3766664
3893930 3931545 3951088 3891630
3931916 3931762 3866098 3793993
3804386 3901193 3818549 3900157
3745451 3810105 3643449 3758554
3926203 3873290 3833708 3989935
3629701 3831020 3800556 3956982
3922795 3784364 3883635 3826035
3650803 3724525 3813421 3881243
4010351 3896856 3918406 3899103
3812122 3829123 3839731 3964049
3963590 3777834 3739621 3852027
3603961 3724895 3762150 3840430
3815208 3819018 3928825 4057796
3928389 3979912 3814897 3941820
3765192 3789118 3862977 4007101
3906848 3839158 3734314 3920587
3937944 3837659 3998477 4111393
3891898 3899118 3814785 4012013
3866918 3757412 3827314 3957181
3793135 3914155 3686552 3917389
3998941 3997371 4086133 3977306
3852881 4079898 3935168 3902061
3878433 3915241 3915176 3852424
3698460 3926111 3778493 3723654
3900290 4019182 4031915 3881183
3796946 4015970 3811752 3897016
3672698 3786731 3839964 3813622
3751367 3906109 3680846 3713936
4020037 3869847 3842977 3941632
3969382 4052529 3838520 3962389
3942949 3900024 3733856 3837391
3901751 4006504 3862389 3695632
3973840 3927248 3804938 3843053
3958978 4024399 3847300 3768455
3807694 3771362 3722642 3702768
3812249 3946248 3705106 3712195
3986684 3965481 3882833 4047361
4058598 4037488 3978797 3779615
3834077 3811325 3672927 3942959
3922912 3925965 3897411 3699201
3902319 3933242 3779448 3962181
3894065 3954865 3982107 3886349
3786501 3719819 3690142 3824008
3853190 3879726 3792717 3672351
4054526 4133678 4003176 4017505
3919001 3874265 3830127 3962046
3848732 3996378 3993794 3882731
3805269 3927111 3860477 3856412
3926554 4082653 4013248 3872999
3935163 3939592 3856856 3806168
3774064 3918052 3809550 3854788
3731771 3837703 3655431 3701857
4172222 4014483 3969067 4057855
3881176 3888704 3965753 3959256
4010365 3910593 3774867 3848623
3669586 3742445 3785081 3875829
4061676 4041576 3971090 3926588
3691821 3899067 3864396 4016400
3944720 3869191 3878588 3825225
3606528 3704494 3758731 3850981
4052104 3912196 4068997 4211863
3975213 4007297 3949213 4045012
3823833 3849548 3950780 4041289
3982809 3935257 3748204 3954088
3897900 3866739 3920065 4073323
4000711 4049152 3844566 4038052
3651681 3720587 3852925 3931812
3872877 3800915 3690934 3870426
3786934 3835301 3901498 3792229
3749944 3872652 3758571 3666725
3986310 3986352 4003822 3944749
3785241 4013400 3827950 3938158
3882238 3946202 4079547 3928696
3837164 3981868 3826066 3778947
3765634 3860788 3868243 3797886
3630558 3814736 3636526 3713199
3976732 3813209 3632593 3775550
3785833 3958385 3714603 3699114
4037168 3930934 3842609 3917807
4024527 4150486 3973927 3922745
3972049 3928325 3838980 3770166
3906197 4039055 3754170 3818848
3905351 3792743 3684101 3750406
3858379 3851409 3754500 3752295
3813352 3799825 3665643 3924547
3863195 3881794 3884205 3655972
3950373 3960625 3810416 4037220
3968168 4009872 4054526 3858997
3834240 3833191 3823117 3971295
3934163 3963915 3948996 3734715
3811224 3821506 3727842 3848232
3831144 3816168 3839347 3624546
3861410 3942279 3878070 3868312
3752199 3823551 3778235 3828846
3983868 4083267 4012573 4093507
3991370 4013212 3863580 3892978
3872593 4015662 3885257 3901293
3939661 3894075 3784299 3874335
3787508 3933976 3790283 3726839
3843597 3786394 3736048 3817974
4005747 3812381 3806587 3943706
3661511 3809950 3765528 3878837
4065384 4009402 3960689 4049960
3822829 3899046 3950893 4057616
4095575 3985812 3882475 3886011
3717430 3869380 3972503 3942724
4013718 3744152 3792033 3791215
3604398 3765708 3733997 3870568
3790275 3723597 3839855 3913210
3841378 3858794 3746906 3920327
3861141 3900058 4059007 4164873
4076042 3984556 3882015 4077733
3864709 3862645 3949851 4154752
3951554 3984497 3794070 3975552
3754437 3665254 3827676 3970873
3771876 3850331 3701934 3870705
4056655 4107366 4223212 4088852
3948081 4176188 4019023 3897461
3940367 3892144 4043523 3854802
3850573 4035172 3793595 3851877
3725829 3800313 3997503 3825890
3701518 3764772 3697332 3727380
3771118 3810854 3931906 3712061
3737319 3947506 3725628 3718745
4210608 4110494 3912108 3945398
4154859 4281189 3994186 4022417
3998205 3951646 3915832 3851236
3866676 4051097 3923562 3891393
3878866 3830488 3687152 3679251
3812909 3945458 3823246 3798002
3958059 3864099 3660615 3764114
3816297 3877671 3794446 3704194
4031620 4129376 3887377 4162854
4118608 4163930 4127321 3859385
3845049 3867774 3824453 3946130
4026167 4046341 3894643 3778884
3825169 3855275 3675270 3855799
3846594 3941586 3868447 3702044
3732904 3766036 3675158 3809570
3811094 3849254 3804169 3663275
4116076 4263338 4070020 4047140
4069998 4104738 3895734 4002105
3952369 4024547 3953153 3950098
3937920 3953406 3843898 3926212
3830277 3949214 3793810 3801629
3783562 3827974 3734605 3746851
3767086 3892621 3748136 3833378
3715877 3819638 3733106 3789250
4161643 4081460 4143387 4101107
3886035 3950444 4102142 4130870
4044168 3912944 3946914 3946218
3761214 3844271 3961567 3955110
3953552 3887238 3772747 3846553
3682978 3720699 3810191 3835289
4003898 3794046 3788645 3832819
3603152 3705447 3780123 3845004
3929378 4059929 4161649 4193428
4077413 4080492 3981480 4146223
3885647 3870561 3996019 4108662
3964246 3930941 3841515 4015624
3816316 3696104 3821523 3993726
3843099 3839896 3684752 3903203
3728668 3822081 3874464 3952217
3906823 3840263 3655199 3921412
3803922 3907144 3968142 3874990
3786933 3896669 3726641 3728272
3832390 3840117 3926780 3849539
3831865 3889963 3699981 3689368
3816466 3962117 3984254 3849335
3846706 3947600 3723862 3774086
3749470 3731686 3844181 3718779
3662550 3800752 3627457 3663857
4001468 3857108 3736143 3847582
3820657 3922612 3883988 3870981
4003123 3822232 3709714 3749153
3826628 3966051 3775668 3678339
3987062 3831844 3667931 3697349
3884195 3941842 3803062 3824440
3824610 3729689 3635681 3746337
3848698 3852335 3658630 3599844
3883201 3884358 3784435 3897657
3877181 3958380 3826485 3769847
3792481 3781566 3679116 3841970
3913231 3883674 3786212 3716082
3838991 3868145 3793898 3862074
3871683 3890606 3807025 3665308
3666214 3686088 3637370 3848392
3828966 3809592 3745274 3609899
3828896 4011103 3909627 3830429
3910795 3893466 3770668 3871763
3842283 3970328 3879987 3850288
3807893 3918430 3730896 3842009
3814771 3983458 3840376 3890617
3840692 3787721 3748415 3834897
3754411 3822858 3767969 3746763
3717986 3757293 3669372 3756789
4032307 3904958 3892386 3935885
3721355 3845815 3855348 3959788
3985864 3855396 3879908 3894489
3684458 3771469 3802273 3903398
4049261 3873598 3962969 3891139
3754075 3724184 3773008 3968309
3967407 3800703 3809496 3757696
3636996 3727402 3753483 3720102
3859236 3863668 3963329 4013823
3937671 3956127 3682430 3933888
3747730 3795975 3934677 3974959
3860212 3840683 3709171 3908531
3769568 3762998 3937573 4000994
3903798 3874240 3773243 3918817
3685405 3728259 3697612 3900486
3845929 3811330 3739699 3841391
3819687 3887104 4123636 3890290
3778761 3914512 3786826 3808650
4010422 4068329 4070304 3936269
3929501 4071220 3898839 3892480
3724333 3759817 3902045 3796040
3715328 3828291 3622339 3699114
3888470 3981561 4034844 3914661
3837654 3993370 3822100 3832607
3940944 3877516 3734239 3839621
3894126 3967217 3767815 3846283
4074133 4019620 3874503 3919831
4019586 4095822 3937255 3844705
3946809 3735125 3596244 3719018
3805555 3899045 3726495 3683652
3993982 3981880 3819177 3835320
3947796 4055451 3808107 3903904
3878176 3903753 3806760 3896546
3934937 3913302 3841652 3802543
3893193 4055321 3837415 4034760
3911659 4051299 3997745 3815001
3747305 3700539 3649887 3841830
3808432 3869880 3670058 3661176
3941304 3956856 3849670 3972868
4038451 4030023 3908570 3826971
3924134 4035849 3939953 3993261
3875447 3964937 3813738 3844693
4024103 4033527 4028534 4073923
3964583 3972741 3896187 3889638
3809957 3945000 3764516 3830520
3864897 3767855 3726501 3701219
3983623 4101906 3991056 3895898
3868270 3936784 3841485 3932109
4031976 3918674 3890717 3954825
3760384 3785109 3920249 3903999
4151222 4064697 3944860 3988085
3781267 3890145 3977797 4048113
3908661 3791770 3742116 3868907
3678882 3776006 3760227 3863658
4086679 3986942 3965219 3960082
3767191 3878498 3960861 4012028
3837353 3785718 3872867 4087732
3887822 3975584 3803487 3956411
3953933 3989725 4033421 4203092
3965727 4061896 3916402 4055354
3792051 3690634 3817460 3950115
3836523 3816870 3658174 3868109
3918185 3931409 3960071 4103211
4020077 4008329 3874145 4042901
3846373 3874067 3962885 3837122
3852779 3942749 3759253 3755211
3862767 3862021 3948333 3885341
3770358 3981264 3775192 3819425
3829488 3984938 4093246 3977667
3874299 3939529 3846167 3789978
3765267 3811990 3929189 3798929
3715185 3925117 3705378 3698229
3914753 3983226 3724722 3800784
3868567 4041433 3799725 3787908
3966442 3825605 3838626 3832113
3910367 4077998 3753347 3776570
3970650 3964167 3780240 3852219
3998938 4002887 3906807 3783887
3889240 3784918 3698385 3799296
3921226 3986882 3780190 3782175
3767043 3849262 3802924 3927128
3928588 3948097 3935667 3759103
3905543 3801045 3823577 3957333
3939972 3966835 3897420 3786594
3851392 4015100 3762341 3968113
3924469 3993834 3870330 3860957
3753616 3779572 3774838 3910185
3836144 3986164 3834271 3675451
3921021 3965728 3902740 3959726
3824169 3876822 3804593 3827220
3919958 4087205 3944440 3933225
3879168 3909922 3796267 3930076
3881640 4047115 4014459 4004750
3886249 3943826 3863992 3895129
3782451 3935374 3842733 3807966
3838744 3827690 3692419 3888752
4097573 3940216 3821493 3881136
3653966 3863694 3826640 3953734
4035723 3892633 3868011 3937404
3751410 3808887 3877919 3917318
4064803 3859200 3877619 3985137
3840021 3856855 3929770 3912250
3971631 3845932 3890337 3836386
3709035 3733679 3772730 3879894
3797962 3774665 3972610 3971831
3883963 3944540 3822398 3973068
3924902 3820732 4014995 4069641
3877544 3962102 3812010 3956664
3863040 3833547 3934954 3965095
3909835 4012645 3948874 3931311
3839681 3776788 3966436 3997475
3856260 3961972 3776002 3864846
3691906 3847947 3921101 3822874
3691166 3921923 3688311 3737097
3794841 3879507 3893423 3938171
3831869 3985458 3746393 3771247
3812552 3902943 3956838 3897840
3781346 3974009 3757210 3828584
3720705 3756389 3868038 3694401
3680911 3770093 3690024 3667776
3868724 3831695 3663813 3760228
3793226 3992668 3780110 3708935
3949932 3771656 3824837 3890836
3813640 4014999 3713185 3797301
3965291 3842439 3737875 3767629
3779770 3947225 3821460 3801635
3803811 3697420 3688885 3760035
3745775 3928691 3767078 3714832
3775412 3760007 3632067 3842461
3866380 3827010 3830461 3689198
3811076 3804642 3649742 3917366
3858225 3906679 3930976 3664613
3808898 3888474 3771655 3988096
3882742 3940138 3854092 3756243
3725139 3893040 3677163 3832543
3817310 3809751 3740191 3631635
3814658 3872501 3857397 3865137
3684082 3839935 3748989 3791324
3829825 3983741 3891018 3942234
3859066 3739543 3751312 3895340
3910634 3994361 3860535 3862687
3862546 3873787 3844099 3849326
3731387 3908515 3895270 3776831
3767853 3768404 3666024 3829679
3838234 3772474 3794594 3811113
3625846 3713829 3710376 3753499
4003824 3814933 3920958 3863313
3736928 3852121 3822833 3935288
3962754 3877887 3890392 4046914
3764042 3809263 3810867 3975055
3929262 3801471 3756799 3819766
3716597 3696954 3767750 3869653
3779238 3788526 3883210 3922742
3739620 3872909 3633902 3925288
3799386 3856460 3891637 4038414
3831165 3928903 3808808 3982610
3861056 3837474 3886564 4058590
3957712 3999576 3779136 4048396
3740927 3763424 3864651 3991097
3798874 3856253 3741217 3853639
4023850 3939827 4089532 4004137
4008782 3971699 4129589 4130375
3790252 3734523 3783233 3641641
3783937 3759339 3754851 3839430
3864860 3811649 4052857 3933264
3864596 3835907 3954665 3960894
3865152 3748088 3886068 3799510
3723714 3763028 3840554 3819272
4124919 3965001 4121592 4002650
4224355 4062659 3760356 3942550
3822615 3710290 3816852 3675878
3772922 3718102 3494691 3712893
3970672 3839249 3979925 3820530
3986142 3865838 3731585 3934281
3865863 3755843 3887528 3623066
3974866 3754649 3616272 3712959
4167258 4146093 4031793 3923175
4100992 3937659 3994109 4098705
3767397 3888845 3658211 3624351
3764492 3660629 3838321 3771056
3921269 4112009 3817814 3806763
3893861 3866547 3962222 3921622
3954886 3910617 3653763 3727188
3818029 3722100 3793522 3882830
4042090 4003404 3895370 4077449
3903126 4047847 3941684 3975971
3737691 3778447 3595737 3687444
3578681 3772659 3624495 3681494
3816496 3839926 3749892 3897539
3766573 3870633 3815353 3781720
3772478 3716255 3687716 3713848
3689900 3913933 3698037 3676053
4016136 4102590 4094231 4033138
4016772 4125762 4087319 3923005
3714319 3747233 3756231 3791803
3723699 3796620 3831351 3630585
3819959 3934310 3843798 3937377
3887549 4102989 3979866 3809252
3680523 3809730 3740059 3834335
3788425 3877229 3880291 3613859
3908249 3983013 4133345 3920673
3978887 4047220 4083091 4028913
3636265 3653662 3716544 3595834
3691670 3725056 3844884 3644772
3712055 3905670 3928933 3802994
3880721 3914316 3910607 3919570
3634969 3760548 3844995 3648244
3771071 3737693 3816661 3762346
3889839 3766363 3881017 3822512
3755717 3832094 3934106 3947800
3789893 3684634 3798338 3737342
3740932 3814297 3835042 3834983
3894389 3710136 3873193 3827779
3824082 3797061 3904919 3896865
3957489 3848775 4088611 3792988
3752648 3876342 4025568 3972220
3895142 3751560 3971720 3818914
3994916 3772849 3704428 3733195
3894641 3759644 3871332 3746558
3924060 3790496 3670556 3744821
3871701 3694858 3885228 3774589
4115512 3779198 3653126 3716718
3994111 3734401 3977470 3801736
4013889 3937128 3735164 3899594
3900737 3994377 3667928 3819496
3873305 3767081 3870877 3857438
3911213 3941974 3758252 3731875
3755692 3805802 3748546 3885531
3929133 3999131 3790209 3805698
3886494 3846766 3932229 3854677
3980882 4058338 3787782 3836738
4007751 3809835 3832639 3916666
3814082 3778867 3692316 3770613
3698489 3815034 3805285 3780718
3770180 3782868 3693163 3719762
3607811 3891801 3731239 3712067
3770666 3842654 3680023 3741657
3739136 3871105 3738478 3749383
3892221 3828364 3830844 3877961
3830169 3914122 3792010 3774586
3788790 3852472 3746219 3821368
3805705 3852156 3920784 3745342
3744968 3872108 3754292 3799106
3713257 3902926 3759821 3628871
3801550 3881313 3791701 3847425
3797433 3919881 3940911 3743655
3925477 3957738 3896093 3969832
3819266 3972526 3925171 3708508
3699083 3723505 3863911 3723961
3753856 3850625 3831326 3729356
3648634 3719736 3851033 3717923
3750819 3709413 3802161 3736589
3729611 3806444 3915487 3686548
3808754 3831937 3905655 3790993
3768203 3915426 3990946 3775298
3862182 3892113 3911343 3882990
3902797 3754699 3965655 3823824
3798252 3829847 3936734 3964904
3843576 3728654 3848686 3640536
3720614 3731117 3869956 3889822
3873758 3734748 3914255 3628161
3733546 3726456 3805731 3889441
3956822 3880607 3969539 3883427
3915438 3901493 3976906 4019250
3913013 3727132 3956109 3706046
4017949 3805152 3672645 3758972
3860974 3703644 3868256 3743207
3976590 3774711 3579288 3698649
3825447 3709340 3773539 3721491
3878084 3675955 3610312 3788496
4013596 3851676 4016694 3864403
4016534 3932918 3693468 3848222
3828180 3977857 3801765 3744716
3934284 3786717 3864941 3941978
3783075 3912750 3688816 3765540
3883128 3812047 3779025 3849702
3797934 3956900 3663473 3776452
3819785 3688878 3800053 3738722
3937361 4004340 3849009 3853377
3939755 3764247 3873869 3991490
3792877 3763376 3750212 3774221
3629290 3915260 3737432 3770961
3762970 3779647 3709905 3718520
3640562 3794190 3643683 3712769
3792564 3768666 3653712 3754475
3707406 3837046 3685078 3739735
3917598 3931349 3815482 3846487
3812492 3986526 3812800 3791650
3786336 3769551 3792362 3807087
3734178 3999667 3922842 3688523
3726262 3782899 3794613 3809894
3816386 3856163 3851773 3677563
3669807 3751964 3701950 3869350
3728551 3839206 3871938 3610242
3797410 3904166 3949781 3956409
3792141 4006954 4044387 3757125
3702848 3743700 3924737 3778444
3781462 3782951 3871505 3802007
3661092 3712215 3845342 3628847
3704687 3782603 3880475 3752039
3650838 3729349 3747134 3653072
3745725 3771317 3812609 3709806
3768181 3901893 3938268 3790613
3817587 3974837 3988861 3970785
3842234 3810969 3947927 3766719
3735851 3814445 3874362 3892275
3963366 3820561 3953434 3885488
3811263 3913383 3999509 3981264
3873117 3746505 3909330 3770431
3821062 3775543 3841793 3887888
4079925 3937822 4043952 3858406
3931843 3910105 4027113 4015572
3978037 3733630 3924597 3764546
3962941 3766797 3748406 3774317
4035147 3734341 4037278 3875413
4046637 3831076 3739366 3825321
3963354 3744883 3965866 3732733
3976082 3844670 3598909 3737982
4066520 3914146 4094099 3927672
4119773 3933073 3778926 3930389
3873916 4000966 3695133 3793028
3850985 3671269 3813454 3935376
3950622 4007944 3781669 3840784
3984367 3811351 3881278 3931288
3811418 3918987 3688331 3755228
3888131 3752611 3855587 3877829
4044083 4109464 3900964 3915960
4049943 3882495 3978213 4055957
3833301 3858725 3707218 3788235
3658045 3890534 3766949 3677479
3823866 3878022 3800740 3824452
3731922 3833350 3847178 3813009
3781072 3818218 3685313 3797203
3642584 3890791 3787100 3642997
3956140 3940785 3882171 3923414
3881726 3980296 3957516 3900951
3790997 3860577 3813427 3808094
3754684 3875317 3909142 3681153
3807542 3951298 3860156 3922093
3807061 3978701 3943319 3810719
3788335 3888523 3874042 3853438
3841307 3932277 3909629 3774237
3890860 4002132 4015210 3985140
3894299 4095705 4079540 3870417
3746195 3798485 3725913 3751213
3740801 3843547 3846349 3803333
3762534 3823768 3877307 3802731
3813755 3887277 3965995 3902771
3747856 3799834 3891494 3733738
3718019 3786199 3902583 3841966
3898007 3939647 4011859 3824297
3904057 4007785 3897313 3939323
3845339 3680753 3951920 3676925
3768793 3712248 3889760 3795013
3874967 3861799 4047758 3777594
3854106 3902648 4005629 4026877
3924010 3807479 3998650 3837826
3789121 3728021 3935204 3915992
3888778 3770695 3931739 3839723
3816054 3840860 3987600 3979352
3806459 3699506 3923641 3771272
3899355 3729789 3608729 3787228
4116274 3815201 3982404 3882047
4170478 3921125 3722084 3803430
3962329 3820599 3920302 3802156
4032569 3870490 3677532 3753023
3975295 3728198 3993956 3839941
4041240 3850493 3710753 3750098
3858868 3955438 3761390 3788007
3831131 3697078 3769943 3939951
3941126 4055208 3834524 3882345
3942738 3885317 3930181 4008000
3858773 3946195 3746202 3787379
3927310 3794239 3882037 3969288
3889228 4060319 3800756 3831256
3967745 3731976 3968102 4000463
3785625 3823569 3621064 3724181
3698927 3855475 3733383 3745351
3906425 3956673 3786090 3821187
3784718 3980064 3857230 3839954
3838361 3800362 3687342 3731869
3759743 3917931 3792079 3744121
3871333 3895603 3806727 3704574
3745821 3916658 3824991 3762700
3657364 3784759 3783983 3772438
3663298 3884281 3925155 3701557
3906193 3866253 3862386 3953496
3839489 3989483 4001261 3756967
3747880 3783534 3893781 3921391
3807322 4000042 3950714 3793618
3792772 3934256 3890312 3923534
3803539 3953711 3977737 3774757
3644193 3719881 3826581 3692820
3766061 3873665 3785735 3737994
3799438 3829573 3986974 3766972
3827756 3976902 3942424 3848037
3686487 3773690 3886707 3759921
3806711 3853077 3920700 3789553
3768380 3749118 4024860 3771428
3783323 3891851 3983139 3883379
3901429 3821381 3953636 3745348
3797038 3853129 3929628 3885030
4033917 3918931 4036730 3979728
3918402 3911397 4026056 4045270
3976642 3807642 4055522 3907865
3862923 3878245 4035403 3966336
3997429 3749517 3949742 3768960
3812451 3820283 3941757 3943982
3917078 3824704 3944891 3778329
4000084 3806430 3569296 3804325
4136969 3840914 4044126 3874218
4066464 3924067 3783408 3869185
4065628 3897134 4073977 3881021
4071094 3902198 3753001 3892175
3910288 3756823 3919546 3725354
4047342 3832158 3706131 3804839
3976390 4009279 3851254 3748992
3947429 3820497 3824368 3963055
3929533 4144920 3837258 3935108
4004221 3901405 3920616 3979812
4012215 4078913 3883458 3909423
4011678 3862069 3950571 3954349
3808098 4003553 3746738 3753952
3949428 3737248 3883302 3901826
3812934 3799904 3695546 3805387
3749724 3886122 3820280 3821932
3931366 4018854 3923149 3912009
3889537 3999816 3952170 3924275
3992173 3918301 3765970 3896434
3783022 3933890 3747000 3885004
3818718 3880400 3748616 3797080
3698054 3853061 3731300 3732854
3839807 3888267 3845125 3905777
3879370 3935618 3915772 3685350
3929965 3958907 3885411 4040595
3887968 4090059 4023826 3747290
3852148 4027129 3948916 3997736
3852322 4005059 4037723 3765364
3763355 3957813 3846773 3858736
3750395 3979752 3866265 3654219
3712858 3816932 3879654 3689505
3886871 3873894 3894308 3773153
3746395 3837263 4025402 3801002
3963701 4024748 3955502 3971753
3803330 3882121 3985915 3792946
3784365 3895919 3973032 3874311
3723691 3809443 3911358 3774674
3754533 3847023 3919951 3801617
4012402 3879142 4037402 3911821
3908731 3947895 4062654 4078135
3753837 3715242 3813620 3713853
3658641 3675317 3820247 3817861
3806567 3690470 3841951 3731318
3761918 3766646 3804841 3866059
3807277 3749684 3967375 3769457
3724093 3820299 3943095 3980965
4087185 3931208 4036933 3894421
4179194 3939013 3786388 3932496
3870263 3637315 3820745 3684268
3797410 3687165 3547856 3743400
3846330 3667896 3807717 3750897
3964841 3720261 3608722 3727550
3933465 3808840 3880459 3788535
3935799 3797209 3588574 3707128
4050135 4093654 3872121 3991642
4009450 3926877 3936470 4062931
3792569 3879885 3638485 3670417
3672894 3686036 3787035 3792310
3854357 3940362 3624860 3639191
3786972 3702935 3771499 3795162
3853171 3941365 3726187 3700117
3927837 3746481 3835526 3856189
3942567 3946684 3866847 3911793
3831604 4058660 3882196 3934523
3654174 3781248 3620949 3750470
3534539 3805270 3713452 3700922
3752715 3806612 3605241 3709691
3706102 3794042 3679606 3700410
3767815 3830890 3747838 3803215
3723127 3823260 3707497 3707545
3935100 4096861 4022137 3967341
3971993 4156557 4110395 3784980
3610391 3726645 3726759 3811138
3710535 3861168 3808897 3652226
3654615 3807675 3701402 3755266
3723986 3781957 3858785 3612885
3815724 3819534 3815215 3887181
3745104 3916009 3883300 3635840
3816518 3903237 4006170 3862871
3929095 3971012 4083031 3896257
3676792 3711982 3821052 3671854
3712206 3778216 3855076 3724778
3630667 3748097 3858437 3677685
3756391 3752415 3810393 3725754
3731320 3769488 3857644 3669285
3745737 3830720 3833159 3796815
3890968 3753323 3940801 3837303
3772889 3811345 3969797 3969394
3730764 3709502 3856616 3697233
3709589 3751470 3739851 3902118
3870892 3878798 4005557 3971113
3883531 3920523 4150948 3957505
3983173 3852584 4058115 3787872
3751485 3775149 4018774 3864084
3912663 3766440 3867766 3757954
3978157 3828377 3618434 3786773
3814547 3745967 3749235 3630599
3839987 3712044 3573803 3654173
3989525 3917120 4004301 3919799
4002992 3867362 3763540 3876257
4018834 3772241 3941380 3823402
3980505 3828692 3680895 3784317
3871210 3997173 3773237 3820845
3957536 3856541 3863635 3830551
3815142 3915454 3730465 3731560
3750588 3652245 3750832 3767205
3995717 4085249 3850286 3916263
4029052 3856680 4030162 4067706
4036423 4023501 3791449 3795673
3920382 3842248 3912860 4016260
3841438 3833052 3699142 3820827
3725751 3842730 3741304 3712950
3801510 3744262 3565271 3676899
3621388 3688036 3678819 3668512
3996668 3970258 3773871 3830438
3861589 3929478 3883811 3745132
3926991 3824382 3749677 3832583
3737622 3875957 3834481 3768785
3800643 3854643 3801406 3899722
3817178 3866959 3863852 3719150
3678639 3824167 3690525 3765752
3711979 3753163 3807168 3661794
3931190 4069196 3967156 4003870
3823071 4086405 4067349 3819104
3818887 3901610 3947553 3966720
3832200 3964991 3916990 3764744
3716481 3742700 3902324 3708603
3829512 3844491 3869575 3848927
3596580 3647237 3802071 3552145
3626704 3674051 3784230 3663464
3718777 3908237 4028656 3789122
3890032 3904960 4025633 3809565
3743503 3777972 3963543 3763232
3899887 3931827 3900275 3868768
3751535 3645298 3818868 3782893
3733151 3678781 3794784 3790868
3856216 3758648 3957901 3754779
3695081 3846925 3888494 4022105
3893789 3814469 3874266 3763562
3756468 3801968 3899581 3936119
3963708 3793459 3998874 3777974
3828495 3827229 3980586 3979230
3878516 3688933 3845509 3672704
3868326 3730337 3562226 3791263
3956889 3713598 3968029 3730960
3956857 3766653 3678304 3691945
3924215 3809262 4021549 3693098
4004496 3836852 3717583 3845753
4001615 3793835 3969240 3802010
4074686 3863403 3740004 3851015
3746556 3891412 3679171 3662694
3805331 3619328 3772724 3808789
3765044 3918660 3733055 3729555
3880521 3726230 3882227 3952684
3893969 3953382 3791932 3867520
3890263 3841584 3875694 3955485
3943287 4041027 3736143 3794827
3957404 3818560 3879813 3981795
3732964 3738549 3676856 3703817
3508843 3795549 3621403 3703414
3778751 3785122 3655163 3724679
3693697 3814296 3799715 3751143
3874948 3835201 3708854 3756283
3692054 3832405 3760089 3793540
3872873 3897852 3752870 3844459
3704128 3902033 3758048 3845486
3737194 3766175 3737339 3758079
3773873 3802635 3759626 3603408
3859065 3886559 3774121 3906974
3741499 3914003 3863510 3687929
3874761 3850821 3876337 3833511
3848714 3937458 3957861 3712313
3784626 3923299 3854572 3877184
3850915 4055899 3962199 3683365
3646932 3674580 3855940 3602038
3702581 3677657 3755991 3673951
3615757 3765989 3840826 3782633
3738923 3768630 3913791 3824731
3746272 3774956 3837747 3785699
3777437 3737416 3853832 3880480
3813041 3777346 4006539 3712653
3866474 3863269 3866966 3913525
4009741 3929407 3988025 3874574
3860832 3878078 4029199 4032453
3800710 3773433 3846216 3718308
3721201 3813201 3910743 3899979
3806652 3615710 3851210 3587320
3640699 3700826 3758403 3830730
3903747 3893402 3950998 3826662
3879826 3859725 4037767 4063758
4060085 3874584 4088261 3917426
4168297 3894560 3714022 3827635
3961550 3691593 3899077 3691014
3962110 3679854 3529634 3739832
3805391 3705634 3772941 3650160
3839749 3709060 3564695 3658952
3921735 3827237 3972388 3871123
4219070 3953895 3691730 3858165
4037149 4071013 3824466 3892813
3973343 3879699 3911853 4064055
3879970 3963857 3738087 3741546
3810507 3764216 3796995 3843686
3697479 3889171 3639136 3681946
3804120 3671373 3702784 3755411
3948481 4047074 3809172 3783618
3978136 3805469 3963497 3953389
3907626 3930091 3824595 3873282
3813584 4007216 3828394 3805898
3765727 3766014 3609763 3668633
3657088 3826465 3666768 3682384
3646598 3680617 3539614 3682408
3620808 3701230 3616059 3609753
3969900 3868993 3877162 3875772
3768535 3993287 3784556 3831571
3822736 4019261 3915871 3976874
3899162 4047585 4019668 3804980
3828453 3849312 3754851 3748128
3730645 3920534 3818727 3646233
3650695 3756789 3685868 3742945
3630919 3835462 3816475 3615424
3841242 3921069 3839749 4003884
3910502 4037701 3906058 3778886
3815433 3905582 3975417 3793049
3811295 3936159 3969416 3848116
3697869 3718195 3834372 3599859
3703186 3691709 3786295 3742715
3684657 3609810 3769153 3586656
3716228 3714021 3740738 3645601
3742905 3906214 4005079 3759912
3876977 3896968 3943389 3898252
4000042 3974824 4111412 3888413
3991396 3888403 4098693 4063431
4009533 3855721 4066969 3865319
3945194 3903056 4009883 3998966
3789694 3746897 3965375 3763813
3759439 3800590 3907491 3828372
3941182 3790504 4025693 3789733
3834350 3838283 4018117 3961979
4052637 3907862 4078283 3828065
4077737 3877313 3740663 3889689
4024315 3938061 4038344 3900107
4130264 3913479 3820926 3922634
3886697 3761442 3860592 3768005
3962996 3793169 3634777 3800800
3933820 3828659 3989319 3825858
4022846 3879876 3811378 3843823
3998706 4096819 3852860 3867031
4028214 3964294 3992603 4055320
4025634 4084182 3840181 3896940
3942858 3879897 4051624 4032178
3835218 3892255 3828206 3771132
3878199 3704295 3856230 3947669
4034223 4024262 3902435 3893404
3965729 3856762 3813157 3920774
3981129 3978064 3824330 3945536
3840103 3987446 3887632 3875386
3970462 3923604 3819905 3823828
3812330 3968320 3888462 3879782
3874551 3888031 3725432 3810329
3730890 3765662 3749122 3742480
3812581 3892960 3787903 3872384
3815591 3944079 3843418 3918379
3932021 3941830 3916581 3980678
3948002 4080975 4080512 3829207
3887935 3989878 3934634 3926690
3904469 4044804 4027568 3840972
3812855 3780335 3815046 3781210
3809282 3932284 3870971 3661535
3923966 3891085 3914748 3933164
3911533 4017190 4001249 3754038
3853214 3894873 3967119 3758881
3905856 3941222 4030265 4033301
3773269 3873291 4045191 3831235
3947149 3950418 3945544 3903473
3731735 3745818 3875023 3717434
3698673 3805281 3823527 3756832
3836824 3854414 3842689 3784092
3761891 3876300 3986149 3812030
3925376 3851367 4055778 3927164
3832191 4012581 4051092 4007242
3968842 3825845 3983216 3901909
3946419 3899767 3961210 4081354
3895066 3886629 3959932 3690963
3797111 3818962 3827147 3834684
3792895 3680362 3844422 3692228
3831089 3643477 3917541 3904835
4022170 3943379 4098661 3956656
4117881 3967789 3783338 3856936
3987244 3782603 3975620 3798588
4079490 3923515 3732329 3879000
3952253 3727084 3953846 3775903
3973361 3814477 3660903 3800565
3768259 3676146 3891001 3680492
3963213 3784617 3628692 3761127
4018706 4151835 3864469 3893319
3987963 3856669 3865526 4031970
3847944 4031207 3831581 3891416
3897763 3906740 3859459 3939144
3889357 4015349 3830039 3808481
3914157 3788139 3788240 3971802
3750091 3904070 3692795 3758362
3919774 3723535 3847773 3853542
3963379 3930858 3863542 3846056
3865095 4028011 3865804 3831066
3905027 3924789 3812415 3798500
3701630 3861599 3863704 3818808
3834956 3842327 3743156 3772167
3772195 3788885 3833058 3688934
3690866 3796133 3731415 3693640
3630672 3884026 3733817 3683017
3930748 3957285 3967107 4006306
3905467 4100036 4062622 3785891
3859035 3884858 3914007 3926293
3841955 3958768 4089177 3844947
3797194 3806003 3858518 3910083
3824556 3978669 3986644 3691241
3705702 3779821 3741039 3778899
3713170 3888786 3887401 3620003
3878466 3845449 4020142 3826659
3880340 3904094 3942302 3875306
3802198 3805850 3989662 3822867
3885360 3928236 3938871 3846686
3788638 3791606 3855969 3833831
3786040 3866806 3888990 3855125
3635429 3758423 3802775 3656277
3706639 3779254 3816831 3765647
