3956860 3972872 4062482 3835788
4063953 3836293 4006162 3973111
3717445 3778817 3794431 3639122
3854440 3612253 3801588 3787384
4060086 3955976 4055661 3786700
4041394 3846430 4043970 3910189
3851326 3788696 3883980 3770417
3942164 3661444 3901964 3825180
3955184 4253417 4157114 4017837
3869759 3835651 3995676 4084567
3797926 4025173 3836403 3685840
3589458 3679748 3765239 3905821
3939361 4220964 4084179 3985291
4031409 3924040 3950776 4090351
3774410 4160727 4039363 3851237
3846570 3789084 3978106 3926573
3898257 4155464 4017880 4073545
3972186 4038077 3867185 3763837
3667678 3984382 3781560 3727279
3753738 3745667 3717029 3667974
3920985 4201731 4110719 4041560
4042115 4076123 3939814 3855204
3766187 4022982 3964215 3947511
3874300 3853024 3703905 3704369
3983076 3994617 4102934 3895809
3971619 4117002 3889641 3944953
3774875 3727221 3814175 3711993
3656373 3850688 3633813 3765245
3950458 4008165 4031203 3870221
4027399 4133218 3948161 3978948
3939540 3882877 3888248 3658917
3846668 3898708 3722012 3930662
4186392 4137717 3985712 3955674
4030994 3975843 4076311 3879425
3733930 3797918 3805522 3764747
3854590 3747576 3772142 3607587
4093200 4055385 4069407 3944036
4105131 4008337 4115463 3847405
3972484 3890920 3827268 3781073
3969129 3917272 3861073 3683548
4062180 3952233 4040363 3908211
3962750 3993576 4052026 4021303
3763872 3675912 3789728 3718733
3750151 3794982 3800859 3652599
4066138 3933016 4085538 3848627
4077539 4065819 4009492 3958966
3952631 3893592 3948075 3797679
3843499 3926198 3896833 3717797
3752883 3703402 3707940 3570168
3863252 3566037 3764902 3740280
3884180 3808151 3831310 3597994
3912709 3592985 3866181 3812697
3857951 3896900 3972205 3729616
4060351 3734370 3983997 3789424
3876036 3822181 3932170 3771550
4105800 3681956 3889571 3867995
3713105 3972679 3873007 3691066
3689285 3629072 3731892 3806204
3722562 3987186 3896003 3721411
3730335 3694499 3746685 3884503
3860706 4152569 4078667 3921858
3823952 3820960 3954414 4049518
3890921 4178093 4001464 3803275
3849127 3791537 3882153 3867366
3585634 3963510 3803373 3752366
3800077 3778551 3633096 3607758
3712563 4015752 3871695 3835299
3791112 3861572 3702360 3688188
3854380 4088722 4061597 3829896
3874047 4024427 3894849 3818089
3815963 4033635 3893784 3943174
3917502 4014839 3819378 3763426
3780758 3711724 3844435 3654155
3701668 3871664 3594765 3698900
3846273 3791919 3944967 3758877
3710432 3931586 3707646 3815979
3894624 3889083 3935240 3745470
3877193 3905650 3767944 3898514
3925275 3884507 4002825 3774060
3888547 3965179 3813430 3917285
3911532 3838880 3721556 3709940
3780130 3779864 3827716 3543743
3982635 3816729 3845804 3787924
3836003 3876280 3843486 3631323
3928492 3911061 3938222 3853153
4016435 3934889 3974112 3747011
4019525 3945008 3938333 3859418
3955189 3958474 3988248 3704998
3835208 3611350 3794684 3730055
3789043 3814864 3676423 3689399
3855367 3777624 3853034 3759258
3879369 3844945 3859106 3729356
3955903 3854614 3907280 3864595
3934354 3959659 3948509 3871453
3902878 3846196 4004491 3748841
3921175 3882635 3927083 3854447
3791258 3796937 3781885 3652933
3919631 3620978 3800336 3761462
3837348 3907367 3917495 3615256
4007567 3665781 3896193 3722715
3802716 3775366 3846933 3617856
3910803 3642631 3873421 3802541
3932714 3944980 3929387 3733016
3965293 3780848 3868581 3842812
3730287 4018586 3819029 3834002
3734165 3644612 3835128 3868398
3806590 4103106 3947032 3775029
3844160 3782680 3795543 3819965
3774744 4012831 4000345 3795661
3767402 3734129 3763655 3848048
3859976 4135627 3972309 3915763
3881349 3856245 3906169 3984663
3759531 3929250 3888566 3848240
3804416 3943924 3639908 3582527
3776217 4040483 3898224 3838547
3759298 3951191 3650007 3650645
3742774 3955891 3825809 3849136
3885855 3774774 3738234 3656794
3896164 4100610 3921369 3959869
3854658 3956319 3757108 3797610
3841412 3822052 3887833 3723551
3770763 3971455 3710964 3791906
3845138 3819873 3967883 3707794
3809108 3925607 3761939 3802681
3820246 3831526 3791065 3631997
3745737 3827127 3767799 3801485
3965354 3884300 4039035 3828552
3877905 3999631 3834498 3862340
3939909 3809979 3846424 3808839
3905493 3868662 3980004 3672169
3920798 3894170 3989003 3729556
3947067 3832813 3893101 3696314
3901058 3896200 3754965 3722727
3876783 3849717 3878214 3546138
4040968 3909276 3904798 3856927
3962593 3967196 3959611 3713228
3830523 3780645 3816206 3712202
3817624 3779811 3846370 3733648
3821325 3809924 3886017 3718619
3864158 3903036 3867504 3733451
3884553 3775353 3767271 3752813
3778143 3793954 3728659 3669037
4007968 3900907 3981263 3772679
3981681 3952074 3922005 3823448
3883425 3998085 4009377 3810963
4061151 3805937 3907725 3891430
3915142 3826288 3930036 3731296
4056824 3696938 3879016 3858011
3881786 3825162 3864206 3691841
4105560 3733729 3999056 3916722
3905156 3968115 3938743 3777321
4032990 3778459 3984982 3919088
3825875 4207480 4056158 3906397
3879421 3797658 3859040 3977979
3825763 4123818 4040170 3885272
3872140 3828603 3886606 3885412
3756744 4107017 3952578 3869749
3797335 3855246 3933995 3925212
3918569 4199918 3966768 3897555
3912476 3846991 3945225 3940968
3728473 4140955 3912285 3918394
3860258 4004861 3787671 3778971
3789245 4047222 3948893 3847686
3803844 3894188 3777271 3729570
3852856 4089706 3965551 3925255
3944542 3962987 3865428 3681528
3792523 4044738 3977980 3934318
3895386 3999327 3860472 3820696
3871806 3934189 4033759 3818087
3948522 3988624 3853199 3928455
3924471 3887321 4001965 3751413
3904435 4020325 3787715 3907095
3944023 4014514 3970341 3816862
3891681 3928236 3806875 3825764
3964548 3996852 4016880 3857944
3921940 3993600 3817327 3890514
3962376 3965911 3909270 3940756
3924870 3994905 4011780 3817499
4028028 3946242 3884098 3813430
3982621 3943749 3888053 3684711
3900207 3962127 3868428 3833036
4010825 3922322 3955378 3726033
4025882 3984728 3975314 3828074
3985751 3983984 3960829 3812930
3999254 3891882 3978647 3844233
3900295 3923663 3941165 3831695
3927832 3833417 3918212 3839289
3825823 3976655 3901078 3746587
3952489 3806825 3891311 3805993
3886269 3973587 4021854 3775179
3881931 3844643 4017449 3815351
4010468 4008608 3983934 3838421
3883191 3894281 3825022 3673617
3944313 3687964 3965531 3851803
3907065 4014036 3997130 3781897
4060195 3801683 4043050 3906128
3744944 3906966 3882970 3564937
3876969 3642613 3824676 3703830
3633765 3731364 3722276 3626910
3828592 3635648 3777976 3713613
3762222 4063197 3943063 3765177
3768647 3799408 3827281 4043524
3888773 4263202 4104819 3885350
3911824 3862845 3934379 4073883
3733588 4014409 3948108 3765983
3811104 3727694 3767464 3857167
3665796 3982646 3847911 3723329
3794144 3614850 3730288 3775304
3774462 3933605 3937464 3841668
3875219 3942430 3770703 3814524
3908581 4106680 4107855 4052923
3940198 3985227 3867101 3739738
3767517 3862213 3844081 3791920
3756900 3829193 3686426 3741498
3695898 3905741 3801557 3676644
3766287 3831460 3681507 3601847
3872401 3886364 3918721 3730201
3812972 3918001 3822302 3830743
3940232 3971593 3960655 3890111
4011654 4067081 3869789 3918689
3835069 3769992 3847726 3614967
3818229 3903300 3707797 3756838
3724938 3720677 3782684 3638467
3718070 3772063 3659841 3673976
3936979 3861485 3856605 3776064
3989358 3902164 3899158 3682344
3999993 3970166 4029558 3912747
4027933 3999110 4008108 3862446
3832976 3809802 3742742 3708610
3840980 3879145 3809482 3637726
3800259 3820403 3777597 3701744
3890767 3766129 3698606 3549692
3889489 3777606 3833919 3749418
3844423 3907657 3973512 3673080
4016691 3891817 3997263 3946597
3958735 4009407 3996382 3830003
3788386 3683764 3816138 3678783
3822245 3799437 3792250 3720771
3813403 3588736 3821231 3580292
3607997 3760012 3821750 3597804
3745410 3799778 3821177 3627057
3864816 3716292 3783645 3761808
3811813 3786345 3866988 3775685
3981289 3679792 3887128 3831279
3898998 3847852 3876929 3749149
3975807 3848647 3955827 3900490
3929027 3952236 3943252 3801098
4061812 3776392 3996105 3900317
3692737 4033729 3912254 3688359
3733515 3690606 3753654 3818239
3740652 4126591 3975881 3793067
3788925 3779160 3792982 3865414
3910005 4145319 3956335 3903078
3922282 3838624 3969810 4010265
3876497 4200461 4092359 3965590
3915678 3881296 3956156 3999380
3687278 3965098 3924482 3809629
3748652 3856849 3715481 3737667
3714673 4042496 3866672 3822533
3837794 3857475 3664326 3745774
3780707 4091775 4065886 3888286
3879342 3983892 3796630 3767889
3822170 4151256 4044086 3952300
3925985 3947693 3858299 3850375
3756354 3775448 3889076 3610512
3791421 3888017 3644626 3742955
3751988 3843268 3926437 3708569
3823585 3868976 3756297 3779867
3896906 3936812 3980511 3784737
3870836 3978894 3899330 3888323
3914314 4037656 3928699 3708392
3860802 3965960 3799075 3914380
3860211 3807565 3801669 3851058
3810119 3769892 3906640 3630401
3933396 3906756 3835681 3807835
3895565 3790825 3929909 3669882
4095493 4015177 3982468 3861812
3969022 3938187 3940155 3778217
4034851 3958591 3937838 3909229
3969661 3965677 3983250 3666594
3891663 3690991 3953720 3796645
3772386 3790315 3830774 3741251
3885509 3825466 3885821 3693412
3840973 3922470 3841222 3718064
3962184 3850574 3969759 3744855
3905263 3942003 4019887 3828744
3948230 3847133 4037184 3817234
3981647 3942001 3915552 3886002
3922810 4027842 3993630 3779739
4101622 3805120 3971344 3920868
3878504 3853880 3973231 3718530
3988133 3805765 3820595 3816507
3942719 3950620 3929267 3753401
4121360 3774495 3992555 3933094
3933199 3943141 3937599 3708760
4010840 3719709 3938074 3895581
3897210 4241389 4048543 3936831
3873510 3854860 3962145 4027329
3834302 4232258 4011548 3860357
3949068 3837422 3917635 3946379
3811071 4184616 4092310 3993881
3891097 3818255 3938479 4021049
3929386 4143846 4066081 3796262
3798288 3834744 3958555 3979513
3920435 4083936 3940762 3928998
3998535 3977098 3857755 3813205
3793515 4101881 3937675 3862760
3888303 4035996 3743491 3757349
3820077 4099364 3915815 3956826
3972150 3992432 3883650 3729035
3809442 4079755 4008241 3949784
3995684 3977699 3744976 3806960
3987717 4001725 4024895 3725937
3903894 3979896 3852095 3887658
3907343 3996421 4011290 3704217
3871813 4013333 3778917 3870815
3941405 3958107 3905789 3874091
3920082 4035555 3905591 3891294
3914277 3944375 4033039 3807003
3806317 3940631 3857249 3839882
4051659 3958989 3933877 3916755
4013676 4066303 3942870 3827911
3983308 3998340 3852628 3850123
3935124 3912638 3919547 3718425
4055371 4044931 3858386 3867838
4053963 3960381 3990938 3784683
4062726 3963590 3910060 3870192
3935683 3826451 3976505 3732660
3932188 3911066 4008274 3919804
3970555 3962924 3966419 3902504
3895232 3837673 3936717 3766927
3920985 3964713 3908697 3808846
3966788 3833451 4026048 3798984
3895973 3973804 3936973 3862637
3877621 3867369 4010577 3785164
3865968 3921657 3915351 3754824
3787306 3783407 3872774 3670522
3958525 3700938 3883854 3824440
3641528 3739394 3647119 3544966
3882377 3570995 3715150 3686642
3853972 3951115 3909000 3720229
4037813 3770885 3974484 3874274
3932367 4001807 4052797 3815155
4120521 3839619 4033870 3837535
3840474 4092427 3966174 3878781
3777365 3795886 3854930 3944426
3763493 3956748 3782551 3762877
3742259 3657883 3709313 3828113
3872547 4077808 4051765 3836965
3869500 3833603 3936168 3968238
3902894 4289619 4136744 3932210
3940318 3945660 3893783 4036785
3731129 4148625 3902670 3903984
3866668 3926300 3787086 3798008
3602403 3927119 3730835 3708099
3711152 3807563 3713669 3484094
3806145 4089584 3924284 3884212
3932810 3977215 3822098 3813413
3877056 4157347 3996258 3980436
3923654 4010530 3924608 3849502
3962288 3926211 4025033 3761275
3824606 4046935 3729136 3917348
3733367 3757991 3858226 3561190
3729398 3812052 3650730 3702461
3893161 3876153 3951884 3834028
3887183 3957205 3772717 3871019
4024928 3984924 4043936 3845999
3879841 4049232 3939495 3995694
3986332 3897468 3876960 3788574
3936021 3873202 3951149 3713301
3726022 3757414 3715462 3673385
3784131 3837272 3755137 3551639
3961604 3997570 3912325 3845894
3958206 3957017 3919086 3688226
4114288 4109222 4018509 4049131
3979480 4055290 3983060 3792630
3899404 3787126 3937311 3783681
3856239 3894763 3783498 3786460
3745144 3724786 3689726 3744463
3688699 3756320 3751609 3626278
3896780 3914875 3907660 3766872
3939113 3877660 3883618 3828051
4051505 3907727 4037636 3913560
3960313 4089817 3963113 3836873
3890746 3921500 3931767 3705233
4082541 3711628 3899103 3891386
3739826 3710961 3798462 3667462
3802872 3539307 3716061 3748805
3823197 3864526 3866401 3725259
4046541 3678982 3908048 3851864
3852288 3898753 3999681 3698149
4058534 3804476 3893193 3844591
3850071 4117425 4013047 3910759
3852933 3752959 3916751 4026505
3745685 3947361 3781957 3730126
3739193 3602743 3836468 3850692
3863262 4066877 3975093 3873333
3805692 3791748 3838846 3989623
3804856 4129942 4058563 3842859
3805788 3834804 3852346 3949940
3762561 4099430 4031980 4020831
3912821 3918434 3831517 3749520
3648440 3949347 3818399 3750922
3792072 3817009 3630985 3622602
3776384 4051695 3933485 3932573
3877062 3872224 3756925 3683989
3836853 4157773 3892823 3948534
3868835 3858603 3802513 3725854
4000274 3894768 4041918 3798386
3915410 4042389 3884383 3923751
3809497 3689209 3848915 3661477
3741169 3843960 3709972 3697426
3874110 3860709 3995977 3765675
3882195 3928358 3832720 3945134
3880982 3935090 3933402 3761490
3848077 3964444 3856703 3939959
4083947 3999248 3912634 3888692
4012606 3955340 3988078 3723820
3848511 3696130 3701674 3689971
3882607 3770633 3841397 3579004
3992334 3948715 3834651 3793177
3906604 3947840 3931259 3726377
4026674 3983787 3923702 3841448
3998793 3952439 3948202 3712939
3951059 3869123 3920436 3849446
3976848 3924725 3968750 3725705
3710333 3710503 3815727 3613351
3760048 3795557 3731593 3659477
3974232 3911732 3871193 3717746
3937353 3950669 3886601 3787208
3809120 3789208 3927284 3784149
3905270 3884134 3895043 3748541
3973870 3956487 4018412 3860932
4152348 3809620 3946656 3901790
3957937 3863735 3990039 3799229
4111296 3894626 4010450 3950494
3781319 3782341 3911242 3714149
3926943 3649780 3822134 3708321
3686035 3845168 3825984 3635886
3886068 3634887 3850114 3741079
3945105 4273400 4144788 3986577
3943297 3915527 3994385 4075360
3910906 4192912 4101059 3923853
3890871 3887699 4002322 3992680
3721829 4000049 3891835 3799345
3763526 3636600 3784622 3883670
3805661 4021915 3891019 3816679
3840751 3690136 3726726 3868940
3888890 4186660 4105321 4073896
3976880 4057070 3921781 3887463
3890355 4155589 4014577 3989405
3978387 4014305 3877926 3853661
3799401 3919971 3823285 3912956
3798406 3894007 3718711 3668771
3750288 3964756 3952489 3827621
3822021 3823342 3685053 3720710
4047915 4054375 4098037 3905303
3999224 4164596 3888880 3955746
3974801 3988208 3966932 3779556
3892326 3969353 3882874 3946741
3795216 3808266 3930192 3685340
3788930 3852167 3781913 3846915
3811731 3812139 3838483 3776563
3743901 3920455 3732335 3813082
4131130 4075462 4059430 3927537
3996515 4059969 4005764 3863647
4118753 3984513 3949076 3936496
3953373 4066220 3940622 3784216
3933589 3835540 3823771 3748018
3818126 3922708 3822674 3668238
3916787 3874462 3863783 3748877
3901839 3840349 3791208 3688526
4022621 3973531 4017898 3941258
3966415 4005158 4050302 3862349
3968943 3883046 3990973 3747314
3938990 4024100 4059003 3879578
3805397 3720410 3792474 3704524
3782065 3871203 3838906 3731256
3826661 3830232 3883826 3705776
3838264 3757234 3879383 3764529
3864420 3925168 3918565 3747526
4020897 3673256 3878249 3827423
3842626 3940698 3978633 3735549
4122608 3752083 3928577 3804240
3983116 3938715 4010645 3797038
4135877 3895128 4046439 4015531
3948609 3925839 4013784 3695832
4165428 3856958 3989791 3952185
3811291 4095852 3970275 3837090
3875126 3784177 3883427 3962089
3843735 4212758 4085558 3892746
3857370 3802973 3866977 3992628
3927196 4325294 4101105 3969659
3938070 3820089 4026711 4027907
3900893 4178028 4027460 3983484
3921773 3845583 3940400 4024557
3787227 4114371 3943496 3879056
3910544 3983201 3789030 3699320
3825818 4139499 3990085 3871515
3934963 3994474 3852986 3845879
3924963 4152587 4021360 4010839
4042752 4022165 3925824 3822723
3836700 4197825 3951004 4026946
3929184 3938391 3894314 3854466
3852835 3932770 3972886 3741929
3854886 3943209 3842256 3842619
3867120 4011674 4028517 3875265
3947006 3919778 3866110 3781789
3951967 4043312 4066674 3806925
3989730 4057320 3910477 3948462
3992020 4003788 3953132 3863197
3942833 4043829 3876040 3919236
4008129 4053497 3877057 3795154
3993392 3888432 3944439 3673116
3994076 3993453 3869088 3906520
4011013 3929205 3929743 3719633
4213871 4055649 4087974 3958183
4095051 4029472 4128476 3772097
4094882 3924482 3905821 3868294
4037121 3972894 3982409 3812074
3914234 3763003 4024208 3811903
3829769 3913692 3870832 3809983
3860039 3876973 3892219 3840532
3977613 3923597 4011991 3885885
4092999 3858543 4050495 3886341
4035005 4040682 4006690 3914801
3987395 3879113 3932985 3856877
4051201 4109101 3872134 3913037
3722548 3699378 3789407 3624437
3846926 3522022 3757294 3689160
3807693 3907112 3954744 3787001
4082420 3724685 3930695 3819807
3861351 3916998 3945877 3712638
4011553 3718940 3988347 3878317
3780014 3692176 3768634 3569623
3890760 3615439 3733810 3754702
3646313 3978583 3931492 3771514
3740263 3688672 3797612 3859909
3883265 4059981 4000196 3762367
3886472 3731858 3862132 3987986
3765205 4171118 4042567 3836343
3836192 3771211 3894297 4033976
3646794 4080723 3829561 3761212
3752359 3734911 3752919 3855708
3669532 3869206 3734912 3708852
3717504 3763142 3687116 3618596
3752208 4016791 3933309 3776021
3915249 3939612 3795737 3745589
3827549 4147102 4016952 3882654
3928791 4004625 3918083 3772713
3769775 3891502 3856041 3824702
3763575 3815226 3763787 3582709
3800676 3799864 3778251 3610923
3722233 3837135 3698192 3680415
3932435 3944174 3970764 3746210
3838092 3984201 3866533 3878361
3896368 3858418 4044461 3785831
3848623 3932516 3772368 3904218
3829245 3798993 3929917 3647038
3740207 3798682 3758118 3813349
3821529 3883984 3673573 3685734
3764459 3668252 3723039 3556742
3959098 3939747 3854223 3835529
3958987 3899027 4025806 3711361
4085084 3952964 3876851 3871234
3901605 3966588 3891627 3729471
3895496 3824979 3799792 3675642
3823714 3791825 3861964 3606774
3759951 3592864 3751257 3477376
3744955 3792528 3788593 3712935
3950273 3868252 3951683 3753015
3978551 4015530 3951655 3819544
3954024 3906593 3992759 3757933
3847472 3967200 3936748 3840835
3761521 3691296 3717779 3637525
3733852 3810446 3808255 3760917
3924886 3839312 3911562 3990442
3853412 3910814 3933915 3876331
3887811 3871156 3876903 3955963
3914288 3967219 3866315 3969540
3794183 3710232 3751863 3798351
3745946 3807378 3790308 3903200
3790415 3683309 3813545 3912704
3765978 3755016 3820574 3808757
3855629 3898860 3954226 3874770
3980109 3802079 3924636 3705529
3906659 3838302 3914857 3861078
3926682 3879563 3936299 3673024
3733445 3746271 3815901 3782809
3838679 3677045 3740877 3632357
3811146 3708024 3787628 3842785
3869835 3731391 3808521 3578255
3893845 3808443 3728697 3910159
3959908 3996524 3990601 3838114
3935912 3856542 3747245 3825398
3984373 3941836 3918797 3865048
3834043 3735357 3702103 3769009
3801507 3835214 3832908 3790095
3782528 3782192 3656193 3808810
3745647 3771648 3819697 3813448
3863248 3829650 3955734 3799815
3909200 3991561 3936337 3869849
3793556 3766526 3887018 3834351
3857776 3909336 3873195 3962581
3727426 3704951 3693888 3644454
3808961 3765053 3757116 3725736
3731712 3639972 3714609 3756397
3887559 3866292 3844172 3761056
3816091 3859323 3780074 3908939
3992757 3867234 3903136 3795584
3756362 3839143 3802674 3905546
3940839 3956693 3869479 3908221
3746936 3741760 3709854 3881284
3849119 3750691 3705880 3803015
3692555 3805414 3652544 3749865
3852455 3788461 3798605 3751571
3875549 3808716 3851955 3904865
3908589 3864324 3910258 3719021
3852248 3875434 3851988 3919144
3874430 3912107 3869784 3773919
3791596 3844038 3752406 3744714
3849057 3695583 3764560 3690356
3830483 3754274 3734223 3724345
3837763 3652275 3789524 3607870
3865412 3811299 3931631 3940596
3931557 3919457 3960678 3986309
3674588 3648443 3698880 3767787
3730059 3789128 3717297 3811844
3740331 3728223 3785353 3876251
3799626 3817715 3772265 3857362
3823573 3856347 3897194 3952384
3818831 3946304 3774031 3883722
3906512 3940576 3876382 3924113
3969809 3763908 3910011 3835705
3777527 3632532 3728196 3732322
3721198 3666011 3777977 3667631
3771219 3843038 3929835 3757146
3899371 3731364 3768272 3659158
3915231 3769959 3958637 3758659
3853522 3808849 3886472 3662195
3907023 3865653 3770215 3845762
3916676 3917586 4022069 3952484
3644123 3658787 3630387 3644973
3819240 3717519 3737835 3666774
3780420 3783473 3720485 3842861
3834539 3836360 3862322 3765987
3785941 3835994 3851102 3848799
3912189 3893518 3856286 3857720
3877442 3746612 3859526 3823803
3991388 4010346 3901848 3918395
3718407 3534235 3650131 3651117
3784496 3770274 3711313 3716596
3831032 3689444 3807276 3726739
3816830 3855194 3712929 3810988
3879030 3730243 3757070 3800763
3913191 3921117 3883594 3740797
3862142 3910970 3773859 3884845
3977485 3905593 3765566 3861385
3630774 3653731 3639593 3747721
3750433 3741479 3574984 3676215
3725032 3876673 3672523 3836955
3836275 3790250 3763838 3802940
3722685 3802223 3796933 3839310
3975818 3794906 3807577 3822179
3878861 3882841 3864991 3927649
3960699 3830258 3836865 3724009
3786754 3679724 3631731 3658378
3744066 3640535 3698233 3574841
3897461 3855573 3780080 3851959
3792096 3762018 3805320 3726408
3806059 3860046 3828210 3791164
3844277 3880484 3848266 3670338
3812746 3792689 3868324 3939646
3888042 3940657 3863711 3879388
4104231 4036660 4079436 4165802
4114369 4088744 4033018 4081328
3922042 3795881 3944297 4000849
3881874 3942489 3866977 3895099
3976590 3893101 3996479 4101008
4021719 4098825 3972000 4070237
3918063 3807654 3910139 3852842
3960103 3777138 3979176 3693120
4135251 4037779 4156214 4147911
4078175 3966537 4030133 3917474
3822508 3846159 3882348 3823717
3992836 3785474 3908888 3676726
4005986 3909897 4022550 3972170
3984516 3958259 4007761 3771319
3852534 3850670 3793945 3899187
3942871 3849277 3888139 3861335
4038437 4025773 3982065 4112173
4133964 4072589 4090524 4076809
3860276 3824310 3763174 3840545
3951281 3952206 3890054 3809493
3970285 3970565 3861904 3925307
4042944 4000594 4089540 3942811
3880409 3806729 3786536 3802631
3893024 3969340 3885643 3860625
4067613 3954586 3986520 3998526
4176703 4074447 4173224 4027881
3854517 3694504 3870079 3729469
3916625 3912715 3812387 3871522
3975546 3807191 3829473 3901686
3978494 4061844 4009202 3852870
3751699 3866309 3837439 3942586
3946581 3846529 3756777 3782595
4001056 4147563 3925844 4068872
4219931 4019862 4046087 3986651
3766968 3868429 3802899 3853250
3904479 3823487 3781753 3867282
3912694 3982896 3960375 4031448
4066127 3965976 3868182 3945240
3862451 3882658 3858993 3864336
3923627 3829167 3751925 3825420
4135918 4036200 4064631 4064898
4071044 3980326 3953128 3889263
3871440 3887826 3834240 3865741
3883302 3799606 3824735 3762922
3958543 3899468 3939025 4009146
4042899 3913264 3902595 3924184
3849430 3816505 3955546 3962226
3906950 3925312 3884118 4016500
3765829 3785487 3884653 3958998
3837734 3957770 3811957 3856232
3894725 3891030 3845698 3976427
3868487 3959084 3918785 3999921
3921075 3932833 3941316 4110826
3967263 3893644 3916090 3966377
4007156 3956333 3960686 3894694
3895321 3824249 3884122 3697510
3854848 3868325 3972966 3871110
3981624 3769229 3853047 3697190
3962129 3915365 3988901 3915743
3969079 3884289 3961649 3760116
3992942 3902158 3939317 3866601
3962155 3868369 3979383 3712943
3913915 3814039 3775785 3901532
3946552 3902101 3998016 3858538
3816980 3862298 3773258 3862920
3853505 3820242 3907457 3733092
3868364 3801663 3809202 3884350
3934349 3962568 3969050 3937314
3961372 3936085 3891791 3858287
3912175 4020062 3964714 3871133
3852145 3734100 3909320 3842412
4011702 3970667 3872106 3796487
3875432 3708759 3855925 3785354
3931748 3889087 3947554 3758454
3876566 3776492 3938578 3813060
3916976 3917824 3883154 3946602
3847671 3917254 3913278 3895609
4005757 3981285 3954284 3894880
3898897 3791105 3882546 3937508
4020248 3940308 3824069 3815125
3795618 3870501 3786158 3795553
3896624 3890390 3791211 3809979
3760949 3935765 3749337 3849431
3916447 3872273 3808073 3866730
3834160 4012404 3828907 3985465
4033637 3946111 3931848 4015642
3867233 3971233 3895192 3926638
3980852 3857627 3905872 3749928
3880919 3824776 3772962 3840202
3900474 3696182 3829746 3790988
3868896 3920808 3842979 3894746
3982466 3856106 3822050 3794788
3874635 3979275 3901224 3954536
3961353 3900976 3911490 3832897
3991397 3997539 4103850 4118626
4024079 4013345 4045676 4105179
3719032 3507121 3689874 3837505
3669805 3736722 3738697 3721240
4172256 3949925 4062268 4091759
3981220 4170740 4028412 4041495
3912005 3788888 3993460 3972283
3870516 3981727 3848571 3970226
4065386 3981810 4069667 4001631
4081102 3928488 4004989 3849110
3690446 3676988 3712721 3675993
3813744 3616031 3720310 3466849
4013060 4076087 4129431 4022311
4178625 3993055 4064503 3896391
3917868 3935781 3866360 3888680
3929797 3875380 3971183 3734646
4059777 4006027 3947731 3947604
4011026 4054111 4152848 3948958
3731560 3554569 3601093 3650312
3755285 3719013 3766610 3693854
4110865 3925326 3893290 4009692
4018028 4139095 4130806 4017403
3891879 3810009 3766768 3903338
3949804 3913776 3977442 3894719
4012654 3866276 4003288 3933189
4015224 4109335 3964894 3975022
3683912 3520483 3677487 3629753
3712034 3668008 3719863 3566367
4029244 3940618 4049342 4015946
4180216 4009240 4039813 4114569
3776403 3726965 3836139 3788113
3923773 3978736 3927095 3799118
3961471 4046108 3965325 4058759
4249253 3935587 4021459 3946645
3546458 3618283 3594816 3698193
3737799 3664013 3689689 3653769
3912450 4001916 3920783 4104663
4173373 4048163 3997927 4087287
3764936 3967983 3868946 3914364
3934398 3915763 3776888 3921456
4031128 3994826 4022823 4045789
4011713 3912792 3974341 3916662
3752816 3580793 3601707 3741544
3679307 3662113 3623267 3585756
4082264 4050768 4012881 4045384
4020831 3984321 3946937 3833066
3912984 3874624 3770651 3883538
3924652 3889323 3877659 3756075
3965556 3914456 4049492 3978300
3990505 3997959 3923975 3999157
3933884 3776837 3962880 3947381
3913741 3999087 3865560 3951131
3898802 3801740 3940817 3980136
3935765 3985594 3924926 3960942
3792198 3790531 3833251 3904527
3808085 3893504 3850764 3961431
3978003 3980229 3981318 3977617
4042284 3857938 3979730 3823497
3994737 3922761 3964386 3953591
3996663 3966216 3987550 3768270
3826177 3843532 3959926 3991207
3912932 3875049 3934357 3712326
3814034 3835604 3815477 3805035
3917077 3796404 3801425 3629381
3931432 3816669 3814191 3891239
4033625 3980663 4113286 3941828
3897510 3891908 3796686 3986237
3998937 3955469 3976035 3918251
3908489 3858810 3836199 3863017
3942471 3934655 3938209 3892254
3885404 3891906 3775112 3791176
3847503 3885445 3939089 3861619
4007010 3841776 3942995 3915066
3904905 4039203 4009983 3825286
3939225 3827202 3884124 3821013
3941744 3964167 3954111 3888315
3889653 3778670 3807799 3895272
3943502 3979391 3975476 3857846
3851596 3820368 3823854 3803016
3880349 3998256 3856561 3805758
3855469 3961482 3842513 3970892
4047686 3899610 3871474 3831050
3853258 3910202 3819010 3882689
4019180 3931313 3844196 3856248
3846550 4003348 3863458 3911370
4078803 3844854 3963672 3872609
3718078 3792650 3777039 3870723
3969902 3817884 3778057 3748457
3875912 3966448 4033320 3978642
3988664 3806184 3942056 3873006
3972213 3831559 3907215 3970073
4027146 3862671 3874417 3723549
3924642 3964217 3946503 3933755
3948414 3851138 3896778 3800482
3857672 3838585 3830265 3896420
3875694 3821901 3893100 3686173
3795421 3797970 3864266 3969364
3894265 3946646 3882282 3910082
3906563 3795777 3930657 4062017
3953953 4029568 3992517 3974214
3892700 3711829 3852764 3921000
3750492 3863810 3826611 3856157
3885545 3802016 3881773 3812461
3870560 3838240 3761643 3879462
3865359 3865718 3921955 3822463
4012498 3878577 3892688 3716832
3979226 3966738 4012603 4005754
4011693 3874667 3969532 3871755
3892697 3846153 3834542 3801447
4017818 3835817 3879362 3672389
3847319 3755569 3911911 3780795
3908699 3738490 3852819 3609498
3894719 3788485 3784609 3830358
3944351 3879799 3911203 3872096
3966049 3930526 3890553 3910467
3971996 3960846 4010413 3964488
3861221 3806909 3739896 3840923
3872404 3815176 4000022 3872850
3838331 3779714 3766255 3759550
3854212 3865399 3879640 3793596
3783213 3801711 3847752 3787273
3929238 3955758 3922604 3829007
3908784 3821368 3885059 3892498
4043221 4024177 3913734 3854162
3826932 3722879 3803259 3748835
3924606 3877953 3867824 3933961
3796259 3676010 3740072 3721140
3874754 3832947 3859920 3721125
3782021 3846773 3812092 3899695
3933034 3821037 3830902 3805644
3860598 3958279 3863665 3996881
3999387 3918670 3807888 4013105
3754035 3851085 3734002 3885736
3938935 3808947 3773793 3798829
3701263 3868635 3718574 3828824
3873228 3852522 3741945 3779811
3798775 3804403 3929490 3915049
3893053 3776974 3891371 3828189
3979317 3961044 3973979 3974324
4005633 3890762 3870377 3882682
3877371 3825367 3760358 3803758
3871267 3847986 3906686 3717748
3821301 3858590 3802325 3884935
3860946 3774681 3730817 3715211
3793042 3716322 3829495 3895156
3875097 3844437 3799809 3866463
3798089 3708231 3759945 3801175
3747290 3887830 3739695 3804682
3823875 3723532 3831535 3864992
3817606 3833795 3777793 3859974
3978152 3834256 3991835 3993901
3970024 3966034 3912534 3930305
3846658 3775456 3876335 3834393
3895443 3778388 3852208 3670557
3831680 3765046 3861661 3775535
3784840 3746652 3765864 3646694
3921284 3816606 3913851 3808397
3857197 3790846 3804583 3651161
3951307 3937791 3934960 4001364
4057811 3786568 3952332 3757855
3880188 3713572 3685859 3801766
3788473 3846104 3896287 3738261
3836626 3764685 3718138 3856975
3862050 3813987 3771244 3722076
3796129 3793347 3787545 3885516
3841076 3864032 3906284 3845694
3905138 3901611 3869152 3931858
3976905 3979746 4013310 3982128
3817496 3669523 3775766 3651873
3826082 3927604 3803563 3745082
3752045 3690413 3800430 3689764
3876969 3817021 3724045 3762534
3737596 3695377 3831276 3730758
3853445 3916417 3793568 3802030
3920743 3843710 3931119 3849480
3984781 3851018 3846550 3849499
3713574 3887592 3812272 3840359
3897316 3825892 3683611 3710190
3671862 3814310 3689967 3780498
3933514 3629457 3641319 3783028
3754738 3853878 3752363 3874815
3972276 3756054 3729927 3740391
3836263 4107130 3887760 3964510
3976737 3914299 3923837 3914705
3863302 3789909 3832252 3851680
3857982 3693495 3750908 3661762
3811100 3800705 3706296 3829872
3848446 3736721 3682186 3706802
3810317 3776256 3766674 3921785
3810572 3758100 3808757 3735577
3923033 3931978 3940973 3906059
3983591 3849863 3782677 3846022
3793475 3804479 3824543 3906865
3833040 3912911 3768363 3930590
3838535 3898074 3903099 4026565
3935271 3916960 3928636 3959069
3815568 3789317 3832146 3881153
3856697 3966609 3870828 3844259
3887518 3777322 3908274 3964833
3844398 3953909 3840801 3914802
3777794 3789361 3849306 3805494
3839599 3744147 3796421 3681630
3973605 3918061 4077134 3893122
3936937 3880994 3986827 3795186
3889985 3846700 3911045 3859234
3912776 3835968 3817409 3719421
3831308 3878301 3950639 3868448
3953520 3823915 3849267 3724093
3816605 3727939 3651569 3748116
3789987 3832316 3877385 3743563
3953878 3925204 3844375 3876394
4011801 4054235 3986144 3950382
3897938 3742457 3789826 3857713
3858636 3870299 3885808 3769621
3855533 3798487 3758010 3884266
3852339 3901312 3893667 3841666
3768339 3702169 3811461 3719149
3894045 3860971 3865947 3755273
3899555 3828875 3893571 3839613
4033490 3889724 3952160 3970923
3883232 3797621 3807962 3786938
3917134 3909978 3892571 3803572
3816474 3791911 3860232 3753541
3936389 3966815 3911800 3985197
3720075 3846331 3666369 3810223
3809083 3834894 3751371 3732813
3794922 3887373 3902859 3929795
4046851 4027517 3823355 3916066
3697145 3896838 3766522 3908566
4031481 3779338 3780856 3768749
3808377 3902514 3828906 3929309
3925457 3860011 3851776 3826797
3840274 3860313 3684254 3863342
3829463 3787949 3749708 3661178
3888438 3950846 3946473 3967066
4020159 3909707 3885234 3877889
3868542 3887970 3848431 3898693
3944290 3778714 3798348 3789922
3896613 3844284 3826833 3886801
3898136 3885068 3807331 3763758
3762516 3777666 3820375 3806924
3793434 3832652 3868030 3865601
3921368 3857363 3938768 4116306
3958413 4003386 4017482 4010402
3873668 3801922 3994368 3951594
3899456 3981585 3893952 3931303
3925853 3900322 3973506 4058617
3966947 4006512 4012538 4130576
3843772 3785318 3996094 3822137
3956349 3811940 3789160 3651233
3864468 3870410 3968138 3914278
3985591 3867776 3912515 3691371
3909912 3919353 3837717 3921517
4090690 3851327 3894577 3764826
3984571 3992603 4001885 4010390
4052073 3910978 3987860 3811387
3799735 3718084 3735235 3786297
3805142 3861996 3921668 3764235
3905942 3857332 3813783 3897016
3975915 3960929 4018557 3999381
3882955 3965018 3798480 4020520
3897707 3967084 3949747 3878736
4039865 3927360 3897235 3948330
4024586 4057959 3987910 3975716
3815422 3720322 3782717 3680637
3839101 3928573 3796026 3806943
3825732 3873033 3927310 3860933
4034889 4037479 3925936 3873648
3850794 3810798 3849484 3859789
3912331 4034046 3949859 3971159
3890977 3745634 3956643 3929541
3933845 4019640 3977445 4026965
3758225 3846608 3683450 3825389
3871040 3849371 3713566 3766697
3897698 3954714 3891028 3909795
3994160 3905091 3803193 3899153
3872484 3976807 3837261 3955555
3974703 3895356 3813561 3890510
3908910 4035263 3862115 4041699
4017613 4041896 3883294 3893061
3781797 3798789 3779710 3839528
3865275 3752699 3721042 3735942
3934773 3855834 3882607 3964618
3961955 3876802 3968234 3775211
3969651 3866127 3918153 3927837
3978797 3831413 3809590 3746573
4046740 3939555 3988119 3928488
4029785 3899252 3882385 3866199
3880924 3899074 3886309 3978478
3928603 4011497 3847777 3929191
3864839 3810568 3925904 3941317
3856644 3931548 3866724 3968775
3973268 3873177 3942556 4026045
3941963 3997350 3880421 4052894
3853537 3728772 3784999 3943669
3777670 3838134 3862851 3949031
3857928 3768851 3957883 3869758
3957665 3889125 3826780 3740721
3922429 3845791 3872102 3848096
3958652 3875718 3929151 3751440
3847854 3919816 4066348 3876403
3993229 3845869 3942287 3739829
3697091 3754425 3825289 3843694
3803197 3723095 3831952 3637957
3837481 3920448 3815022 3879630
3973593 3947617 3910697 3895372
3772247 3787392 3681566 3978618
3864003 3919672 3940098 3861136
3952848 3945212 3844933 3961590
4008072 3910286 3979501 3901672
3778608 3795188 3776375 3854310
3810066 3888462 3816865 3769692
3823721 3784272 3877589 3811828
3927250 3954358 3894960 3912484
3776302 3730458 3767651 3780758
3946207 3851428 3924498 3865090
3976906 3793339 3950151 3775295
3999888 3952336 3948875 3866247
3689665 3667818 3702894 3783240
3810686 3806127 3827535 3683383
3816186 3936467 3823424 3953313
3976521 3927874 3800700 3866739
3838873 3889485 3753596 3893851
3968068 3818014 3781109 3845482
3814992 3913653 3776809 3935335
4059570 3876386 3861473 3891009
3664633 3778025 3752075 3809264
3920639 3793868 3748096 3828573
3887446 3914491 3860615 3816159
3885970 3818072 3817206 3685595
3876480 3881998 3763343 3829155
3936401 3782127 3827860 3736508
3943665 3935152 3885756 3876667
3998365 3859110 3913945 3788113
3818834 3818134 3695765 3856148
3716159 3753942 3770576 3718757
3899791 3866918 3964566 3989397
3919983 3940013 3908131 3997552
3853104 3721102 3864050 3975097
3827110 3952132 3925091 3966130
3902476 3794062 3909420 3955909
3897333 3926734 3830105 3935213
3954832 3911645 3874651 4122222
3906366 3986177 3896950 3970631
3852512 3954888 3997951 3928631
3865876 3836679 3981946 3808566
3845908 3726585 3889211 3914422
3948304 3822023 3828600 3712936
3952957 3867400 3953858 3902743
4004117 3855092 3915636 3769159
3977595 3850623 4008498 3942037
3998681 3793009 3925419 3766616
3819168 3849235 3780573 3866849
3897738 3990729 3987927 3898355
3863076 3783126 3718710 3762390
3859813 3851476 3906834 3792148
3865798 3876340 3820345 3856906
3888676 3969574 3973432 3826937
3917990 3819023 3882212 3936108
3918479 3960666 3954633 3964985
3823733 3773098 3826120 3833741
3980852 4015842 3908720 3870013
3825136 3699254 3810786 3756911
3902285 3950635 3874386 3851788
3790418 3758005 3808644 3781554
3943813 3923060 3882859 3861754
3944548 3818327 3873834 3833735
3950121 3968863 3909315 3921013
3773824 3970085 3874961 3938158
3983103 3940950 3813766 3878458
3806808 3874956 3762327 3909643
3863734 3824007 3808301 3776303
3827283 3935780 3835503 3907918
3883839 3889209 3807334 3864486
3900668 4005663 3816401 3984818
3900298 3933619 3874050 3928396
3929866 3860254 3856640 3899951
3921057 3895209 3769513 3768523
3801641 3847768 3816687 3774155
3875300 3785717 3772004 3722313
3908209 3895153 3824623 3940509
3806154 3846763 3813662 3817938
3985578 3850686 3890905 3848947
3864756 3831178 3860530 3843458
3901584 3722012 3748100 3777749
3626942 3691017 3699002 3834773
4004927 3758177 3855799 3749304
3719311 3770509 3807220 3960073
3886894 3772391 3714704 3814852
3624991 3730794 3761052 3849755
3994206 3876176 3965636 3915085
3834006 3891871 3916211 4027055
3787556 3720398 3925157 3612256
3809066 3826257 3723525 3911684
3868505 3774782 4135921 3729987
3972870 3958172 3878090 3860625
3832478 3656330 3972954 3640523
3803772 3780326 3759197 3755027
3879522 3949533 4171106 3806622
3907962 3930391 3875439 4020152
3839846 3805270 3832081 3713249
3658809 3701080 3865743 3706257
3949645 3926715 3933300 3862978
3808425 3835946 3980848 3787260
3949707 3873391 3799593 3726183
3807414 3677205 3820488 3749386
4094189 3921735 3955332 4000721
3884664 3943462 4015359 3878981
3615480 3713976 3561610 3663406
3730291 3778494 3543785 3700422
3825775 3840316 3709355 3788159
3890340 3966043 3673572 3697315
3712990 3739823 3689691 3775863
3805077 3848160 3689443 3657441
3913042 3957156 3776948 3883723
3875381 4038132 3761011 3841538
3685711 3872846 3769108 3817040
3832207 3800931 3808623 3789406
3820781 3998627 3843754 3988986
3904178 3853103 4013756 3905640
3732666 3907683 3786497 3940409
3864090 3777844 3790730 3896410
3894845 4012374 3991013 4038974
3967335 3971234 4078837 3979397
3735760 3827327 3771777 3835915
3811852 3699899 3630864 3656978
3836424 3925423 3931355 3784741
3945912 3755109 3908964 3853175
3788328 3769023 3838529 3767597
3838830 3716234 3787269 3784685
3847252 3951452 4020100 3990619
4008313 3832774 3959992 3905408
4007526 3794889 3872147 3882360
3803428 3836279 3840242 3854745
3911403 3731992 3793829 3820904
3711027 3735250 3793410 3876493
3918485 3735170 3814293 3840202
3727490 3778107 3816374 3965148
3978206 3754002 3925689 3872547
3808448 3805626 3814651 3934596
3930564 3825503 4083235 3726374
3877108 3995479 3893891 3940811
3884167 3816247 4035782 3810325
3887793 3863204 3852205 3885020
3900370 3795529 4133975 3758308
3924811 3921234 3942867 4017564
3937848 3854624 4112701 3682868
3979603 3969346 3819353 3934195
3948511 3894800 3901636 3939028
3830971 3855839 3929551 3872696
3998249 3842327 3788325 3836347
3833914 3747973 3838173 3803756
3976185 3960425 3968867 3976695
3799703 3797818 3930092 3831449
3889043 3918647 3838600 3946423
3907463 3784518 3993643 3833779
3812471 3827096 3820308 3748508
3853395 3908174 3703080 3632592
3762897 3769458 3780048 3771143
3838574 3803905 3697066 3719759
3802838 3814340 3738702 3848052
3838335 3969664 3733952 3854528
3810632 3886515 3772072 3770205
3805245 3917346 3728341 3812806
3875717 4039854 3896797 3964704
3910669 3930276 3899188 3854245
3756710 3898064 3837965 3956705
3804598 3754030 3860206 3904794
3821453 4000602 3842710 3986517
3884517 3818470 3940565 3926925
3742094 3967295 3910612 4004010
3932196 3912611 3920035 3974213
3813968 3910494 4006774 3851047
3824845 3736498 3980927 3725886
3756724 3837705 3888155 3897104
3925597 3778927 3832992 3741909
3838275 3918637 3996641 3897643
3981795 3748594 3995049 3815722
3864427 3935172 3968110 3869021
3893015 3750065 3849142 3845868
4042960 3785715 3895105 3849168
3814504 3775868 3781958 3938682
4094386 3815453 3857716 4012924
3967168 3881720 4011477 4115844
3940196 3693662 3824668 3778947
3737355 3734068 3690725 3898328
4040810 3851915 3980775 3982033
3919208 3897330 3886380 4016328
3928070 3836455 3972033 3718713
3835065 3947330 3739662 3927657
3986079 3863244 4189897 3846455
4056793 4037720 3974900 4108388
3840476 3708392 3972762 3755321
3876729 3825622 3821409 3901443
3930090 3865556 4256100 3843048
4041790 4001967 3941091 4002099
3925639 3907542 3918673 3975038
3801530 3742381 3965975 3799946
4127787 3932845 4018660 4049919
3996611 3920429 4141796 3867392
3872308 3861151 3804752 3755832
3738240 3693878 3817938 3701026
4112390 4091837 4044786 4045398
3946393 3919458 4109041 3900262
3811270 3843688 3731783 3685610
3783744 3931310 3699412 3729026
3890346 3853865 3846633 3942679
3919586 4047740 3862282 3820066
3743976 3671314 3643650 3758216
3796096 3860245 3633527 3781200
3845607 3922724 3858469 3932770
3884335 4020212 3815456 3832490
3719294 3969286 3922189 4039231
3828135 3862793 3948191 3913359
3959484 4155631 4008310 4098878
3930253 3978787 4013203 4071796
3702527 3866952 3799807 3979529
3845807 3848041 3799228 3834654
3895717 4141280 3908107 4101868
3936404 3952631 3977264 3990081
3832509 3908223 3938669 3924188
3922394 3767294 3881444 3802114
3922160 4018849 4109913 3954954
4176836 3946613 3983421 3955273
3806439 3921679 3861900 3850627
3835206 3767628 3788101 3766984
3932498 3993900 4058576 4101755
4032027 3903902 3997401 3995166
3924158 3794884 3870137 3796027
3737971 3784977 3766759 3915434
3885628 3784096 3798164 3718638
3655085 3735088 3769335 3876753
4051681 3880544 3967992 3881402
3801214 3841372 3849896 4044528
3979159 3709780 3953826 3891444
3808838 3746581 3881634 3992571
3995934 3862157 4119015 3694954
3995577 3862944 3882567 3887391
3867387 3811958 3988400 3724087
3829275 3915969 3813542 3817426
3953442 3834520 4126240 3890747
4005145 3999234 4037361 3986264
3863350 3805194 3995340 3777517
3955331 4013759 3842210 3984732
3893215 3983088 3884462 3880350
3806325 3835808 3955914 3793613
3920730 3865508 3848084 3849103
3792862 3829739 3922330 3745359
4004280 4019781 3976621 3997256
3921570 3882229 4099486 3852949
3979188 3945021 3891303 3923691
3930861 3834071 3935062 3806537
3838981 3853483 3713470 3837753
3859901 3838862 3730017 3710847
3782936 3792543 3792794 3727354
3766573 3852963 3661665 3742918
3802929 3909257 3842443 3822439
3865588 3954800 3800827 3834382
3782958 3887329 3887329 3815737
3871509 3950256 3708717 3725920
3753101 4090065 3920092 3986551
3891718 3855698 3982101 3863036
3745958 3938286 3791716 3992542
3819707 3808463 3883290 3898243
3835065 4047993 3916558 4100681
3985063 3894338 4058029 3966979
3831637 4037359 3911505 4027908
3934113 3871232 3919142 3893390
3794647 3967028 3954096 3858736
3962537 3776054 3939095 3781712
3820522 3881462 3927500 3917752
3887241 3761924 3857056 3770251
3896043 3924946 3953653 3951490
4000043 3911172 3933995 3844887
3864493 3831011 3953983 3891446
3967029 3856766 3832494 3833587
3892401 3800943 3848433 3833375
3743567 3767835 3809235 3936968
4013633 3799174 3809137 3851324
3758017 3842371 3790157 3868809
3894386 3724613 3769462 3764225
3716079 3678907 3631774 3855696
3851560 3755308 3737754 3750876
3768836 3620982 3684595 3884130
3961228 3820722 4050614 3673567
3840657 3956636 3773095 3887275
3885283 3735876 4056213 3777964
3885932 3905654 3833988 3969814
3791656 3789494 3905505 3649383
3789323 3872867 3752533 3827343
3821736 3664007 4063363 3611401
3819159 3899491 3767305 3794825
3936750 4012418 3809998 3923239
3792004 3784093 3972270 3737404
3873688 3905763 3961226 3958786
3755815 3741393 4006343 3812242
3911560 3792779 3808970 3774635
3749673 3593217 3783202 3748106
3908576 3851376 3729533 3811306
3734819 3712387 3891315 3763904
3851823 3747664 3771923 3808914
3791588 3883585 3679660 3736844
3805765 3854993 3778523 3805055
3792556 3893948 3658533 3659357
3701854 3617934 3664581 3643073
3689826 3838959 3683410 3728353
3756566 3715825 3760344 3746986
3772020 3814271 3655557 3744828
3780277 3968676 3878214 3962000
3835937 3919725 3892603 3928937
3815962 4055414 3883602 4029362
3878768 3916463 3918853 3864810
3600862 3893311 3755606 3868948
3772411 3800585 3832970 3824678
3707776 3912494 3807023 3853812
3812828 3817368 3866150 3837210
3813388 3876107 3890618 3936660
3899312 3766072 3827573 3789391
3869179 3864633 3977819 3953030
3956998 3832964 3975143 3923305
3757670 3794322 3858107 3778631
3779603 3716687 3793550 3594917
3673632 3794941 3885000 3784091
3823700 3742866 3818637 3667192
3997393 3839932 3814801 3873725
3844521 3824541 3811048 4009967
3975664 3832990 3849513 3813314
3723671 3763466 3794856 3905450
3987574 3843942 3963956 3872871
3799250 3877841 3892016 4022562
4010281 3834790 3892402 3809526
3825128 3798474 3802768 3845349
4011790 3812201 4059497 3805925
4006424 4015451 3843456 3949844
3820885 3739682 4130905 3695506
3833097 3816756 3858376 3893886
3932523 3881472 4234369 3812171
3969680 3963271 3932059 4044909
3860694 3822443 4023067 3716076
3917358 3909437 3817494 3966018
3992450 4017583 3937012 3918006
3859620 3873463 3939613 3817222
4022659 3871856 3874856 3907870
3807896 3811666 3915128 3824454
4057248 3996146 3914472 3962985
3936945 3873121 4087071 3870774
3980505 3913464 3871750 3900690
3752309 3773604 3966884 3697834
3864981 3889939 3795133 3802097
3819170 3945308 3790656 3862325
3687291 3876799 3733997 3764498
3781375 3801843 3674668 3664420
3920930 3865249 3806267 3822961
3856138 3984252 3730481 3897055
3783277 3822972 3764386 3707225
3845417 3835550 3734819 3700508
3828263 4024781 3866193 4053155
3936733 3878409 3925510 3877852
3813841 3974824 3940649 3975087
3930400 3866809 3813812 3871667
3839135 4120843 3930590 4016644
3982635 3897989 3982432 3964764
3834793 3977961 3924600 3923994
3898872 3834396 3931997 3875716
3864203 3940077 4064226 3919794
3968876 3802393 3879595 3866936
3812585 3899818 3870514 3930920
3881215 3758810 3824819 3807387
3873526 3956818 4014690 3885246
3943099 3863526 3981336 3891511
3788599 3916462 3910617 3884603
3835016 3823967 3885172 3818334
3932487 3650454 3761677 3763851
3691798 3787103 3772974 3863563
3916005 3780072 3737087 3827880
3782498 3836635 3815950 3869566
4040736 3672241 3893771 3893572
3857890 3885043 3840640 3976031
4029242 3905046 3887399 3960227
3838346 3846217 3840250 3924291
3838142 3740038 4047859 3666623
3815161 3841717 3851078 3931712
3836780 3799674 4073141 3744568
3880859 3921055 3847169 3860503
3855560 3719710 4113578 3753465
3869433 3958440 3900907 3936201
3950662 3899881 4260603 3733495
3886372 3994144 3811546 3928279
3897915 3837434 3906817 3768277
3736654 3774700 3854413 3838909
3902896 3856161 3878921 3825276
3801400 3802333 3929656 3722274
4079713 3936576 3901616 3850489
3898083 3884873 4080922 3860971
3963266 3997119 3921719 3916139
3901504 3881506 4085964 3820007
3772837 3780850 3748146 3688033
3814739 3874677 3690566 3667436
3792028 3834915 3727486 3706322
3801467 3879143 3672775 3778957
3763292 3912702 3699015 3826813
3775343 3910970 3784562 3729139
3841959 3986886 3860802 3796406
3931402 3936541 3706451 3844334
3791486 3953227 3836583 3907964
3828015 3797971 3856421 3793649
3781219 4029965 3951617 3906061
3838377 3851847 3904974 3860727
3799371 4042768 3990144 3958195
3935291 3878713 3929480 3987345
3867693 4091677 4005770 4050097
4037028 3943228 4019495 3985964
3825476 3891800 3856456 3862578
3844134 3730002 3922471 3712744
3768570 3965617 3983586 3889993
3765130 3707281 3893812 3761227
3835285 3921280 3962893 3938315
3863492 3779795 3872893 3786874
3911055 3971074 4081403 3950775
3874110 3934089 3850883 3877947
3936712 3758831 3910514 3827029
3759092 3783787 3894823 3879424
3870019 3624185 3759593 3771214
3581511 3665465 3735310 3892315
3987514 3842707 3872031 3858488
3787786 3833226 3837069 3964397
3969541 3735280 3928278 3905289
3875261 3859088 3893751 3916382
3918475 3782890 4052391 3749017
3878643 3934533 3863552 3987689
3823815 3791685 4079303 3749855
3793397 3878812 3726035 3814845
3987596 3839734 4021275 3763452
3892993 3953546 3926986 3922720
3871522 3866025 4133941 3735498
3937749 3924738 3893714 3922901
3934101 3986905 3913995 3950317
3798138 3876120 3927110 3816256
3876445 3879873 3841974 3800300
3772670 3732264 3882903 3682907
4024889 3957168 3883179 3928338
3832126 3764603 3960970 3745008
4019709 3989774 3935477 3944935
3905664 3756610 3938282 3788799
3820757 3884645 3745489 3770499
3825060 3949618 3743774 3803845
3705412 3735744 3680982 3635550
3823866 3786999 3634463 3661987
3865560 3844084 3730332 3789519
3781270 3964374 3766165 3781947
3808646 3836383 3749619 3763762
3837372 3956858 3724953 3755464
3760845 4065324 3919776 4024734
3841853 3807985 3941989 3900268
3699945 3878137 3861743 3906704
3858511 3734786 3920306 3821025
3782476 4023761 3897260 3992771
3931336 3890453 3942860 3940141
3785224 4001901 3930280 4020669
3932815 3988815 3943485 3895021
3807683 3910117 3955659 3913771
3954703 3804726 3900221 3748844
3811105 3806904 3860794 3792981
3795016 3713099 3796382 3692764
3857649 3888119 4007250 3873829
3884878 3753914 3816054 3788685
3806570 3892494 4040905 3816957
3980637 3752639 3883359 3805235
4102971 3922203 4049821 3925494
3947685 3937325 3912880 4018480
3866642 3666439 3793315 3792062
3600890 3681667 3720451 3850631
4048947 3813775 3895999 3797428
3751977 3778553 3835155 3951414
3822256 3586644 3696341 3790473
3672688 3637872 3785257 3910215
4095719 3955036 4186392 3899995
4100788 4065268 3927451 4121281
3819340 3736347 3974069 3709154
3853500 3865459 3751346 3776937
3872003 3872599 4106935 3753289
3895850 3934257 3886321 3949418
3901519 3762623 3949321 3629104
3843516 3850717 3764677 3794251
4057066 4069368 4089336 3971408
4063468 3942750 4125928 3941392
3874142 3854114 3778920 3820117
3774091 3762601 3810942 3617035
3955607 3997987 4023761 3943301
3864129 3810947 4031695 3887376
3870701 3798437 3798418 3775839
3816869 3626777 3842196 3693183
3927176 4042351 3953693 3911158
3914944 4069373 3793672 3874580
3680123 3711242 3687493 3617060
3729292 3863328 3612613 3664709
3830618 3845440 3747944 3814771
3873317 3969937 3782828 3930503
3723561 3751418 3573806 3716521
3727499 3871815 3651568 3649812
3879610 4182453 4046857 4195322
4105007 3972287 4099595 4016236
3702071 3915367 3833792 3901151
3793941 3765790 3838262 3830098
3809625 4007052 3943878 4015418
3930246 3861093 3973813 3974301
3714628 3902516 3808535 3901691
3761687 3817243 3864739 3862098
3963091 4094514 4154304 4071536
4011685 4015311 3965624 3936565
3744759 3801171 3920153 3895685
3821214 3676583 3828460 3671718
3846945 3894700 3999409 3921093
3985367 3797939 3931371 3834324
3733756 3804291 3853694 3671721
3864282 3641574 3695583 3685962
3926258 3752405 3840846 3850143
3839611 3765015 3793002 3941737
3972023 3683420 3835023 3831052
3833260 3744485 3740398 3898267
4015544 3867173 3949032 3921400
3846635 3883172 3809838 4038286
4027081 3782511 3854315 3896828
3877233 3845453 3863278 4092012
3912534 3777278 4086790 3704928
3851611 3906172 3789725 3905547
3838331 3811665 4029632 3676143
3912274 3939096 3857519 3907258
4019555 3885116 4109792 3812227
3976966 4025605 3942814 4044015
3922770 3913989 4126708 3762601
3963497 3969750 3892454 3972825
3882306 3905072 3860846 3845402
3880448 3827192 3946515 3836715
3880548 3839131 3827623 3863941
3710819 3729053 3884178 3799041
4015528 3953000 3909235 4091096
3877823 3850863 4059670 3880020
3967356 4019451 3998806 4021926
3899518 3817989 4042114 3825974
3808675 3824449 3696285 3704084
3801993 3872573 3707935 3721758
3748587 3833621 3774655 3725164
3835348 3775905 3643208 3632874
3835063 3845637 3846394 3785881
3792426 4054489 3775123 3815187
3864802 3861378 3784478 3775311
3812314 3979677 3680433 3873376
3719280 3996635 3800864 3924992
3870880 3845223 4033640 3857147
3685175 4027047 3911356 4023000
3807740 3739306 3863914 3971831
3841527 4071496 3960103 4088280
3992478 3924720 4034301 3949227
3784338 4106196 3914435 4018269
3929313 3866227 4002179 3928584
3868218 3864039 3973416 3899684
3833285 3728264 3915207 3715058
3842401 3858867 3851484 3875785
3936823 3761896 3874892 3731444
3872641 3940758 3999298 3994408
4050590 3901204 3940867 3912157
3913642 3942784 4024353 3917852
3900490 3799153 3873480 3814647
3869087 3738761 3750422 3760532
3728791 3745804 3802041 3858320
3973802 3776994 3892794 3876030
3840754 3799881 3863386 3992179
4055880 3769449 3886598 3874544
3777830 3788090 3791833 4019821
3814207 3627352 3728527 3735898
3714371 3704446 3704762 3813515
3789554 3778769 4073276 3644325
3807691 3820324 3905720 3924396
3978584 3852090 4096257 3759751
3919903 4017508 3865993 4015642
3961856 3904466 4071452 3764762
3987183 4084499 3873391 4010776
3754687 3757083 3909066 3606817
3787449 3772583 3727119 3835224
3927379 3896777 3911933 3806869
3772880 3756817 3883749 3685807
3970937 3944292 3906058 3947148
3871606 3936291 3935525 3860934
4042203 3974148 3982167 3933795
3942808 3835804 4024475 3878843
3823293 3721904 3800073 3766714
3653229 3731851 3798783 3632277
3696970 3798637 3699233 3684891
3789915 3864497 3671477 3808045
3820532 3868009 3835588 3856725
3834369 3922374 3797059 3774785
3840906 3878004 3765625 3829304
3792841 3966804 3806245 3828694
3665976 3800460 3678085 3688755
3696293 3843398 3616381 3626271
3730958 3972158 3812788 3979513
3840178 3859891 3817879 3840552
3797846 4046482 3871899 4041251
3893810 3943590 3970494 3905873
3763729 4078762 3882333 4002427
3965551 3888184 3973083 3965487
3652862 3859763 3816725 3850549
3745977 3747683 3820687 3751350
3769096 3884463 3882915 3881618
3822645 3727525 3891619 3743259
3872843 3938071 4004850 3905282
3948203 3730817 3963636 3864111
3840675 3970799 4021236 4000311
3950961 3858733 3925385 3841562
3695760 3719529 3869917 3832338
3804592 3629269 3785711 3607051
4051042 3873917 3922663 3893397
3792211 3877191 3863735 3986015
3936821 3673969 3872744 3776752
3716256 3787161 3737425 3887679
3953098 3731583 3860651 3887103
3842263 3738681 3874670 3892952
4032236 3759976 3886059 3799607
3802191 3798949 3835830 4014450
4026567 3854410 4185064 3732742
3970371 4053515 3855691 4052083
3762491 3777811 4020669 3639136
3871601 3906339 3695670 3924525
3914949 3850834 4021591 3732079
3824175 3888282 3797498 3859780
3933063 3890803 4073359 3878869
3870461 4001378 3939230 4044451
4036312 3991044 4013974 3957681
3936885 3857968 4053093 3900337
3904106 3909836 3832412 3848028
3809175 3741763 3881904 3787989
3951873 3947363 3875782 3941996
3802058 3782663 3944762 3839377
3972919 3966427 3867717 3942515
3837905 3805032 3967268 3867980
3818785 3892920 3813749 3865930
3949527 4000613 3786276 3755882
3751300 3803051 3666214 3674750
3742814 3880073 3624550 3687084
3803903 3828195 3749421 3806872
3834288 3952217 3723563 3758173
3910980 3890017 3794789 3822119
3904654 3968038 3769568 3833200
3770202 4068150 3945482 4119770
4032321 3908089 3967172 3999268
3713770 4000894 3869694 3931524
3835554 3838099 3891883 3921838
3770108 3989251 3919953 3928067
3901525 3811666 3919410 3848496
3759228 4037921 3861369 3994255
3918042 3886117 3912509 3852073
3932540 3945342 4000525 3994216
3982545 3882891 3912964 3830522
3663037 3840535 3959237 3886643
3912099 3719946 3809368 3720458
3857885 3868398 3972056 3922110
3846474 3730298 3893198 3742250
3830220 3886721 3910436 3852612
3926398 3898977 4033523 3845900
3910348 4060984 3977397 3982774
3940998 4060482 4028277 3935000
3848246 4017568 3894963 3842307
3923418 3910489 3944299 3802095
3934229 4028456 3970028 4000524
3972529 4015629 3941380 3871921
3799233 3994111 3836691 3908120
3908610 3912388 3952989 3857525
3981449 4003201 3957912 4013259
3980618 3822963 3972650 3936154
3952858 3923685 3944181 3865356
3809505 3701631 3887892 3799185
3990354 3945867 4037470 3995083
3928498 3704631 3985733 3871264
3963902 3918764 3925207 3866307
3786297 3744328 3823525 3801890
3809136 3898843 4006951 4041610
3988057 3877220 3962268 3969212
3880704 3758519 3867606 3925871
3955931 3787276 3819524 3945229
3966246 3856296 4003324 4074618
3972117 3806392 3879100 3997128
3754972 3762009 3842239 4099269
3961340 3766936 3847631 3941180
3918420 3961180 3862244 3946554
3875163 4037042 4018731 4038978
3862999 3807759 3749506 3840385
3841852 3892095 4022721 4056185
3973259 3931549 3858971 3926034
3981694 4105394 4126136 4074998
3936989 3878204 3715758 3865093
3824044 3918624 3939563 4030725
3806281 4048854 3829203 3992300
4031580 3931453 4195911 4040957
3586279 3950434 3810547 4030136
4002647 3857918 4082166 3956507
3718661 4128095 3909437 4083543
4041442 3969127 4193953 4020344
3711707 3958472 3871770 3984819
3964274 3857902 4116262 3977267
3978143 3948322 3995445 3983089
3989383 3899139 3951132 4090426
3829170 3887844 3970129 3934789
3894892 3793785 3886567 3995138
3998422 4013154 4037180 4015848
4002295 3911950 3878673 4000947
3869541 3882574 4011089 3987402
3974347 3799037 3907097 3944032
3884833 3943602 3848369 3944142
3806653 3880476 3875468 3853295
3760076 3831817 3746256 3835291
3785471 3896746 3838761 3702597
3858600 3904320 3802745 3952442
3829198 3945428 3838829 3786956
3900043 3953667 3971186 3921046
3860363 4059829 3822529 3856620
3971527 3888194 3876924 3793555
3828138 3628510 3877349 3881742
3781294 3708631 3788433 3783905
3734916 3573411 3802442 3747962
3918634 3854116 3956241 3895810
3769467 3666150 3841069 3740920
3870767 3922325 3868013 3894956
3891182 3746381 3839070 3859729
3763681 3696364 3851451 3914552
3923200 3737509 3874971 3941959
3715806 3636165 3822915 3897980
3871356 3627219 3725256 3875696
3716053 3729669 3830912 3865469
3893897 3758428 3781752 3906985
3856750 3793428 3889403 3916296
4041342 3817815 3909795 3979320
3868225 3854265 3680771 3854763
3806522 3958452 3948996 3902648
3710950 3735269 3644366 3789106
3636688 3842206 3801607 3827101
3809474 3764200 3652057 3825847
3760022 4019385 3901551 3847328
3913696 3814115 3796879 3868303
3805671 4007797 3872080 4014739
3709037 4008917 3830534 4013128
3992241 3864051 4020098 3944378
3600437 3874380 3793644 3856460
3849626 3778338 3964613 3733667
3644079 3893253 3794297 3889268
3898057 3810264 3988172 3901362
3651624 3994870 3793172 4033763
3911581 3852340 4029446 4008489
3849439 3876530 3932654 3981744
3985656 3814532 3831326 3946710
3707771 3749960 3821908 3807950
3862737 3704888 3734722 3773296
3881133 3911942 3915555 3843729
3922289 3736497 3811982 3803282
3830144 3880234 3826161 3971590
3914096 3865231 3935143 3907646
3842826 3914282 3790267 3867897
3745577 3911070 3877465 3796028
3856005 4003453 3891500 3894546
3994229 4018503 4017068 3902600
3771281 3827612 3695377 3837871
3784897 3824693 3800764 3762362
4026942 4073005 4045997 4039658
4039101 4087903 4074298 3928815
3899502 3773587 3884525 3822995
3813757 3685525 3740609 3780080
3987159 3932601 4015773 3957819
3892820 3711133 3934121 3934380
3825279 3792156 3898833 3831771
3742842 3601839 3763184 3713534
4078417 4016421 4081224 3998500
4059456 3826306 4005224 3968801
3812171 3770224 3862318 3966780
3926662 3724739 3796316 3937269
3863071 3761061 3995346 4014237
3940480 3860302 3890144 3952900
3618828 3703845 3823576 3891966
3783446 3674575 3679326 3814480
3924324 3892308 4068202 4089303
4080588 3953296 4073066 4111030
3830111 3815566 3656236 3818025
3797089 4007446 3890464 4058720
3867659 3930203 3789356 4026618
3848040 4019805 3967486 4061388
3746748 3728340 3619679 3679832
3681363 3931638 3816553 3796870
4005093 4021729 3897036 3921358
3910103 4052659 4115990 4113488
3655482 3960588 3714662 4003815
4005149 3829420 4060598 3825378
3765048 4047548 3948071 4012519
4145094 3891191 4166137 3972066
3562096 3944721 3753773 3915894
3950328 3726966 3954912 3812742
3865676 4073536 3988512 4059535
4123823 4014361 4205460 4131489
3810271 3902330 3849896 3864570
3857728 3768026 3900775 3894945
3981739 3995743 4034424 4066745
4061560 3866492 3904093 3997586
3684134 3754512 3856837 3739445
3830943 3691927 3761672 3798137
3961757 4050048 4046135 4012031
4104922 3953722 4054669 4085800
3740941 3858809 3763487 3780733
3856326 3888178 3816167 3784966
3890942 3917050 3820460 3997983
3861035 3939491 3928390 3859970
3777185 3910068 3809111 3834804
3749561 3872004 3855278 3743101
3833693 4050607 3883006 3988639
3922668 3986156 3973531 3840309
3924499 3810133 3883914 3801444
3729588 3607684 3750494 3803552
3938138 3875499 3921247 3903719
3935679 3649125 3889567 3876032
3808783 3824839 3839811 3822152
3818003 3681559 3731821 3812098
3940203 3908580 3920813 3874780
3864111 3707499 3946527 3849729
3757399 3632576 3804811 3964255
3872702 3678938 3725214 3832226
3883157 3788323 3839205 3969249
3994822 3806083 3835001 3945209
3709085 3712076 3885988 3843794
3829395 3680368 3788819 3858445
3902524 3835927 3966854 3993119
3926948 3806281 3956318 4069959
3813749 3776137 3675408 3735587
3707230 3883593 3878565 3858410
3842703 3893169 3808918 3859520
3796999 3979885 3874802 3957831
3762174 3697354 3737230 3726686
3807878 3853908 3732663 3947606
3896057 3897734 3758445 3905013
3824678 3901095 4021623 4013149
3525801 3948820 3704187 3987755
3915467 3820399 4008335 3846352
3683130 4005367 3862708 3980427
3963275 3908634 4023595 3969572
3591361 3896935 3721519 3891694
3953846 3731754 3952929 3879602
3751425 4021017 3848644 4045861
3994943 3880557 4101616 3978488
3764221 3798720 3805622 3786845
3830817 3772041 3768864 3856629
3969721 3872302 3947021 3965684
3954959 3840456 3956860 3969522
3806922 3834307 3837778 3845160
3856461 3787600 3798398 3838533
3933003 3949598 3984166 3924294
3950860 3803080 3882102 3960785
3838933 4014057 3789643 3972683
3932367 4013385 3960758 3942032
3918009 4036516 3913473 3904794
3906177 3989664 3953406 3898388
3828848 4005825 3789105 3845488
3838461 3893398 3889037 3758231
3721266 3801085 3760619 3797157
3740427 3891877 3753701 3752636
3904860 3858441 3980893 3912025
3848586 3702587 3879764 3782316
4018290 3912316 3975889 3954216
3868086 3799158 3920077 3870778
3887495 3854088 3872041 3845226
3855021 3662851 3819741 3861093
3861809 3825417 3825984 3753760
3799025 3616193 3715375 3705153
3812476 3802279 3934188 4011450
3990261 3770786 3821379 3957541
3834484 3816178 4013825 4014020
3925711 3789101 3857766 3942075
3703178 3739754 3895854 3852219
3876053 3715142 3749139 3908554
3611258 3604447 3836083 3821930
3756787 3660844 3661464 3839170
3911585 3886149 3751869 3859596
3867357 3969286 3969943 4042221
3920124 3860440 3746179 3848719
3883946 3986483 3904428 4026442
3804911 3826739 3713785 3799585
3801236 3992525 3911848 3942909
3723163 3747546 3593293 3662690
3631949 3811621 3836946 3813268
3719693 3970813 3747159 4055235
3986928 3865940 4099354 3990494
3796430 3964083 3903682 3981880
3971434 3838878 4158371 4012974
3645552 3892302 3862934 3987578
3918497 3795993 4016147 3816695
3494920 3788286 3725539 3797415
3803136 3725841 3955357 3733581
3895561 3955236 3985097 3913942
3997408 3823014 3953053 3948521
3851345 3929146 4007086 4053870
3978014 3894885 3940298 3971030
3870822 3856390 3903573 3945148
3995388 3753122 3858323 3870235
3618865 3782792 3826333 3787495
3778224 3668974 3736771 3900201
3622114 3733420 3699048 3684869
3688422 3725382 3755062 3742843
3754532 3940196 3868592 3849165
3789966 3941359 3835163 3788550
3833330 3957598 3833774 3870809
3895815 3899399 3885394 3859662
3914774 4032206 3959391 3983671
3916310 4010022 3950050 3896895
3791305 3707784 3768730 3756541
3655253 3534324 3662051 3575978
3866670 3802744 3876327 3759399
3755287 3644797 3849929 3805905
3971098 3930058 3935003 3916884
3888300 3712125 3957973 3834535
4008801 3897423 4054635 3901719
3917101 3769692 3954929 3932205
3655138 3614408 3707628 3720053
3720892 3644972 3606990 3759261
3703470 3648205 3838549 3852991
3845246 3699186 3707678 3943755
3800434 3772841 3900164 3970612
3923475 3809827 3803797 3978962
3790815 3867182 3921845 4051747
3901032 3916036 3904808 3948814
3696089 3651501 3547946 3636678
3623942 3782607 3824319 3873319
3756884 3770411 3728049 3795692
3828712 3956889 3890267 3900687
3835044 3855944 3774639 3827400
3821558 3880970 3942674 4005315
3915584 3887103 3734297 3891734
3891327 3989576 3953643 4034284
3502850 3813739 3653246 3841938
3801753 3649182 3913307 3732927
3642638 3882743 3789430 3884761
3926882 3742771 3975582 3879323
3691229 3969656 3823033 3919691
3942735 3847054 4078907 3892977
3668548 4025917 3871043 4028520
3995524 3885407 4106450 4019473
3765650 3693437 3812211 3624304
3738021 3601052 3814884 3812416
3780659 3822633 3842664 3832016
3953390 3821630 3796425 3884166
3867800 3837727 3901087 3868180
3932816 3825263 3885417 3908359
3941595 3890677 4105319 3965073
4056393 3859532 3992540 3955256
3843953 4032052 3923233 3965105
3922936 3988639 4005851 3853108
3787864 3940844 3774400 3839776
3827313 3916492 3894483 3786699
3830272 3908692 3824713 3952091
3826842 3963586 3978747 3868310
3791857 3860607 3755866 3859855
3729773 3959093 3903625 3762707
3989001 3946832 3939102 3896800
3946955 3794848 3887484 3911957
3857053 3852899 3884186 3810687
3699937 3631672 3773241 3903351
3931913 3872763 3928237 3872830
3809601 3807353 3916527 3846985
3908062 3850098 3934919 3857298
3791742 3664693 3760647 3870056
3845471 3805146 3941340 4011914
3999578 3767509 3839723 3967186
3733522 3785823 3911855 3935811
3870816 3725022 3765742 3916992
3810020 3789850 3966540 3983917
3915906 3783749 3879299 3942472
3776748 3693015 3884048 3970478
3840039 3835905 3738543 3939282
3829802 3810239 3862964 3947818
3877448 4006484 4049458 3970568
3800514 3765025 3731776 3817488
3836109 3917725 3951870 4006794
3824666 3799838 3750801 3827561
3800348 3971347 4015508 4049253
3790029 3796958 3647022 3850690
3733229 3982312 3863775 3910812
3768752 4020804 3777204 4029640
4010506 3874763 4047032 3988471
3694634 3891573 3781410 3936286
3982155 3816349 4041992 3927641
3607955 4050316 3820105 4003769
3929499 3826393 3990939 3991061
3591916 3937525 3726901 3892285
3913100 3766028 4049359 3853169
3850990 4062753 4000059 4016422
3971787 3916767 3874945 3887405
3848204 3895733 3921918 3859617
3965286 3789197 3822730 3860609
3866978 3919984 3941404 3973364
3912944 3844897 3873633 3922430
3860330 3835234 3871088 3833125
3927143 3756511 3822684 3900457
3856430 3904100 3794436 3869629
3806343 3966513 3810531 3840602
3885936 4041457 3900472 4011695
3926568 4039376 3931343 3885442
3868442 3981300 3882300 4031578
4038344 4030368 4029160 3915847
3866428 4011710 3938225 4043463
3920256 4046301 3967498 3911640
3926885 3785838 3827593 3798520
3819962 3693725 3813593 3750864
3961128 3863279 3973500 3910908
3937824 3768348 3885333 3799920
4026759 3942629 4054649 3903563
3903208 3718358 3865532 3860029
4009444 3950193 4028933 3916268
3922784 3696011 3914699 3836961
3756694 3725902 3838701 3923323
3864316 3799034 3802263 3858070
3805172 3779885 3938185 4049772
3926202 3874945 3860369 4030597
3818997 3878784 3986600 4002026
3890029 3841248 3840241 4033785
3845881 3763586 3960446 4080241
3903005 3846026 3857844 3986330
3819834 3783902 3658498 3799059
3759794 3965891 3916179 3988395
3867127 3887841 3798658 3846649
3902896 4038876 3924203 4001569
3894504 3874121 3746627 3887193
3887862 3981244 3992950 4101625
3943991 3954189 3765810 3937715
3911397 4053299 3938034 4018759
3618659 3915246 3752628 3975377
4021693 3837896 4004186 3949646
3690974 3968015 3828737 4041753
4030132 3922413 4094231 3986281
3708951 4031409 3906025 4089473
4039011 3868532 4093636 3908662
3754753 4085526 3871502 4020003
4037759 3949672 4126771 4064410
3787815 3880171 3986338 3835709
3783756 3803847 3766570 3909277
3893099 3898110 3996063 3993490
3985915 3914356 3904695 4012318
3857127 3911715 4063452 3985454
3903133 3963528 3967761 3976968
3846282 4059685 3912637 4079172
4001372 3880323 3887269 3949571
3814973 3921662 3872795 3921923
3937103 3995341 3941306 3804730
3804939 3818145 3827487 3841773
3854112 3871668 3813806 3825569
3800369 3947790 3917728 3953447
3864934 3935698 3965489 3830507
3708759 3967335 3765502 3857412
3792647 3914154 3809614 3807160
3971474 3905520 3955269 3820640
3864733 3688356 3845589 3814091
3854090 3833716 3848808 3728982
3735745 3560694 3784406 3725064
3800133 3823525 3927803 3804506
3877668 3640947 3830044 3809608
3843104 3812068 3892707 3779958
3759371 3617621 3757462 3727305
3823837 3766492 3892544 4008963
3895198 3867122 3889920 4031626
3705185 3657905 3791297 3887266
3832121 3626834 3831315 3930698
3857900 3758447 3860521 3956177
3876769 3687271 3822352 3944694
3746836 3683617 3817336 3937421
3813214 3637837 3837210 3847263
3933530 3857948 3725393 3958102
3877244 3986661 3942053 4097438
3820952 3754742 3661451 3826636
3783429 3890030 3766997 3895498
3860721 3776035 3731698 3776741
3866500 3991207 3955115 4026343
3803832 3799811 3660874 3773338
3792722 3939319 3983013 3949576
3602981 3967167 3794424 4007085
3978205 3835246 4137538 3977691
3573043 3896944 3722039 3967526
3891358 3836395 3962509 3860166
3611993 3849873 3763082 3988034
3950025 3849000 4018120 3913814
3562602 3832060 3771489 3916822
3888687 3822531 3981309 3840748
3886996 3922634 4020716 3885149
3929748 3824247 3884875 3872516
3776260 3838330 3854722 3844173
3870798 3744852 3759195 3882626
3853410 3883134 3916673 3820373
3955808 3752263 3829737 3821096
3795912 3839153 3874564 3858227
3854820 3728740 3785100 3861747
3794106 3913595 3937245 3816533
3897745 3942105 3886447 3816288
3721566 3846989 3750744 3918057
3789085 3840751 3915253 3764761
3825247 3962510 3807114 3890378
3965751 3935484 3904285 3840030
3923854 3877167 3920361 3926223
3929354 4008658 3987560 3920524
3885393 3886153 3997537 3787846
3837873 3631059 3808761 3787861
3805324 3833315 3817418 3734054
3729940 3658446 3831863 3781635
3913663 3889545 3869401 3938166
3801070 3594453 3910581 3841296
4022794 3961102 3933459 3929631
3942640 3797029 3948336 3840207
3768154 3703744 3913535 3942530
3841498 3733556 3839257 3950840
3689237 3751633 3787597 3833287
3776714 3746131 3746445 3835944
3725801 3773453 3923359 3963290
3875301 3789856 3886937 3986269
3886965 3750765 3912492 4072472
3918594 3771867 3873894 3996768
3865523 3822975 3752458 3800947
3810598 3970985 3877725 3974254
3752413 3789057 3661279 3749295
3787194 3871517 3810570 3984039
3857729 3832184 3758772 3930766
3857979 3969759 3947823 3953619
3979247 3813980 3797179 3925619
3891942 3991934 3954828 4078396
3638811 3902903 3770471 3967266
3884840 3822500 4008576 3861670
3529456 3883466 3711697 3833442
3904048 3781455 3980154 3819406
3662558 3937719 3876842 3948874
3946767 3844720 4043450 3959798
3720610 4008689 3876803 4018921
4015114 3895762 4157061 3976967
3729629 3884027 3863735 3876482
3886201 3796884 3854931 3828165
3743790 3802382 3846792 3830543
3790779 3698223 3868094 3783895
3860189 3796170 3980845 3786009
3941804 3818645 3804779 3873782
3932935 3999543 4010617 4004020
3991000 3903615 3989609 4055073
3844861 3928811 3926871 3973633
3987239 3999458 4044068 3844315
3914733 4013795 3992155 3956877
4041122 4123754 4035931 3920626
3810744 3828223 3833767 3822803
3863712 3958087 3808148 3793632
3913893 3913752 3869755 3976557
3864723 3996540 3912202 3836304
3981293 3839634 4004516 3867382
3862877 3731097 3925494 3917404
3977260 3928090 4051118 4002247
3946505 3802638 3939184 3935491
3806711 3785490 3900119 3780482
3778049 3599662 3835032 3804404
3952840 3827021 4038602 3950271
3895209 3727903 3909533 3859909
3934512 3800784 3975189 4050983
3987255 3739118 3869068 4010242
3921119 3846066 4005477 4092760
3983967 3885930 3897710 4031360
3756214 3729332 3824506 3861983
3840207 3772285 3781234 3879674
3887597 3863294 3921986 4055052
3887134 3790807 3887431 3930637
3995178 3902776 3830967 3863548
3960386 3992654 4025656 4005070
3936845 3960301 3872945 3967430
3902926 4092254 4016649 4017353
3827220 3761155 3727242 3757301
3780233 3896217 3875064 3930877
3821206 3801826 3759248 3832865
3873188 4031357 3971420 3999166
3746779 4020957 3957393 4090093
4025375 3984417 4101630 3982860
3749459 4085788 3901175 4072460
4226365 4008093 4117849 3935856
3583115 3915892 3738351 3862971
3923471 3839828 3936275 3812602
3692612 3956377 3791353 4044363
4010405 3908043 4076843 3976416
3864341 3982306 3983792 3994298
3933202 3816338 3889101 4006138
3964637 4056081 4062316 4019002
4020844 3886687 3959658 4084267
3735903 3842106 3959816 3846452
3836732 3777275 3819515 3823662
3935940 3984224 3958677 3985352
3919465 3872054 3918638 3873882
4007419 4220799 4015205 4068632
4017745 4100807 4187942 4000907
3883581 3956618 3859695 3944604
3991356 4020402 3910326 3900456
3808489 3911427 3869055 3846027
3778303 3808622 3840542 3836392
3699289 3848170 3739308 3791519
3835851 3857858 3847185 3782481
4097744 4060321 4142211 4056050
4004372 3942603 4000243 3967817
4029953 3918799 4014419 3901354
3824139 3732512 3964639 3819090
3876857 3827419 3817598 3816401
3760326 3597701 3852159 3734966
3790225 3745886 3869798 3765759
3715447 3530126 3722433 3704643
3844481 3978563 4116407 4092011
4079897 3961102 4002188 4160791
3800448 3837468 3989090 3969268
3911836 3780149 3837579 3902879
3737180 3816548 3824798 3877968
3797039 3640408 3762396 3873330
3652996 3682735 3768630 3925444
3844169 3716770 3704566 3833447
4027301 3916894 3924752 3931874
4051510 4173120 4118090 4093205
3941458 3874106 3782729 3816915
3914405 3969055 3935425 3976001
3826247 3762925 3708122 3781771
3748049 3881364 3865650 3859879
3762987 3742763 3669179 3737704
3775658 3841469 3824214 3825506
3878099 4081539 3980214 4175599
4263088 3973531 4229370 4109296
3716443 3995049 3836710 3984193
3975042 3846072 4085158 3920596
3580713 3889677 3666687 3889834
3857343 3763145 3948327 3830608
3504451 3863307 3766252 3867513
3787520 3686176 3870294 3735659
3890365 4080141 4086486 4101570
4116813 4017509 4082808 4074814
3854472 3958789 4032105 3915651
3901059 3837498 3924301 3968644
3712595 3880274 3877490 3834365
3791863 3768898 3853475 3767291
3681294 3742115 3813130 3816677
3844035 3682141 3766709 3815726
