3695579 3782225 3813620 3613877
3855747 3612013 3693650 3709994
3874846 3752375 3818257 3636945
3945911 3749544 3827497 3794518
3940220 3965389 4045324 3849048
4056917 3796992 3982769 3964507
4054220 3971522 3971010 3915370
4182591 3902275 4113704 3938265
3715544 4090163 3895836 3760103
3724074 3693871 3710425 3853739
3814267 4177950 3902906 3790856
3753682 3774194 3897554 3953854
3893676 4293068 4105250 3972451
3924683 3880561 3910206 4073170
3923151 4243396 4143875 4006039
3899904 3969954 3959725 4145791
3721281 3890231 3791634 3764173
3848812 3785789 3620934 3606419
3768416 4054498 3939888 3920186
3826693 3904708 3768634 3738935
3809472 4211250 4090497 3984581
3939802 4016846 3886013 3834537
3851390 4199313 4031487 3985953
3967287 4003421 3903710 3785335
3815086 3810686 3839278 3626881
3707033 3946505 3708455 3722224
3849405 3821146 3863804 3680723
3833922 3931902 3762837 3830959
3944094 4039262 4020741 3863649
3961849 4022841 3922216 3940289
3982450 4034427 4109428 3903238
3941241 4025818 3938577 3951668
3799065 3845599 3802651 3747269
3842101 3792503 3772255 3630446
4017684 3890228 3821710 3804770
3934723 3844645 3844024 3763469
4059371 3995120 3974280 4006820
3985675 3981060 3935343 3776924
4157846 4074497 3945069 3953697
4071999 4078194 4076107 3820135
3735120 3750995 3797601 3646776
3720056 3733577 3828980 3721411
3884207 3829888 3816658 3733332
3874634 3905926 3924187 3790392
4006562 3906925 4075885 3893970
3957573 3975235 3977121 3950788
3992097 3869304 4053499 3929269
4019205 4039285 4002974 3929978
3841044 3860459 3903455 3704487
3955755 3746213 3910393 3851797
3922068 3989850 3936888 3836071
4078923 3853300 3989935 3847293
3779808 3852957 3891243 3650705
3980113 3609155 3857306 3729243
3905849 3912246 4004304 3741751
4058411 3742515 4007341 3922842
3846681 4166681 4027790 3834704
3793101 3725528 3802998 3951835
3857268 4219877 4064209 3956475
3894728 3804809 3941746 4047907
3783970 4030575 3961590 3750960
3710158 3731788 3767455 3886708
3877559 4183821 4016199 3911550
3887692 3794376 3912373 3968165
3751925 4047759 3881392 3905399
3835658 3818843 3703853 3727594
3865854 4134868 3926723 4006995
3948852 3995853 3893954 3830423
3677918 4005522 3826920 3816068
3835698 3874049 3789393 3703153
3836646 4073871 4006415 3874316
3978737 3973031 3777889 3776738
3908031 3875321 3963983 3774953
3838293 3895444 3836658 3803526
3982803 3905563 3958835 3797549
3862512 3958438 3920816 3844207
3820627 3733976 3830531 3757572
3763133 3842341 3777289 3805146
3979803 3902115 3990072 3780436
3892104 3968390 3857444 3839347
3939509 4008294 3879160 3880085
3942776 3930134 3904108 3732241
3997608 4013476 3958581 3925457
4037983 3961701 4046859 3812947
3882261 3860377 3792518 3752253
3825593 3856474 3888059 3709202
4026298 3956221 3861853 3894611
4027491 3973984 3966864 3767550
3870185 3802064 3910006 3852123
3876696 3948603 3900021 3827484
4038632 3882844 4060976 3843318
3930206 3949418 3939853 3866471
3833308 3766216 3836037 3640630
3716049 3871505 3837128 3752711
3969103 3812308 3857745 3854246
3941610 3910270 3913560 3785566
3826070 3855412 3846577 3781135
3917618 3654990 3830147 3854832
3840518 3885613 3866941 3670945
4011438 3649323 3860819 3808912
3809603 3809331 3914965 3738967
4057475 3724359 3914832 3898631
3869889 3745295 3729956 3615878
3909462 3596813 3750681 3765510
3802481 4141338 4020960 3809707
3809288 3757014 3831840 3934285
3791768 4060743 3875065 3898031
3809195 3750553 3853164 3969678
3825910 4092191 4054772 3838499
3783242 3761500 3880001 3927230
3670792 4007505 3880972 3750205
3690354 3703290 3744930 3922955
3772044 3955855 4002979 3792557
3883644 3937203 3820176 3722853
3779286 4056492 3922166 3911997
3859191 3933227 3764452 3670494
3864050 4002861 3853095 3911685
3870602 3872827 3800979 3722342
3739030 3995403 3803353 3761576
3820065 3938052 3678181 3624969
3884016 3918646 4022300 3650129
3825877 3975589 3775985 3779201
3899178 3886570 3928729 3750640
3786164 3919784 3791193 3756854
3880511 3867487 3996657 3790054
3828143 3947663 3862207 3869779
3891914 3827685 3921776 3710578
3788059 3912622 3753048 3726726
3995626 3904310 3814921 3804988
3936519 3885284 3894453 3778923
3890932 3942702 3832456 3779076
3906750 3850874 3984110 3658259
3958156 3916008 3986489 3828393
3997216 3921043 3944624 3678961
3938889 3822107 3873746 3717947
4002201 3861306 3924133 3607883
3938706 3749827 3846422 3779018
3880753 3833092 3865013 3781355
3877826 3840965 3882396 3730565
3890587 3890998 3890283 3733063
3821382 3786324 3906395 3737294
3941321 3987549 3920707 3749615
3862075 3753596 3841965 3638184
3781022 3848493 3703683 3721198
3757039 3739903 3795874 3611374
3965457 3629855 3790434 3725698
3976728 3861178 4023030 3743240
4134115 3758494 3968117 3849047
3908556 3929857 3874784 3748371
4050866 3783404 3939907 3887100
3871007 3877189 3873413 3770223
3998004 3706861 3812247 3869447
3711498 3997498 3740697 3726633
3658648 3763148 3747220 3828804
3824183 4238728 4040125 3934021
3865481 3813025 3983920 4019197
3814598 4117546 4001490 3923955
3840071 3869188 3891751 3992167
3788642 4078241 3970914 3880646
3861773 3795921 3896752 4030033
3707788 3932341 3725878 3644777
3732703 3777589 3643419 3690361
3884885 4145308 3931450 3905775
4023864 3977437 3806945 3772359
3769728 4094532 3998767 3955134
3939997 4004631 3873805 3785236
3739824 4039845 4003232 3873171
3872304 3890248 3804267 3766178
3794233 3785486 3794253 3617760
3714265 3919275 3625499 3686385
3888495 3972689 3986816 3836191
3843534 4033410 3931765 3900632
3913294 3902975 4067380 3782305
3928686 3931128 3803559 3921209
3933417 3843230 3969944 3818503
3911261 3947249 3779460 3889530
3802127 3837583 3814921 3716753
3809690 3816976 3843804 3596587
4138820 3965983 3958472 3877692
4020587 3973507 4022390 3764115
4044143 4004873 3902066 3877691
3955043 4067031 3920618 3755925
4055776 3993182 3881127 3907991
4003010 3909747 3934017 3648595
3805514 3716902 3823032 3605204
3794091 3841393 3815884 3672180
3979380 3824784 3998669 3838060
3953781 3996232 3947863 3848421
3932363 3829887 3944730 3826280
3933667 3927800 3984461 3832107
3886396 3803574 3927908 3743260
3921637 3856347 3944401 3808187
3750929 3812102 3829957 3603274
3924066 3591341 3804089 3741406
3827627 3827370 3891868 3708851
4005547 3773936 3847228 3931696
3800612 3833184 3764301 3678068
3919382 3588226 3844869 3797970
3855109 3844573 3932583 3771472
4050650 3806077 3935500 3811839
3695951 4058936 3959611 3772841
3748486 3701054 3738316 3907535
3789994 4163084 4030361 3881809
3778876 3720600 3859655 3931035
3728273 4073774 3905654 3785259
3792880 3788367 3854358 3898679
3811186 4142003 4010942 3887116
3899671 3828889 3912985 3938816
3746783 4024450 3896127 3812713
3707863 3881239 3724058 3653330
3819497 4028351 3937784 3922469
3850901 3951607 3750036 3666332
3695410 3951308 3941384 3902181
3842362 3863675 3696722 3667947
3826473 4062646 3941919 3926431
3838155 3928745 3877623 3813772
3836217 3837098 3814516 3672462
3780706 3855088 3781573 3823218
3835673 3927758 3966235 3760437
3819644 3978714 3817643 3745297
3789456 3802589 3889083 3769924
3792754 3935204 3734065 3877820
3925103 3915383 3975844 3851616
3903220 4040374 3901271 3854877
3908854 3815446 3792951 3735530
3823922 3842067 3843302 3592422
3929996 3882524 3868346 3931868
4015114 3893481 3993898 3680065
3977888 3905636 3878900 3714573
3871932 3887277 3894277 3667761
4009453 3887979 3926687 3861781
4016866 3857196 3971381 3760958
3879216 3725738 3835655 3788931
3759879 3856276 3824373 3710396
3880908 3831381 3894901 3745006
3892908 3880994 3900463 3729884
3831781 3769435 3803593 3701925
3788807 3886200 3821634 3713792
3923570 3856697 3876020 3808929
3938873 3933517 3981190 3846759
3871007 3843907 3935588 3690183
3947097 3716891 3889513 3836314
3877397 3892982 3898362 3756263
4063547 3837624 3969131 3806251
3873158 3914306 3968702 3750739
4006206 3780683 4001932 3915022
3797623 3821439 3854108 3695358
3985540 3705958 3858309 3780858
3843309 4111305 3934693 3825063
3814564 3909895 3920537 3970985
3835352 4198217 3954605 3938329
3855184 3865422 3889154 3882765
3915337 4176983 4025765 3848154
3921190 3854507 3986862 3894817
3827385 4079911 3978604 3764395
3797953 3814913 3878587 3901223
3776782 4115342 3933140 3938954
3901083 3939286 3727146 3675967
3803147 4069024 3986626 3899214
3902135 3927576 3781242 3760764
3905410 4079105 4003879 3949317
3919139 4035998 3818106 3834978
3679808 4004985 3886515 3820835
3831486 3899777 3721627 3665385
3877558 3872971 3907836 3830805
3840392 3985732 3852389 3797836
3870380 3860580 3905560 3845063
3803505 3947478 3865572 3954630
3921427 3972152 4061062 3777714
3934458 3985948 3864102 3880507
3891464 3819382 3952335 3731166
3820693 3977247 3697940 3820010
3942662 3909058 3934984 3808623
3948704 3884133 3934403 3680486
4113987 3983609 3886662 3863292
3923131 3923915 3984777 3728646
3992582 3992512 3945480 3838792
4064770 3961954 4035719 3781088
3974796 3916181 3875670 3955586
3913544 3843002 3896392 3706815
3891332 3873049 3865997 3826091
3824183 3949405 3925836 3740065
3984902 3875347 3956084 3793288
4026528 4019987 3927628 3799713
3925361 3863601 4012670 3861446
3985621 3986205 3909032 3822748
3841175 3816029 3894540 3715104
3897820 3885531 3923730 3700743
3732280 3699390 3820250 3561845
3860836 3602255 3753377 3697781
3717344 3688972 3843703 3587235
3886651 3607004 3768676 3660265
3824586 3917410 3826737 3632511
3984790 3716421 3816413 3843529
3795382 3899319 3837633 3694770
4006782 3772398 3881029 3881836
3718187 4001943 3917000 3745071
3729639 3668531 3661203 3829599
3727378 4024726 3841086 3740252
3692771 3658463 3783308 3728427
3794491 3986507 3936595 3768750
3781240 3731894 3901047 3906914
3836396 4084001 3958304 3865527
3808820 3719592 3782081 3951227
3638010 3863960 3768708 3691767
3653610 3796045 3586183 3591337
3674239 3879277 3784611 3737331
3689352 3767263 3634151 3689338
3738838 4001234 3824357 3848200
3793060 3928838 3749700 3777052
3785133 4061127 3965115 3908626
3835530 3871494 3755588 3737245
3729374 3664033 3870080 3676200
3689517 3789721 3674617 3699730
3764545 3789647 3841710 3622893
3777241 3847579 3687566 3758693
3834725 3902914 3946735 3739988
3843300 3978481 3748903 3845954
3939329 3854471 3971157 3786964
3817532 3944818 3781572 3741679
3858936 3805800 3801622 3726357
3854337 3752529 3794494 3597876
3857865 3774855 3758273 3650642
3830636 3818795 3761279 3586838
3970783 3872775 3879569 3807446
3895993 3910356 3957036 3679363
3970700 3873987 3936842 3860578
3924259 3991565 3933944 3621704
3755040 3634009 3688404 3646158
3817638 3721627 3789641 3727949
3793425 3616651 3672845 3637069
3725393 3750353 3786880 3689702
3863086 3797250 3840183 3696017
3799652 3830965 3856645 3749440
3908632 3849775 3893895 3803245
3859101 3967746 3888878 3808231
3762673 3835982 3858042 3616146
3963735 3601986 3819863 3778273
3864724 3832318 3896632 3717627
4029427 3747140 3877657 3797781
3851429 3850171 3887977 3700708
3934076 3738002 3924675 3846544
3711598 3680142 3823825 3611558
3730657 3556783 3714443 3629134
3692013 4028536 3882845 3743526
3815308 3710118 3826568 3827275
3696776 4148979 3988387 3849413
3836544 3797843 3800382 3981334
3741426 4134922 3962990 3836031
3794603 3752239 3828769 3902611
3636006 3929911 3757273 3692989
3784132 3644159 3738938 3840101
3689100 3997574 3863778 3808354
3770898 3879877 3780370 3636585
3776185 4001247 3885697 3888041
3856369 3907390 3753577 3678875
3726712 4031098 3893839 3890436
3916862 3910109 3854074 3713627
3583123 3852231 3698520 3672552
3681680 3780521 3662920 3520591
3753806 3814681 3833985 3624459
3780472 3914900 3764601 3788207
3932342 3854091 3952584 3727609
3911900 3950547 3802652 3837167
3872497 3823674 3879394 3702520
3806340 3936443 3793132 3863408
3765926 3680576 3787105 3574834
3694983 3717326 3611605 3677203
3935974 3891136 3767368 3744433
3812385 3904522 3828453 3651116
3933452 3937105 3898549 3839825
4022544 3928939 3924594 3673704
3925298 3907905 3913679 3761373
3915930 3902042 3879663 3687200
3843964 3856563 3668850 3725450
3769924 3738163 3719911 3573786
3788136 3811319 3857176 3628869
3762970 3853137 3808837 3689855
3900946 3793487 3905690 3787615
3855174 3897671 3922977 3828757
3877615 3755586 3818278 3758145
3806060 3873530 3881420 3725710
3702983 3644512 3774032 3570595
3758375 3694858 3771715 3672113
3817608 3968138 3886313 3805997
3988259 3724832 3896046 3811681
3959513 4088122 4041179 3731835
4129019 3768191 3977830 3973958
3870627 3840556 3918253 3699836
4082951 3723306 3884788 3757086
3753720 3803142 3904608 3637874
3906788 3646305 3819744 3759070
3840638 4135364 3941190 3934105
3817505 3792789 3855520 3927405
3929366 4282397 4133264 3970814
3883805 3883278 3930092 3950853
3811001 4107273 3953978 3830921
3824037 3772076 3812270 3936411
3780441 4126154 3873670 3779829
3757516 3720052 3803872 3832426
3822104 4040494 4005878 3962935
3910707 3930639 3789156 3835645
3861920 4145750 4031293 3921561
3954338 4090085 3961704 3802001
3752703 4043018 3839470 3876223
3705534 3827901 3747769 3651526
3702590 4066687 3951936 3772141
3886703 3862478 3761124 3701479
3865857 3998543 3973042 3739487
3820302 3975621 3774695 3829978
3921750 3998169 4038073 3889851
3983875 4046123 3890535 3965749
3940136 3809133 3891429 3743155
3834004 3928442 3767151 3825425
3811688 3814864 3890595 3648409
3831438 3919153 3790514 3837474
3987392 3937567 3760879 3871232
3976635 3907152 3929200 3651906
4081213 4042501 4006074 3968556
4006939 4081484 3943663 3779830
3962476 3944142 3924436 3829244
3904230 3953650 3911552 3744808
3955902 3912031 3837270 3758407
3918112 3837877 3901796 3690224
3899961 3909231 3873812 3797517
3981105 3938451 3911487 3866170
4030073 3906373 4031635 3970857
3997949 4008661 3968289 3907051
3853273 3852469 3874064 3729788
3843535 3917478 3849403 3683131
3863681 3716452 3835325 3784210
3765107 3867102 3837549 3750914
3823568 3860671 3831867 3726027
3935960 3642753 3789267 3749099
3807536 3871581 3882459 3730714
3958185 3735980 3884205 3802715
3751799 3789959 3753610 3680851
3996778 3666422 3856216 3788105
3976728 3970061 3989538 3795680
4083465 3793172 3942235 3927993
3750256 4095187 3907812 3734114
3824240 3787456 3818505 3941965
3733648 4061863 3987189 3743146
3787026 3744663 3839933 3934601
3792316 4054784 3874778 3805303
3757964 3738465 3783371 3971809
3935238 4173149 4089197 3929647
3819068 3840642 3967246 4050257
3700673 3899994 3919762 3851433
3821376 3887925 3661029 3660783
3781739 4022030 3920205 3958114
3859638 3923272 3762021 3716856
3708797 4035291 3857085 3777867
3761105 3861645 3768021 3690914
3898920 4114101 3951414 3956778
3987039 3965699 3821427 3789597
3867717 3921026 3904997 3700583
3818521 3853314 3756507 3889683
3829213 3815822 3942742 3736501
3839114 3983671 3777832 3803574
3832172 3832441 3846323 3705659
3734975 3883019 3737457 3716451
3893401 3967770 4002126 3849918
3805569 4059230 3911090 3884103
3934203 3837400 3864256 3698039
3810302 3917774 3960854 3608851
3936949 3941384 3895490 3831187
3926354 3940380 3908574 3599044
3882945 3844481 3853456 3840299
3872928 3826763 3844943 3584633
4023944 3954253 3902268 3884666
4031760 4009759 4150211 3694658
3788373 3755129 3831211 3698794
3798402 3793248 3860991 3729108
3851487 3826059 3759050 3715566
3877650 3869351 3918546 3753107
3814617 3770297 3846352 3691649
3878426 3795610 3890905 3809007
4030274 3914075 3969289 3849832
4029114 3963040 4009686 3934530
3868924 3902395 3980168 3824877
4086823 3752062 3989050 3959791
3741983 3874538 3826115 3683176
3901162 3704949 3801432 3763361
3712477 3809181 3851202 3674431
3914804 3568694 3822519 3777851
3755273 3742105 3734384 3565652
3849129 3598588 3695714 3715469
3892796 4188478 4004122 3952447
3876580 3803706 3876023 4005662
3728173 4085783 3958497 3818361
3747638 3752642 3777342 3935404
3641791 4017375 3906348 3802221
3705257 3678982 3676149 3903897
3655541 3916557 3811220 3756500
3645926 3690276 3660315 3783088
3780233 4125998 4010843 3902257
3891638 4058366 3842397 3797146
3690692 3988027 3878633 3861882
3860117 3899757 3737066 3693279
3646000 3955090 3773330 3640674
3716801 3884365 3680421 3588358
3675782 3805380 3784614 3757705
3729431 3806099 3641121 3621947
3982616 3967545 4038314 3823114
3900510 3995726 3835736 3916927
3866806 3801088 3888336 3663745
3829740 3886908 3792495 3766366
3848513 3743631 3763094 3693406
3709126 3735101 3738848 3713136
3710954 3734483 3803961 3620423
3774810 3817731 3670108 3723728
4056973 3956500 3980940 3847793
3903455 3986636 4039247 3778121
3862831 3849360 3822986 3791902
3892440 3871119 3896463 3620960
3835457 3854662 3795302 3793109
3818106 3902537 3783861 3586109
3787671 3802105 3751906 3624312
3768821 3729010 3741249 3470739
4026340 3855011 3957165 3862039
3969135 4027946 4018877 3857480
3887117 3746860 3802224 3634418
3857175 3903669 3925670 3746558
3757893 3765540 3838970 3753883
3766538 3818749 3744628 3682223
3727875 3688374 3716759 3655786
3675327 3766530 3770791 3660750
3843801 3856409 3881291 3693371
3970336 3686005 3823658 3753103
3932094 3911143 3918833 3758927
4109446 3816920 3930184 3869426
3764620 3862144 3849858 3699683
3967647 3734823 3844138 3780314
3826491 3859647 3877061 3691466
3962411 3685806 3871577 3760511
3812473 4038017 3932458 3796264
3701091 3808198 3811135 3874198
3887313 4186203 4031106 3831365
3882143 3792564 3907117 4004261
3875761 4121788 3886777 3839100
3786402 3761273 3892541 3925709
3729681 4074464 3965935 3785882
3804243 3725125 3875891 3874549
3836482 3946748 3829316 3817751
3762385 3862136 3786132 3730723
3808056 4126412 4009370 3937928
3949049 3999475 3838723 3819512
3784785 4042421 3834809 3802435
3810569 3910479 3759363 3670641
3738159 3901501 3954774 3822123
3866208 3849300 3702670 3603315
3907290 3835250 3921694 3649357
3859161 3888798 3834146 3927346
3932825 3970579 3955112 3864988
3926925 3992547 3817247 3953091
3832023 3916010 3968798 3699377
3771519 3915022 3804274 3860552
3775538 3859341 3866010 3716318
3834084 3916773 3698585 3853813
3904084 3863560 3875455 3689546
3897012 3852870 3902920 3648756
4072598 3971022 3929890 3906680
4011442 4028527 4066555 3818876
3981487 3884380 3844116 3847951
3921034 3928208 3888327 3663019
3929205 3772662 3806601 3844398
3835101 3849208 3900295 3650845
3915821 3635728 3884888 3712571
3830995 3930282 3854657 3794347
4001785 3920970 3975960 3847081
4011879 3994694 3843007 3922306
3878810 3808226 3933977 3768115
3949863 3843688 3898145 3723541
3816826 3842496 3833703 3672584
3782075 3826005 3918349 3741276
3938536 4023286 4080652 4080075
4025858 4086636 4058055 4101652
3720696 3739370 3786116 3917883
3801434 3828572 3778662 3883730
4067382 3946795 4111492 4073584
4035830 4073246 4095248 4028648
3848128 3777065 3790983 3849400
3985930 3902332 3808480 3929648
3987929 4039655 4061333 3983983
4089050 4058958 4016271 3870365
3740172 3736577 3861864 3758311
3816636 3713470 3885362 3621404
4083598 3985037 4089504 3986684
4146676 3972687 3968096 3937451
3816738 3892031 3904564 3910390
3898258 3762396 3810291 3760520
4018797 4022032 3859107 3991631
4104320 3985661 4092138 3984504
3739330 3759720 3666637 3731655
3799583 3800491 3961169 3729658
4012859 3915827 3938875 4014610
3946420 4125642 4080716 4020281
3825160 3852789 3756913 3824107
3847270 3854452 3907156 3890759
3941552 3886507 3973212 3975455
4050898 4081932 4067716 3941014
3750857 3609267 3759110 3704920
3784636 3784517 3817670 3669696
3987061 3941692 4044222 3915063
4076813 4146114 4002919 3997398
3813909 3719370 3819041 3814347
3887542 3848050 3847139 3804665
3965103 4012400 3888827 4019015
4092777 4047062 3949701 3959309
3740038 3705348 3625253 3842768
3859292 3840089 3742971 3753164
3904678 4048578 3951781 4075056
4159583 4098150 3914002 4018129
3789607 3936557 3701253 3919244
3960115 3847006 3855502 3829240
4009003 3962257 3900232 3979145
4041655 3985020 3968150 3891045
3791654 3699639 3714755 3773712
3816941 3729386 3679532 3645180
4006462 3980446 3887168 4017479
4016770 3954055 3899104 3960366
3800686 3844529 3762107 3841903
3918473 3810137 3838700 3712504
3729094 3707499 3752407 3818887
3753002 3816299 3828675 3798208
3882246 3808818 3940674 3904410
3993539 3978477 3951358 3908364
3948829 3834279 3890936 3952358
3946100 3933565 3906595 3982061
3749610 3723918 3731624 3818232
3724122 3796675 3818443 3831248
3842643 3766637 3864518 3789695
3854785 3716140 3769215 3615659
4034830 3933022 3971204 3884225
4014568 3848022 3905569 3710603
4003388 3837700 3979074 3888509
3942972 3860435 3938961 3735865
3693043 3801556 3811049 3705330
3809530 3727119 3767604 3584620
3744009 3668978 3671954 3746598
3815790 3821251 3889798 3769573
4003656 3928370 3809208 3966366
3995927 3998806 4069160 3888300
3850094 3846444 3882067 3939101
4031638 3951087 3922675 3854220
3734731 3711427 3666418 3707991
3756161 3739817 3837757 3694035
3770983 3625508 3703691 3619603
3774414 3787537 3755914 3721769
3849257 3764439 4020369 3895901
3946805 3872154 3979185 3825791
3873480 3752944 3891433 3810467
3908961 3902388 3962770 3835353
3728476 3634620 3637232 3673772
3850079 3715233 3753644 3756885
3680366 3785351 3722136 3809258
3803367 3718916 3633766 3751051
3810221 3905622 3807090 3923856
4076688 3969140 3837003 3866866
3803628 3873896 3889877 3929527
3957623 3907300 3820975 3884089
3690921 3764424 3755303 3730810
3785166 3837337 3711589 3717532
3764433 3791711 3741596 3788799
3891937 3777584 3757934 3709774
4050825 3849411 3801806 4001216
3956261 3827141 3831899 3772970
3801386 3855571 3852812 3976140
3974302 3847767 3814918 3817284
3707603 3771734 3755684 3760471
3867338 3702590 3639441 3660530
3866210 3747208 3946771 4012014
3953191 3904841 4005547 3964806
3752531 3694153 3750790 3897125
3795438 3900247 3776330 3897607
3777287 3746529 3913951 3854719
3802709 3855747 3773162 3863315
4023769 3932954 4040032 4082131
4068500 4081676 4048728 4098430
3873934 3847399 3916027 3958666
4012914 3805510 3933329 3775915
3817265 3784149 3859795 3774508
3810176 3759148 3863333 3634099
3805548 3773731 3862621 3810456
3964868 3780853 3777879 3767418
3974442 4032536 4098627 4010790
4130566 3999968 4126905 3880765
3931806 3831126 3794287 3902158
3860889 3970568 4005409 3859003
3763934 3728008 3727926 3835715
3831343 3831200 3830225 3860200
3774591 3727598 3740488 3738721
3803434 3935204 3895461 3850542
4008792 4053143 3929696 4033456
4075115 4045153 4139614 4032394
3846551 3831459 3830236 3825182
3900559 3992273 3919741 3858747
3797576 3676178 3698908 3717614
3916015 3893794 3817456 3740478
3787156 3781279 3765314 3764123
3875664 3876226 3782613 3804319
3973442 3950364 4007095 3977771
4136190 4121270 4056295 4013073
3860735 3900428 3862780 3878219
3955773 3872618 3886556 3852139
3713645 3788431 3734281 3806115
3886186 3796949 3683191 3786566
3808453 3769099 3716508 3847756
3888825 3907168 3767504 3873776
3910343 4051634 4000443 4018139
4157021 3940214 3954737 3920536
3964601 3878808 3850256 3922172
3963230 3890500 3891660 3804891
3755953 3800849 3740162 3851382
3866765 3809020 3797182 3689768
3834473 3842582 3799854 3844793
3955851 3744872 3748333 3711543
3996187 3995199 4041695 4055482
4096006 3946278 3972951 3904696
3818723 3703183 3846716 3888210
3805056 3916445 3784342 3887773
3904963 3856883 3907419 3971231
3903466 3958338 3930179 3882864
3861684 3737028 3845026 3884660
3914861 3878640 3828225 3917731
3867065 3842075 3947406 3885568
3813807 3912190 3903323 3951633
3840545 3836994 3905724 3856121
3931210 3808197 3859826 3690729
3982570 3933039 4058911 3842011
3984994 3834037 3903589 3729645
3858260 3830019 3964020 3930013
3957226 3832766 3907756 3693203
3847081 3902975 3874208 3842785
3921331 3752812 3912522 3720483
3854197 3796988 3784298 3848820
3843467 3842468 3930020 3786059
3913662 3760112 3758612 3850556
3940542 3978693 3959392 3776681
3863239 3904737 3736562 3814163
3949640 3862026 3929306 3862304
3844850 3802353 3733310 3836192
3945506 3842116 3927689 3887585
3793342 3738570 3858249 3742226
3854620 3919612 3815137 3814290
3836104 3807536 3952673 3855348
3958021 3949316 3901953 3908323
3878103 3695366 3870505 3813275
3948957 3951488 3862005 3797698
3903372 3795308 3865954 3801642
3844593 3881581 3898916 3787377
3771361 3845024 3707021 3862643
3927286 3893862 3753679 3889918
3883642 3915904 3772408 3874306
3993436 3884658 3872369 3909569
3763403 3893742 3809777 3949265
4002218 3822752 3770723 3855029
3810390 3881984 3772113 3820432
3915154 3843305 3779902 3807708
3878527 3824813 3778333 3856677
3864812 3755881 3815678 3805702
3861560 3895414 3887143 3897825
3965239 3837404 3901212 3830557
3796787 3815031 3782869 3834665
3870226 3790771 3813346 3693675
3913557 3834240 3746912 3805419
3900631 3769490 3786793 3717806
3862834 3779536 3856069 3840836
3835076 3894640 3775856 3953686
3871225 3718890 3762208 3900749
3776419 3938299 3876847 3904371
3866187 3928238 3980159 3926295
3825347 3980276 3878143 3890285
3975423 3893990 3940508 4072877
3887443 4013378 3989634 4055540
3869435 3847192 3842960 3897159
3913809 3845581 3812685 3684903
3913734 3791275 3975799 3816058
3944290 3837453 3959383 3742161
3848596 3935055 3993687 3933856
3909526 3858388 3938777 3759374
3957193 3922017 4034304 4025301
4011663 3935834 4030231 3776115
3849199 3850396 3778820 3868551
3920560 3966796 3800315 3889401
3803957 3827702 3798832 3942367
3890086 3869429 3911778 3823760
3882279 3879356 3771338 3896236
3944013 3955760 3985141 3855660
3955046 3885421 3896377 3927558
4047692 4015003 4053705 3958977
3880111 3774567 3798511 3793297
3897943 3908684 3949120 3895543
3839111 3727994 3810181 3727693
3963228 3931268 3809963 3835468
3844380 3738331 3890196 3800860
3970021 3983343 3802508 3898743
4010153 3866178 3952375 3864553
3966477 3987211 3995304 3933386
3726278 3902168 3729598 3952322
3952034 3897671 3780811 3855248
3713384 3911035 3842436 3943849
3968273 3855701 3819434 3807605
3774571 4010101 3837457 3900556
4016153 3926509 3864886 3874669
3890189 3975132 3907943 3941649
4038996 3969984 3904534 3880664
3845845 3912612 3805891 3869474
3923948 3869382 3832198 3669752
3847193 3866291 3860256 3815538
3895277 3841801 3787339 3757025
3951662 3865462 3841657 3904289
3980975 3902618 3913852 3842842
3983823 3965632 4000733 4049901
4063662 3913139 3905211 3884580
3827266 3823720 3922255 4079146
3936515 4010899 3931777 4123399
3954607 3793133 3891168 3925025
3868909 3979162 3932345 3973156
3836050 3724064 3830204 3867584
3777355 3876166 3775386 3794758
3844166 3789290 3781353 3762063
3839018 3816000 3721600 3846147
4041414 3934856 3974751 3948570
4020920 3860353 3939521 3769224
3856209 3895422 3956058 3895610
4020515 3877741 3939544 3763795
3737669 3722515 3857596 3750299
3959419 3724810 3810568 3609244
3742586 3782646 3842115 3798246
3856650 3721350 3804324 3631302
4006388 3878201 3878767 3926970
3911404 3982253 4020996 3917816
3876741 3826711 3874305 3913317
3910456 3962710 3940824 3868102
3687112 3714698 3652008 3817182
3871400 3800911 3853467 3702648
3799159 3743863 3712465 3832173
3763206 3942293 3906195 3834917
3880579 3795581 3930342 3764201
3995816 3960964 3994986 3931501
3832070 3817033 3885338 3797417
3970890 4000370 3965613 3806811
3807947 3735126 3766712 3610098
3867214 3819015 3807421 3763953
3813726 3692661 3744912 3711273
3859279 3887252 3751361 3880683
3923752 3990950 3878223 4071778
4050651 3893209 3791405 3963181
3923853 3962344 3823987 3922414
4006124 3853134 3830513 3886344
3761676 3762189 3716901 3764688
3868292 3764267 3718938 3784743
3729878 3796588 3793776 3805353
3892484 3782298 3751593 3709818
3923259 3873971 3912593 3942406
3964346 3894777 3823324 3805368
3952173 3911684 3925888 3882179
4048185 3857044 3862014 3829349
3849634 3733819 3783175 3762982
3835078 3751666 3808951 3663764
3807693 3771716 3783762 3778673
3843254 3775297 3821742 3659426
3893704 3706152 3949925 3905534
3892219 4008117 3797222 3866939
3828214 3849028 3952909 3997336
3916589 3926508 3921001 3951493
3810476 3703113 3865615 3964891
3873199 3815052 3786619 3802319
3807755 3824274 3960846 4004814
3906536 4035745 3944248 3956654
3922395 3844864 3970746 3849968
3918394 3813282 3875915 3677037
3993741 3935125 3959942 3903109
3974143 3823536 3925893 3829991
3864095 3728483 3825088 3775288
3973685 3828536 3840835 3666224
3893391 3868000 3868975 3890801
3929986 3837660 3899987 3810221
3906948 3868752 3781146 3898114
3956999 3875268 3901094 3887010
3879783 3880593 3769798 3929948
3965642 4043932 3980649 3891355
3823824 3760245 3636028 3840650
3849472 3849383 3926145 3812262
3867402 3882090 3802958 3970969
3892048 3946605 3952611 3915847
3782791 3764439 3831514 3734108
3902117 3947263 3898769 3822026
3871266 3741208 3826382 3832119
3924839 3925204 3922192 3864805
3772134 3706825 3800658 3727772
3833441 3847956 3861663 3751678
3883052 3746575 3849132 3777236
3942262 3964732 3946245 3885174
3753437 3904496 3872023 3893283
3938843 3850012 3732993 3811964
3856707 3933886 3867435 3972019
3976033 3985941 3805591 3929023
3764146 3787090 3664524 3792176
3855506 3757420 3791782 3773257
3822700 4052338 3888958 3967308
4038713 3960479 3838112 3902565
3902784 3807938 3828963 3881561
3959814 3764782 3720007 3767671
3929559 3863343 3766500 3925036
3980893 3824465 3846511 3852597
3840050 3817412 3823721 3762800
3941843 3837140 3754657 3663688
3913763 3935684 3835824 3900659
4047527 3802619 3906775 3761422
3877258 3732665 3927747 3965928
3911845 3973646 3790655 3902003
3889309 3805175 3913931 3953095
3917376 3972292 3920324 4019800
3917331 3880549 3929416 4040073
3954401 4034882 3928411 3977996
3863024 3834638 3925551 3970204
3916151 3898712 3817037 3937772
3941199 3810295 3890087 3800978
3957417 3785168 3871360 3658911
3930289 3970445 3869301 3874190
3985154 3851653 3903215 3815412
3889096 3962183 4008538 3979697
3980791 3857920 3860715 3788833
3934025 3802788 3919977 3886172
3896419 3799569 3895888 3726194
3864025 3852034 3801415 3848436
3989869 3848948 3897783 3894040
3952223 3825247 3779642 3900010
3992403 3917088 4033573 3896574
3860809 3925182 3854315 3869770
3941217 4050143 3982819 3920293
3784227 3840300 3766126 3901936
3889025 3974925 3926129 3843430
3845858 3705226 3868657 3715058
3946407 3951041 3837416 3837844
3858180 3850257 3842514 3843663
3996752 3953756 3913077 3867581
3839441 3806667 3852162 3908266
3948663 3968374 3960090 3896187
3944428 3754842 3817577 3872615
3950674 3991206 3858784 3895369
3776642 3892055 3825717 3846586
3902182 3830717 3708055 3816555
3819748 3902399 3864419 4009015
3960166 3923242 3953579 3914234
3898310 3922642 3839725 3994628
4043368 3946549 3959179 3900158
3779944 3924721 3797116 3912175
3955670 3820972 3813598 3900301
3870441 3850203 3800696 3910760
3910979 3755899 3714954 3721711
3929350 3945045 3845712 3956753
3938441 3840532 3779936 3842773
3922096 3917164 3892058 3943349
4012987 3840739 3846550 3790258
3883473 3884681 3875183 3865167
3846414 3868502 3824355 3737103
3920284 3873299 3979764 4091245
3960217 4126167 3971766 4133978
3907023 3903935 3904304 3957282
4023179 4019343 3980401 4042704
3893199 3938329 4031647 3996917
3995761 3972235 3931023 3940342
3869543 3718532 3810989 3987164
3881763 3924383 3877522 3849551
4044288 3899778 4031260 4013171
4047259 3925866 3956948 3764523
3995686 4033828 4087914 3954920
4066884 3938775 3983526 3789359
3949992 4048286 3954689 3942050
4010063 3850520 3993152 3766825
3988883 3866847 3951608 3886410
3928116 3769707 3969865 3656151
4021154 3954546 3846583 3936882
3980169 4044062 4111359 3984703
3966901 3899775 3868577 4036383
4000722 4016028 4015453 3923852
4013517 3867485 3910634 3909970
3978285 3959526 4086833 4003218
3822949 3769481 3714454 3894709
3961380 3927913 3924555 3839384
3965176 3855832 3901905 3918041
4031151 3949482 4001739 3958659
3985167 3873575 4014694 4000532
4019304 4051565 4003714 3990076
3933624 3821736 3896942 3820827
3902551 4032323 4018855 3968918
3810457 3754636 3811507 3725136
3911869 3896440 3843748 3792546
3910915 4088879 3918761 3966319
4035361 3974494 3874998 3920346
3963021 4024491 3867182 3998893
4035076 3910761 3879204 3915349
3867454 3953789 3845684 3931597
4025736 3937301 3803779 3947014
3791649 3901540 3827051 3930459
3939801 3833179 3763759 3881178
3993837 3938512 3901137 4034760
4053213 3880479 3896017 3874113
4072701 3941872 3916971 4006124
4012885 3929394 4033535 3817947
3973989 3916595 3931158 3988349
3970237 3878779 3908673 3830880
3888842 3852025 3780255 3914912
3913376 3782396 3851011 3795170
3728239 3707231 3756433 3772699
3793845 3744025 3774464 3756287
3826493 3755581 3894625 3913917
3836185 3884328 3821490 3843655
3889395 3734427 3846890 3856573
3912487 3836085 3828874 3894676
3974879 3976697 3953294 4091214
4070157 4046968 4029741 4085724
3783447 3696446 3786787 3676929
3788628 3717809 3717844 3621369
3873609 3857366 3957971 3843679
3901533 3798646 3857829 3658484
3769782 3836674 3838288 3773828
3847727 3774898 3897941 3737415
3975219 4012292 4080672 3941992
4061585 3874404 4008874 3876396
3686877 3667520 3626348 3758689
3684103 3807795 3740675 3724645
3822192 3782876 3744956 3856734
3861708 3911746 3893665 3819603
3861132 3812332 3735065 3751786
3855045 3858506 3826264 3695397
4034322 3978172 3910693 3979837
3987272 4037190 4057846 3988779
3655471 3638133 3742824 3681262
3773240 3734078 3660638 3739931
3810402 3661099 3849514 3793786
3845094 3881492 3776358 3724191
3849571 3750610 3690453 3701903
3874526 3828968 3885395 3772802
4006184 3776467 3965243 3926815
4044119 4090307 4048987 3979513
3621742 3675273 3644958 3733283
3819868 3660644 3688764 3695522
3792202 3783556 3724559 3863646
3841426 3821523 3738625 3748116
3600587 3756149 3823013 3825134
3919581 3825283 3804154 3794377
3949578 4034788 3910000 3954115
4062868 3967422 3949213 3946217
3687951 3665776 3723203 3752908
3711812 3613692 3625499 3625935
3823637 3765040 3797176 3854185
3868062 3742540 3702767 3717475
3769307 3871127 3823002 3705927
3866178 3798243 3787490 3725704
3970608 3961878 3934863 3965869
3988332 4009276 4075341 3840065
3879643 3729979 3873931 3918794
3966016 3933268 3875842 3938223
3828385 3672912 3795583 3897418
3837235 3881183 3850833 3935861
3866746 3945510 3936131 3948525
3912570 3965029 3973418 4001783
3710703 3628502 3596702 3771695
3785554 3760782 3738667 3797586
3917706 3857261 3923191 3925475
3989154 3892511 3879189 3715004
3812486 3783655 3932829 3822681
3942618 3780980 3733244 3638555
3981374 3870042 3897268 3852296
3968004 3894576 4018661 3746490
3685394 3702992 3748611 3757318
3763505 3620516 3737285 3573153
3974686 3837436 3777997 3883590
4004209 3902770 3905304 3863135
3801736 3863315 3734427 3848710
3830425 3933164 3825941 3786667
3936772 3883814 3827698 3904001
3939693 4048242 4033730 3893318
3691758 3724753 3567191 3709085
3658421 3774407 3776736 3647082
3821347 3739363 3841222 3763024
3914577 3978203 3925990 3894021
3692487 3697944 3835894 3736305
3806429 3898876 3777851 3814789
3914040 3830454 3954305 3808026
3964054 3943993 3939661 3873035
3700461 3596129 3625730 3677799
3754508 3790439 3713259 3574530
3783914 3927871 3797011 3857508
4034286 3861198 3864338 3821323
3729073 3802157 3776997 3873137
3872019 3889654 3710251 3843184
3818782 3961644 3781012 3939763
3961744 3911743 3876700 3883072
3636616 3715854 3569832 3710248
3766243 3725126 3590784 3696873
3831060 3882349 3868039 3947550
4002930 3805717 3873075 3814786
3830960 3815465 3760559 3876667
3868487 3744975 3819863 3715704
3882151 3919284 3849566 3895217
4031272 3899500 3928211 3837013
3680327 3713113 3713871 3739640
3713964 3683173 3617002 3675757
3834086 3805626 3987322 3979014
3888948 3924544 3920786 3909028
3929763 3934304 3952524 3946940
3916567 4035990 4027899 3945153
3724609 3863828 3856384 3976330
3786320 3832914 3774216 3915893
3727568 3742501 3936203 3897728
3782551 3879645 3828879 3900986
3936773 3883029 3950404 3891021
3922668 3911878 3884255 3691536
3964956 3924900 3978201 3957449
3988405 3877345 3975496 3787567
3816649 3770132 3817307 3854480
3850708 3752621 3823103 3709432
3863046 3832367 3838256 3823485
3861725 3754443 3911084 3702035
3821711 3914384 3821134 3936293
3988532 3891197 3967555 3875182
3975486 3946598 3827381 3998223
4054815 3955456 4057927 3866377
3815784 3833410 3750830 3791604
3804539 3891657 3921817 3756802
3810909 3892534 3782496 3792534
3839926 3903672 3896051 3824615
3856248 3811557 3837212 3809312
3966033 3949186 3922637 3842197
3950740 3841862 3915233 3856199
4036862 3983623 3968652 3891297
3757348 3762381 3792700 3739222
3884794 3785929 3876039 3822826
3864138 3761125 3756392 3717843
3914012 3885608 3865667 3843969
3816671 3772810 3872178 3852506
3968010 3824573 3790887 3834627
3845012 4013062 3866347 3902208
3939802 3915355 3903430 3908959
3743517 3853495 3756114 3890514
3907254 3839037 3749002 3832334
3701885 3925910 3771733 3852068
3886147 3921293 3784345 3853408
3962269 3931670 3892139 3831445
3958017 3854576 3829386 3792403
3914667 3918591 3829003 3968042
3975688 3930083 3870876 3822785
3748712 3737368 3735387 3783483
3837896 3797220 3729580 3748465
3914935 3835352 3769364 3908958
3870229 3789166 3770901 3786595
3903943 3637984 3825575 3844997
3712582 3772187 3768115 3804554
3964321 3737776 3830417 3871673
3809493 3778071 3809634 3948682
3988994 3757543 3952893 3847239
3829032 3696254 3775338 3913520
3978273 3786482 3867329 3767974
3730910 3752999 3856273 3899040
3832832 3791085 4059737 3702446
3859045 3869720 3769075 3844243
3912564 3867624 4142044 3800183
3970304 3923210 3902427 3954539
3971537 3836236 4128651 3737727
3857931 3954890 3825053 3927889
3883406 3825493 4027802 3677150
3776599 3896132 3773105 3885768
3944060 3797737 3803673 3859682
3787234 3748787 3933924 3795747
3948520 3957575 3927289 3983753
3755124 3913582 4009790 3825372
3925629 3876803 3854218 3918659
3870750 3745312 3895142 3775853
3898048 3948039 3870700 3829342
3837046 3662820 3907445 3785506
3782935 3786171 3693911 3745407
3718367 3889659 3672678 3707986
3870005 3847568 3771676 3824342
3830534 4019168 3756525 3791846
3777637 3792219 3795556 3753090
3773071 3901475 3646844 3753832
3778081 3795468 3717328 3729523
3812591 3953329 3645579 3657625
3670808 3964389 3818864 3960175
3875991 3846361 3935422 3850991
3817252 3953848 3854668 3983614
3829303 3848214 3893698 3952654
3839338 4040558 3795089 4006527
3944350 3841958 3904522 3938193
3752107 3931084 3895615 3952650
3900839 3799939 3926176 3818273
3732590 3864290 3982395 3907875
3905010 3710059 3834966 3798608
3774072 3951390 4086107 3929960
3916218 3893497 3940172 3862914
3825762 3952103 3960079 3914103
3912193 3795725 3882400 3885585
3806533 3915404 3911218 3856874
3807866 3691418 3824025 3808668
3791621 3629570 3657249 3733149
3649531 3634817 3714875 3821450
4104241 3797091 3838359 3822029
3757889 3769586 3897208 4015360
3919876 3743209 3894239 3900216
3760197 3852226 3816921 4025186
3904264 3774806 3839004 3863520
3765317 3706166 3758810 3880977
3770938 3669251 3946152 3602247
3795490 3814165 3576651 3747196
3881351 3821382 4153865 3677766
3943061 3952192 3868574 4019983
3970585 3826571 4113735 3739228
3903283 3892733 3898793 3913563
3931288 3786964 4107961 3791810
3899292 3939197 3914871 3945182
3765636 3689146 3681263 3814073
3652909 3605325 3821493 3667420
3975493 3946297 3921310 3918284
3822714 3841719 4125079 3760281
3944554 3984164 3888535 3879787
3827984 3830317 3969097 3872826
4008405 3933317 3811443 3909744
3851973 3805156 3898474 3768173
3603945 3786395 3607987 3598190
3588351 3798675 3616321 3652618
3873684 3813681 3812822 3763581
3813562 3948783 3777195 3807479
3880648 3867993 3792499 3822607
3869816 3826246 3670072 3736544
3807873 3823731 3699217 3788772
3800349 3957437 3730589 3789513
3663482 3765090 3784707 3794203
3697746 3702306 3807226 3689210
3742008 3984788 3886201 4034372
3889448 3862712 4013432 3849250
3825807 3997503 3983880 4021473
3840323 3853204 3992384 3869686
3767260 3922774 3910629 4011150
3869895 3843337 3965850 3924849
3722169 3724112 3779108 3691461
3746782 3676661 3779929 3649167
3877744 3964636 3981009 3857907
3974290 3780368 3925699 3828157
3831465 3901601 3997244 3848490
3861422 3810827 3853446 3803661
3892918 3917660 3985505 3860280
3827128 3750707 3863262 3815956
3997968 3770236 3793901 3780267
3806047 3811253 3842030 3986012
4016631 3828328 3884566 3903302
3770477 3786563 3902166 3970455
4052480 3895236 3887639 3980809
3846060 3859433 3892879 4005239
3803616 3621638 3771093 3709422
3664941 3663383 3728486 3880337
3895478 3856763 4000139 3708723
3876154 3961698 3931814 3973181
3925742 3869987 4000901 3812769
3903283 3945030 3869402 4015819
3922460 3965334 4148589 3837441
3957019 4049413 4009216 3998265
3806153 3710035 3856457 3532868
3911077 3790941 3752373 3840110
3931328 3855169 3848727 3912042
3789493 3764842 3885412 3814781
4040375 3988826 4000394 4018565
3843643 3785295 3970186 3839914
4072042 3955296 4009614 4040324
3917827 3844923 4020652 3883506
3796348 3842744 3825627 3787091
3719804 3666933 3773953 3651403
3840200 3914411 3811314 3769614
3806162 3944122 3725938 3757815
3802485 3917967 3829770 3836108
3809118 3888211 3744914 3817431
3927315 3885619 3831693 3856657
3973158 4009690 3813213 3904321
3643394 3711689 3677253 3626403
3792081 3831565 3568292 3664232
3750078 4007137 3917946 3891558
3848207 3820845 3960603 3832012
3879885 4068486 3958184 4040896
3928890 3901141 3955031 3955344
3783246 4175926 3968687 4077545
3922440 3967313 4024013 3999967
3612358 3957356 3798868 3826986
3829131 3705764 3804148 3690011
3737655 3888235 3871332 3953241
3862798 3787037 3860694 3784434
3865219 3901562 3994782 3912932
3917386 3816231 3905349 3794085
3972607 3968158 3987665 4005746
4086800 3887800 4070869 3891919
3793283 3705429 3817214 3723102
3847390 3733140 3806182 3744069
3943835 3776368 3915004 3874555
3777668 3734337 3785296 3957165
4291393 3969482 4053282 4089135
4003321 3925150 3998963 4145267
4121663 3898036 3858645 3903594
3860689 3959820 3864804 3984156
3995874 3627084 3792153 3867943
3642284 3789845 3797803 3874608
3949319 3836650 4147810 3732145
3898319 3959294 3852568 4024636
4259410 4050973 4293728 4078163
4095591 4185451 4091822 4186843
3973569 3833910 4089681 3804970
4050459 4059229 4007699 4068298
3847579 3719681 4067220 3698105
3803679 3821399 3826578 3903462
3944087 3940364 3916653 3919902
3852034 3822910 3979605 3788001
4119419 4207143 4161270 4162675
3980535 3981805 4094374 3989096
4065346 3989342 3996406 3969460
3941384 3900655 4026598 3893167
3909946 3867239 3856380 3859165
3807158 3753768 3920497 3733070
3778168 3827067 3827923 3811377
3797176 3962814 3696334 3757849
4037666 4082177 4075536 4016409
4002266 4115184 3911037 3947829
3814171 3931047 3855802 3880252
3916816 3962103 3777006 3833210
3716881 3772020 3701539 3723994
3727648 3873295 3593818 3738378
3789267 4016145 3866177 3951501
3822404 3874459 4012353 3973244
3937062 4274965 4095350 4255418
4122584 4096035 4256110 4130188
3862300 4047285 4033359 4082541
4041907 3924888 3936569 3871859
3683262 3977696 3774897 3959428
3850396 3912591 3969714 3900875
3841199 3919590 3945071 3864629
3982545 3813609 3878231 3793738
3964654 4171153 4238115 4091380
4222717 4029171 4129291 3985384
3871545 3989205 4054305 3981582
4017384 3918608 4014882 3813855
3807582 3827864 3947264 3842565
3884496 3733289 3745788 3726848
4092184 3871343 3978677 3987368
3817042 3819834 3847621 4024680
4020379 3816793 3840767 3876895
3769086 3712425 3788459 3970776
3895590 3696173 3799700 3698006
3657207 3690956 3615390 3845557
4034729 3806376 3929495 3866725
3846739 3820907 3864300 4010973
4076300 3904934 4195776 3872796
3963813 4013695 3966658 4124259
3965070 3793741 4069076 3779181
3891075 3962186 3976841 3928393
3793369 3656913 3961523 3626573
3785995 3842310 3756232 3798824
4006491 3879132 4137326 3848875
3995704 4048648 3898045 3949009
4089284 4069352 3913410 4066647
3910612 3883677 4104357 3910409
3899538 3934665 3856291 3911866
3786299 3858681 3890482 3845658
3919128 3836068 3803768 3801393
3743293 3685687 3832477 3752366
4018639 3973033 3981977 3969447
3837308 3872327 4041004 3851559
3843844 3941396 3896611 3945588
3940765 4033350 3826771 3805854
3805347 3866959 3739365 3743916
3810965 3963380 3790226 3741810
3739907 3704330 3651422 3672021
3725518 3804369 3622656 3581457
3915273 3940543 3803006 3837733
3834379 3989891 3750567 3790915
3894706 4171587 3879932 4078952
3938588 3953929 4024284 4102785
3818043 4040625 3909084 4005951
3887924 3823362 3924749 3859066
3681485 3884132 3724864 3927047
3825544 3780703 3749923 3766737
3926102 4068231 3917504 4020290
3851541 3972471 4077968 3907383
3933605 3995605 4012229 3980044
4037478 3794262 3977294 3832464
3848903 3872921 3958249 3895309
3859770 3811120 3918101 3785274
3740509 3798476 3811485 3776677
3856225 3752602 3797257 3739864
3885147 3938772 4003950 4004326
4005900 3821438 3990407 3802423
4035177 3823172 3911179 3870679
3905359 3888924 3881709 4074853
3913995 3682891 3774426 3716799
3721342 3642750 3788808 3853223
4119207 3856048 3930695 3941876
3840394 3846827 3929439 4023140
3912130 3731170 3773290 3780703
3700025 3646191 3726576 3864734
3972987 3837845 4133262 3767202
3953945 4058352 3962569 4012560
3813356 3793297 3954438 3576847
3786288 3903917 3755220 3865907
3943394 3903231 4234745 3816144
3972417 4018094 3980861 4099013
3767636 3775958 3990624 3647506
3799297 3870821 3801060 3878379
4045888 3980696 3983618 3964477
3932279 3893791 4030866 3766869
3986167 3835972 3819145 3872076
3774458 3769706 3848310 3727699
3991127 3945391 4095910 3966700
3981264 3832895 4019366 3888649
3853623 3955392 3835355 3832772
3803380 3757340 3839553 3734277
3828644 4003727 3790808 3864423
3888706 4004288 3756251 3815315
3689948 3671135 3671230 3684680
3785367 3791012 3651050 3630105
3846541 3906598 3802421 3886244
3847526 4015463 3704848 3813679
3763358 3762582 3760642 3729376
3755627 3865722 3607598 3616082
3886452 4133015 3993291 4054868
3943308 3903909 4047966 4025537
3718706 3925496 3766252 3831328
3772653 3822859 3857410 3815477
3909368 4071791 3943220 4072478
4052957 3937239 4021430 4010763
3659809 3910393 3760247 3933062
3797462 3775097 3831968 3905379
3987055 3984317 3984054 3959636
3969020 3812760 3906523 3802830
3740254 3823399 3851623 3897925
3873359 3727449 3840225 3704848
3965848 3910313 4033408 4023502
4117166 3791866 3999301 3952327
3804290 3807062 3834771 3773687
3850127 3742288 3833473 3743887
3990365 3770113 3848031 3851332
3820395 3904454 3870100 3892796
3950197 3797873 3934865 3901317
3770642 3734532 3876149 4003785
4003083 3745084 3872507 3850989
3852527 3802373 3791942 4009473
3955004 3703101 3822167 3833865
3680205 3701454 3835461 3922973
3916971 3775320 4037072 3775036
3911025 3952704 3871830 3915082
3927891 3773729 4091353 3797073
3963163 3937397 3868696 3973533
3994765 3824024 4188538 3740705
3890736 3949506 3882270 3931624
3893202 3783347 4095719 3673451
3869275 3966158 3847312 3896123
3976335 3860095 3928422 3874144
3833195 3788798 3986905 3786053
3946775 3973593 3864877 3975002
3862855 3811063 4015921 3792933
3960166 3954792 3886122 3927618
3867173 3813037 3915684 3915571
3985757 3911114 3858945 3911384
3806595 3742492 3923370 3734768
3754959 3865735 3687275 3787368
3841638 3966025 3693866 3688403
3789060 3830590 3741439 3794043
3824243 3964092 3708794 3768524
3812465 3912292 3721310 3834532
3832753 3915237 3753580 3839245
3781315 3860985 3768879 3763577
3860645 3889281 3677950 3777950
3791237 3949709 3851739 3999357
3922432 3884697 3809284 3906641
3811508 4065489 3922515 3991311
3879798 3923773 3918733 3915398
3824549 4071915 4034789 4062730
3921402 3849561 3992854 3912568
3766297 4000436 3835581 3968100
3963252 3828753 3991489 3944677
3785446 3876541 3929557 3881155
3921892 3810474 3865736 3897121
3954462 3848810 4028861 4029539
3962350 3903790 3935916 3884578
3905514 3957896 3920095 3955129
3865077 3780515 3920787 3739617
3774868 3865954 3977307 3852496
3874475 3779368 3802409 3806571
4013531 3825789 3880351 3903284
3825622 3753756 3813258 3988732
3823313 3607222 3834986 3721631
3548440 3725032 3702039 3705739
3965328 3714785 3760895 3793138
3642294 3689765 3717436 3840988
4050614 3791332 3961942 3875628
3770038 3766229 3809483 4011476
3955511 3895772 4068487 3805993
3921896 4002246 3912129 3998319
3742781 3606340 3943561 3598636
3759184 3820733 3782260 3792594
3861509 3718560 3924237 3598386
3805257 3849794 3830511 3904941
3921500 3889397 4125149 3736408
3903022 4006460 3926256 4043520
3996400 3989696 3934756 3906167
3749483 3805076 3975212 3820054
3852388 3839089 3829512 3711780
3721585 3649772 3880817 3708206
3812645 3849044 3823391 3792076
3765787 3776040 3963847 3751468
4038520 3991888 4048353 4000448
3896737 3971931 3973296 3846636
3820028 3811003 3791892 3801391
3824759 3902372 3716662 3893506
3633428 3715195 3641095 3619219
3679724 3868323 3533824 3629305
3696924 3821120 3697145 3685368
3769086 3862619 3627686 3716393
3854797 3863664 3795334 3869172
3922497 3949630 3688714 3768700
3826265 4025696 3911346 3991233
3999259 3933906 3928358 3962916
3668790 3875402 3767228 3864833
3880831 3699880 3813206 3816430
3674281 3986946 3803008 3911296
3814915 3876018 3878291 3824362
3812196 4091170 3956233 4042551
3910901 3923508 4047320 4038258
3804939 3904834 3966391 3978526
3936138 3824900 3886889 3811173
3788891 3782445 3843091 3763610
3824683 3601884 3848853 3594301
3723927 3756504 3846103 3824173
3775703 3650750 3820558 3678641
3866980 3910187 4097032 3972313
3983034 3937035 4006341 3874285
3950835 3835055 3872530 3913972
3800049 3821771 3815113 4010919
4079069 3921667 3986472 3918295
3896658 3916988 3908615 4052951
3983750 3791631 3894086 3817462
3791580 3849127 3829861 3927384
3959276 3766453 3867853 3832420
3777328 3866483 3845691 3930152
3940110 3803689 4188872 3895389
3965717 4052085 3903398 4025125
4079981 3935938 4202110 3939495
4042904 4055305 3968495 4055029
3957051 3872451 3987391 3781517
3997745 3992609 3909443 3993364
3893549 3818221 4025846 3770483
3939205 3997089 3791170 4000672
3967051 3933444 3907617 4034670
3823262 3783873 3992775 3901855
4066358 4010613 4020602 3972255
4013880 3918734 4060171 3831220
4051300 4009565 3903187 3921942
3802449 3789333 3938133 3824329
4035017 3890760 3978793 3895851
3758818 3785214 3940550 3835533
3856651 3844132 3770518 3761875
3855012 3926561 3762090 3822121
3871341 3900771 3888588 3904983
3930506 4069473 3858504 3848598
3811863 3817561 3805234 3846407
3836616 3930956 3745797 3803869
3708542 3836399 3767935 3829089
3696621 3903704 3594913 3686339
3826370 3978165 3870684 4079433
3903344 3824617 3933766 3895782
3877094 4097655 3951719 4096617
4011078 3971213 4083055 4051056
3804474 4045041 3964635 3977414
3961155 3816161 4012564 3952552
3739835 3967460 3900482 4044501
3866171 3872196 3944007 3940058
3818258 3906217 3978906 3911901
3912844 3852955 3917494 3861403
3909437 4036103 4054545 4018756
4053308 3941060 4071965 3898849
3822820 3804960 3914693 3987130
3992465 3833592 3868751 3814617
3806100 3864336 4034161 3928649
3953311 3814622 3874445 3816039
4113340 3833457 3906244 3963284
3906837 3863879 3866412 4054154
4076774 3836563 3863733 3935982
3841002 3835834 3904388 4024158
3883248 3702655 3755869 3855663
3673419 3650413 3655637 3874556
4024989 3883905 3918766 3837385
3825984 3819206 3861818 3952925
3933619 3802721 4109306 3869639
3908821 3986717 3895882 4025391
3993778 3942853 4170379 3802912
3926264 3985719 3945480 3981144
3881608 3808025 3935386 3755863
3810502 3799215 3750105 3810579
3934080 3888907 4093980 3808365
3965937 3957855 3849724 3984340
4071576 3997271 3964766 3876046
3860560 3913432 3973188 3864774
4099438 3978582 3854638 3920128
3865263 3842708 4049288 3842657
3853494 3816846 3836267 3789774
3735494 3731924 3838921 3748518
3934946 3945872 3894667 3918245
3894328 3877324 4017249 3856839
3899963 3852634 3892076 3875327
3873058 3977020 3741046 3788028
3825438 3825872 3813283 3780794
3918177 3942741 3664323 3812427
3688739 3727701 3706183 3729721
3744215 3870305 3649787 3754021
3795681 3813985 3873733 3767868
3871012 3987611 3706888 3784417
3810005 4114188 4008697 3952930
3928650 3860022 3986498 4013001
3802869 4076362 3984514 3967520
3952037 3913779 3963210 3867157
3710829 3950065 3855864 3848893
3880494 3824129 3840339 3843513
3771778 3994546 3943611 4059669
3959852 3870351 4000170 4012072
3958967 3897920 4003806 3959851
3985694 3983792 3937612 3856711
3861195 3919425 4014456 3959625
3949255 3897832 3888326 3837350
3779151 3809661 3800354 3817118
3827732 3686793 3773371 3714983
3862472 3983750 4035366 3895105
3991168 3899956 3897470 3877252
3951187 3658353 3714397 3699972
3687515 3746389 3663766 3865293
3925459 3757973 3790153 3783442
3776265 3732345 3726921 3954003
4057109 3858210 3880566 3901738
3800540 3893979 3864186 4073336
4022380 3768174 3841534 3888407
3723157 3793681 3824096 4030903
3775768 3742969 4049157 3680464
3825772 3823632 3845690 3864478
3863845 3829390 3991765 3696052
3870976 3920222 3854412 3842555
3996236 3857594 4176254 3785399
4003812 3989199 3925162 3952673
3966789 3842734 4062280 3726077
3934813 3921404 3845311 3980553
3888744 3920849 3856731 3885920
3741479 3703178 3813809 3740423
3944512 3896468 3844592 3858595
3751545 3781554 3907072 3769173
4015230 3986531 4058328 4010234
3855459 3837930 4068927 3888677
4077453 3998526 3886991 3967886
3818001 3752697 3958012 3824584
3707193 3725034 3687033 3665611
3812201 3868349 3695994 3693299
3777977 3786374 3717602 3750662
3653821 3945360 3695005 3762499
3812423 3901513 3844702 3879260
3910270 4015835 3678493 3751945
3830166 3875186 3793689 3685290
3806544 3868361 3784417 3787805
3638443 3873944 3817294 3906469
3788709 3774597 3806992 3846928
3675789 3960726 3813259 3978602
3890412 3886767 3903190 3852969
3790211 4072587 4041703 3996523
3997138 3925322 4003467 3949856
3780499 4065399 3938215 4092572
3986022 3902520 3965351 3912501
3729505 3866495 3852959 3817912
3839459 3774759 3805091 3787633
3808045 3857389 3863380 3896062
3891796 3757444 3889900 3713504
3890401 3982786 4041049 3937946
3957150 3891505 3938725 3807950
3893797 3901615 4028552 3963451
3907406 3724610 3834008 3842916
4131623 3909560 3985346 3969292
3874038 3843389 3890724 4068373
3973698 3886169 3810788 3840707
3872131 3772494 3817916 3988165
3929203 3937503 3911674 3823814
3797594 3790823 3845019 3950839
3904909 3809007 3945255 3873834
3809381 3772805 3726763 4016643
3986950 3864577 4193734 3855486
4080947 4003384 4031457 4124536
3976389 3870529 4069413 3719952
3936859 4043302 3920374 4078730
3903731 3915017 4053643 3719856
3971058 3929999 3948164 3902904
3906519 3820289 4101176 3776226
3870052 3924953 3866672 3966534
4109666 4020923 3951541 4036298
3944336 3928958 4164563 3976321
3978639 4001858 3940185 3944884
3848691 3792958 3989074 3838087
4060449 3973216 3879862 3872234
3722775 3856207 3935599 3856186
3982004 3935655 3924402 3870883
3884189 3798656 3960387 3847471
3852958 4041896 3804577 3879608
3984879 4032069 3825731 3795410
3836026 3835030 3835188 3879811
3845933 4039800 3751583 3816126
3814697 3849422 3789081 3805049
3840929 3954885 3769096 3744366
3848159 3906487 3702598 3740305
3792826 3944520 3716422 3790854
3843781 4133224 4006864 4118237
4072359 3998188 3973292 4085112
3871515 4034523 3994046 4090121
3884585 3948894 3995048 3994359
3729165 3974761 3950215 4015960
3861795 3899572 3946824 3998624
3757228 3982894 3939985 4118791
3951999 3872740 4060623 3876499
4040709 4013783 4057147 3938285
3963005 4026427 3958071 3903183
3904789 3955237 3961500 3948386
3966181 3831051 3917338 3840298
3856702 3920344 3934276 3917460
4003465 3855601 3899438 3820142
3850363 3895025 3926849 3839223
3908239 3799409 3932675 3806345
3775228 3941587 3781144 3975913
3878893 3936934 3853117 3924646
3777027 3921472 3794486 3845336
3833819 3875091 3815694 3808403
3725323 3940823 3749533 3848225
3764005 3867636 3855775 3790496
3763360 3811117 3816235 3867137
3824659 3903720 3799890 3757403
3929586 3901189 3878848 3816728
3804413 3690279 3851628 3773834
3901188 3727161 3835607 3816624
3759428 3695330 3802697 3794498
3778325 3887435 3782952 3805717
3729608 3649359 3690051 3681291
3827756 3852446 3849501 3854664
3745213 3654681 3757593 3766841
3736311 3810698 3820006 3941768
3871227 3787694 3790879 3959720
3644362 3680551 3845833 3895619
3838225 3682838 3754724 3904620
3695006 3695495 3832557 3894966
3737494 3729860 3763117 3876503
3712748 3688392 3864658 3897251
3828955 3816380 3722258 3981460
3847143 3804236 3712985 3799577
3750757 3878003 3860017 3961423
3754806 3747682 3655936 3729231
3710919 3986857 3885320 3928270
3738545 3754202 3642861 3748105
3825403 3959828 3792876 3843144
3808741 3785742 3721396 3838466
3776919 3904840 3913977 3839423
3583132 3860709 3695908 3911736
3939122 3722730 3946585 3950760
3468470 3886869 3751205 3995431
3989705 3740142 3971384 3822288
3506683 3930213 3779453 3890538
3932781 3786748 3902445 3841582
3554860 3874796 3720111 3902842
3934679 3764017 4105148 3934244
3806335 3919338 3884393 3879940
3911684 3696552 3841616 3928095
3807728 3838164 3930457 3758873
3854990 3734719 3796180 3927771
3720874 3823070 3905189 3798296
3844604 3726432 3739112 3892589
3801301 3881159 3887041 3777806
3852254 3768217 3912827 3875846
3813593 3862990 3864924 3911355
3903820 3884662 3885855 3793654
3892954 4019556 3899540 3973788
3828145 3935210 4029334 3861847
3806151 3958934 3936554 3934593
4000860 4008119 4012831 3834745
3826681 3899409 3894907 3965248
3938276 3967648 3923915 3837736
3878074 3848525 3824004 3859347
3830068 3664763 3839214 3852631
3995062 3875390 3938092 3924443
3850005 3761336 3909142 3792840
3943452 3965589 3929413 3881802
3893985 3763436 3898501 3802768
3907956 3869691 3925048 3847686
3885230 3675020 3747275 3751960
3722577 3709930 3825507 3956414
3861447 3753177 3852672 3868421
3834014 3789253 3950557 4000173
3830197 3872765 3935949 3945430
3825139 3859438 3870359 4033714
3922740 3824048 3893114 4028923
3726671 3736429 3876018 3918273
3907232 3782301 3843494 3873857
3894600 3826596 3693716 3770929
3768290 3950666 3946476 3952987
3809390 3791170 3739951 3826354
3869923 4047033 3988817 3941168
3956269 3929482 3808732 3886394
3825492 4016651 3963205 4037303
3912255 3814185 3662449 3784068
3835620 3927158 3959563 4038205
3631833 3926379 3827365 3953275
3920264 3781687 4031611 3911198
3773367 3944245 3788196 3980235
3965897 3871544 4088392 3924440
3727328 3984640 3856773 4073364
3960359 3799210 4129067 3938754
3630990 3952908 3775529 4023123
3954522 3881644 3971554 3941561
3751835 3906985 3872805 3885214
3822410 3778732 3847618 3876484
3800225 3861834 3965307 3900926
3988698 3842678 3849252 3935481
3899099 3886569 3915385 3933372
3878139 3850419 3917791 3959498
3862543 3859793 3936515 3909496
3892061 3826174 3899735 3902164
3864368 4078268 3946878 3905920
3964920 4068320 4089730 3967133
3868374 4043059 3937124 4031505
4012383 4049104 4068439 4039062
3953750 4047099 3955647 3845867
3993677 4036805 4013378 3924093
3851636 3999141 3860217 3942836
3963397 4109855 3944618 3869644
3965736 3994951 3987079 3983980
3915730 3784486 3966170 3907487
4045223 3959181 4009007 3980241
3948353 3846955 3923995 3949409
4049535 3962665 3999516 4024519
3926691 3724323 3877373 3902408
3987669 3981528 4004318 3877937
3997871 3812230 3927158 3909646
3840640 3916865 3883128 4075447
4008586 3858102 3965298 4079770
3908864 3853829 4034020 4037550
3972473 3848829 3965463 4113444
3806173 3823617 4084722 4106836
3964414 3889100 3923211 4040679
3775048 3899508 3988750 4081177
3905229 3888709 3889833 3962749
3923602 3956512 3836722 3925598
3981801 4057556 3991405 4026855
4007636 3807912 3799325 3953946
3953111 4046542 4015710 4057453
3903731 3926387 3847587 3867392
4016501 3999125 4062059 4075978
3893425 3917331 3744860 3817786
3881393 3973186 3941810 4076469
3720806 4128608 3896929 4007377
4079607 3906325 4129219 3999443
3758611 4118695 3947612 4094170
4121775 3926572 4191421 4087762
3731934 4090582 3912645 4077112
4059776 3915905 4088286 3912872
3726186 4075304 3882059 4042251
3990212 3971357 4093601 3988217
3965418 4022444 3981826 4014101
4064486 3903217 3942982 4055303
3968856 4075724 4031041 4014463
4012367 3882028 3960902 4060913
3912773 3945358 3973782 3993644
4005236 3888058 3950884 4057236
3860693 3849638 4072395 3962220
3982918 3972291 3925749 3956155
3702263 3840440 3857912 3840274
3816989 3869757 3916125 3745520
3885231 3935160 3888774 3943538
3877548 4020725 3963862 3835751
3894641 4078991 3905796 3957666
3965577 3943121 4081124 3930820
3901012 3954597 3898793 3893593
3929242 4000039 3951377 3831084
3862942 3752824 3883203 3804951
3781364 3624321 3863399 3802178
3869571 3954398 3954833 3873387
3844024 3742467 3842947 3902759
3913729 3980575 3929175 3941553
3959726 3837721 3924433 3862396
3910081 3916125 4018415 3867127
3846370 3690872 3835825 3839627
3724547 3667255 3837550 3889999
3883669 3705749 3772321 3973743
3763783 3810469 3898807 3975142
3892871 3766889 3862211 4048584
3899503 3895063 3944255 4016941
4011050 3809887 3904135 4098830
3813978 3841312 3898700 3993045
3959902 3746977 3809012 3934252
3825041 3756426 3674904 3839730
3770223 3872618 3811336 3878278
3871162 3860404 3754862 3747942
3835109 4014664 3933233 3985577
3862045 3823968 3807604 3889539
3877344 4055709 3987977 4085281
3854894 3894259 3729537 3833755
3806145 3971124 3922915 3924141
3555147 3956846 3742976 3921792
3847478 3724963 3998708 3926902
3654469 3972469 3763218 3969392
3972589 3838757 4080721 4002555
3723294 4049114 3854743 4010800
3998247 3898641 4085028 4045077
3646901 3985858 3848187 4035584
3939358 3914277 3982965 3934023
3776557 3852396 3794210 3854562
3889523 3771976 3840240 3885632
3895620 3975726 3932132 3859794
3871738 3934651 3999747 3935588
3923725 3929115 4043116 3977952
3987705 3925993 3980784 4045853
3869929 3850684 3949244 3869851
3951656 3863098 3922749 3900821
3746652 3972224 3866096 3828767
3896702 3851239 3849101 3797603
3813220 3994677 3816964 3923479
3880950 3901032 3958982 3800907
3821231 3939408 3801181 3865817
3870584 3896843 3916505 3869121
3707885 3923146 3789833 3876063
3815827 3833179 3770850 3786053
3878056 3840057 3864308 3889086
3870076 3646242 3845505 3844451
3895484 3858971 3961736 3798959
3856948 3689783 3789114 3834972
3868210 3903704 3892764 3804163
3746218 3579724 3771091 3800899
3777108 3811711 3870502 3733996
3750193 3601319 3781124 3766791
3680626 3738601 3939522 3921576
3856448 3675823 3752784 3920130
3878043 3779034 3921592 3973300
3857686 3775702 3786668 4008128
3763699 3693943 3925111 3953061
3861866 3683705 3822350 3908164
3693256 3747713 3843739 3828454
3781786 3736253 3879972 3887138
3909487 3773709 3700265 3748818
3750763 3856287 3860810 3880857
3850222 3809083 3681526 3777207
3739565 3918071 3955845 3978623
3842895 3848410 3691071 3759560
3862074 3915924 3900947 3894026
3778599 3815440 3620383 3686850
3754493 3898644 3844081 3921727
3632894 3961884 3782459 3922240
3986543 3718618 3964439 3833799
3644272 3851871 3769753 3968357
3938891 3835174 4047738 3902733
3657689 3879549 3792189 3928944
3864923 3729620 4020697 3929803
3602087 3899531 3721754 3886986
3871956 3825126 3984335 3859234
3738552 3878854 3932363 3919900
3889890 3745239 3836319 3909497
3792795 3942326 3919331 3845948
3962917 3765634 3848957 3901331
3733935 3849299 3947358 3906481
3921347 3760307 3844655 3885232
3721661 3791302 3849666 3796809
3808054 3747535 3746119 3822599
3725995 3911092 3854573 3844942
3823052 3944598 3779293 3715784
3870828 3922479 3822403 3861663
3856319 3887954 3908401 3820645
4026631 4052809 4043419 4062433
4009898 4107501 4098106 3987884
3704426 3860623 3778587 3803206
3763496 3827643 3795192 3717012
3797662 3721991 3885791 3812920
3779028 3669251 3832109 3788431
3814758 3801521 3941141 3779321
3779900 3726150 3809367 3848192
4126988 4052712 4037213 4135769
4051962 3829728 3942577 3918125
3710994 3783470 3808219 3773528
3738021 3523960 3761375 3672111
3731409 3704486 3883531 3832033
3900786 3687894 3730395 3848397
3734367 3741807 3884610 3953361
3896556 3675792 3843831 4000786
3944681 3912975 4059791 4111727
4066512 3893000 3945532 4096540
3645136 3717442 3815809 3833985
3786359 3687601 3722779 3735150
3833256 3737707 3645574 3784420
3708325 3932547 3869479 3913707
3888935 3853989 3738474 3813360
3832844 4010968 3895351 4012586
4076103 3909687 3842432 3970843
3981153 4117416 4102550 4075546
3690576 3691627 3691413 3678793
3659078 3925051 3816744 3933946
3597947 3871638 3664334 3912280
3955731 3755769 4000612 3825178
3659848 3939604 3837880 3900778
3984974 3862115 3975738 3867331
3789602 4140681 4010947 4124097
4196993 4007813 4240810 4148510
3516535 3809488 3613010 3897158
3968721 3741654 4027719 3838693
3734445 3813907 3868561 3833880
3889434 3711447 3806380 3875673
3872972 3903846 3938003 3944465
3908977 3767876 3838632 3994391
4012870 4006357 4161646 4056009
4077293 3964359 4030452 4054948
3748114 3914639 3793603 3788781
3823537 3777354 3818019 3872294
3791847 3903601 3790775 3930358
3833135 3941567 3915606 3817047
3701694 3875372 3750927 3831444
3774757 3828042 3797027 3681863
3844662 4047303 3958293 3969549
3894913 3948064 3983186 3892986
3782759 3967665 3813725 3937848
3857844 3933881 4021532 3907699
3910754 3884103 3891811 3845776
3805143 3677420 3786029 3777254
3721097 3783195 3857035 3792804
3660898 3521660 3823113 3723414
3978437 3960850 3996875 3943014
3923530 3672258 3884353 3884553
3871155 3854087 3982541 3883022
3846825 3678417 3855792 3758886
3765528 3783895 3843224 3868051
3881948 3716120 3822355 3868634
3709139 3656337 3788466 3842791
3806464 3632439 3637397 3781711
3830303 3863094 3967280 3996899
3942586 3839014 3880263 3961418
3779805 3900481 3866422 3970921
3861630 3765660 3807051 3928412
3847867 3810641 3688549 3834914
3765939 3927412 3907608 3942053
3809092 3682122 3586531 3736497
3703074 3802978 3780508 3904622
3879799 3835408 3789967 3881636
3839968 4029600 4024044 4042437
3852937 3806619 3752835 3826209
3819324 3961629 3946430 3947083
3613132 3949812 3735501 3934840
3914492 3848097 3985534 3835368
3532318 3840030 3690864 3871749
3905452 3686400 3959527 3828814
3807932 4044822 3865247 4018492
3985878 3796995 4067057 3967852
3662544 4024744 3804487 3980457
3961252 3824086 3979681 3945168
3929842 3854378 3906476 3897318
3857727 3787207 3838071 3853185
3680445 3798143 3843278 3770545
3715020 3745378 3797049 3752172
3878886 3987204 4007204 3989851
3991301 3869646 3832720 3915000
3819160 3903744 3910065 3916843
3980385 3797990 3941325 3947660
3634635 3739578 3684324 3683701
3688403 3783790 3786675 3680425
3850123 4034662 3821137 3919191
3932570 3919332 3934642 3836300
3920152 4068094 3944096 4027671
3956449 4055046 4032286 3993216
3711799 3879907 3720500 3843986
3794642 3909246 3807076 3777206
3815562 3740663 3837735 3740194
3749820 3550817 3708058 3684512
3940024 3885018 3963715 3828195
3900616 3759133 3920677 3917977
3998363 3967214 4005015 3985582
3830235 3784183 3977603 3941480
3816149 3714030 3839355 3776186
3705312 3584855 3754712 3719691
3657365 3559372 3768454 3832101
3804048 3635285 3628317 3766644
3819756 3821054 3952884 3966509
3903155 3829778 3938131 4003810
3862455 3840496 4048651 4126804
4006929 3888115 3871625 4089524
3665815 3669296 3856269 3861206
3777198 3610916 3678721 3819179
3702693 3649005 3565200 3721469
3653465 3843690 3679592 3755652
3952638 3895732 3763072 3834824
3836954 3945326 3980185 3979119
3974978 3865396 3905085 3875328
3933668 4014834 4062267 4034247
3784534 3696487 3567913 3681935
3695649 3846741 3843319 3960858
3497902 3789673 3646281 3927332
3777572 3594358 3799668 3621572
3689402 3888082 3885076 4055121
4053701 3858550 4072622 3971016
3791688 4114975 3911771 4158217
4039863 3951891 4097917 3980497
3567845 3893949 3683818 3919732
3941506 3719663 3905487 3811121
3690355 3688750 3779321 3752109
3787255 3694922 3734380 3743160
3863497 3964533 3985488 3935599
3909893 3871476 3970587 3938098
3866173 3993134 4051519 4025135
3924485 3953541 3932614 3906575
3699192 3793362 3818184 3750687
3762579 3712197 3731926 3781409
3834626 3988805 3820460 3897560
3882988 3975067 3913049 3808113
3879608 3988683 3927369 3912782
3890008 4046923 3982986 3898688
3977421 3961920 3974276 3970863
3986437 4053310 4005901 3870812
3736903 3907324 3817397 3909049
3883596 3917326 3906102 3774439
3874921 3873770 3895191 3791038
3880666 3722618 3867572 3803736
4051752 3873474 4031390 3812018
3889512 3720216 3890170 3838776
3981234 3940497 4008033 3977147
3836849 3749245 3927817 3821731
3855574 3916354 3993402 3804726
3799489 3699670 3780916 3917026
3771749 3818672 3879248 3983567
3908077 3829810 3862380 3939700
3869468 3815999 4049376 3965548
3976456 3883546 3876589 3973564
3894278 3894748 3954117 4002388
3940241 3773752 3920745 4004087
3772882 3805063 3973417 3927937
3832237 3711354 3858307 3923007
3891809 3811144 3678578 3744518
3838554 3953513 3991177 4024538
3911761 3995236 3746950 3891454
3915796 4025613 4024186 3934124
3890681 3904618 3775147 3843157
3910939 4098571 4028910 4020845
3874511 3845757 3662955 3815152
3852223 3905719 3892128 4012962
3753524 3909441 3792717 4005909
4045389 3909989 4034197 3862216
3706336 3961425 3828567 4060324
4079769 3917228 4125027 3917406
3716845 4112146 3872245 4025998
4026052 3972246 4099791 3973168
3672912 3915108 3777909 4012926
3957067 3875910 4012453 3843113
3783204 3849646 3948717 3898692
3876218 3885563 3844252 3933130
3896664 3910882 3984451 3951913
3974433 3813820 3963604 3954260
3898806 3990047 3931555 4006981
4019967 3893020 3948231 4009663
3841946 3884845 3884359 3955911
3908038 3710935 3843598 3905815
3776442 3875309 3766705 3814612
3825276 3847209 3865713 3713366
3803592 3963506 3817250 3829974
3848127 3867569 3905362 3820158
3882363 3968418 3915880 3966972
3909577 4001814 3904843 3837416
3783642 3858450 3750672 3764933
3793664 3950853 3889061 3751376
3873428 3742870 3870132 3844743
3835182 3596938 3832711 3787794
3922437 3868915 3927350 3844579
3834620 3630856 3833868 3779403
3899235 3916342 3896648 3847934
3892827 3735051 3888586 3878074
3798997 3737397 3815373 3769963
3745923 3636074 3693080 3708122
3813206 3730148 3844555 3954885
3872880 3726778 3856058 3920185
3806722 3701954 3876632 3870397
3904638 3716015 3872641 3945821
3863666 3794662 3954234 3910384
3843352 3834487 3863217 3913455
3752335 3698946 3795740 3875242
3863445 3695836 3750855 3856315
3796465 3852820 3625438 3794797
3824511 3930927 3903382 3933758
3796038 3845950 3758442 3829432
3855500 4018167 3909366 3965184
3822346 3830785 3743026 3864140
3804985 3930250 3970159 3930954
3797628 3742607 3546846 3735066
3726692 3902347 3928846 3971505
3648722 3912850 3822888 3976561
3918997 3789205 3941437 3862951
3630656 3898753 3760290 3944439
3976298 3823793 4112552 3891960
3654245 3981419 3779179 4037403
3980991 3869945 4100696 3894664
3579930 3889573 3664757 3975892
3839287 3815628 3952519 3851896
3845655 3906811 3893036 3906199
3912560 3792238 3866916 3868985
3834210 3933377 3876615 3842622
3853277 3740547 3847573 3918498
3813769 3957831 3907513 3854168
3835607 3859221 3869399 3922506
3741508 3814543 3859236 3922294
3825557 3701871 3776214 3850754
3774196 3988735 3894744 3873076
3879386 3931386 3937721 3804309
3837425 4027234 3926658 3979541
3965848 4024597 3975340 3899641
3743923 3838424 3867040 3785213
3806932 3806456 3858777 3728120
3824294 3973043 3921859 3966253
3908574 3879514 3963631 3871290
3839830 3905405 3948208 3807167
3762204 3662535 3780490 3774673
3981131 3884633 3952544 3924756
3934212 3799044 3874024 3923385
3829939 3726387 3891720 3811505
3812189 3618853 3809799 3722479
3947422 3875699 3955777 3867607
3833303 3757360 3864925 3786743
3798502 3765639 3871332 3876397
3767304 3726124 3924697 3944558
3887354 3923136 3898133 3918840
3967861 3746646 3838076 3957896
3779200 3643819 3879054 3905691
3733652 3672807 3745734 3823955
3882048 3789576 3911123 4012484
3895827 3867527 3881146 3987112
3897269 3792706 3688691 3724493
3910084 3897001 3938257 3983693
3901605 3860595 3762104 3918017
3843104 4077901 4012895 4003296
3793509 3767355 3669759 3765494
3754885 3906626 3847748 3846421
3888679 3904823 3683313 3876005
3841087 3999832 3873779 3965651
3637820 3929761 3816216 3996025
3928163 3927143 4050405 3862759
3758621 4010660 3908018 4117681
4045844 3860827 4054897 3954971
3632574 3850249 3661710 3865020
4026914 3764557 3898928 3830394
3684127 3977998 3800228 4069722
3971629 3892218 4070286 3833950
3880635 3878953 3889505 3909566
3889865 3811203 3850591 3845931
3908860 3968364 3928118 4040136
4007924 3867322 3899165 3990872
3772534 3841163 3766618 3826882
3852781 3734652 3921025 3859822
3819806 3950490 4017602 3889047
3914711 3838080 3880385 3988586
3873441 3974946 3845104 3954703
3914763 4018108 3995185 3906712
3904769 4073153 3981248 4036962
3983188 4057421 4009798 3896770
3784003 3841366 3774825 3970878
3890190 3929165 3985921 3760389
3837518 3907507 3852106 3858782
3886697 3924226 3922732 3784698
3851488 3859516 3947973 3914850
3929449 3618939 3975776 3885464
3993305 4001657 4003342 3986101
3926134 3775974 3980663 3872189
3830411 3865536 3926406 3756313
3811494 3687581 3776068 3798754
3841351 3857237 3878074 3840715
3804958 3631945 3849174 3741678
3837535 3768895 3865228 3983231
3944002 3832203 3953141 3972289
3886688 3848587 4051808 4102678
4042080 3833671 3899460 4017306
3830316 3759261 3838916 3932799
3826094 3752340 3842699 3878728
3724645 3854340 3940907 3946631
3835458 3731935 3835730 3889607
3823334 3818945 3746553 3825412
3745148 3906779 3921244 3963132
3997460 3964340 3832934 3989161
4017234 4077799 4022924 4037746
3881376 3729862 3685604 3727810
3839341 3968730 3975345 3931012
3868947 3847427 3655060 3869069
3844243 4018752 3905796 3970302
3643205 3939562 3864903 3950891
3982432 3812788 4053340 3872573
3784398 4090177 3940436 4067331
4113532 3860747 4165091 4012916
3620404 3882359 3749412 3963439
3879170 3823300 4030254 3897462
3705580 3916192 3819287 3874739
4045243 3842445 4053112 3931843
3871120 3947001 3895537 3909495
3916122 3887843 3879337 3865486
3975666 4021327 4110432 3943898
4030223 3901362 3999135 4026447
3779749 3940827 3899066 3813957
3852045 3743145 3851881 3867181
3887705 3876086 3900562 3856570
3896842 3755116 3791521 3907482
