3890620 3907391 3955911 3860932
3965487 3937404 3892732 3971020
3947301 3875561 3974487 3814412
3961929 4044754 3957108 3927810
3902337 3837455 3943958 3908097
3960078 3948825 3859783 3879114
3954581 3784574 3896057 3889198
4028888 3922995 3916233 3999345
3908756 3857784 3815744 4002138
3878201 4132450 3675755 4100002
4016835 3985123 3899487 4078255
3874684 4075359 3741491 4071380
3911806 3934422 3794850 4042681
3945776 4049401 3722705 4034446
3947785 3981575 3912564 4099153
3967528 4073498 3917831 4094478
3801149 3970432 3845627 3745752
3911771 3871369 3905568 3943779
3847875 4037702 3897747 3883644
3980271 3977244 3903033 3960319
3844656 3919294 3899703 3872477
3973003 3942165 3937288 3931827
3956979 3939382 3982094 3883722
3973879 3958148 4025303 3977119
3960489 3871462 3876326 3941616
3961687 3835545 4051458 3905165
3930171 3868144 3949857 3911741
3948854 3891893 3956741 3994461
4011148 3968206 3918557 3923350
3935264 3833596 3932319 3901089
4004237 4012653 3995589 3975657
4011277 3811216 4094248 3884680
4007223 3910296 3861525 3855079
3929140 4055528 3919126 3799865
3975283 3912842 3883296 3961080
4001513 4095174 3957038 3809113
4026729 3875525 3892194 3942598
3975716 4013157 3953496 3864774
4004715 4027390 3978916 3970455
3944448 3991552 3932760 3974876
3916061 3868358 4011278 3898338
3955584 3789610 3767979 3943053
3970590 3868247 4028580 4091337
3885486 3964818 3851004 4012478
3916704 3865449 3974361 3926979
3897032 3877899 3880067 4066395
3968929 3957081 4148173 3937393
3947690 3908045 3910973 4012352
3920016 3849992 3887941 3814631
3970026 3948243 3824640 3827637
3830731 3868413 3919074 3755023
3925499 3895460 3915051 3797286
3964242 3985527 4039781 4041480
4126700 3907146 3975751 4030719
3806042 3819248 3943445 3845113
3939786 3866759 3833916 3785888
3829023 3847434 3770212 3965251
3879213 4076538 3731576 4039074
3808684 3940023 3788634 3925255
3862120 4081117 3755214 4032758
4012820 4045975 3970356 4080811
4011724 4176408 3811450 4155258
3844547 3876824 3775643 3950036
3910760 4111393 3699376 3950333
3819820 3973453 3906755 3763157
3818018 3962875 3863834 3846718
3877787 3915863 3860540 3788550
3791934 3974630 3904974 3823715
3885216 4050758 3940835 3964315
3992917 4022248 4105409 4045571
3755124 3936158 3841429 3782563
3750807 3943399 3928059 3841244
3897065 3678750 3840427 3840764
3882215 3760383 3971637 3870100
3972749 3815982 3913304 3877325
3911498 3800488 3961150 3811262
4078723 4010580 4021003 3964956
3952081 3887849 4127376 3976205
3886926 3819229 3759855 3793452
3849565 3786815 4000377 3869859
3915654 3942101 3792376 3877238
3892175 3986806 3861133 3758746
3946280 3890779 3895096 3836843
3894952 3976726 3919983 3778402
4078361 4009752 4031685 4005898
4022010 4020653 4040818 3934632
3918335 3858313 3786656 3908034
3811960 4019393 3868533 3775974
3903023 3780468 3959913 3894862
3940046 3856236 3874843 3914253
3856118 3831745 3952931 3918333
3980425 3860905 3798562 3979313
3985544 3862484 4047306 4040278
4032038 3948386 3846661 4120671
3813747 3844359 3833116 3924771
3850182 3760667 3777653 3940568
3881548 3775743 3838846 3765372
3900995 3934846 3809374 3826920
3913349 3801800 3860100 3821894
3937840 3950061 3778051 3895462
3735988 3762608 3788867 3739848
3883607 3775264 3726487 3838618
3955561 3949460 3963346 3919375
4049266 3968550 3921116 4039326
3778855 3838735 3819878 3934858
3815160 4026102 3723727 3979604
3906358 3901055 3766137 3998721
3908837 4146025 3696792 4029741
3769785 3772043 3665971 3824265
3751544 3932741 3630143 3882573
3995485 4008162 3872543 4112743
3904281 4168721 3836229 4132073
3765131 3828510 3825014 3675663
3729391 3798731 3850515 3809111
3821317 3915299 3930715 3811914
3908934 3889874 3983951 3904690
3702892 3794183 3725922 3655362
3819413 3830755 3750596 3790674
3902685 4054983 3954576 3929262
4004020 4056234 4021635 3987862
3925874 3811701 3813820 3756252
3858175 3730104 3968564 3789571
3957724 3878089 3927079 3910361
3952928 3810703 4054257 3857088
3856209 3700271 3732358 3734597
3746932 3660167 3933160 3730863
4037314 3890122 4014117 4072517
4067821 3859216 4043224 3934493
3954339 3869437 3840973 3895392
3907011 3895347 3819393 3750148
3970028 3915794 3895099 3888937
3971091 3971844 3914969 3794536
3770499 3860446 3738738 3765376
3750180 3921903 3769730 3711593
4045379 4090301 3994089 4080764
4030483 4035830 4015370 3877444
3843410 3816445 3972975 3848927
3847083 3788639 3730071 3935373
3977063 3898371 3977193 3862530
4039030 3872225 3806485 3967225
3728752 3698365 3810517 3858286
3781163 3789532 3683380 3894169
4030576 3980860 4159990 4058169
4063308 3975544 3953348 4050704
3827508 3836597 3846321 3775612
3994065 3866037 3792547 3780411
3806222 3738149 3806466 3745083
3959905 3887511 3827137 3842616
3814169 3831915 3831290 3852772
3921606 3938409 3839343 3779787
3946843 3938982 3998568 3933852
4017492 3934234 3864349 3983298
3902812 3846600 3865617 3887802
3839096 4007662 3745280 4082890
3856939 3801272 3824357 3859155
3817445 3971517 3605393 3966423
3791974 3934592 3770622 3835133
3869033 4029024 3683893 4035318
3972456 4079452 3913677 4072961
3972213 4136430 3855791 4071535
3748973 3833404 3832016 3722752
3846167 3912739 3840670 3825474
3711827 3917948 3726069 3769572
3801874 3915899 3929459 3830913
3779337 3872010 3818395 3656998
3896036 3887151 3849416 3900522
3870206 4048259 3977129 3903691
3916567 4084698 3952608 3961292
3899341 3742992 3862876 3877905
3851061 3709728 3943352 3834450
3869334 3819862 3886354 3806258
3928478 3723031 3908136 3828932
3925379 3755777 3861925 3899659
3811636 3780707 3910216 3776360
4019722 3830738 4001077 4001280
3998633 3770092 4023402 4000980
3921162 3909079 3819313 3875761
3840176 3852083 3882008 3769866
3978939 3902648 3829968 3856029
3864586 3934440 3806696 3760241
3887791 3782144 3858933 3889789
3908657 3946589 3874124 3874206
3965488 4001853 3907640 4004976
4032995 4087656 3960345 3937766
3913081 3788755 3867904 3939168
3871777 3850559 3750425 3980738
3874077 3837428 3911923 3959478
3869335 3844044 3748617 3904538
3948524 3794762 3990460 3811928
3895092 3860714 3680658 3980347
3939187 3881660 4008707 4060315
3968923 4011764 3893343 4066912
3940768 3924640 3942116 3852332
3981261 3950535 3873466 4014545
3967221 3927334 3941316 3879177
3990679 3938719 3979107 3957398
3771021 3739638 3773930 3711585
3789655 3813164 3695468 3710915
3839098 3777522 3812792 3745278
3807583 3815103 3787911 3744057
3898542 4002166 3841844 3990836
3865245 4135720 3779533 4152736
3944971 4002527 3849855 4039613
3962592 4126589 3720096 4156154
3776542 3804966 3630284 3869667
3733042 3916528 3603016 3899499
3783060 3833960 3756759 3878477
3886259 3939796 3656951 3996140
3857188 3936909 3912404 3835063
3870155 3992167 3923679 3942834
3891583 3970859 3844851 3799626
3908041 3888162 4031450 3858073
3664937 3809901 3732292 3684023
3842556 3889664 3740990 3833833
3740864 3873051 3663638 3637869
3778752 3765503 3844149 3814134
3930620 3879359 3858899 3956861
3910938 3807593 3908449 3925553
3986127 3885770 3927298 3920120
3864307 3919781 4009857 3927422
3962573 3782459 3829016 3770618
3784931 3660188 3918967 3823518
3893034 3789423 3833355 3863078
3783602 3650588 3962425 3780251
4005417 3887075 3921470 3919266
3882373 3954288 3921131 3815156
4060827 3955878 3932730 3988712
3940489 4002805 3972046 3834019
3931257 3763243 3758819 3807184
3738587 3878319 3835629 3677404
3801211 3821306 3743210 3890565
3879370 3819013 3705062 3769519
3896302 3844649 3924527 4005559
3960486 3875878 3783379 4033667
3981205 3864380 3996484 3963246
3968575 3915185 3948226 4153905
3771264 3764735 3903486 3878174
3748925 3814794 3642565 3899069
3818668 3706795 3939137 3796521
3788658 3690238 3717588 3962907
3741085 3727860 3723921 3688254
3882944 3779146 3681498 3756783
3727741 3649085 3808703 3653307
3918668 3818660 3776074 3742181
3906954 3832539 3993199 3913688
3970516 3923984 3869835 3910368
3755455 3764744 3839204 3776927
3836670 3810771 3737649 3765298
3647392 3738861 3715551 3801553
3739091 3859424 3605529 3976809
3773400 3754610 3599728 3962192
3761729 3914178 3608487 3911680
3917852 4009235 3874972 3983954
3881345 4164831 3849553 4079120
3790306 3749373 3665010 3808396
3720530 3960022 3589049 3929179
3721093 3710943 3688674 3686166
3786974 3792571 3800244 3801212
3671491 3857540 3768812 3701305
3736798 3722315 3785466 3802052
3831682 3931076 3867556 3829533
3975481 3993025 3938285 3874079
3696601 3755037 3780392 3667746
3805496 3825048 3808750 3799262
3802691 3697352 3755884 3795194
3810856 3647885 3752242 3776035
3767308 3796164 3739978 3702932
3807632 3628515 3890368 3769415
3979208 3931167 3983681 3913527
3988070 3860785 4017478 3932741
3961134 3721494 3789955 3772018
3822712 3623215 3823227 3780237
3826337 3734045 3687784 3771836
3807899 3796291 3708425 3804655
3889396 3747542 3744817 3747274
3787232 3807280 3752797 3759676
3996203 3919691 3888979 3954799
3925432 4029022 3984304 3807941
3897437 3746869 3716172 3800382
3791167 3870029 3767841 3738398
3823128 3683275 3795864 3799119
3831044 3783043 3700745 3854284
3735313 3748146 3870512 3762020
3800999 3783751 3735136 3882985
3938121 3863211 4037423 3958965
4026042 3942921 3832887 3973247
3825748 3737466 3921425 3783685
3772345 3770462 3760776 3826638
3714096 3667301 3745165 3748182
3823468 3737601 3838416 3822475
3927489 3925268 3988545 3885807
4034369 3827304 3972202 3958343
3872615 3751067 3951104 3876249
3964802 3906762 3828977 3923346
3776824 3771486 3828421 3772823
3896840 3858604 3743540 3809496
3760635 3829167 3654741 3848128
3759528 3965623 3585362 3988872
3930852 3986331 3769671 4014405
3937764 4041916 3775850 4066076
3929744 3793879 3850653 3968939
3891103 4097472 3730141 4030237
3787463 3857992 3683616 3887027
3755991 3985860 3663182 3917693
3715652 3797781 3716115 3661696
3686077 3784346 3907616 3821494
3895290 3954968 3922144 3853307
3924190 3938961 4045960 3940955
3841409 3891341 3842884 3853121
3892158 3978862 3922134 3952016
3701408 3836709 3839719 3727389
3755237 3890734 3814686 3816879
3851968 3815980 3770636 3882033
3801345 3708299 3814931 3805425
4022089 3949412 3913421 3940604
3898312 3852793 4024527 3886862
3987612 3901621 3859995 3871024
3924626 3674984 4019179 3833466
3886552 3786833 3824424 3775245
3782506 3732966 3901973 3849890
3853344 3724687 3743061 3832613
3832073 3889726 3773869 3778974
4027301 3967051 3956628 3889004
4031390 4017864 3906834 3882122
3889453 3894987 3809962 3964583
3963531 3982503 3925954 3912005
3892007 3822047 3767373 3803365
3774256 3966533 3806870 3771794
3774817 3776353 3785668 3809241
3747796 3799768 3693470 3859656
3923456 3902748 4001846 3983582
3946959 3990904 3831066 3981779
3898595 3812501 3948371 3854076
3954194 3955881 3777635 3950570
3853119 3806547 3873120 3771031
3843762 3802099 3656983 3908340
3860793 3780104 3892961 3751331
3874947 3895329 3848668 3881298
3877037 3870933 3992949 3914088
4060858 3889787 3876513 3877946
3946633 3889930 3867012 3838629
3968930 3915960 3828253 3972426
3799914 3701141 3839711 3782866
3916526 3821641 3776606 3827649
3834131 3897335 3741228 3934641
3778405 3961610 3624558 4005847
3973323 3966729 3865047 3988158
3896395 4049639 3783641 4067968
3954981 3977135 3843250 3968453
3842632 4058467 3766520 4069159
3864878 3791604 3736141 3925979
3878218 3977694 3670572 3949423
3734430 3911794 3750667 3682237
3818190 3905443 3904259 3884088
3821290 3907978 3955883 3894216
3969322 3900499 3946080 4022559
3813456 3866998 3966677 3797977
3850481 3866660 3934048 3895627
3791708 3927089 3873713 3841610
3821728 3818054 3844878 3915022
3904272 3821461 3919125 3764314
3832287 3694878 3948602 3811474
3944336 3945109 3914744 3869368
3905977 3831325 4005887 3857488
3967466 3906561 3854543 3986942
3930636 3808761 4012448 3918545
3918590 3807149 3798274 3808552
3807378 3734521 3845640 3838167
3876636 3869679 3839261 3847382
3851110 3887979 3833850 3741216
3961403 3966439 3874980 4000048
3972787 4026867 3887179 3857897
3990503 3916442 3945832 3946076
4018560 4055257 4024449 3826358
3901878 3872232 3907881 3811949
3860674 3905084 3730928 3789566
3829141 3734146 3916914 3845499
3926167 3930337 3730221 3895007
3922294 3951299 3993078 4046904
4002475 3918382 3837031 4012805
3840920 3851201 3970565 3881208
4001521 3875055 3826749 4060885
3854492 3766196 3891906 3905663
3891764 3793274 3777952 3868377
3803253 3851324 3873082 3830698
3944204 3863742 3796788 3845624
3922683 3931718 4022896 3926164
4025185 3979829 3935189 3946147
3906519 3922854 3899143 3856008
3982370 3857762 3936419 3867517
3894364 3731752 3764286 3823809
3879301 3818687 3765359 3798578
3815375 3946681 3784851 3971797
3833433 3990681 3665070 4071836
3939257 4046423 3923285 3976485
4003026 4165688 3838692 4141880
3905139 3937577 3869807 3985237
3842322 4073815 3682810 4008697
3857506 3920839 3784702 3932552
3887046 3972017 3719539 3955924
3778442 3868421 3817375 3822476
3827406 3805581 3927697 3852369
3925587 4014619 3932173 3933067
3965114 3991828 3987681 3917428
3835482 3931499 3921726 3799808
3861042 3991145 3983938 3924593
3727182 3855760 3833324 3758098
3748957 3832876 3880600 3855617
3924030 3840343 3943975 3876330
3789145 3803666 4003640 3869117
4028077 3876965 4006313 3990328
3961485 3853999 4030653 3898030
3907654 3829296 3888777 3940066
3951109 3803267 4030344 3903357
3814691 3841834 3767339 3795455
3901847 3826565 3965790 3834879
3964604 3927283 3854317 3861371
3857484 3928450 3795700 3780761
4041323 4017373 3971775 3989380
3968630 4135124 4007310 3934030
3905397 3927599 3866519 3934218
3950431 3999457 3933590 3844938
3882202 3849783 3763221 3865653
3852055 3998267 3842888 3741508
3816721 3741466 3891038 3899300
3978417 3891089 3865304 3893692
3889241 3835567 3956489 4006480
4009359 3895812 3954685 3972829
3801540 3933373 4059440 3996670
3902082 3800781 3826286 4059895
3889000 3759251 3964791 3925690
3844044 3835469 3748251 3914086
3936595 3865821 4030611 3858272
4021838 3997263 3870973 3890115
3763712 3710703 3718910 3707088
3765881 3817456 3770279 3698277
3783231 3672418 3724527 3734476
3872454 3793558 3783503 3795116
4067684 3965678 4096938 3990942
4062778 4076758 4020980 4054236
3978926 3978328 3825071 3899852
3897079 4116563 3734405 4113172
3742428 3804940 3696368 3885066
3768290 3936418 3632764 3897549
3750860 3679031 3714253 3821508
3737891 3980816 3551307 3930252
4053120 4078261 3999634 4092425
4015967 4199104 3870203 4184105
3910535 3937867 3909953 3906816
3966049 3888982 4005818 3979916
3667096 3685083 3726537 3720182
3751625 3851471 3742125 3803970
3755752 3867492 3737767 3631826
3838430 3890882 3810897 3817339
3882653 4006473 4041915 3963693
4068829 4086114 4093166 4046879
4081543 3898566 3938629 3932700
3972539 3806306 3980137 3977226
3824567 3733001 3730018 3757923
3736066 3621800 3910884 3702537
3852655 3757283 3798451 3713961
3813594 3616147 3857228 3718988
4141048 4031752 4053646 4107112
4005751 3851152 4143854 4024255
4023825 3946977 3902427 3922740
3946869 4038103 3913197 3910343
3859910 3783309 3660733 3713700
3839391 3847082 3774980 3782721
3796471 3726325 3688228 3777193
3773659 3868057 3742655 3717566
4124278 4093629 3915742 4056849
4081669 4147906 4003973 3909851
3967587 3842007 4026127 4048188
3918528 3887922 3818519 4087584
3872281 3625630 3810013 3798007
3808023 3802936 3666315 3944490
3709244 3628214 3879536 3776261
3804996 3708133 3691550 3786306
3984604 3998529 4112360 4130841
4036326 4026086 3967870 4164277
3948538 3875565 3892424 3902762
3973462 3909965 3858534 3835123
3889610 3788068 3951294 3776835
3911899 3854702 3824246 3850413
4081396 4001219 4094187 3961204
4139571 4096749 3939739 4060760
4022426 3864464 4032635 3979089
4096574 4080139 4018430 4020060
3916219 3900490 3737116 4025823
3853239 4099831 3772737 4026442
3904197 3856251 3805316 3922027
3945518 4013124 3707895 3999307
4097969 4062133 4092213 4109201
3888645 4259226 3959065 4146559
4055529 3995448 3966058 4128053
4047967 4231018 3857716 4208047
3799112 3908813 3893710 3881785
3853947 3904603 3986212 3883653
3757533 3989765 3865654 3750514
3903959 3932064 3933078 3865137
3998982 3957423 4013411 4009399
4076780 4081340 4152648 3982210
3997418 4013993 4009938 3941126
4057619 4045567 4112214 3981569
4040280 3924411 3904703 3857684
3855007 3819789 4060466 3921689
3872758 3763926 3841370 3856310
3881483 3692741 3892548 3926085
4129979 4008157 4066525 3988457
4108216 3920488 4213120 4032912
4070993 3971250 4025254 3969531
4072092 3950324 4148286 3982544
3988798 3974696 3883370 3897188
3995543 3986618 3953287 3780947
3915233 3854101 3773077 3969973
3832890 3977436 3849945 3835869
4186520 4162371 3989662 4020113
4023594 4146944 3990489 4001763
4090911 4044672 4056015 4024427
4016661 4105737 3924815 3958522
3897917 3784549 4003490 4003318
3942362 3946026 3850185 4010716
3797087 3814709 3933582 3934193
3928900 3881481 3879752 3953219
4026046 3974911 4069220 4129170
4064923 4037733 3950077 4137970
4018633 3979175 4165138 4092574
4056519 4105997 3940315 4161245
3936315 3779883 3952101 3819820
3966380 3903408 3822343 3910579
3867955 3836693 3900988 3828605
3932555 3915716 3785557 3916238
3945586 3833898 3899444 3975998
4000488 3997559 3984457 3967877
3906590 3843152 3991939 3849596
3968987 3794720 3823577 3877423
3875847 3861198 3855510 3930323
3844966 4032292 3751016 3986154
3794273 3899347 3772588 3840166
3819053 3985557 3721904 3903360
3968787 3990128 3906377 4079013
4014194 4096264 3795988 4127017
3913943 3883424 3790920 3956387
3896741 4076611 3667337 4084159
3868358 3845255 3833152 3853820
3897689 3908407 3958795 3853329
3712802 3868282 3846449 3801706
3895212 3880885 3860216 3884501
3900334 3982282 3920007 3922948
3993568 4033843 4018059 3970940
3818120 3941495 3816151 3764144
3883530 3908058 3901377 3858837
3992212 3856932 3871328 3903240
3874008 3825311 4023938 3810362
3952026 3829596 3935810 3950667
3915380 3850504 3916998 3883818
4019222 3941296 3923464 3959631
3983088 3846907 4058447 3995660
3971489 3867502 3842769 3869531
3900865 3740789 3966039 3823610
3950774 3899802 3838564 3937759
3923270 3930244 3847671 3798077
3911022 3842711 3853083 3842358
3892058 3929624 3861196 3809769
4045130 4034241 3906056 3969360
4057606 4016287 4021176 3836629
3965627 3899736 3770349 3843130
3733138 3897553 3865211 3877071
3869995 3818357 3954875 3929927
3905246 3883639 3829686 3988424
3815881 3831820 3963519 3921433
3939114 3882616 3810980 3929181
3952301 3856540 4095774 4017201
3970972 3933651 3816609 4051486
3826747 3768514 3923373 3916165
3908211 3866352 3785728 3974532
3698339 3707725 3686378 3633658
3698042 3703560 3693405 3674492
3872058 3929559 3845716 3898508
3837089 3942437 3810164 3840261
3923268 3880482 3852482 3961358
3799065 3939722 3854571 3918954
3809716 3996268 3930435 3971872
3861703 3904398 3962442 3898640
3670704 3725631 3804738 3697077
3780907 3550233 3757834 3829366
3825410 3990969 4017885 3854600
3949092 3768487 3994762 3894121
3860641 3965184 4023517 3851192
4038249 3820889 3990969 4050853
3926433 4052147 4051510 3886542
4003736 3869214 3997476 4039842
3759732 3863844 3692398 3726880
3805530 3765612 3724439 3668934
3938377 4015468 3806412 3910403
3943939 3954074 3815902 3807712
3990792 3986874 3867177 4003622
3976500 3934970 3890954 3807953
3965713 4004948 3830090 3950897
4025936 3980555 3933775 3820825
3783212 3616289 3749016 3773222
3671967 3872594 3727249 3789650
3963486 3835444 3998373 3912819
3900626 4031274 3976048 4054996
4024042 3796049 3989891 3845099
3964160 4036985 3976279 3953542
3960516 3822966 3982343 4050567
3972744 4099559 3944357 4030724
3636055 3798718 3626663 3657962
3781459 3724739 3781465 3567667
3867232 3968566 3829282 3833043
4047787 3938707 4002751 3788410
3861877 3991058 3911883 3907544
4043152 4039333 4091498 3796204
3838173 4046048 3863058 3913234
4059574 4004163 4048535 3826769
3654997 3785389 3800325 3822481
3731686 3755951 3777473 3566976
3940171 4019482 3975390 3896771
3932296 4063366 4004897 3728635
3936557 4023172 3998922 3913598
3866326 4049710 4059965 3759015
3942800 4003424 4092150 4030885
3976794 4081471 3994466 3818404
3802445 3868084 3760877 3919370
3749485 3809974 3801668 3817123
3918555 3939009 3915584 4018232
3845265 3954953 3933542 3985612
3932945 4039961 3924092 4080313
3981563 4042890 3916637 3946829
3752482 3782239 3672769 3809690
3784020 3807778 3794853 3722337
3756201 3867012 3888578 3741902
3807371 3680910 3900779 3956090
3876801 3956701 3987046 3885587
4052958 3943480 4116004 4049105
3907844 4012573 4103223 3887578
4013721 3860020 4071950 4046329
3753663 3819786 3892075 3648552
3817393 3707926 3898592 3833845
3811344 3900841 3771541 3878538
3889385 3803913 3699744 3754975
3981878 4036539 3891887 4029295
4075283 3981411 3974980 3880231
3932879 4097918 3942404 4116528
4119817 3977424 3935677 3985210
3874729 3801562 3698663 3785204
3871288 3748538 3762920 3680618
3840698 3727208 3775511 3814349
3781583 3942023 3891865 3957206
3982654 3799854 4002903 3985922
3954671 4096347 4113012 4101334
4085095 3972070 4114885 4098341
3944763 4148770 4050436 4134240
3873764 3646893 3840504 3770696
3754551 3890310 3898896 3861799
3676993 3898309 3814550 3804001
4001867 3931124 3955828 3728906
3960564 4096301 3903667 3939687
4003945 4053851 4014526 3876626
3930298 4089380 3925878 4033434
4109113 4036132 4064633 3917328
3712277 3918253 3757561 3749860
3883320 3765432 3897602 3614711
3843597 3909691 3889317 3799186
3875374 3870753 3906127 3641191
3940922 4036185 4034901 4031975
4000907 4084672 4010805 3821535
4000885 4067695 4053645 4069399
4029707 4209094 4159413 3901806
3818202 3888743 3874224 3809326
3795961 3883227 3825016 3577594
3890717 3934081 3836210 4017817
3910663 3951199 3901011 3915879
3794291 3843768 3745420 3777455
3714323 3713034 3819120 3795626
3826645 3906806 3817585 4034579
3740153 3937266 3798117 3854574
3913764 3959630 3809997 3898194
3790392 3923783 3857425 3907082
3878141 4030643 4049351 3927731
3962036 3845520 4089166 3981761
3742010 3888205 3937690 3822560
3868461 3706322 3957123 3831850
3802129 3994911 4011853 3876353
3943600 3738478 3991761 3965906
3864068 4050395 4006832 3861304
3980158 3742143 3958089 3989418
3960656 4001624 3867110 4062420
4059264 3945468 3905835 3845558
3828656 3983467 3774774 3870516
3969273 3854575 3809807 3719429
3963898 3977593 3811399 3965963
4009381 3983104 3824830 3859176
3897275 4025467 3857173 3909545
3925214 3940881 3789101 3866599
4017370 3766780 3928754 3984926
3912307 4070289 4000091 4016870
3890689 3769265 3920413 3840543
3815246 3944712 3876718 3933158
3953074 3788751 3934492 4024356
3779124 4025661 3865482 3980220
3862065 3748373 4017294 3910591
3916594 3946850 3986998 4031780
3884439 4000378 3914909 3900731
4096276 4035844 4023695 3813255
3693719 3927974 3747538 3700737
3890201 3904468 3919685 3700259
3794689 3983767 3926049 3902467
4017419 3904782 4031859 3783448
3803951 4005775 3852498 3882396
4030547 3944073 4029189 3710349
3982079 4023298 4045392 3947812
4008487 4058119 4033770 3850310
3893008 3958544 3866873 3885807
3821539 3865273 3911284 3664169
3938832 4005664 4037648 3947103
3992118 3969697 3957829 3739356
3946720 3965215 4025841 3910249
3942653 4004776 3949668 3802140
3753167 3812612 3738811 3858777
3716172 3781715 3742573 3687880
3785429 3861833 3762718 3828025
3729985 3821180 3816713 3795835
3747659 3903549 3715703 3853196
3820441 3798913 3785765 3801463
3935716 3894813 3818896 3931742
3775517 3877071 3875824 3810587
3764126 3867203 3855444 3743993
3847480 3705332 3847533 3865229
3753908 3834168 3880612 3905202
3882700 3677692 3850893 3845738
3775445 3942827 3964836 3837454
3884390 3719907 4007812 3871410
3790617 3974321 3975335 3874879
3894484 3822744 3982320 3871825
3839872 3859718 3715393 3815303
3854447 3762918 3744582 3710983
3853873 3950761 3745969 3830853
3943554 3822050 3774860 3671087
3942626 3933975 3825438 3956869
3916902 3837689 3840021 3798667
3921049 3979363 3774080 3995695
3969100 3892698 3784888 3834598
3845395 3743534 3827741 3745114
3759039 3890034 3892693 3911278
3883718 3729562 3829628 3835298
3760236 3980928 3886597 3871260
3855956 3735173 3935758 3868243
3848368 4054250 3887841 3973194
3918773 3854390 3922374 3991747
3843009 3995211 3882117 3955132
3768306 3866377 3712193 3751190
3920696 3868262 3768763 3642402
3766469 3933186 3730966 3778616
3935156 3818136 3866610 3741679
3825768 3864770 3794095 3813461
4012196 3881935 3947654 3719826
3804650 3951914 3839364 3804670
4048131 3849673 4005786 3745347
3849814 3920293 3941176 3815682
3819823 3931281 3870508 3564757
3801449 3889391 3873397 3866768
3866586 3870475 3854465 3717995
3824024 3947990 3879489 3818792
3897720 3918842 3933312 3753450
3890533 3904263 3905532 3864470
3946773 3992268 3904572 3729649
3749174 3778215 3755736 3855063
3696440 3745871 3723151 3750341
3865269 3863381 3840095 3906340
3866600 3784286 3859134 3858899
3744000 3832295 3691113 3823609
3743573 3671889 3727624 3766603
3839509 3915262 3826461 3887964
3803842 3780359 3817620 3834386
3686634 3874275 3858991 3741408
3901611 3740221 3846326 3788112
3819062 3959745 4009979 3901412
3945830 3713670 3920127 3968857
3747107 3886747 3867331 3740963
3807101 3690197 3855840 3872846
3792545 3893177 3909876 3778240
3960871 3807177 3947127 3903596
3796720 3856926 3743885 3820281
3870584 3859558 3813293 3674827
3940451 3894565 3774011 3935055
4017575 3884691 3838294 3777467
3834526 3840349 3721264 3862292
3891554 3761489 3755704 3720084
3938600 3937121 3801625 3826091
3886951 3864858 3824555 3727037
3888815 3715256 3872921 3811857
3844576 3871357 3852078 3879187
3897489 3768934 3950295 3898987
3918027 4004575 3921182 3951292
3751677 3683834 3889918 3805815
3729242 3911287 3815217 3959524
3906326 3742327 3893349 3841974
3853094 3986667 3855727 3915517
3775657 3914258 3802812 3794884
3912414 3767354 3837364 3601798
3748421 3953026 3859865 3759697
4012818 3900232 3999898 3801237
3752551 3875139 3792538 3753158
3871355 3845266 3871528 3637074
3825078 3787616 3787173 3857655
4033794 3952233 4017122 3730810
3855645 3908889 3879641 3847964
3873250 3899757 3867232 3615310
3894300 3946390 3915797 3851987
3941123 3990535 3997707 3811530
3828640 3779592 3921949 3813753
3825211 3860398 3842702 3721355
3825036 3918956 3871301 3897028
3907816 3961661 3906742 3671478
3884290 3844723 3779800 3922019
3754682 3788637 3895292 3788765
3767275 3874046 3781491 3936262
3762862 3858991 3860342 3755862
3910360 3924213 3886011 3925751
3825903 3954962 3877064 3809588
3860660 3983361 3857338 4037779
3937233 3929171 3882128 3915222
3795982 3920064 3974142 3849872
3929470 3782046 3935984 3908224
3843096 3938330 3956472 3889038
3844870 3748632 3940190 3869424
3788993 3973194 4030744 3883126
3890279 3768308 3986748 3985023
3868700 4015928 3955595 4009367
3985641 3848698 4000550 4093738
3946623 3936352 3752012 3884140
4029898 3834222 3816122 3743996
3830078 3912215 3795995 3922175
3943226 3899880 3852501 3742260
3930675 3986969 3855581 3954969
3981143 3898574 3907856 3786516
4059814 4091620 3897369 4081475
4071757 3990670 3997834 3880775
3849847 3812464 3936270 3859811
3820186 3959167 3977412 3980887
3934912 3772145 3915088 3874346
3878013 4054010 3954878 3982844
3906687 3833054 3938261 3898462
3899691 4036590 3901343 4053973
4102752 3871917 4067580 4036558
3958788 4086648 4006467 4046066
3729159 3906213 3865720 3804827
3987261 3878353 3939832 3802822
3868227 3838380 3771582 3814406
3986169 3939511 3934044 3724587
3895822 4083241 3917028 3816976
4051934 3951005 3968413 3812554
3850961 4066797 3951785 3918613
4060080 4086408 3994100 3822300
3877363 3965970 3949345 3890093
3900563 3957499 3903539 3709106
3931743 3945365 3935717 3858504
3943567 4023335 3951765 3652261
3890283 4056004 3945714 3978195
3948354 4042683 3945787 3754038
4010759 4156899 3998448 3994661
4024412 4045137 4019336 3900368
3974350 3947585 3872570 4009160
3918935 3961422 3904170 4005403
3708892 3825832 3705059 3820956
3754668 3848005 3772579 3707890
3749355 3732871 3676828 3875969
3778104 3678131 3667862 3664857
3723156 3815416 3755299 3831480
3689091 3753755 3800991 3682494
3951440 4091047 4074886 4020626
4060438 3860688 3973372 4045927
3758271 3881071 3855314 3730461
3788361 3617260 3990241 3874178
3734636 3826018 3903548 3635697
3779912 3637823 3788444 3839089
3699470 3843436 3888224 3704667
3804829 3728195 3907046 3830734
4081235 4161479 3938185 4001763
4012787 3964951 3931837 3886148
3873850 3833528 3680554 3839499
3842924 3853648 3747160 3755555
3789519 3834517 3742896 3913157
3827774 3742266 3677485 3686652
3875242 3929820 3757744 3873535
3892328 3796645 3664874 3706542
4084676 3925660 4086006 4070983
3850259 4146662 4029883 4208945
3784245 3651582 3819794 3814032
3804839 3851512 3768801 3957901
3840884 3757478 3809630 3862198
3820099 3905976 3833299 3895982
3803683 3633768 3815377 3793897
3754572 3884895 3866501 3947656
3958227 4060621 3842934 3907009
4006962 4097454 4075381 3926228
3743673 3758667 3805972 3763411
3912219 3889095 3899451 3672459
3703389 3792535 3780605 3708808
3883858 3812687 3739790 3627156
3751437 3868451 3785225 3735760
3923387 3865238 3938710 3719255
4057218 4104274 3980916 4015854
3936453 4128991 4046862 3825223
3809189 3821116 3830133 3784330
3831921 3860545 3786886 3616138
3765040 3935734 3849725 3746764
3803887 3889055 3789452 3608100
3795151 3817478 3867175 3822830
3838517 3986725 3834135 3653524
3889156 3969432 3886115 3987538
3949124 3885447 3800747 3941754
3845892 3984441 3874338 3957655
3884837 3922282 3847644 3897220
3860681 3886518 3877856 3879935
3733331 3846706 3866562 3808633
3937705 4003781 3875491 3995529
3934988 3894093 3921754 3869306
3961162 4025485 4020730 3936927
3984083 3852327 3978218 4031903
3848341 3999750 3936196 3935119
3950329 3837775 3997928 3928656
3843036 3958247 4006664 3861303
3938987 3780936 3963465 4003083
3867044 3983564 4010792 3837137
3852631 3787896 4021656 3944650
3963740 4133674 3815936 3986179
4020373 3925732 3931434 3931359
4005076 4042911 3833174 3958186
3994185 3942461 3865175 3781023
3899278 3949903 3789742 3936400
3976199 3944978 3801159 3811490
3960290 4005873 3867789 3913027
3965683 3941503 3931836 3884213
4016458 3885970 4037265 4027766
3874577 4075759 4031545 4016900
4044782 3805152 4013022 3976166
3896984 3982215 3981128 4007813
3936434 3824073 3912269 3854836
3877135 4002040 3874726 3953061
3992382 3850955 3995189 3940285
3922162 3951913 3896056 3963862
3901045 4005266 3905202 3968482
4069734 4018631 3999377 3827186
3856858 3995785 3920844 3878213
4009181 3947865 4007961 3889166
3761944 3992366 3836134 3789738
3996240 3874933 3958980 3847334
3831800 3971168 3871078 3913323
4055695 3943829 3961719 3817383
3929279 4011810 4043537 4027839
3969616 4043811 3975127 3835022
3934046 4037381 3990853 3955115
3958584 4025284 3975515 3746967
3826685 3974702 3931701 3946742
3929321 4003952 3969914 3765695
3934832 4003935 4028802 3962208
3982368 4005735 3978377 3710294
3780406 3769757 3736404 3879605
3773632 3842371 3785683 3788779
3752465 3834930 3731582 3836676
3771095 3844326 3781454 3687290
3885795 3969651 3764593 3959420
3850202 3813516 3908571 3833093
3746112 3802813 3690134 3806711
3764982 3828169 3749343 3721997
3757527 3835351 3965138 3804684
3832250 3788803 3914752 3888838
3816225 3896317 3888488 3849576
3818934 3770245 3982420 3788674
3753936 4010804 3973090 3862845
3862677 3838287 3971072 4017375
3762561 3866864 3898553 3799996
3813246 3667174 3845798 3866017
3844586 3915504 3705549 3854052
3933538 3836400 3706086 3795353
3885417 3877803 3623935 3801006
3851437 3787947 3790536 3762591
3994564 3975961 3828580 3855574
3978361 3979753 3883489 3789655
3835914 3813415 3695996 3795893
3885509 3780504 3717148 3719918
3788598 3730515 3897338 3907663
3751191 3997455 3954462 3955619
3842723 3722812 3849731 3905014
3775541 3940923 3895310 3949990
3950162 3744991 4007987 3940788
3909378 3975602 3910512 3962048
3816224 3625615 3843851 3764190
3795843 3885274 3831725 3816105
3800512 3866575 3774714 3776513
3995331 3837492 3888299 3808357
3739824 3882859 3688202 3782817
3924651 3872253 3877851 3726370
3823622 3984736 3819086 3954950
4018574 3970355 4033769 3765655
3700596 3830286 3765051 3808190
3904015 3889288 3829350 3662427
3797439 3933838 3858964 3892067
3873092 4004648 3923253 3691003
3818165 3839745 3849599 3893549
3847278 3901504 3894496 3615386
3806628 3936197 3991411 3929148
3866212 4072069 3928542 3789834
3767126 3829665 3864927 3766250
3805843 3880520 3812519 3678544
3854247 3768944 3839637 3836457
3779385 3867624 3840320 3865443
3901735 3877990 3856175 3993583
3877343 3892301 3837519 3879119
3706550 3792163 3633573 3770736
3616428 3770223 3710037 3672938
3904684 3872565 3878568 3845477
3879532 3938165 3843716 3909658
3742281 4009943 3923369 3858577
3862514 3715412 4013714 3876671
3870083 3915919 4024250 3852011
3862374 3902866 3998990 3913065
3685356 3854116 3854670 3662406
3767355 3616581 3796374 3769557
3874639 3981485 4030586 3822389
3984244 3767238 3917881 3930334
3902012 3903883 3740673 3872839
3915858 3869306 3761846 3707624
3949047 3983182 3907128 3935235
4001311 3958786 3897076 3861534
3791199 3814534 3658605 3686452
3802665 3786965 3735859 3648874
3867175 3952485 3757698 3872057
3961963 3885414 3892157 3797705
3906273 3701713 3933051 3831883
3782909 3973313 3886015 3960190
3951185 3800845 3917401 3972066
3894189 4007074 3993576 4010474
3766405 3668794 3730910 3727576
3723111 3822736 3800879 3839973
3943763 3798894 3908282 3887466
3844680 4032227 3992920 3929522
3737819 3801980 3719037 3782260
3945229 3820330 3897380 3732630
3828569 4009545 3912949 3807130
4024708 3974170 4047716 3848682
3663207 3827628 3712345 3772686
3828365 3696124 3828116 3614049
3774398 3998967 3855364 3802215
4021683 3939130 3977407 3791832
3835237 3935149 3865142 3934499
3831082 3930789 3860394 3622277
3888430 4048329 3863873 3880345
3896820 3975893 3993109 3776651
3719482 3793680 3770814 3734883
3758502 3872998 3799996 3570427
3817894 3929616 3938888 3936998
3865104 4031200 3831963 3714920
3944148 3949376 3944100 3999168
3850025 3998132 3961970 3828375
3843256 3883074 3845041 3898223
3827491 3954435 3854195 3772901
3822854 3957891 3805298 3862766
3810852 3891228 3842237 3751008
3788093 3896001 3887441 3845459
3843408 3860397 3872602 3880168
3895351 4039880 4056650 3794571
3951490 3841800 3979097 4001849
3906470 3952614 3989452 3877663
3984562 3802025 3944183 4048735
3753458 3919127 3949270 3916690
3833944 3778299 4026599 3951338
3725318 3969355 3979829 3846741
3848951 3781103 3993610 3869704
4096693 4027248 3831620 3976698
4072657 3954272 3931032 3915329
3963848 3961047 3748636 3985235
3992842 3928260 3866822 3894438
3947011 3904801 3854480 3889515
3909415 3904104 3822338 3815473
3991584 3920303 3811929 3899459
3909598 3930187 3778255 3728293
3966065 3904873 3987844 3993608
3934891 4083449 3954756 4042999
4012427 3762453 3978143 3913316
3918848 3960323 3983618 4064749
3959505 3787815 3971732 3878156
3852548 3878058 3941541 3958738
3888231 3842500 3969722 3918783
3814001 4000706 3981958 3915093
3824035 4013907 3853921 3911608
4055963 4050294 4025807 3819615
3821871 4068197 3839345 3871351
4010958 3984496 3932253 3813401
3854252 3986905 3898065 3860391
4046655 3958007 3919593 3804261
3813991 3910849 3787664 3876903
3978629 3892434 3956614 3718548
3993415 4023304 4063592 3945785
3921880 4113045 4019365 3828141
3912192 4037633 4052348 3906382
3921074 4023044 3967558 3750259
3804577 3977002 3913935 3801278
3881025 3969989 3908267 3748772
3834054 3943715 3928910 3903015
3884309 3965800 3952763 3717085
3778086 3900545 3737179 3859219
3863238 3812717 3802395 3819351
3788753 3961906 3777713 3917990
3798634 3885834 3898812 3854297
3787241 3880230 3726023 3933886
3770456 3863545 3831119 3769390
3744421 3773285 3768489 3818390
3770529 3838900 3767820 3770749
3796164 3932977 3963919 3697706
3910723 3822918 3945364 3901141
3851927 3939665 3998553 3770964
3928335 3823205 3954725 3920316
3782399 3924255 3940147 3747914
3860553 3710952 3914281 3892640
3845767 3845807 3932266 3796398
3805550 3738001 3965206 3883526
3896618 3810766 3789066 3826999
3841215 3824122 3775501 3753619
3946448 3960577 3845605 3891051
4020744 3881762 3890344 3810656
3863062 3943276 3799082 3876474
3914792 3820186 3786736 3738983
3771243 3901290 3737904 3901762
3912974 3815474 3792114 3754000
3896579 3744352 3859436 3849904
3888647 4034275 3892893 3918470
3951154 3779922 3931434 3826567
3883954 4038397 3985655 4093065
3839835 3762159 3942632 3835283
3822049 3888055 3867126 3878966
3884525 3788407 3852761 3790021
3846516 3917927 3876285 3897042
3756813 3904569 3730440 3848431
3941351 3905108 3893840 3753010
3779850 3900868 3792569 3858351
3971457 3992615 3927431 3735131
3755060 3895839 3814365 3832956
3960577 3926391 3948927 3729093
3751031 3924723 3767600 3782360
3948362 3928710 3858968 3730682
3742894 3950717 3913633 3906346
3813817 3958705 3884290 3660781
3881300 3990145 3915078 3932505
3889735 4045641 3911500 3688842
3803457 3859490 3892398 3816165
3849927 3972445 3849854 3659561
3882467 3902974 3958600 3812147
3901142 3986022 3910834 3689866
3934120 3651551 3793056 3740653
3786031 3735437 3763895 3641921
3873415 3628729 3729043 3773736
3730478 3809965 3782799 3675527
4039630 3725275 3804492 3813170
3865510 3794143 3905544 3733889
3970276 3743296 3811866 3787144
3743132 3696624 3734140 3615783
3839375 3926952 3773813 3663458
3802344 3681136 3796009 3748783
3973986 3973697 3761185 3847918
3788683 3725454 3872133 3853734
4119600 4025431 3865580 3930835
3821164 3819074 3979444 3841081
3981087 3828778 3754550 3854592
3693695 3719749 3831156 3826525
3706595 3605357 3803350 3676376
3868180 3905627 3748219 3864413
3730146 3662742 3728490 3793563
3869979 3880075 3792369 3762030
3805930 3866570 3900896 3926173
3992533 4041228 3853458 3882197
3700630 3727112 3842750 3777372
3846761 3934822 3723162 3837229
3923187 3868649 3740883 3852079
3809248 3751380 3819496 3959470
3791310 3932271 3702949 3859859
3786749 3774692 3815700 3921211
3934938 3905662 3799909 3941664
3864171 3843763 3867068 4023259
3887198 3791955 3744045 3917666
3797358 3786679 3828316 3883280
3867821 3729323 3803129 3776614
3689579 3831278 3797409 3764088
3847745 3761658 3822361 3832963
3729903 3864367 3848527 3842864
3882919 3829361 3941148 3906254
3863556 3965476 3956165 3897487
3833112 3882233 3864347 3840114
3746847 3912107 3814627 3800182
3765625 3665299 3737634 3719132
3779229 3759081 3742424 3916335
3675596 3676337 3818581 3715121
3809546 3803791 3843655 3924736
3813589 3823740 3837221 3904048
3948934 3974456 3911807 4027050
3789473 3825320 3770077 3722322
3832563 3850263 3864041 3888392
3950605 3741996 3822127 3776301
3823988 3749540 3868046 3669501
4036572 3741280 3901616 3903834
3884861 3852808 3949010 3798978
3944030 3589810 3689561 3682985
3716533 3615849 3815803 3678853
3972286 3771503 3896554 3888511
3795179 3774323 3831893 3779453
4004916 3963550 3844810 3933944
3793886 3781001 3900520 3887577
4112074 4012364 3829758 4025206
3830592 3833722 3995268 4013729
3903960 3888391 3724555 3859917
3681683 3644571 3761483 3785583
4038285 4022051 3836258 4011578
3834553 3808719 3882649 3788988
3712432 3794726 3957595 3754414
3949481 3977629 3882473 3897002
3798600 3789985 3886524 3816312
4013632 4031266 3908465 3922346
3628881 3619014 3748788 3675000
3825274 3936628 3714716 3873156
3797414 3715807 3906391 3833097
3980802 3964888 3887458 3897500
3969726 3920058 3767752 3874248
3829822 3872653 3846272 3957941
4103709 4013016 3875312 3954141
3964671 3848953 3964724 4077016
3822970 3852222 3724663 3809030
3727094 3635280 3749236 3861920
4013386 3915931 3844490 3929553
3817337 3868059 3813431 4004897
3945693 3805248 3881159 3928765
3836709 3979869 3933571 3929319
4022394 3966946 4007754 3979114
3890329 4016407 3991326 3858446
3838398 3720858 3792449 3824048
3671893 3693513 3719969 3752954
3955548 3780050 3942070 3875095
3929167 3933678 3881693 3892388
3800344 3774771 3927587 3868277
3839077 3898258 3934702 4032204
3876535 3819982 3939323 3849920
4005922 3901665 3901463 4105696
3653378 3753137 3771840 3742941
3724903 3802039 3812017 3934615
3744825 3902292 3879349 3797185
3917039 3922780 3951047 4089142
3877754 3668449 3793310 3745363
3775664 3699427 3735722 3692268
4090208 3808828 3924875 3956158
3846033 3752984 3923640 3838258
3878746 3709245 3846277 3757459
3749176 3737758 3781900 3619467
3993970 3645185 3814307 3897810
3884783 3757227 3897484 3835033
3909907 3915842 3764936 3869372
3769204 3759523 3811141 3863584
4026580 4045923 3859094 4011467
3901582 3776696 3981076 3897862
3989448 3958917 3824361 3801578
3661833 3715473 3834125 3762890
4036720 3967496 3928445 3907837
3819268 3804183 3918278 3866965
3731466 3688022 3868003 3753084
3979186 3959400 3780619 3852493
3823307 3883503 3959300 3799539
4063872 4087857 3824712 4057319
3749602 3646574 3814852 3782164
3925477 3961034 3843044 3852148
3713569 3745414 3845388 3738428
3926324 4060332 3788254 3882671
3908009 3867194 3758410 3839455
3845833 3742406 3792979 3959923
3989956 4002011 3761653 3909204
3940540 3848205 3917310 3998304
3941375 3854550 3790965 3966531
3820071 3793624 3817594 3846014
3997059 3880196 3841934 3920279
3931353 3851260 3799094 4065251
3920084 3756244 3820932 3906376
3719145 3800959 3778979 3900519
4002927 3824993 4013353 3960117
3890015 3983081 3892408 3937824
3876666 3810652 3842203 3946472
3751531 3806149 3855815 3826745
3970506 3798221 3881425 3822984
3809410 3864697 3882868 3856465
3811295 3788099 3764155 3853547
3914804 3860410 3909054 3999297
3904223 3900147 3885843 3859567
3939464 3948925 3965198 4061904
3773050 3734807 3816248 3767134
3876698 3831780 3890149 3973755
3750967 3728433 3948677 3858313
3949370 3882572 3976504 3975394
3935954 3656299 3783066 3831477
3772165 3750393 3834294 3628555
4028742 3664812 3893171 3915004
3812039 3783102 3747814 3766776
4047269 3828837 3979054 3881978
3879885 3894196 3864521 3750786
3905834 3572410 3749125 3746231
3729070 3641876 3744425 3639978
3977430 3958805 3741459 4000847
3802692 3720633 3815673 3822364
3978592 4008703 3838844 4008738
3741258 3861794 3918235 3903598
4080643 4074652 3909636 3934423
3766551 3835422 4027007 3886851
4000663 3857406 3698387 3719376
3701314 3704112 3796870 3765238
3756038 3708735 3874513 3759946
3869037 3941558 3709571 3775814
3791653 3743371 3937407 3767465
3984528 4003286 3803988 3941433
3851098 3876059 3997821 3890645
4053291 4123326 3908384 3990549
3618726 3722509 3845896 3633299
3835562 3934378 3705293 3741487
3913214 3968039 3747731 3854235
3860041 3769881 3808659 3965818
3937533 3992597 3866884 3866148
3846104 3785352 3888248 3982039
4068516 3884871 3806551 4014637
3930023 3920040 3880432 4119616
3814604 3832052 3670249 3805233
3805117 3696106 3699004 3897358
3826564 3833730 3870032 3850397
3802348 3831746 3838020 3793037
3887070 3918552 3887771 3801946
3894060 3984008 3951197 3876873
3961916 3887161 4030426 3955054
3851906 3917759 3939853 3963134
3790430 3694262 3845096 3760301
3617797 3816462 3843859 3830162
3805588 3749161 3810651 3802033
3852509 3819218 3851116 3949911
3866311 3798913 3808454 3843997
3910371 3903468 3871641 4055847
3937960 3845754 3992208 3841543
3997600 3954855 4029396 4084166
3751896 3741964 3723413 3746927
3718933 3725839 3843989 3908925
3982439 3697962 3885388 3894711
3820575 3825475 3841436 3776321
3908173 3665408 3789518 3794985
3703194 3756758 3811370 3605888
4023325 3720478 3928676 3897197
3874560 3863240 3837342 3789260
3919253 3699044 3813560 3715401
3754277 3673885 3796872 3727061
3987602 3970551 3890554 3928498
3815502 3797924 3918364 3831881
3966405 3996228 3854406 3869150
3644516 3798071 3829492 3854239
4052889 3939307 3906221 3939475
3867916 3862766 3913504 3924921
3925491 3889490 3750408 3885835
3696923 3791096 3847685 3859457
3797420 3761069 3946607 3797711
3957795 3958293 3782899 3872842
3716904 3740451 3884480 3868403
3913304 3948290 3726802 3872777
3837227 3724310 3918919 3785669
3981973 4099064 3865413 3943591
3664417 3729323 3894083 3724448
3852675 3905869 3757969 3882303
3910504 3884689 3771412 3985199
3836944 3849777 3862050 3976842
3942134 3899160 3734310 3917614
3896991 3813416 3829482 3935435
3970481 4001917 3863794 3906976
3909340 3860559 3803037 4081498
3870663 3853541 3773603 3844210
3815226 3809311 3808381 3875608
3921418 3923238 3895101 3917315
3826368 3939931 3910131 3868827
3859681 3860660 3918599 3869637
3844201 3895257 3868770 3817543
3922176 3921046 4001106 3893649
3851123 3950014 3993955 3952086
3847140 3723068 3796033 3904942
3787114 3868475 3853097 3880370
3837713 3852278 3847448 3892857
3866752 3911208 3895686 4012076
3838114 3811581 3813273 3775727
3888392 3910745 3806242 4013832
3891028 3787917 3875184 3958627
3889834 3975030 3894743 4068451
3795681 3723721 3807233 3777450
3804567 3824272 3816684 4020704
4054918 3800738 3955577 4001947
3903165 3854918 3938220 3875533
3994923 3722942 3839552 3830786
3742975 3800772 3874203 3737314
4150871 3783524 3983944 3942593
3932949 3833617 3838644 3826442
3881037 3656298 3732704 3729019
3688702 3717126 3722294 3587358
4102027 4154202 3910645 4107360
3949877 3891423 4056496 4007387
4017031 3948486 3850789 3971832
3812826 3827186 3950530 3861432
4049256 3996691 3953014 3899045
3811503 3788384 4022965 3926616
3966104 4023885 3828346 3933343
3709275 3704628 3757407 3765201
3830661 3882790 4051638 3879549
4030538 4135210 3927508 4004111
3689059 3795303 3878185 3779642
3939163 3967992 3792643 3838803
3820539 3779426 3943850 3793516
4009916 4010650 3867588 3991052
3764905 3622521 3826963 3716008
3883933 3863184 3771937 3786951
4072406 4017207 3953268 4075230
4070427 3905964 4023814 4137334
3912052 3897478 3835484 3977335
3952987 3874846 3858565 4033727
3991672 3921926 3846614 4005272
3933845 3924775 3949731 4136319
3945271 3813656 3741607 3798788
3810651 3679751 3831724 3783517
4084173 3962663 4033525 4040501
3971206 4067583 4002214 4025174
3880227 3882397 3943851 3872256
3864596 3873063 3844197 3933147
4036960 3934672 3944507 3941143
3954947 3958507 3878873 3968337
3802768 3829735 3784277 3867545
3800743 3778519 3736049 3774843
4011534 3946054 4018108 3956855
3985384 4045272 4001479 4192015
3830050 3775317 3879338 3802011
3874424 3875844 3935972 4071225
3876955 3806297 3952889 3823476
3843577 3893003 4079966 4167205
3751744 3719084 3726973 3758102
3844804 3838822 3865977 4017735
3886224 3679218 3749267 3771387
3810360 3716484 3832435 3769488
4155781 3761262 4011156 3928699
3969399 3874199 3971353 3881155
4064710 3764852 3857380 3901252
3867851 3723072 3842450 3829238
3947771 3589156 3722659 3758081
3812456 3612154 3706089 3687662
3978395 3950746 3763045 3849597
3813836 3713898 3875623 3850571
4164634 4139450 3944043 4070502
3891699 3918978 4012472 3942594
4082106 4024179 3849377 3920981
3843477 3847000 3928488 3967116
3979617 3859525 3814661 3827803
3681441 3724272 3800648 3782444
3720421 3750116 3916864 3742538
3942983 3924460 3789590 3836038
3918670 3825036 4060740 3869496
3979085 4105072 3967746 4016210
3802541 3756974 4043400 3901680
3962062 4084892 3847085 3878674
3661298 3656943 3858147 3722513
3842525 3884051 3723538 3779861
3975419 3829139 3661337 3884621
3890349 3699689 3882916 3970312
4062933 4062909 3959166 3996528
4019988 3938601 3937392 4094045
4045630 4002590 3842949 4020397
3848250 3870847 3876678 4046005
3789807 3849947 3756138 3808465
3816639 3734590 3767180 3829942
3850488 3882521 3901807 3907539
3822127 3809485 3812082 3883487
4038370 3954395 4038821 4006198
3975587 4023329 3978929 4079598
4025974 3948916 4014630 3936429
3857380 4042784 3920832 3851564
3923825 3808794 3833783 3793521
3778870 3847574 3804754 3816168
3755948 3721028 3737042 3738713
3772462 3809431 3879913 3940359
3954012 3960291 4008969 3997704
4031041 3939166 4026134 4139363
3921736 3773331 3945125 3860018
3937151 3989972 3990319 4052679
3766435 3664553 3824780 3681248
3810296 3851333 3852241 3943340
4255460 3907943 4042242 4125992
4013624 4032612 4000197 4082014
4023107 3807914 3913261 3946624
3949387 3754126 3978919 3790779
3982239 3646298 3824698 3759980
3722704 3758512 3780484 3706224
3898332 3712206 3775333 3825626
3731627 3681101 3768026 3706421
4247503 4232508 4039781 4120810
3998144 3987830 4100344 4067190
4128420 4039563 3980001 3990594
3855862 3847999 3976124 3920770
4008067 3931685 3772393 3848922
3722543 3728491 3854681 3825047
3996634 3875428 3721302 3868417
3783775 3724284 3809355 3906788
3990646 4034146 4102852 4025131
4194518 4226976 4085868 4036012
3873913 3837216 3990498 3842045
4003072 4070570 3931709 3921188
3730629 3663773 3856965 3712475
3903915 3920849 3715237 3788618
3750680 3711243 3848760 3760891
3821827 3866790 3759729 3855543
4149676 4113491 3985903 4139000
4045388 4067129 4039681 4321881
4025393 4081927 3792392 4013110
3920573 3829801 3936984 4069158
3955346 3816556 3690203 3804001
3814280 3741497 3854200 3943090
3902547 3892308 3753564 3916263
3842370 3756191 3778797 3846650
4018793 4108905 4206993 4110618
4021872 4097729 4081489 4098187
3998329 3863848 4008525 3922758
3960420 3987984 3960858 4014128
3922064 3839165 3903520 3841435
3752872 3942413 3848566 3793510
3844390 3801162 3795853 3827436
3861012 3895467 3741804 3877339
4085034 4042402 4088792 4093743
4160590 4075071 4135878 4263814
3964543 3876416 3916520 3923198
4044803 3973690 4017195 4102938
3709914 3687350 3810734 3858371
3877376 3849527 3871445 3887943
3797829 3698449 3773761 3772979
3756583 3886845 3829422 3908185
3980532 3727793 3827588 3822709
3805487 3789315 3827329 3797395
3938858 3710448 3853390 3843152
3802996 3784274 3841578 3734623
4007054 3791227 3812392 3877303
3840915 3708322 3763344 3737482
3884934 3625934 3747360 3755358
3668976 3610395 3707627 3708886
4060288 4017543 3867903 3893346
3797944 3806805 3897785 3879504
4013639 3970188 3841073 3959286
3789247 3719156 3853197 3893364
3944276 4031446 3842353 3912898
3713042 3752615 3844071 3884895
3927324 3895828 3706712 3841457
3658647 3718613 3810205 3718938
3851322 3729519 3977655 3821965
4036329 3956206 3908359 3935433
3777836 3740070 3877589 3778183
3867584 3919266 3830247 3777654
3709882 3814598 3858386 3771607
3961712 3992972 3801827 3847871
3723323 3657230 3768618 3734747
3765001 3877006 3678808 3812879
3977757 3950954 3794463 3925161
3955037 3768179 3804943 3919755
3963046 3930647 3824072 3846796
3929865 3868132 3842794 3958446
3928098 3878820 3874287 3921690
3839133 3912609 3794575 4040368
3806731 3811809 3725254 3779864
3770120 3777658 3759024 3850903
3971433 3888012 3984934 3904171
3821317 3879296 3965392 3902715
3915331 3739549 3918113 3871492
3813127 3938550 3799028 3900452
3979571 3916876 3917093 3808592
3836168 3947223 3794834 3847516
3752658 3714087 3852623 3750339
3725686 3746413 3734484 3753662
3815767 3753039 3901350 3843192
3899679 3910294 3907495 3975374
3866323 3841016 3761490 3787129
3900812 3896193 3899093 3991999
3785044 3810924 3842799 3868639
3865067 3850801 3839956 3941081
3714079 3769382 3815212 3711961
3731193 3746134 3846170 3905495
4007638 3763904 3889905 3897305
3799563 3794962 3767952 3760789
4071943 3888912 4030378 3957911
3915311 3870339 3937642 3827015
3903223 3614740 3777579 3778877
3815308 3744510 3772936 3655971
4120148 3760606 3901877 3928198
3872006 3783521 3914264 3800845
4128343 4023087 3857677 4022030
3819846 3727545 3869027 3946370
4179372 4162265 3921567 4090411
3925042 3975037 4093979 3986618
3877051 3900989 3777007 3854644
3703290 3696319 3862952 3741148
4096441 4069349 3951818 3975336
3935930 3864749 3986108 4001386
3865996 3807278 3897088 3790572
3998216 4015028 3915355 3902560
3958401 3892743 4085412 3869599
4039368 4147147 3874957 4057230
3684992 3659735 3846555 3704046
3915146 3902647 3823140 3710050
3763952 3878725 3997384 3886389
3982089 4118305 3948938 3977583
4007430 3937852 3753878 3878757
3936540 3853477 3888981 3969188
4133688 4018656 3899000 4017835
4002167 3940232 3973328 4202912
3816521 3880266 3764369 3771625
3824852 3808839 3789831 3995957
4022173 4021625 3871505 4010200
3974647 3816080 3978963 3984708
3932556 3953006 3970481 3904212
3942923 3981368 3923466 3893312
4051182 3966672 3976772 4018293
4048040 4062667 4019597 3996110
3854382 3785012 3831374 3858391
3700604 3863870 3800342 3852467
3933889 3930412 3965393 3986094
3944790 3963322 4013253 3991779
3867085 3870442 3913560 3866010
3940992 3923488 3990625 3979217
3907942 3974337 3976484 3894497
3983791 3956697 4027438 4218577
3729235 3728752 3781895 3700924
3853977 3905765 3818630 3996265
3914553 3829218 3955847 3920954
3963178 4000514 4019144 4114685
4024439 3746991 3816378 3815109
3770109 3719112 3792370 3782620
4054523 3720579 3870255 3924969
3850025 3743271 3823090 3783498
3901949 3857991 3952164 3845310
3905753 3897248 3948608 3875719
3973318 3700467 3818098 3803622
3761447 3687956 3799953 3657129
4106649 3995172 3788321 3904570
3819838 3808064 3956428 3904250
4063736 4058721 3855057 3861457
3833313 3820139 4015142 3895212
4091163 4003684 3947758 3957303
3792675 3868496 4039592 3887260
3930340 4007108 3917888 3941725
3734660 3795898 3879222 3827450
3805466 3863872 3854093 3880343
3995848 3990525 3864792 3896701
3782959 3799139 3987156 3816581
3991796 4043273 3870062 3976796
3789916 3795974 3936666 3826208
4028042 4058349 3852353 3925199
3785376 3759478 3880894 3827084
4022252 3943130 3815358 3802298
3998164 3929080 3787260 3960210
3959251 3839647 3833829 3995198
4027507 3987390 3775172 3904389
3962437 3803461 3895631 4093109
3996649 3996440 3845218 3991033
4050462 3939886 3916826 4100742
3943553 3924806 3807591 3880679
3941303 3789860 3848815 3926894
3894988 3853133 3834177 3819289
3887879 3874967 3881320 3901015
3930565 3929134 3997170 3900539
3868027 3967611 4002470 3921109
3944414 3828861 3958065 3913796
3940652 3948395 3986306 3882321
3864511 3812204 3863950 3866871
3876088 3839954 3827060 3926214
3817610 3741797 3767391 3876926
3962661 3934514 3935748 4100131
3889486 3937800 3918417 3899326
3914385 4035977 3934230 4018972
3898099 3888425 3902294 3899837
3992307 4036835 3955019 4007848
3892613 3757152 3773226 3743032
3947722 3918577 3841193 3994506
3913958 3683276 3799411 3838867
3691960 3725534 3741158 3657311
3959086 3818180 3870366 3847414
3856066 3798236 3862896 3819915
4097376 3787655 3901330 3859857
3751179 3752035 3844402 3735889
3876690 3640628 3730156 3775083
3791647 3761674 3847388 3676687
3931561 3947622 3740754 3854474
3711315 3744514 3877988 3788124
3986557 4029582 3854800 3914116
3778575 3798746 3852122 3871655
4090385 4046278 3847388 4010148
3860272 3790994 3956912 3983326
3980904 3894775 3761734 3826796
3751487 3795882 3880846 3879354
3698947 3672829 3854736 3712161
3875184 3893440 3738288 3899617
3758837 3795932 3977587 3781247
4047277 4081909 3827554 3936691
3796982 3752917 3941910 3852161
3951599 4070136 3947606 3891392
3737322 3737376 3794983 3750153
3869707 3994347 3778004 3866836
3910883 3840445 3785526 3884273
3868788 3753420 3783029 3867618
3935658 3931464 3824132 3896671
3912661 3783783 3842561 3968069
3977145 4066503 3852350 3892467
3945509 3832405 3934480 3980123
3939595 3870267 3715185 3899161
3863074 3758854 3852777 3916370
3830452 3763367 3812830 3769889
3776176 3787896 3868918 3835133
3982167 3824208 3932923 3925704
3816161 3932251 3915832 3892158
3967606 3901713 3884372 3930163
3806789 4046701 3907533 3980692
3903981 3741737 3865957 3760511
3761418 3837299 3879242 3872260
3792709 3741295 3758724 3798086
3816512 3801284 3768506 3901905
3873124 3874972 3912192 3863604
3909486 3914618 3944187 4094499
3894811 3786163 3876908 3925055
3924712 3908421 3881452 4002767
3746013 3766983 3810555 3748293
3822612 3787499 3841516 3949453
3932391 4048731 3995517 3999518
3956034 4080818 4140115 4000741
3640619 3740544 3693666 3665285
3674068 3694425 3777789 3629757
3853056 3901406 3824670 3844872
3898934 3958201 4001006 3875562
3715119 3852710 3712892 3813070
3719934 3791652 3890899 3769394
4005471 4038102 3983500 4043381
3958554 3964418 4121818 4074380
3673124 3679824 3627557 3662969
3759050 3639428 3856182 3810298
3795296 3779483 3771339 3904111
3857191 3769891 3918944 3946189
3786309 3704362 3760082 3739245
3767852 3662858 3798894 3849745
4032168 4122478 3991329 3993004
4052620 4077202 3882922 4075396
3653736 3773312 3689976 3574609
3799981 3766533 3573396 3806055
3884374 4000708 3911241 3914579
3904958 3962215 3784975 3959498
3708503 3980420 3768968 3730247
3857872 3823805 3728974 3867665
4051837 4070710 4203254 4053915
3965293 4112390 3958879 3944015
3790330 3779926 3929099 3746958
3634035 3791851 3599027 3610912
3895315 3906728 4018872 3980901
3815006 3974845 3857497 3787593
3916025 3788311 3949818 3767815
3653889 3960497 3729238 3719898
4069520 4034374 4113440 3987540
4028676 3954123 4163893 4055180
3713189 3769196 3822271 3672748
3694649 3771047 3882328 3699063
3980800 3873564 4044134 3941756
3858300 3933341 4067344 3885659
3791116 3799421 3861261 3695496
3749363 3769010 4005482 3819630
3924987 4144003 4154626 4021463
4020083 4266481 4065264 4018653
3580167 3859093 3875095 3672252
3568154 3880132 3791003 3730046
3794172 3999091 4007402 3793364
3914470 4085500 3917833 3864994
3679743 3894254 3766515 3719244
3703162 3856817 3829118 3713761
3665055 3941421 3820538 3786217
3786318 3798888 3954233 3878755
3733955 3797083 3746914 3744583
3677525 3795269 3861843 3789568
3774774 3817255 3840040 3779023
3878295 3892210 3927151 3858842
3842464 3920377 3827345 3841111
3847368 3901434 3929421 3905394
3729998 3781257 3793031 3793300
3854271 3769187 3893257 3844363
3823255 3855687 3718285 3733633
3773993 3753290 3826363 3826431
3751780 3815864 3682923 3807185
3842502 3761401 3858919 3933130
3850648 3863305 3762018 3859272
3951885 3799795 3922631 3980905
3773081 3919918 3743606 3857799
3875560 3929912 3690670 3891683
3730240 3881377 3765133 3707078
3852005 3930144 3678737 3837121
3815124 3876334 3724698 3839709
3897459 3856299 3716892 3798905
3855301 3908345 3942205 3933587
4021674 3924501 3878450 3861743
3856615 3816884 3913331 3891555
3754856 3996372 3732785 3726652
3834513 3698640 3921069 3821276
3690189 3896851 3713438 3713202
3868274 3935618 3972714 3956885
3704465 3960781 3812997 3781421
3930684 3927742 4001376 3931007
3758149 3969570 3774951 3791647
3875975 3778822 3871175 3768520
3788523 3863241 3891030 3812766
3850124 3735686 3891267 3746456
3720203 3754091 3925881 3726376
3861450 3844588 3961496 3835834
3738796 3843775 3970751 3861339
3901833 3867978 4002643 3915886
3850773 3835008 4028317 3795841
3678156 3909388 3947280 3747846
3754516 3990083 3840181 3851988
3707128 3918826 3888156 3647361
3750260 3973597 3828447 3787115
3758874 3971091 3906833 3649989
3751033 4048448 3786188 3860358
3824989 4036860 4091166 3752303
3869733 4097961 3920538 3845183
3806640 3816576 3818915 3772650
3868567 3841368 3886665 3887951
3720332 3737365 3815793 3707982
3855132 3764440 3926010 3734328
3678611 3803586 3739128 3751424
3785307 3754120 3882470 3724738
3852586 3905572 3910338 3785745
3844647 3934275 3997040 3871173
3799562 3742951 3728084 3830478
3775124 3707935 3936732 3885959
3760679 3701079 3683882 3690880
3831274 3690189 3937071 3813014
3692944 3746008 3764360 3683160
3774220 3671606 3706197 3844674
3808414 3917785 3815018 3879839
3830725 3777018 3951238 3894307
3809415 3913940 3837990 3909455
3929377 3978524 3680491 3850143
3750846 3907214 3736074 3744297
3884891 3833138 3733009 3876407
3770489 3834450 3689284 3690615
3814999 3744154 3604441 3732420
3850201 4044683 3977986 3875488
4012386 3916408 3844546 3988468
3873316 3932110 3951595 3877600
3685950 3932320 3722831 3733162
3747190 3807715 3783649 3725640
3695884 3879734 3640168 3711594
3821725 3775837 3915031 3786524
3687275 3835605 3655020 3649890
3874365 4026557 3977056 3879340
3804067 3968568 3857046 3846443
3876470 3789921 3898461 3822147
3801013 3803599 3954075 3855927
3851915 3787617 3920881 3774028
3763947 3803740 3920965 3756648
3874479 3757842 3876940 3700125
3720584 3796303 3919197 3824706
3920179 3939710 4010618 3921648
3949593 3911374 4048020 3869185
3812621 3994497 3931563 3696573
3822142 3987510 3841042 3829126
3640726 3941893 3850641 3717675
3840316 3934194 3791135 3780430
3666126 3841104 3847931 3674279
3733692 3956709 3747894 3711315
3777948 3991423 4023869 3762450
3902770 4082223 3945438 3902900
3711052 3839575 3800401 3728647
3734605 3872531 3987921 3874131
3795189 3868109 3946015 3832163
3799570 3902902 3863724 3821257
3759311 3814564 3815181 3767372
3783882 3868359 3946728 3791915
3830094 3914020 3856421 3961310
4021158 4004582 4034854 3941058
3762324 3769396 3728347 3785536
3831710 3742986 3878862 3844502
3854562 3882822 3782956 3802379
3879675 3855073 3883989 3898892
3855673 3756357 3737818 3864750
3843736 3761958 3915436 3890289
3826990 3874540 3875072 3888431
3920288 3811399 3945865 4060262
3769179 3879587 3881665 3779226
3896121 3901942 3776590 3916693
3869064 3927663 3835358 3882574
3914938 3872265 3777353 3912319
3807606 3881359 3769774 3818886
3889523 3946329 3716573 3889447
4003977 4125684 3983366 4017015
4028625 4099386 3841546 3979887
3772575 3967295 3971832 3807479
3780832 3939174 3695232 3739108
3950180 3923082 4023210 3918767
3901135 3933417 3807840 3838455
3890371 3909456 3977845 3819645
3792774 3933222 3709660 3732552
4051516 3975445 4074683 4013719
3868705 4054676 3864579 3862838
3832424 3826963 3798436 3765419
3820128 3794797 3948111 3799371
3945936 3845113 3989816 3944821
3893990 3877451 4003993 3868702
3877294 3781653 3913399 3758783
3905512 3769224 4005205 3836663
4085236 3949937 3966327 3958759
3946868 3963986 4139983 4022149
3717046 3908708 3907249 3702593
3837487 4062068 3828567 3748776
3789871 4038844 3955335 3889132
3854720 4004226 3883596 3799962
3754912 3981517 3930444 3627920
3864607 4051961 3790753 3769713
3878789 4111736 4042085 3862017
3936203 4112765 3972090 3964799
3664399 3866999 3755640 3700530
3808075 3835164 3848551 3840328
3768901 3831128 3941722 3825207
3851388 3913904 3964115 3887233
3789310 3880282 3759191 3798415
3826014 3839820 3951307 3832759
3835154 3884892 3796560 3873454
3863935 3857656 3986253 3892009
3712302 3755555 3739898 3779872
3781295 3690510 3812648 3802433
3846324 3916541 3867009 3886414
3840170 3775725 3931204 3949011
3793872 3746684 3812272 3797036
3886006 3700384 3935778 3861314
3870758 3823367 3838999 3768008
3935342 3804484 3946210 3882442
3721054 3797262 3775366 3727755
3856968 3874519 3722340 3838623
3872996 3961237 3879769 3895155
3984588 3911520 3764619 3978353
3808618 3936827 3804570 3806635
3850344 3899025 3857390 3914599
3863038 3960379 3805371 3883385
3959478 3839281 3795193 3905773
3896402 3788940 3923703 3820456
3717984 3854755 3732087 3726969
3992207 3923497 4046037 3964443
3825030 4053373 3772809 3786900
3868585 3897009 3967538 3890778
3726025 3888710 3716703 3713326
3951754 3886395 4057335 3980223
3770907 3910278 3730729 3771271
3785141 3785668 3863121 3707140
3746897 3767552 3897492 3851330
3920506 3854937 3959988 3791951
3979547 3860295 4083242 3915895
3881576 3885646 3928262 3869510
3834307 3808522 4051569 3814199
3873986 3878844 3933556 3886471
3925707 3925709 4115217 3961193
3740724 3926408 3935846 3668475
3785861 4019168 3812627 3734481
3862292 4037921 3950257 3802925
3817397 4120627 3968692 3885253
3814207 4006722 3933769 3792845
3724027 4048992 3847251 3840091
3798375 4009840 3969995 3826883
3816750 4064591 3816076 3792762
3833270 3868479 3771092 3893729
3807088 3873103 3974570 3831746
3925960 3967133 3988379 3916956
4021547 4004545 4044506 3931448
3809105 3953622 3902453 3877375
3891143 4009089 4075802 3904401
3791675 3833359 3843227 3785775
3922657 3882497 3935810 3755118
3773003 3909962 3728965 3844779
3845647 3758549 3972735 3904914
3953956 3859390 3839912 4054223
3907883 3918373 4022244 3916636
3946319 3763384 3836912 3920566
3942145 3818503 4065354 3928426
3765221 3735262 3750885 3885359
3841117 3734235 3942562 3842521
3792736 3837425 3845076 3794038
3900627 3915175 3774684 3938456
3891050 3958830 4016654 3937130
4048018 3968381 3815533 3975556
3884575 4022893 3856778 3964549
3967830 3997749 3835837 3952335
3765675 3914543 3869529 3846181
3897595 3945395 3809265 3964501
3825549 3874826 3884988 3888552
3750285 3891591 3832128 3752059
3953911 4068559 4006617 4036170
3832273 4041658 3894857 3872945
3947105 3941911 4083654 3979503
3903465 4058601 3831858 3837252
3875308 3901769 3892777 3834180
3705940 3930435 3726102 3799989
3926184 3826218 3895921 3837954
3865673 3766480 3958277 3879150
3956107 3946402 4009642 3893384
3916677 3893067 4138584 3939852
3915722 3977475 4001212 3918476
3912902 3883050 4081561 3846850
3838262 3765856 3943580 3846511
3803131 3853283 3995584 3860976
3774441 3928879 3979120 3819817
3760946 4056956 3852037 3870305
3910076 4078186 4067484 3934246
3952059 4163068 3865206 3953879
3852420 4021161 3953395 3853248
3903200 4101575 3924040 4004247
3707615 3914634 4002581 3750797
3738728 4077414 3912714 3917040
3908759 3932767 3906100 3934465
3910893 4089095 4064642 3892482
3675067 3696280 3667609 3707237
3800183 3765260 3751559 3758008
3698106 3730509 3742828 3705470
3699369 3838890 3849550 3789363
3677217 3806785 3763634 3769600
3678099 3755835 3901782 3846533
3846338 3954709 3890719 3840429
3965211 3936034 3998070 3985500
3716010 3694226 3640126 3712208
3774873 3673509 3843051 3851442
3690638 3766340 3631144 3751540
3747849 3601922 3767076 3730263
3746750 3690900 3686352 3819175
3865584 3682009 3867324 3886734
3888728 4041481 3989468 4007327
4037395 4073379 3817476 4016039
3758014 3798832 3778111 3827067
3772484 3831863 3642096 3816200
3739932 3859448 3748736 3786925
3767285 3807983 3683328 3815139
3787007 3878355 3714940 3782875
3816436 3873072 3623954 3840330
4069926 3987202 4106210 3969186
3883626 4001535 3853913 3989486
3758236 3763655 3908355 3850825
3626535 3787934 3674360 3655712
3834622 3755509 3836830 3778429
3592702 3958207 3733412 3626838
3819988 3887233 3898223 3860672
3693157 3913847 3705264 3680890
4030602 3934108 4007214 4021726
3858998 3937650 4077230 3927252
3761605 3792693 3903670 3784147
3760910 3720417 3910168 3686524
3825358 3780162 3816364 3732525
3775642 3743292 3895530 3800022
3842271 3764995 3941462 3760669
3747851 3730873 3860746 3799710
3874775 4133792 4069236 3899409
3959434 4140417 3982600 3932913
3711048 3803869 3888616 3728710
3655713 3958948 3767764 3720977
3715344 3882081 3874024 3636358
3727262 4075403 3770996 3740889
3778165 3883100 3919052 3679371
3763080 4042928 3774312 3792604
3797231 3859116 3818957 3782436
3782015 3820223 3889813 3821739
3679699 3708341 3690278 3713322
3667925 3685853 3848434 3774051
3911174 3929275 3950882 3972001
3857923 3932424 4062752 3917407
3840603 3877353 3846840 3831324
3827083 3912246 3952644 3871089
3722832 3766482 3757327 3797599
3801508 3757234 3836679 3920792
3744260 3695488 3653235 3795959
3670838 3675338 3772414 3819919
3875023 3931089 3879209 3965414
3886191 3842052 3981363 3960542
3814942 3898834 3779774 3835407
3863574 3749794 3914598 3945021
3801608 3941054 3780571 3753921
3919441 3887147 3753566 3876068
3735700 3800202 3746409 3760342
3814794 3838504 3566190 3734867
3907000 4015448 3878881 3924711
4069753 4051498 3904314 4034145
3833294 3931513 3904052 3824762
3854598 3907852 3766473 3914516
3804086 3861301 3899179 3892629
3749629 3955068 3808996 3777319
3742319 3746542 3851062 3821517
3619738 3792379 3633909 3610260
3936651 4044265 3985731 4050937
3878573 4005138 3821783 3952210
3927772 3952165 3978558 3948622
3776086 3951606 3852007 3725118
3893111 3802028 3872282 3799814
3799528 3864175 3916957 3798473
3794472 3740487 3728225 3652298
3786317 3807682 3846263 3744766
3968897 3977397 4012673 3873791
3945100 3989424 4066338 3970845
3973966 3818203 3983466 3820332
3890064 3859367 3982035 3812979
3758072 3897139 3962780 3762971
3770442 4109972 3782792 3812456
3687466 3864142 3804886 3727818
3696431 3817495 3750420 3737832
3839472 4047320 4086284 3821684
3892170 4093783 4037123 3911430
3767765 3959584 3997497 3841964
3833512 4100626 3854338 3876134
3664423 3786156 3637695 3681065
3617038 3680698 3806149 3727482
3856471 3735983 3748472 3738245
3751555 3805064 3845287 3784250
3846950 3855849 3834279 3854072
3782684 3888164 3907700 3842044
3758687 3820699 3858076 3772276
3889715 3871766 4014627 3802789
3707122 3718870 3692626 3659721
3673473 3620924 3780250 3809946
3799790 3754906 3790114 3839597
3845290 3775021 3864289 3902375
3802853 3812496 3826693 3844972
3780331 3839020 3875908 3869954
3845115 3867674 3766207 3870028
3892543 3759074 3844819 3850433
3674383 3772639 3704411 3743403
3773049 3809645 3711368 3680313
3760045 3838564 3780125 3769200
3825498 3880309 3672488 3845633
3848122 3991239 3804938 3910916
3836503 3894919 3788880 3875688
3807870 3957391 3939812 3847422
3961993 3969171 3731078 3846804
3752910 3759531 3878115 3691071
3671782 3801626 3716098 3607168
3878398 3894470 3912796 3933105
3773240 3830995 3719502 3753931
3918556 3933604 3954552 3875424
3765250 3839261 3712746 3725833
3888931 3928033 4002139 3919287
3790758 4030670 3825792 3838789
3766349 3800684 3772824 3699585
3744147 3739544 3880657 3744078
3784495 3803221 3937118 3822406
3772794 3766824 3961837 3816560
3891358 3827565 3982261 3820101
3852777 3803383 3944499 3931396
3880706 3872680 3953792 3824915
3857910 3952968 3987690 3833746
3698171 3871180 3780967 3649721
3672694 3948697 3745743 3768147
3759871 3956819 3887556 3709534
3794145 4060755 3902211 3868162
3727843 4013452 3927617 3669222
3860497 3985014 3920366 3807400
3723201 4054022 3945857 3726292
3812642 4107195 3924184 3899959
3824466 3986250 3966198 3875342
3848746 3994199 4059131 3937149
3663277 3783576 3835908 3731885
3718748 3762777 3963450 3666928
3539981 3639631 3659769 3656519
3622086 3716142 3723360 3674082
3881597 3984697 3873803 3863672
3888975 3917985 4093857 3880822
3879791 3894663 3905836 3819791
3998644 3890878 3958938 4025965
3780844 3719564 3698978 3783747
3729309 3741520 3802980 3806378
3600852 3604257 3635648 3614211
3820367 3668152 3771243 3720618
3836292 3980495 3957648 3895266
3860662 3781382 3940445 3929217
3892734 3944194 3914106 3937306
3945553 3958303 3763697 3976914
3667444 3766534 3749761 3783435
3849122 3825936 3695362 3812762
3628947 3784564 3645546 3722675
3751911 3767296 3577693 3783926
3837169 3990889 3867417 3974563
3989270 3940707 3818512 3971148
4078089 3969621 4010987 4006782
3970790 3979323 3780472 3909535
3814566 3817217 3869004 3898633
3632330 3866352 3681166 3726609
3740762 3734925 3844270 3741874
3633155 3795786 3590857 3643299
3920879 3943536 4068176 3902068
3779772 4037683 3935778 3874289
3963140 3875364 4035336 3880466
3916082 3936298 4095555 3913307
3783001 3798927 3852571 3767980
3768984 3756070 3962673 3739454
3783620 3680388 3747250 3667659
3664594 3666735 3823389 3754133
3959201 3992965 4028078 3871855
3964086 3892426 4044342 3921762
3874653 4079074 4055197 3852074
3851971 4051512 4022960 3922960
3781231 4009152 3903797 3687420
3791576 3974512 3795385 3800446
3578350 3800100 3775253 3580799
3668403 3895883 3677051 3682854
3836752 3998988 3981735 3818810
3814321 4199204 3917563 3914825
3867156 3962825 3913697 3942263
3920660 3959207 4021680 3991551
3865284 3900273 3875438 3874633
3925534 3944505 4033413 3914838
3733491 3838618 3670437 3760918
3753815 3836958 3964126 3764231
3845780 3903262 3906500 3875134
3811300 3915376 3962035 3786589
3862068 3987156 3909903 3879845
3990754 3900080 3902472 4029705
3886030 3840010 3890610 3918488
3968555 3898525 4014921 4050832
3808247 3739687 3738504 3743491
3788845 3684663 3864941 3824118
3842856 3900020 3840707 3844192
3876898 3798683 3936209 3935262
4016818 3996963 3953426 3955456
4065519 3981387 3938614 4063987
3954187 3988217 3936089 4017785
3990255 4054916 3817143 3987726
3810664 3803274 3780845 3773621
3818642 3910381 3666069 3841727
3809436 3899436 3875732 3867167
3918593 3952198 3808612 3947879
3969777 4061613 4109038 4079703
3863593 4042508 3747746 3815931
3972523 4039887 4040018 4057683
3817453 4056363 3916304 3851233
3756627 3920892 3949667 3906965
3721101 3906119 3672274 3763071
3968220 3940958 3960160 3938210
3779194 3953891 3780754 3887498
3909306 4003988 4096077 3901764
3879607 3991645 4159634 3973156
3970172 3890810 4066890 3901747
3884666 3903964 4049196 3989793
3728369 3819195 3950036 3807594
3745070 3695285 3915847 3870416
3940987 3918209 4024471 3881414
3843902 3852760 4068356 3895885
3849108 4034574 4070572 3939113
3913076 4167292 3988192 3965039
3866060 4086824 4055921 3829963
3902222 4084487 3956977 3960933
3742951 4026124 3897765 3785029
3790499 4082810 3855280 3743053
3827500 4010025 3956629 3804818
3818500 4003633 3862629 3867840
3970406 3932762 3989065 3933323
3924895 3933546 4049957 3879721
3774257 4015438 3862808 3828640
3914369 3916772 3979985 3872546
3741073 3866186 3812821 3843659
3803703 3887101 3896894 3792265
3718518 3790869 3733539 3738295
3733621 3851945 3877924 3710879
3934134 3974286 3916143 3869366
3972904 3897502 3965371 4005308
3830597 3834661 3814829 3893821
3806624 3815419 3930656 3930595
3783521 3728202 3817039 3856675
3891182 3715903 3830884 3946162
3781870 3789922 3748056 3799116
3798092 3652451 3848493 3862668
3894856 4059300 3911413 3990723
4095631 4051765 3832397 4043080
3827004 3949221 3909756 3937018
3916960 3992427 3770594 3857663
3808343 3914923 3784259 3882294
3911942 3913672 3738885 3854680
3784849 3892848 3733922 3815375
3771661 3889334 3690537 3878372
3948733 3993513 4038252 3980485
3831953 4096527 3924137 3828568
3942200 3921774 3994201 4028187
3793784 4028178 3880794 3686873
3915891 3961305 3988563 3844178
3739378 3984641 3808183 3828409
3887552 3839564 3882804 3833780
3674795 3825526 3727965 3820004
3935801 4047966 4062834 3938126
3876074 3895197 4056711 3888778
3901192 3939148 3965241 3915554
3950189 3839353 4047803 3899678
3759217 3874988 3916540 3864820
3849775 3787832 3960966 3708352
3901354 3807254 3885600 3800033
3779389 3761753 3910948 3745155
3873137 4024386 4120540 3950306
3942265 4184270 3916537 3969463
3817358 4001506 3932081 3736748
3821749 4112127 3879567 3922929
3810159 4065963 3937421 3794631
3825206 4008143 3875439 3822257
3722274 3919332 3828983 3735961
3713771 3933365 3777769 3751999
