4027683 4021345 4044349 3819078
3973304 3951983 4026563 4096609
3753746 3804749 3767475 3679992
3644903 3768292 3805026 3836435
4066672 4063439 4006646 3842296
3980096 3991198 4025992 4142122
3847317 3934916 3826462 3753742
3720664 3733499 3908432 3934702
3901955 4050359 3953646 3925640
4077630 4036874 3926998 4175714
3674136 3822182 3701998 3763260
3903063 3740281 3738095 3811241
4039057 4055807 4002312 4021180
4101835 3996086 4034726 4121155
3857914 3816712 3723233 3766204
3953256 3848510 3850143 3956743
4032598 3934776 3894843 3967656
3906537 3979616 4057314 3960476
3760125 3756470 3706486 3745346
3624604 3741045 3781778 3751625
4034881 3954084 3932138 4031540
3951158 4007923 4045002 4101473
3867019 3734128 3763805 3834696
3831205 3845183 3847640 3818105
3978401 4037186 3941245 3870572
3965574 3954703 4049608 4074449
3876199 3888306 3738430 3621678
3739759 3850899 3736505 3853887
4045921 4138989 3981003 3920560
4037388 4015400 3964931 4096080
3864161 3953150 3837832 3669772
3870915 3867347 3923478 3904475
4065657 3859253 4152705 3995183
3991135 3921588 3883925 3977729
3826681 3743955 3793024 3788066
3722823 3660083 3670178 3708257
4151879 4056807 4194835 4001888
3955095 3865768 3891710 4038891
3928312 3848348 4055257 3943112
3857876 3791532 3752154 3986276
3972548 4137065 3948119 4128887
3944406 4079108 3780051 3942757
3787088 3775437 3805057 3800939
3707708 3893712 3678275 3674466
3983946 4077704 4070168 4126705
3906914 4077610 3884169 3899909
3858098 3960425 3852476 3992175
3728803 3913160 3769930 3800989
3721436 3725132 3749192 3616766
3720630 3728454 3752346 3808085
3825611 3874802 3812651 3607571
3752805 3831478 3776664 3889964
4007889 3881673 3910218 3745256
3776969 3878961 3908635 3905349
3932837 3952445 3880700 3774660
3821768 3982759 3954865 3959799
3686949 3788661 3704578 3650038
3822454 3809106 3653135 3843711
3789700 3880451 3758021 3820641
3882500 3847001 3841840 3900075
3836068 4028942 3827577 3881706
4059330 3860860 3874557 3970282
3842288 4009088 3841320 3774233
4018534 3955751 3872585 4008762
3838027 3700874 3728731 3807053
3588323 3700232 3817554 3748238
3832556 3771488 3672912 3839044
3729806 3794724 3883798 3836147
3895441 3749843 3828043 3949221
3958066 3945124 4019734 3969294
3915237 3844140 3825722 3930107
3800689 3791355 3923888 3955846
3774704 3905224 3637258 3601306
3724689 3727858 3828772 3796468
3849219 3868723 3806171 3663853
3760314 3783723 3842169 3966045
3939147 3940953 3915281 3729533
3949884 3827438 3961683 3981622
3964347 3936528 3895275 3791531
3834026 3924957 3932270 3895797
3786131 3630587 3873069 3790680
3692195 3647059 3662690 3819712
3932171 3770333 3897920 3921164
3819146 3700763 3732412 3826462
3916726 3835613 3972116 3937330
3877322 3828955 3732087 3958717
4056004 3831765 4087827 3934743
3932710 3782366 3795338 3907596
3720291 3835805 3717465 3787658
3690355 3840458 3620413 3673233
3773108 3835830 3803945 3878839
3659633 3891506 3720861 3786521
3873369 4009084 3991964 3919371
3850282 4046166 3739495 3881531
3908118 4088660 3832341 3913564
3792899 3959650 3673334 3798330
3755940 3855719 3857933 3656698
3666334 3779327 3813000 3876457
3901354 3945565 3900468 3676782
3769263 3821718 3902609 3930030
3805492 3783659 3718204 3691810
3721612 3761132 3763744 3883716
3939295 3897434 3908722 3745070
3786332 3923975 3931427 3982656
3807760 3860224 3638173 3814823
3831824 3820988 3817383 3876905
3797567 3912242 3814675 3791351
3918523 3857930 3794721 3935999
3771582 3781235 3750187 3753293
3918889 3796834 3732392 3887940
3916403 4071378 3864175 3850172
4030985 3878053 3928111 4041934
3776973 3759176 3787892 3860377
3752220 3768618 3916304 3846895
3879575 3808784 3728522 3796773
3729157 3826454 3850151 3872545
3904542 3724153 3690382 3856158
3694221 3831210 3815655 3807694
3969376 3832711 3941080 3876454
3931972 3799593 3976551 3899600
3881595 3883763 3711437 3666854
3836070 3787222 3824803 3879790
3937447 3936766 3844402 3694450
3866873 3836942 3944624 3915192
3880112 3917709 3771880 3594322
3790796 3799505 3789326 3890212
3965784 3895757 3870904 3803131
3865816 3962597 3988092 3985075
3862821 3794228 3973090 3918239
3770003 3732031 3699701 3805961
3896723 3753163 3892251 3913775
3808124 3854925 3672831 3829852
3868467 3815279 3884666 3839649
3782828 3768434 3707985 3748088
3950912 3818924 4078697 3954811
3875870 3851156 3743906 3846053
3728082 3914261 3799150 3841375
3726449 3941408 3664377 3788133
3878445 3977312 3837723 3902004
3806506 3975555 3650072 3696095
3793241 3959268 3818352 3838782
3668019 3900161 3684019 3756167
3961385 3973641 3884256 3842664
3919261 4000105 3820056 3734864
3985817 4022392 3946159 3779102
3878584 3961123 4059882 3943847
3931251 3966450 3958202 3774204
3816685 3890546 3927821 3972187
3952220 3997377 3863850 3791751
3735547 3852266 3947456 3892169
3927689 3957672 3971481 3712072
3810681 3930469 4085019 3969171
3928189 3985986 3928563 3864068
4052488 3948009 3885914 4019661
3885293 3885523 3827196 3777451
3996527 3916594 3800332 3990575
3877074 3991612 3742849 3898728
3958420 3890612 3907814 3969288
3809923 4010503 3923473 3877670
3988019 3935509 3979394 4001905
3897610 3877518 3844348 3884684
3934167 3939843 3934241 3905841
3892258 3898831 3897110 3864250
3773738 3882499 3908719 3945531
3893437 3784077 3809282 3974855
3839232 3858556 3915702 3915909
3948228 3823176 3847690 3968232
3861079 3879205 4019797 3938576
3939625 4019674 3927824 3785669
4003140 3959313 3947109 4000716
3914725 3953444 3958345 3757978
3816442 3867789 3848621 4032105
3996767 4030437 3920529 3781084
3943478 3924976 3986970 4040025
4002696 4035346 3915735 3866940
3916071 3904450 3997977 4012512
4044334 3862490 4138451 3979180
3847868 3833544 3897299 3923823
3866889 3813279 4045981 3935485
3880399 3811390 3713635 3876172
4016922 3886940 4036087 4024225
3928325 3845595 3837216 3924784
3944610 3944708 4104601 4000352
3936326 3900381 3861592 3927594
3959720 4026743 3966115 3976146
3831346 3995525 3782535 3839222
3922221 3947354 3923997 3974812
3817022 3973609 3794571 3847025
3950982 3928733 3868890 3947273
3776752 3978679 3793399 3828334
3894555 4021339 4000567 3944835
3795308 4009328 3768157 3842035
3863731 3941304 3880963 3669909
3782364 3892674 3890872 3971826
3978620 4060681 3924962 3818269
3924775 3942562 3976443 4017618
3811545 3825685 3770803 3633629
3667165 3778513 3789759 3918860
3769453 3792305 3749206 3528982
3751051 3817338 3811052 3804355
3836394 4009006 3723774 3801297
3948289 3823671 3842936 3948763
3993491 4018979 3982516 3926785
4159229 3942780 3951501 4048103
3711271 3882840 3667379 3754155
3960637 3725192 3772903 3909352
3691243 3947859 3659635 3572839
3901226 3687580 3693743 3873751
3881308 3731625 3776227 3841647
3799644 3789569 3844936 3927020
4035997 3842039 3836757 4023890
3866328 3948279 3988672 4011987
3739703 3660753 3732320 3772552
3736753 3737653 3795908 3794272
3775429 3723512 3648128 3733851
3667437 3613947 3738554 3779031
3946981 3958897 3923719 3820451
3719148 3874431 3873225 3959700
4014763 4038714 3909458 3811955
3897676 4027625 3981038 4073376
3787167 3931107 3793835 3666109
3735866 3727499 3817753 3876402
3714475 3819432 3717696 3664574
3679441 3708776 3740485 3804205
3942071 3787192 3951164 3832390
3795284 3757730 3751657 3860856
4056860 3870030 4140941 3973089
3976745 3944745 3842272 3982332
3882718 3825953 3962481 3879128
3743961 3722426 3688831 3801775
3768497 3693640 3827864 3738563
3701591 3671437 3610656 3793368
3932092 3899282 3818712 3964222
3783743 3972025 3733173 3782394
3969583 4040882 3968950 3982916
3873457 4061096 3797872 3960799
3771465 3872983 3891729 3750600
3691381 3861115 3620474 3707717
3781132 3858182 3710844 3743193
3688104 3862674 3638817 3623390
3807750 3891988 3816765 3647332
3685821 3832351 3784531 3806089
3944426 3914121 3881531 3760546
3808395 3883690 3810474 3849695
3977236 3932175 3886447 3704792
3811266 3866667 3997995 3996368
3924823 3982071 4001905 3825986
3815565 3920379 3965038 3955796
3721390 3847273 3741024 3685159
3977857 3735912 3787620 3880049
3896051 3895498 3824791 3760310
3976341 3774524 3789823 3942481
3878148 4063533 3791645 3865155
4081388 3943480 3906219 3969294
3871993 4019795 3822574 3867039
4013335 3924306 3923983 4076836
3741066 3754845 3663923 3851675
3811679 3745371 3827028 3800310
3848693 3760979 3698244 3855394
3773322 3789787 3877716 3818596
3907416 3852866 3857844 3911163
3859301 3894866 3938102 3881615
3899785 3895341 3781469 3843625
3881735 3868533 3942728 3950620
3848512 3919243 3770477 3762153
3782267 3766551 3902200 3928905
3856624 3911232 3865648 3732901
3800499 3871612 3845730 3880157
4065199 3937010 3865427 3755941
3900567 3931893 3942727 4040008
3897182 4046330 3879479 3774633
3904657 3930909 3883067 4032748
3885259 3804632 3926655 3780753
3767950 3716779 3692739 3831538
3870313 3822351 4018417 3911047
3790156 3756146 3700177 3855598
3955744 3834194 3990295 3950535
3843966 3808065 3791559 3967436
4050522 3927759 4125065 3942975
3933788 3842203 3729923 4064860
3858207 3817977 3846729 3803128
3736781 3891436 3736291 3703259
3816740 3940229 3804807 3930266
3793463 3962707 3677370 3717839
3898764 4045786 3851776 3950622
3760366 4062891 3862418 3948937
3898778 3997264 3837263 3982049
3860643 3985483 3762863 3912301
3993335 3979000 3943699 3807603
3898719 3823710 4006006 4024419
3882389 3955075 3813245 3760734
3915538 3952639 3918698 3978888
3920934 3996420 3919929 3848810
3786767 3990832 3925695 3996912
3939403 3954612 3948320 3745370
3745685 3918141 3931726 3848504
3883575 4060290 3910924 3936035
3974021 3971567 3856218 3993338
3836694 4008139 3773560 3835338
4075625 3935201 3863335 4023907
3910676 4045900 3877875 3909018
4018883 4014755 3929646 4039426
3822839 4025865 3849157 3903888
4028837 3922771 3906374 4040147
3971022 3845109 3902456 4057373
3836525 3932284 4012650 3978545
3938624 3780217 3837449 3932594
3816907 3884120 3963501 3892396
3910923 3813437 3867458 4051708
3850327 3880821 4033274 3960227
3965979 3886541 3806267 3890834
3814970 3864518 3936852 3980111
3952624 4073014 3926640 3739201
3979492 3933171 3919478 4011954
3947796 3881101 3821169 3724423
3975275 3879740 3832737 3979724
3940956 3998856 3943788 3870651
3855998 3881418 3969762 3946508
3978248 4029247 3923105 3811583
3924378 3875494 3971482 4057807
3987173 3976119 3983807 3904319
3899514 3886066 3740246 3920251
3947823 3859138 4028215 3883828
3817291 3764567 3694187 3795584
4036042 3951670 4006551 4000592
3907002 3846522 3837771 3961052
3972365 3834610 4057409 3963817
3837156 3856402 3797847 3893045
3989411 4028944 3898096 3949769
3899549 4138542 3754128 3897930
3924266 3955646 3865291 3869197
3826723 3950229 3762582 3805373
3933304 4030581 3986040 3932392
3861377 4031917 3806001 3874541
3861307 4089752 3880287 3957031
3918703 4021095 3714670 3830519
3934336 3927915 3942630 3693527
3824120 3856024 3962552 3931284
3757741 3709746 3732301 3579040
3593917 3693218 3780316 3730878
3914813 4024313 3932527 3855021
3886516 3960778 3951006 3931830
4076167 4077394 4014906 3866730
3889921 3958856 3986586 4067126
3814209 3985308 3850902 3771979
4000834 3864754 3797019 3970733
3620009 3743892 3701144 3699234
3827922 3690688 3696142 3799278
3900867 3975009 3791913 3887847
3999008 3832789 3916275 4023459
3893151 4103061 3872682 3963084
4008337 3923711 3988862 4103928
3880533 3791556 3804852 3865876
3837298 3831761 3894609 3790193
3648344 3689498 3635797 3786738
3607514 3606277 3728839 3736471
3893695 3813008 3835248 3789521
3786980 3829134 3989959 3818412
3967012 3949444 3972649 3957570
3933665 3906556 4061619 3919687
3900740 3933586 3855684 3680809
3794985 3873646 3866711 3963364
3699157 3750120 3674632 3619455
3748413 3654091 3658953 3758167
3929032 3978228 3873707 3834657
3855879 3905911 3918794 4027361
4034281 4086639 3943021 3805396
3995671 3971550 3926548 4133143
3920298 3879652 4066985 3968102
3870557 3779638 3770196 3887206
3793131 3622604 3807522 3676912
3696311 3599590 3571325 3798266
3942729 3851963 3976919 3982757
3859958 3863112 3750211 3929484
4037173 4019651 4060279 4005236
3925736 3982068 3862855 4034713
3838082 4019248 3852934 3905190
3856987 4037383 3786916 3848476
3676272 3816268 3685562 3792217
3646368 3838890 3450875 3542615
3909950 4026400 3887075 3958787
3810456 3977007 3755580 3862272
3986742 4070327 3898071 4092932
3876140 3988151 3828388 3875174
3875981 3959234 3906043 3824911
3796714 3896727 3911827 3978683
3749884 3810036 3823536 3606876
3680672 3715354 3756466 3806272
3992484 3893061 3849290 3738603
3784165 3836696 3865351 3875088
3934163 3892785 3929549 3794359
3838493 3869618 3963435 3999847
3864551 4028049 3862709 3821793
3945321 3923856 3916278 3969282
3736570 3772614 3643052 3672661
3841058 3725262 3719049 3814701
3855237 3949631 3849352 3801746
3991523 3835225 3947132 3976106
3891703 3886590 3859481 3796072
3926957 3934149 3886664 4012951
3847003 3913321 3902666 3928391
3815305 3896216 3941416 3906912
3844492 3687656 3708457 3757037
3663336 3729630 3802242 3792192
3874704 3821872 3847745 3975188
3752721 3850941 3853188 3874891
3967083 3846251 3812820 3833319
3823877 3874433 3882905 3927288
3977423 3900057 3959541 3788582
3910409 3854859 3947101 3964710
3805132 3764436 3698777 3612602
3711288 3729094 3798621 3798519
3922065 3932676 3819779 3775582
3818240 3763774 3957685 3910172
3996787 3910720 3902439 3828046
3888470 3859236 3932353 3939929
3946422 3899471 4015845 3968224
3907735 3868275 3796408 4010528
3836272 3658423 3845919 3764545
3632015 3680734 3625837 3695458
3961512 3874263 4035086 4001486
3877545 3823264 3789544 3890080
3969892 3841831 3924402 3960290
3842801 3811320 3766039 3978081
3887554 4011327 3938196 3936300
3836911 4024913 3812538 3825910
3768101 3807964 3766798 3808429
3682251 3867189 3589502 3627790
3910354 4000956 3868321 3937585
3747865 3970810 3706089 3814997
3915903 4020638 3878327 3878743
3827939 3987119 3833754 3799590
4088909 4012872 3989674 3868881
3921479 3982633 4015205 4038062
3984313 3997439 3994644 3806747
3944714 3961568 4040670 3997074
3824430 3809015 3785289 3651244
3701707 3814179 3944542 3845968
3811459 3860604 3774711 3680100
3766829 3804282 3824123 3886675
3934501 4081809 3898388 3945549
4060521 4044261 4017328 4077787
3900522 4041595 3893291 3855620
4009296 3996594 3947371 4048074
3768381 3989413 3697805 3729452
3902239 3832190 3874028 3874825
3821276 3868949 3658981 3733251
3929053 3801458 3791516 3933944
3977413 3935687 3888503 4095902
3892393 3971665 4040030 4015580
3935443 3875492 3892368 3996461
3892547 3922634 4038948 3921948
3826871 3724243 3743134 3827949
3790256 3688437 3838710 3858027
3796523 3790474 3701439 3854195
3660625 3832014 3877320 3803604
3985627 4080401 4017406 3843009
3999628 3965143 4077161 4105477
3957899 4011231 3991621 3846110
4005793 3885902 3916922 4022428
3898811 3892062 3843023 3714491
3784504 3804576 3842158 3933318
3842171 3889595 3748022 3703217
3822641 3854053 3770918 3877289
4084270 3981692 4111912 4004775
3918302 3911770 3825936 4022725
4029124 3886131 4062997 4042503
3915814 3811250 3820888 3974366
3806906 3766596 3956530 3844151
3727915 3699018 3736649 3835827
3863982 3790516 3898690 3860773
3830611 3738498 3686652 3864928
4096817 4090897 3916542 4074606
3886357 4123573 3824859 3925280
3934360 4085784 3956933 3920139
3903788 4007934 3784740 3874921
3796162 3833908 3848847 3839053
3693496 3883061 3667322 3737104
3799092 3873217 3814203 3938060
3684732 3926171 3627843 3755002
3958168 4024547 3850270 3836235
3877510 3884775 3927738 3984853
3995497 4014110 3878374 3784535
3879950 3932704 3906574 4094609
4101204 4016044 4001175 3848478
3951859 3950499 3983661 4049413
3997413 4011781 3966433 3793927
3851805 3992833 3996991 3985636
3803913 4030839 3821406 3869693
4013947 3855603 3861238 3968173
3866008 4000825 3893468 3883120
4062444 3861665 3917034 4031251
3993452 4076956 3898252 3997349
4093297 3940657 4002351 4133394
3990386 3963714 3840294 3990299
4051950 3955882 3896237 4087398
3956104 3760167 3850942 3898141
3763027 3823642 3906100 3861605
3938672 3871292 3874888 3938935
3842656 3912003 3905687 3860772
4016493 3911446 3960434 4042601
3905358 3975183 4012176 4005258
4047139 3835693 3992518 3930067
3960011 3989142 4061245 3980759
3974145 3992001 3929538 3699605
3890200 3872171 3923450 3972485
3971782 4061496 3891157 3861142
3931304 3916703 3971142 3980272
4055299 4086509 4018440 3784249
3946736 3973859 3956495 4138564
3965794 4131615 4017239 3824568
4018318 4032242 3963396 4000924
3993962 3909961 3979214 3931760
3842258 3766448 3776696 3886517
3957009 3928559 4086088 3880329
3962800 3861003 3772846 3932264
4044585 3953851 4154653 4056867
3999360 4004785 3877647 4023336
4055918 3889734 4060416 4026258
3960635 3968440 3892621 3926626
3867564 4039285 3943654 3897496
3857763 3989484 3703186 3785597
3886587 4035211 3917236 3921368
3822020 4096914 3780449 3862592
4037833 4139445 3992399 4008237
4002730 4143071 3814201 3933208
3963402 4087523 3984264 3968556
3962433 4127133 3798605 3889922
3697525 3665748 3750938 3571028
3686769 3773692 3768393 3865412
3981614 3944188 3954570 3762149
3784873 3972369 3884001 4001895
3828318 3887801 3893938 3822005
3865903 3891744 4007398 3878898
3851385 3774489 3778394 3626333
3666513 3780675 3806792 3871065
3781465 3906239 3612641 3723998
3869783 3726404 3714048 3853046
3858960 3989397 3851915 3767207
4017290 3928599 3909162 3989315
3865362 3973118 3893996 3816859
4072743 3852117 3853958 3990211
3752580 3872225 3716416 3764127
3890051 3705690 3852217 3855505
3786262 3708541 3711875 3771175
3659986 3699793 3793696 3873519
3954108 3816575 3895033 3945419
3803673 3851063 3991652 3981962
3931247 3786442 3816666 3881817
3858822 3926711 3940377 3895832
3843116 3731476 3760045 3842763
3709764 3687271 3759441 3766579
3852048 3802737 3719273 3633486
3709459 3808767 3799954 3822267
3882119 4008064 3900963 3869130
3938920 3903927 3883384 4041273
3935693 4013991 3899116 3752279
4021859 3864701 3903787 3944192
3906351 3886840 3763589 3634112
3689245 3760963 3792384 3756729
3852351 3753727 3815706 3810736
3611735 3740828 3549794 3774591
3937004 3953355 4025834 3982878
3956474 3788849 3694112 3926103
3987197 3921151 4000686 3931592
3838800 3833487 3810159 3905206
3867479 3795535 3877420 3785707
3729171 3730563 3629209 3793149
3760233 3837911 3690086 3829416
3618581 3869893 3550472 3630022
3919662 4039073 3932390 4005754
3723233 4007024 3772616 3849675
3947639 4044674 3901440 3951028
3971480 4068751 3823126 3738150
3805275 3901386 3750516 3835166
3764218 3828131 3618056 3711361
4026867 3936083 3846877 3883842
3878663 3871752 3836404 3840693
4044081 3909228 3819681 3944660
3840090 3958013 3900819 3932590
3898035 3818003 3667925 3825578
3745908 3835437 3767501 3746506
3905107 3843527 3776199 3839342
3807681 3811866 3706503 3815699
3945669 3880678 3828824 3928273
3776214 3901470 3831969 3832022
3928945 3840606 3786148 3923618
3780577 3788438 3844096 3841698
3908369 3679166 3697190 3715901
3711586 3785110 3780288 3606328
3871819 3669811 3656899 3807030
3710539 3720382 3715476 3657875
3849916 3961017 3868725 3961967
3912512 4100467 3922251 3821354
3901314 3983276 3908788 3962882
4054105 4076064 3869476 3867633
3784280 3803469 3819930 3792458
3805572 3924691 3710177 3701622
3803940 3809333 3756344 3800045
3877531 3911329 3697297 3718326
3962256 3957925 3885201 3867867
3882413 3964357 3795244 3758439
3957855 3994571 3795087 3884042
3760172 3958934 3821012 3730198
3798113 3897280 3843589 3791917
3793122 3721318 3630568 3618933
3808574 3919714 3768064 3784139
3684836 3771582 3632631 3596828
3772563 3884686 3882362 3806630
3911340 3870689 3951719 3782358
3799290 3866608 3870526 3851481
3912799 3965773 3884453 3895148
3641745 3784852 3775483 3751060
3892740 3822576 3744572 3819210
3680078 3704381 3830288 3773636
3819229 3857890 3783871 3800484
3788106 3968108 3968155 3788979
4002652 3855309 3935304 4040664
3930209 3945463 3823690 3847872
3870754 3921149 3961066 3961350
3738308 3884086 3794036 3680068
3831178 3799238 3809160 3979393
3785908 3732190 3695590 3745271
3786507 3874689 3768725 3869367
3987066 3913844 3832294 4017656
3863818 3956443 3875227 3839807
3905522 3734071 3676746 3881148
3733922 3709009 3666300 3776790
3877521 3873865 3753721 3838567
3784982 3817529 3745640 3759754
4018666 3891517 3815828 3871067
3803820 3858619 3788959 3826124
4050769 3825243 3714138 3875076
3831623 3927141 3901091 3808711
3734415 3644813 3617395 3768728
3578040 3614963 3764903 3589467
3958717 3792786 3738154 3854277
3695496 3712259 3845485 3687303
3918213 3736155 3744413 3763680
3663162 3770659 3802033 3835288
3934198 4031321 3884431 4001047
3929388 3983584 3910635 3872888
3684313 3803001 3755689 3744605
3779192 3762877 3677196 3675886
3774584 3867264 3789060 3855894
3900706 3911091 3773663 3818196
3807729 3871083 3961592 3925422
3847663 3901781 3800695 3781870
4057303 4027167 3795579 3804139
3772392 3930722 3816857 3819298
3877513 3788530 3680369 3700102
3616049 3691391 3566443 3626359
3898768 3960826 3716683 3794234
3701704 3803937 3708377 3699618
3849548 3991783 3831942 3879742
3812276 3880057 3738519 3675984
3821516 3903468 3863246 3812375
4011112 3922137 3883263 3859525
3599749 3678840 3711626 3605436
3713225 3717652 3758338 3637305
3693437 3755566 3784973 3764450
3867681 3864264 3881971 3782519
3648209 3842421 3803815 3747194
3864964 3893441 3893435 3694385
3836657 3940217 3871224 3860712
3948844 3871418 3940529 4059050
3654233 3748049 3828440 3602438
3721850 3689677 3726979 3764367
3772177 3896073 3774011 3732569
3829074 3838771 3811846 3948039
3802919 3781862 3857576 3841241
3846400 3859148 3900038 3941324
3984729 3933066 3857980 3894206
3779655 3922349 3727721 3829976
4201434 4129952 4012193 4147191
3989776 4072231 4019473 4029745
4024846 3831286 3865609 3924861
3780748 3900602 3752607 3840381
4079540 3932688 3882358 4111400
3934574 4022249 3908215 4038386
3895572 3768418 3859517 3879888
3731503 3797165 3824575 3857668
4147516 4065811 3953002 4007591
3960875 4007262 4067574 3939320
3933251 3742467 3816997 3893485
3703757 3803605 3911492 3772493
4072894 3899737 3909575 4016431
3869996 3940300 3921523 3868682
3903511 3998702 3983818 3921149
3945755 3961145 3859487 3843832
4036260 4195906 4117927 4098144
4096400 4221171 4028378 4048822
3814822 3911980 3859117 3921027
3900515 3973034 3796122 3826308
3937507 4109575 3925098 4039688
4019067 4091961 3866789 3914841
3892582 3937608 3757150 3845799
3823318 3879213 3839934 3703942
4156692 4113586 4005539 4089924
3960070 4104102 3908173 4004167
3879385 3949011 3903413 3803409
3745561 3857076 3741492 3681291
4041607 4068106 3844290 3939097
3871648 3989188 3789065 3758161
3842002 3771278 3905698 3714051
3984819 3886409 3850930 3746002
3961632 3987834 4106516 4089543
4114748 4063354 4099253 4048461
3764492 3846112 3824758 3731525
3907528 3891022 3819534 3875850
3828335 3954026 3866012 3879090
3972513 3953797 3951256 3825934
3866130 3909134 3929260 3741924
3849018 3847547 3993552 3998761
3998989 4143633 4139874 3998026
4070277 3972164 4113580 4165493
3843863 3942765 3881009 3815186
3925087 3815623 3915516 4005190
3972753 4052829 3975411 3919073
4025047 3936974 3967820 4110195
4013653 3927368 3813222 3994957
3832377 3934463 3904469 4036713
3983924 3908056 3783865 3865603
3900407 3934959 3828312 3870542
3977080 3966016 3837346 3954394
3823914 3999495 3745556 3781865
4055459 3981007 3856618 4034036
3949972 3988906 3914075 3939687
4017167 3826559 3782395 3921266
3783900 3885091 3922201 3880732
3930283 3822698 3764287 3766880
3681534 3772225 3795707 3754193
4005787 3765201 3805292 3941210
3747804 3799395 3838467 3775932
4018026 3958826 3893430 3883799
3813769 3852819 3881094 3884362
3967184 4026534 3907393 3989988
3976835 4088032 3862890 3870259
3834487 3949762 3929711 3837024
3906321 3984955 3803195 3848103
3862653 3945465 3980403 3975800
3917544 4101235 3953288 3861157
3837576 4050094 3908194 4012333
3989640 4041194 3899587 3960912
3916368 4025328 3822314 4002835
3781892 3926058 3764443 3841503
3865020 3895639 3838656 3869859
3756141 3845479 3789731 3695559
3917537 3955268 3816314 3914531
3826063 3912562 3836473 3712251
3967820 4069871 3885570 3911245
3905827 3957577 3861478 3702640
3849966 3863945 3916012 3886928
3973472 4014466 3985806 3837098
3731212 3732327 3891113 3744455
3956496 3894167 3854111 3772609
3787940 3801588 3915240 3921776
3982142 4004584 3855982 3899782
3895268 3938405 3970181 3862195
4074376 3980767 3913521 3913030
3917000 4001879 3902894 3821954
3993526 3862267 3943133 4083740
3899274 3901309 3852799 3825616
3931035 3877502 3853369 3945070
3801668 3932216 3921711 3839188
3915478 3903905 3926519 4056921
3885159 4040230 3896093 3902004
3939052 3937291 3963415 4053492
4123139 4012557 3984554 4104197
4027291 4092191 4003060 4046550
3838652 3748565 3637199 3705057
3588552 3689587 3619706 3622161
4173555 4112148 3942925 4091912
3980038 4063944 4048665 4068677
4078868 3847229 3853666 3978587
3823506 3924013 3803269 3881225
4105899 3907663 3944202 4065111
3963866 3993281 4048632 4026577
3753710 3609886 3596432 3654060
3548343 3582472 3710666 3624069
4116235 3973453 3903551 4013187
3926955 3943477 4017981 3955640
3976676 3837016 3727331 3947119
3740800 3820632 3815526 3873234
4028082 4122038 4058768 4135035
4069651 4237298 4033963 3991340
3629133 3790268 3747158 3770836
3696687 3850524 3645449 3613113
4028933 4153925 4027050 4083091
4200525 4191041 4072665 3955611
3827270 4051622 3886953 3941989
3969511 4056913 3881097 3820275
4089758 4141537 3965993 3973572
3940168 4074696 3875851 3942671
3706690 3815645 3635432 3703732
3656881 3727865 3570765 3520938
4108872 4114338 4013675 4031412
3913278 4104200 3957675 3873446
3910941 3944239 3726628 3888838
3826123 3851489 3718002 3725009
3870137 3915998 3996277 3988455
4060862 4084238 4033769 4044143
3567742 3668386 3722657 3556218
3691401 3693266 3662749 3530980
3915582 4028357 3966025 3957714
4108242 4012763 4060270 4000110
3770616 3900733 3903368 3883608
3951573 3938159 3913888 3828550
3988121 4041088 4003163 4037105
4063885 3980697 4108959 4167454
3604498 3780379 3671451 3650100
3652612 3712324 3654278 3779976
4001085 4096872 4059791 3957949
4130852 4009570 4144028 4140247
3894206 3893054 3890043 3809511
3888993 3825468 3922028 3949632
4104483 4025442 3912749 3950700
3885265 3936106 3872148 3891986
4068351 3982890 3885351 3985633
3878943 3924469 3870482 3899102
4051855 3937658 3856752 3897503
3870183 4000278 3899635 3911482
3952571 3892749 3818406 3875223
3854294 3919936 3848480 3813622
3908972 3842476 3898172 3934071
3755381 3883684 3937331 3883589
4049463 3847612 3830704 3949792
3814283 3873905 3875412 3825082
4032993 3828553 3822901 3966639
3767575 3850532 3899399 3899842
3968366 3750094 3770766 3867244
3765036 3801960 3862058 3712949
3910056 3996142 3903318 3944611
4026073 4094040 3937869 3852494
3893331 3968133 3955822 4005347
3970493 4097890 3836308 3803069
3960021 4048586 3959450 4013390
3999825 4045241 3895246 3948605
3844279 3974557 3830379 4022370
3930838 3994555 3822556 3792969
3988045 4063241 3913236 3871116
3850471 3940204 3865860 3796124
3907784 3992788 3848187 3899352
3756485 3988940 3816166 3780996
3968135 3987205 3874123 3875069
3857301 3854011 3763094 3667273
3829771 3972645 3723983 3904141
3841853 3800314 3811533 3689960
3863016 3890355 3954751 3846357
3988083 3913782 4012185 3849997
3844699 3779529 3901002 3779514
4028871 3909247 3919463 3853544
3872424 3878926 3838217 3855188
3991070 3931894 3968547 3937974
3761297 3809011 3870601 3758008
3976187 3886892 3808769 3829887
3927875 4029505 4074060 3921733
3909668 3928880 3960280 4088008
3905268 4003635 3939862 3928794
3905355 3850493 3859250 4075211
3902949 3960728 3970857 3833691
4008506 3929078 4022050 4041195
3740820 3886290 3898812 3798907
3818607 3817553 3910633 3995891
4025410 3848355 3873635 3837919
3835662 3946397 3880513 3867303
4060308 4004033 3926595 3984232
3886071 3971648 3808648 3853223
3938618 3885820 3882617 3856658
3813627 3850997 3842863 3823962
3905395 3811431 3756077 3887141
3814861 3817277 3771568 3817990
3920833 3797830 3810635 3896958
3771583 3800410 3938554 3765185
4059644 3867610 3832088 3898343
3868444 3904680 3984932 3870311
3934368 3798094 3809751 3831674
3653368 3756966 3789315 3820649
3841376 3709921 3774029 3748539
3773679 3835581 3750474 3829562
3896947 3968776 3870352 3922155
3999260 3959486 3881329 3846344
3938251 4019140 3935014 4015162
4099184 4063412 3900941 3873195
3821764 3924001 3906485 3863288
3928657 3925660 3748745 3813592
3784074 3874634 3849901 3859322
3904702 3970072 3736617 3808010
3951143 4057590 3854492 3864386
3769430 3925610 3732303 3697315
4003121 4041537 3879579 3893370
3839459 3969673 3808380 3792311
3886107 3929473 3795581 3801303
3807673 3850493 3757585 3659889
3804315 3894379 3692342 3733022
3734553 3846494 3756164 3687673
3836726 3872401 3844469 3742707
3944750 3854132 3849491 3786822
3878856 3889413 3888940 3858753
3997881 3976826 4014045 3840410
3694471 3782120 3802131 3704682
3867309 3819046 3880084 3754849
3755663 3755353 3836709 3718494
3847191 3888116 3896223 3841356
3860146 3901737 3865265 3793120
3914228 3786358 3975201 3981414
3918142 3895056 3963853 3882513
3999367 3916488 3891095 4064392
3870976 3949782 3916731 3776643
3808299 3865051 3866096 3915612
3736844 3821577 3822941 3849637
3779701 3786896 3843362 3963687
3888714 3835468 3695589 3904503
3777327 3848558 3744800 3827906
3907508 3789143 3703061 3931191
3721739 3861928 3705166 3789875
3973103 3845314 3733945 3900882
3786877 3796835 3804620 3792813
4089183 3938928 3852081 4009362
3806169 3918412 3902698 3832540
3932570 3813936 3872394 3857170
3732793 3715261 3840008 3666409
3899835 3658470 3688825 3822939
3720022 3687000 3720669 3695007
3954360 3726265 3733192 3790766
3699156 3892241 3815276 3751287
4039040 3897144 3872715 3856894
3744350 3889850 3951982 3845006
3829378 4020749 3798692 3803085
3949021 4001637 3769665 3775750
3756498 3867374 3869242 3857811
3842114 3927299 3751455 3690566
3843678 3955001 3791699 3858846
3913342 3919922 3771436 3761432
3947114 4050051 3977585 3987418
3983710 4020597 3840629 3867778
3836622 3876654 3677109 3807074
3706135 3808686 3732703 3605593
3872254 3974150 3745747 3796205
3694454 3829964 3640712 3609280
3839571 3962048 3750526 3776009
3694197 3838332 3779880 3669928
3927005 4056244 3928015 3945173
3885256 3854989 3816592 3791409
3759929 3772666 3835950 3715558
3835405 3837215 3869317 3714955
3760492 3759408 3833599 3755874
3798687 3871353 3816560 3656769
3749340 3741558 3859025 3709132
3898357 3851774 3817661 3845354
3816033 3884953 3932475 3824102
3955335 3959580 3908901 3880544
3840814 3841585 3897979 3729441
3903474 3740591 3847727 3931787
3804519 3897421 3766125 3729581
3793195 3718580 3804305 3943524
3768674 3795942 3815179 3810004
3805929 3784863 3929635 3865656
3770614 3887339 3888953 3881858
3936400 3895454 4041680 4050550
3857554 3847649 3779553 3868852
3773563 3837382 3709419 3771614
4089204 3995938 3843962 3923801
4041176 4020909 3827602 3950895
3938912 3901814 3826449 3884291
3789013 3820432 3796077 3841307
3922076 3983994 3841150 3884804
3887635 3949680 3753814 3882694
3919801 3727249 3693421 3668844
3648388 3802299 3794740 3643937
4132710 3831245 3953444 3905773
3829933 3871387 3960123 3874776
3939028 3755452 3745958 3828759
3732610 3815811 3931069 3771931
3940062 3768938 3717274 3927687
3780782 3894589 3866886 3845214
3829045 3896124 3820082 3872257
3788350 3910814 3817303 3791706
3928310 4034174 4006979 3969587
4055107 4023825 3819334 3853150
3901984 3954563 3847985 3850523
3890321 3964382 3862548 3763278
3897890 3968267 4012337 4031064
3988438 4022593 3918709 3880576
3829412 3836472 3792900 3805511
3698887 3779347 3758062 3591559
3938940 3991365 3869898 3943571
3874881 3928117 3854471 3778902
3872574 3907215 3754301 3831949
3831897 3821957 3794115 3709880
3875590 3952575 3814691 3892543
3863825 3953355 3887700 3753271
3703871 3768057 3681856 3714169
3855354 3868918 3792698 3693741
3770243 3891488 3911068 3811286
3953293 3948435 3927530 3850819
3740606 3861542 3838700 3743904
3905641 3849750 3854639 3758666
3745557 3781232 3896185 3677033
3980593 3942053 3880183 3798362
3832643 3885754 3756916 3758577
3785360 3757740 3851089 3876684
3913801 3941676 3863126 3872677
3949749 3897617 3975951 4040349
3788308 3914024 3807808 3796096
3880669 3848513 3978718 3982336
3838901 3925621 3911858 3835633
3912344 3818928 3988627 3987953
3870409 3820105 3789180 3846467
3847325 3836100 3794501 3798294
4055522 3895392 3815887 4021547
3852152 3969834 3843379 3946649
4033220 3853548 3848476 3864854
3866419 3982625 3856532 3898223
4136606 3962175 3943825 3975879
3979147 3994403 3937191 3960479
3960961 3686792 3726219 3813376
3636435 3789824 3716493 3731212
4031197 3858146 3850150 3927186
3861418 3868821 3827586 3926888
4046445 3806751 3812252 3880673
3781772 3819146 3864962 3821493
4016380 3929054 3874331 3932943
3900501 3842859 3951701 3852531
3875511 3939346 3850693 3841134
3910495 3993950 3793874 3812982
3961603 4031756 3981018 3978502
4019624 4026245 3809769 3869803
3947209 4091490 3985570 4032159
3975738 4074450 3823592 3851961
4008848 4121778 3990343 4068109
4112606 4145265 3920264 3954553
3859119 3832529 3814335 3808157
3824299 3835768 3689322 3727223
3939286 4033347 3797002 3867988
3894032 3980623 3836598 3778901
3951243 4031813 3880867 3900597
3815361 3948133 3839469 3769052
3984452 4072083 3915664 3950278
3854537 4073497 3871810 3875946
3731970 3815006 3774399 3721306
3795900 3871401 3753036 3765404
3853567 3871905 3944854 3788819
3969231 3887901 3982256 3881694
3897676 3927405 3912351 3808262
4104470 3926588 3915856 3882829
3902568 3860035 4001872 3836859
4090391 3971286 3926743 3946726
3759022 3880906 3847669 3757473
3870512 3757347 3863876 3957613
3919516 3989679 3903186 3799476
4004334 3827913 4005530 4088086
3897208 3874858 3887066 3901979
3934085 3877355 3908536 4000245
3947834 3947660 3980143 3915311
4080669 3963030 3974796 4109764
4042529 3821890 3755329 3879192
3830515 3952235 3831365 3845993
4028414 3919234 3831773 3883746
3845387 3879616 3880390 3850273
4062363 3999881 3822440 4009813
3915630 3923170 3832361 3872056
3988252 3766809 3723921 3852819
3786698 3772159 3722807 3785776
3928169 3758249 3820201 3903075
3777467 3814810 3811797 3789329
4024678 3948113 3734883 3893315
3714650 3828368 3847857 3878973
3994051 3906108 3818023 3923356
3708876 3939189 3895691 3907732
3968053 3681212 3661816 3835801
3600388 3772367 3697332 3734339
3919607 3943178 3957502 3941841
3880238 4017593 3829548 3762435
3864808 3990249 3908516 3934606
3967548 4012793 3834617 3809006
3863874 3987381 3897900 4010273
4015042 4104491 3856627 3919010
3772986 3896313 3841790 3884470
3934430 3922720 3726342 3714067
3846229 3917710 3906103 3907779
3791396 3938583 3775760 3749792
3906040 3977220 3839708 3873211
3791227 3788273 3807563 3717163
3940456 4043380 3851956 3946820
3904059 3842885 3864678 3719303
3823418 3926318 3770108 3792080
3736722 3823682 3720725 3663133
3807837 3831778 3844704 3798897
3922357 3894774 3928049 3846317
3817297 3845765 3819102 3792174
3980218 3817317 3928994 3853443
3809901 3901399 3925493 3807681
4037949 3969216 4015784 3873421
3672452 3755466 3729142 3697494
3897176 3766232 3803714 3742607
3840356 3882907 3946426 3777624
3900867 3808293 4051184 3987320
3841459 3895529 3854014 3818039
3894295 3916265 3896158 3998420
3874950 3990311 3991544 3836115
3978693 3860934 3928328 4028376
3704089 3770963 3847202 3733130
3767010 3768330 3803774 3878276
4013984 3914070 3852025 3916994
3830931 3923199 3862195 3879833
3955322 3907630 3805196 3936947
3786836 3806293 3846405 3832649
4020210 3817851 3860822 3903179
3909618 3903024 3879596 3859578
4093497 3960018 3831712 4066097
3883525 3906476 3888536 3847457
3976665 3874587 3816461 3883931
3755347 3887525 3802914 3770841
3871750 3746421 3728171 3815648
3712583 3681838 3794876 3750627
3990454 3908849 3771736 3826222
3743851 3902735 3909614 3801390
4015251 3783318 3824199 3829141
3745059 3811060 3911246 3802708
3927582 4046564 3915185 3957479
4030805 3948866 3824888 3822434
3794071 3973828 3846722 3876799
3857481 3900174 3786246 3711993
3943974 3932207 3907597 3937465
3927999 3932051 3821259 3792089
3892720 4072719 3922799 3908755
3902756 4006112 3852713 3906657
3953851 3952772 3797067 3862453
3830217 3928183 3796764 3751140
3932216 3960704 3807976 3843580
3757698 3898218 3694623 3737527
3857524 3985485 3820828 3904091
3880322 3963741 3793730 3696029
4001093 3987016 3879548 3899917
3784603 3883503 3785877 3745392
3837520 3922534 3907938 3792490
3896843 3862512 3945249 3828460
3752722 3774477 3864331 3804151
3895891 3881661 3818722 3816477
3773038 3878469 3865554 3798688
3931267 3937364 3908350 3870149
3821511 3886035 3952805 3875255
3999304 3918621 3941662 3853507
3865573 4005366 3933603 3800456
3838732 3819266 3987978 4113937
3828837 3895539 3809706 3768429
3897553 3778426 3876555 4011004
3823525 3897912 3924399 3866672
3864495 3815280 3899560 4038799
3848305 3944388 3953194 3825745
3944116 3830829 3928597 3996087
3626301 3849597 3813432 3837048
3778754 3794295 3736849 3669586
3711705 3993431 3920911 3827460
3954671 3846621 3769991 3816670
3670397 3928565 3843602 3909005
3774702 3805578 3758164 3760281
3822470 4110830 3973067 4049277
3967583 4015919 3877184 3834530
3749404 3825268 3947564 3815365
3814380 3699414 3784728 3757174
3934396 3944613 4076807 3810184
3880358 3837793 3889631 3926050
3800432 3853994 3961449 3769003
3780622 3792355 3849721 3855886
4028105 3984442 4092938 3921467
3984278 3969330 3956288 3917639
3795385 3665122 3809683 3785867
3709458 3948081 3777565 3659879
3877688 3808774 3891608 3910286
3796461 4039154 3893149 3747774
3780009 3617136 3827815 3839583
3706623 3833708 3808635 3653431
4005142 3777603 3969774 3976826
3929195 4057196 4048705 3789362
3764574 3754218 3683999 3728426
3681352 3839420 3797657 3879573
3925931 3820746 3782925 3825606
3814443 3871102 3929646 4044319
3822240 3800742 3775230 3753590
3734897 3919158 3840315 4006219
3932292 3973358 3853140 3959234
3888618 3973032 3961494 4072626
3879455 3779814 3807432 3778775
3858596 3894587 3662955 3777128
3990163 3845275 3895099 3971713
3976225 3950074 3852702 3962140
3781151 3840325 3854972 3775142
3796233 3977345 3710983 3823784
4020095 4061472 4004775 3957708
4058988 4019137 3913542 4018225
3714474 3807067 3575847 3721420
3884733 3710581 3897517 3753906
3745614 3952144 3772004 3927378
3920038 3800438 3925865 3818584
3703378 3802594 3681777 3832999
3935638 3676750 3910004 3815739
3932106 3935092 3856489 3923693
4028736 3849698 4080601 3876552
3734474 3954523 3868708 3840329
3895237 3941420 3835683 3800494
3660065 3987847 3866978 3876335
3888434 3899187 3756334 3734231
3830561 3994301 3905072 3846546
3878438 3924123 3888487 3796559
3763512 4040143 3949319 3892568
3931699 3947556 3832854 3789134
3952102 3918217 3994582 3893477
3965819 3776706 3922981 3886428
3838508 3861224 3897172 3841879
3814907 3887186 3891463 3838816
3922382 3954331 3957985 3858176
3902428 3842438 3934938 3817934
3918323 3980831 4095547 3958989
3956897 3827123 3887323 3927161
3970976 3866466 3909935 3897462
3805714 4081209 3880867 3735844
3898582 3841302 3947123 3848634
3827681 3932486 3807267 3737712
3830644 3836198 3967065 3889206
3841531 3955117 3949864 3788347
3951411 3804344 3918651 3875962
3872013 4030050 3982318 3691996
3935722 3858544 3878598 3847403
3829582 3990149 3907450 4013428
3805722 3867833 3792185 3766479
3803599 3921363 3868794 3998180
3922273 3897316 3917348 3711542
3743471 3965933 3995730 4063835
3855548 3884708 3850258 3836527
3764450 3988882 3922865 4072170
4021487 3918708 3905979 3862837
4054805 3951313 3780653 3997973
3887840 3825702 3875940 3796342
4026230 3931402 3804161 3823620
3955017 3868409 3950453 3866133
4007276 3888704 3827890 3841094
3987596 3908703 3949276 3883356
3991908 3950719 3866603 3898187
3903362 3863265 3777748 3881333
4037801 3678219 4027094 3807946
3762402 3833717 3685962 3786007
3943015 3779838 3866228 3836503
3755575 3789263 3832615 3900492
3987007 3825141 3988332 3868731
3836228 3878336 3800571 3841957
3991489 3770740 3998905 3831791
3778381 3985891 3868127 3851102
3884965 3809727 3762501 3836884
3936926 4095740 4001039 4070788
4086136 4011551 3979014 3961147
3661328 4032250 3877870 3782398
3870522 3857148 3753499 3843660
3894432 4098579 4076565 3940928
4004037 3906694 3882226 3858080
3904903 3902454 4035265 3880257
3904414 3804126 3842182 3896090
4089940 4074353 4144152 3952942
3941503 3959606 4059954 4003749
3889759 3829744 4024204 3829998
3771959 3819840 3845741 3825390
4016169 4029632 4201661 3948904
3961252 3997494 4012565 4018304
3923360 3721304 3903590 3863090
3876079 4010956 3931036 3700323
3962136 3963211 4015045 3970768
3957089 4152904 3931931 3881909
3714365 3649587 3774510 3793084
3796026 3921910 3857798 3609945
3949281 3852341 4013920 3983561
4000361 4101318 4085791 3770369
3765372 3895772 3905952 3830489
3864334 3918760 3905122 4076775
3882080 4009849 3964869 3841959
3908690 4007968 4015647 4087692
3794190 3797617 3875719 3742254
3724946 3841275 3806446 3958508
3906421 4047665 3901572 3889517
3892251 4026296 3977952 4126476
4033959 3966822 3949853 3883822
3971895 3984396 3847052 3894104
4064241 4086921 4129843 4014605
4116556 4028882 3989880 3996165
3910447 3755655 3908077 3776705
3916717 3887324 3802126 3752241
4072884 4019554 4094280 4005850
4139319 4081020 3902480 4029624
3890044 3801720 3853369 3803994
3944580 3761958 4032081 3804768
3931674 4007320 3854117 3939074
4117834 3842665 4072421 4002181
3694781 3806087 3777104 3782838
3904842 3686023 3918532 3833911
3914465 3985713 3806804 3962999
4135512 3827930 4097581 3950423
3789775 3989698 3899942 3801184
3942024 3866107 3819144 3848829
3697031 3954104 3830245 3892221
3861657 3828420 3763332 3792229
3873389 4117534 3995160 4023610
4055028 3967283 3855229 3841336
3828740 3984058 4012652 3852833
3984225 3922077 3778701 3836273
3907883 3909199 4035856 3927699
3836276 3824744 3871328 3894059
3821085 3851583 3980169 3798864
3775438 3743473 3890900 3863510
4070288 3964587 4087746 3919357
4080920 3933815 3929727 3973193
3951568 3932824 4046253 3904338
3947366 3862072 3872404 3959710
3939220 3808312 3864604 3960444
3814690 4074708 3886995 3714357
3874058 3728427 3893352 3871993
3743768 3952852 3831296 3623032
3891154 3900144 4071529 3998299
3954783 4038331 3998424 3891643
3898754 3797730 3871767 3896567
3925630 4025143 3893063 3848434
3815862 3849110 3895927 3774124
3779589 3979620 3960517 3966699
3845331 3805590 3799699 3654063
3704811 3980963 3799627 4034361
3950967 4021550 3878623 3872079
3816177 3982843 3962667 4181949
3870832 3945187 3863677 3887102
3803689 4013870 3926420 4091396
4005098 3831702 3946163 3855047
3990855 3937323 3836769 3820396
3927044 3803313 3869513 3912487
3962142 3993853 3721056 3862468
4001224 3960015 4037482 3964097
4064211 4033525 3879990 3916905
3938497 3889178 3959025 3884697
3929887 4047424 3842681 3875620
3757288 3851285 3802918 3863359
3973874 3812654 3964152 3928682
3741673 3816850 3633071 3913184
3958271 3732226 3989484 3816000
3886519 3911823 3920482 3940948
4049745 3841888 4173824 3914946
3883503 3801576 3767921 3836450
4002996 3793439 4086507 3906023
3701342 3960234 3914742 3894777
3894371 3834598 3910605 3815137
3761768 3987875 3975521 3915843
3903536 3910086 3800970 3793581
3670829 3899327 3844855 3746918
3815268 3786555 3691916 3740802
3663789 3873172 3787873 3764003
3814748 3821151 3772759 3764352
3935178 3855872 4054704 3870522
3875419 3817997 3925037 3881484
3960594 3948096 4059351 3843027
3905175 3827367 3880727 3884842
3767627 3838874 4005659 3810157
3777050 3717530 3822194 3849975
3776668 3857053 3867341 3750537
3837404 3791009 3867686 3769281
3870691 3804515 3913480 3887835
3796136 4043942 3899815 3740750
3997952 3861773 3914485 3926349
3849150 4014632 3946921 3729250
3819303 3643657 3850315 3725966
3727374 3942597 3801110 3757721
3763751 3695194 3787089 3714746
3766419 3819638 3759589 3702644
3870712 3893805 3866988 3798821
3776482 3939857 3901162 3976886
3901628 3835214 3884747 3852685
3826171 3988145 3908569 4037919
3736118 3760410 3687791 3684014
3758680 3800278 3849531 3946501
3732893 3819853 3725300 3801539
3757551 3815158 3810555 4004882
3913931 3900672 3972619 3924728
3952986 3953747 3752884 3856891
3983987 3920581 3915821 3946718
4041427 3954533 3772714 3947052
3868698 3849009 3849127 3788161
3869638 3911230 3720163 3768630
3870074 3844831 3890745 3762049
3968562 3908249 3712281 3833589
3797184 3869329 3697323 3837795
3915623 3712755 4004623 3843778
3719409 3794938 3806140 3897969
3960290 3829728 4026357 3810380
3698605 3759739 3650011 3810647
3844348 3689794 3940004 3685659
3706913 3755080 3626969 3865230
3944096 3685339 3943345 3802261
3793243 4032748 3934253 3890956
3854217 3914955 3810423 3804236
3758790 3966942 3866380 3880129
3885474 3817016 3845941 3792287
3803400 4033731 3912913 3949394
4038235 3991711 3875097 3896271
3830301 3944355 3924905 3914677
3875222 3895022 3796288 3862134
3977088 3887054 4019707 3925402
3878833 3912194 3967541 3887713
3846311 3882759 3962465 3854465
3876904 3808243 3801549 3880697
4012293 4000516 4108276 3928544
3954372 3956174 3935643 3961430
3967741 3946045 4030086 3875263
3914139 3878179 3866207 3918644
3930666 3804274 3927304 3883063
3923530 3960724 3897462 3839310
3905541 3725729 3850141 3925818
3831976 4024682 3820604 3711465
3982043 3855500 4007401 3957838
3946019 4127363 4036183 3876865
3877143 3756702 3925755 3895869
3938421 4074918 3909866 3738752
3916427 3921067 3848352 3833740
3807435 3935026 3998871 4157673
3802274 3843133 3845732 3747139
3645499 3971972 3811322 3989973
3859307 3929887 3941706 3863243
3841727 3955855 4080202 4221054
3828206 3904547 3916467 3876973
3775928 3959641 3848765 4016693
4016178 3777838 3850292 3917937
3985524 3992455 3843684 3949229
3962221 3828830 3987585 3898797
4009676 3973661 3805119 3937452
4031414 4018089 4022371 3938102
4076384 4041602 3898600 3890751
3970363 3863183 4000457 3878266
3929163 3950742 3809999 3937207
3719253 3860072 3765611 3942731
4045153 3810693 4056582 3918843
3767013 3789170 3772774 3850238
3931695 3704993 3998180 3824611
3975711 3935516 3868462 3887693
4033612 3820027 4064131 3957999
3752059 3832355 3793375 3850097
3974202 3712208 3980094 3870743
3689675 3933532 3892388 3852933
3872485 3865854 3784167 3760093
3774567 3953647 3876203 3867452
3890145 3893938 3713731 3760813
3741501 4035808 3925007 3897331
3996255 3927528 3850169 3827746
3866843 4085060 3871038 3915690
3994257 3957299 3959873 3919152
3848819 3807339 3930727 3854637
3869044 3826879 3815855 3799025
3879907 3923121 3994491 3747078
3906490 3790801 3796317 3858927
3969336 3869227 4044013 3880454
3895576 3875941 3933716 3951762
3997727 3994207 3997788 3917173
4005310 3865854 4071771 3894965
3810673 3691201 3931235 3877999
3779255 3955463 3830220 3683602
3845608 3746314 3912492 3929387
3802442 3929997 3866155 3621603
3935173 3842076 3907522 3886352
3890398 4087324 3975561 3784374
4007136 3816549 3965020 4006056
3936522 4082133 4007451 3811425
3730151 3876997 3789796 3790860
3739371 3940706 3818111 3941449
3855629 3839572 3750493 3817499
3734615 3924501 3888720 4020705
3941549 3882886 3909161 3773954
3847364 3906303 3970811 3965691
3946306 3992905 3826790 3869974
3889609 4006236 4009581 4122099
3915676 3868337 3983795 3796037
3924328 3933403 3762900 3884485
3996730 3872733 3852942 3850197
3890334 3900170 3877260 3869034
4006830 3935738 3990725 3936270
4036679 4050907 3739293 3932261
4070475 3990026 4064620 3929585
4137408 4064346 3864536 3974447
3799534 3747167 3698684 3815585
3950947 3664942 3933866 3801225
3736497 3844140 3699181 3845214
3929277 3787669 3973617 3809209
3848267 3916125 3821982 3900046
4027966 3742346 4096918 3920236
3954026 3961639 3825192 4017587
4073419 3777785 4024484 3826430
3775421 3998992 3921176 3879951
3966590 3926364 3750444 3790001
3709019 3969507 3769886 3792857
3829753 3863507 3732670 3738469
3795999 3975809 3956689 3925308
3968753 4013379 3879719 3800416
3890220 4009841 4009564 3951176
3934141 3977838 3881932 3801745
3963523 3927783 4031377 3844638
3810397 3767108 3876829 3872933
3741959 3796266 3882297 3800426
3803177 3695723 3802253 3824530
3970820 3912475 4080268 3836776
3890921 3826557 3945472 3914015
3989907 4013295 4021008 3874292
3938025 3918661 3958714 3959646
3870440 3803509 3986643 3854907
3825660 4002267 3855015 3699343
3818148 3633998 3872423 3797455
3763933 3935070 3918663 3647157
3934973 3803501 3964792 3885446
3852522 4073581 3908108 3745911
3955065 3823010 3947814 3898202
3902396 4077198 3969172 3692067
3905551 3921672 3898028 3797166
3751757 3956018 4052293 4020054
3727723 3814635 3804136 3714843
3680970 3860189 3865914 3960828
3898914 3869065 3852383 3818305
3785728 3995617 3892452 3974419
3837609 3904284 3874718 3903970
3786337 3923057 3962301 4062695
3985490 3859485 3869472 3879222
3925615 3903258 3788837 3849980
3858199 3826132 3864497 3778887
3847289 3825776 3735471 3779402
3948333 3906921 3883578 3909276
3980428 4005083 3891802 3860605
3958287 3944700 3979740 3907591
4031072 3990757 3833882 3908578
3781614 3918804 3787977 3920475
4031520 3763432 4050218 3867502
3686455 3841350 3674565 3805378
3843204 3601710 3904908 3785884
3803738 3907498 3815815 3851733
4065481 3856570 4052854 3949110
3901818 3920105 3827925 3839537
4000712 3725341 3937221 3871217
3803209 4147848 4154382 4002298
4113075 4023392 3967039 3892115
3721553 3836492 3786557 3735587
3819653 3741133 3705975 3721302
3837110 4042789 3887925 3897095
4012556 3888218 3804364 3780873
3718191 3819010 3737023 3754935
3816148 3853859 3775923 3730081
4081266 4132025 4209291 3985833
4043723 4026318 4067405 4049395
3843259 3859578 3883779 3720949
3776716 3841502 3784181 3742047
3907604 3915455 4026458 3966944
3954177 3876272 3857072 3929566
3812000 3826919 3917740 3772926
3829767 3739269 3850092 3778783
4037173 3937207 3999911 3990566
3905257 4203553 4091636 3834315
3814518 3687178 3733221 3797896
3837775 3959695 3868289 3660184
3960569 3795355 3953316 3975474
3893430 4051494 3982066 3808424
3747433 3725788 3863035 3838485
3747612 3923859 3777849 3701298
3997035 3973562 3932236 3999682
3993130 4145562 4048347 4074898
3817717 3847647 3746680 3698002
3716860 3900674 3829476 3861647
3895582 3910001 3951694 3876299
3817084 4041448 3985195 4066747
3747028 3777876 3831383 3637922
3757853 3875218 3844919 3938274
4137091 4075776 4054341 4046614
4160986 4025823 3935075 4022977
3891782 3821970 3802511 3778724
3973011 3846494 3635558 3857071
4012237 3921176 3992873 3993450
3974148 4045228 3882861 3937144
3825134 3790129 3826140 3796351
3845721 3845724 3831746 3778137
3910129 4016242 3909408 4004791
4089660 3944833 4146006 3995246
3695092 3855855 3674160 3794452
3937792 3681542 3885909 3805853
3800453 3861346 3858403 3959765
4071381 3819330 4080966 3907152
3702352 3767463 3659177 3808389
3887810 3651576 3808524 3727339
3798210 3989946 3874362 3868596
3901913 3872898 3769218 3813640
3716919 3968017 3802292 3876503
3848708 3818180 3811694 3731613
3837244 4077442 4055784 4025830
3953023 3949828 3887809 3917578
3833358 4055307 3907666 3905311
3956487 3994790 3872094 3858980
3869775 3996786 4028266 3855107
3873377 3842564 3859485 3835826
3819196 3952387 3994543 3843920
3872032 3869154 3835775 3889378
4083064 4020369 4114508 3887996
3935136 3976149 3866487 3994658
3914376 3914601 4132072 3912751
3958587 3916161 3965529 3940550
3926000 3780922 3893305 3793019
3853595 4039370 3869632 3738420
3908212 3754023 3916532 3885256
3857769 4020142 3925011 3697870
3920762 3808232 3997544 3958926
3898114 4122498 3992104 3790604
3900527 3818270 3899577 3945954
3889566 4067732 3983810 3839978
3806262 3876738 3795810 3718411
3783125 3923535 3888823 3951393
3813612 3845485 3821574 3724921
3744466 3921069 3972062 3880301
3848585 3943003 3976377 3909754
3843018 3979864 3981258 4129942
3909702 4012806 3913676 3850382
3930340 3957029 3999292 4086056
4006424 3867236 3852871 3797924
3958716 3965786 3781949 3884506
3912329 3896085 3981829 3921573
3931776 3968809 3882164 3778512
4003391 3924863 4015841 3895218
4053110 3990516 3924774 3934303
4094437 3955833 3967206 3888087
4058493 4052980 3896647 3922921
3725907 3875749 3732911 3940132
3961599 3739510 4032443 3882705
3792915 3818156 3752096 3846691
3940986 3704002 3928394 3856901
3944575 3945883 3875996 3929879
4010682 3777047 4124158 3827277
3834086 3940439 3782506 3996529
4033438 3799617 4102659 3896542
3766046 3890853 3933583 3759457
3846779 3862748 3805567 3672481
3847179 4122373 3949125 3916883
4022726 4007267 3971410 3862360
3793067 4032488 3966035 3849736
3988787 3990326 3889493 3895052
3608823 3844705 3747996 3725333
3758456 3749319 3738237 3699561
3878865 3843783 3979087 3797765
3889809 3784853 3842423 3832772
4003182 3959626 4057873 3940133
3933198 4043481 3932250 3947396
3999026 3919668 4119370 3917877
3955693 3870055 3936990 3959644
3784171 3871129 3887459 3725409
3761789 3709972 3800945 3755023
3914615 3674041 3881473 3834309
3796473 3995208 3841941 3694177
3973124 3836322 4022033 3936435
3922028 4056695 3916572 3855837
3951758 3799219 3910473 3906406
3899459 4119924 3926519 3787610
3822898 3639748 3809389 3809469
3792852 3877641 3764657 3616338
3757449 3807871 3843167 3694641
3736604 3907178 3912183 4027968
3937917 3932834 4041449 3844125
3913427 3969257 3950694 3992616
3873905 3920714 3964206 3820986
3914979 4018711 4070848 4092019
3729558 3795086 3701240 3670896
3732193 3882601 3799855 3850281
4003524 3845677 3938841 3802660
3943476 3886121 3823960 3828640
4031840 3928356 3927506 3929843
4092502 3941367 3901265 3911934
4030530 3994482 4032927 3956915
4081590 4010121 3861009 3969195
3911829 3752448 3853561 3812323
3920065 3825721 3692523 3796335
3786151 3835714 3768781 3802941
3860146 3705815 3903500 3866151
3782759 3826176 3845968 3905318
3948444 3817717 4110242 3933255
3884299 3939293 3857897 3953821
4041640 3786262 3998944 3912673
3699759 3723042 3742366 3721201
3863413 3673382 3898186 3719029
3817940 4056229 3934822 4022565
3938285 3960459 3926244 3868781
3660410 3903378 3889091 3830496
3861213 3809959 3707528 3795681
3720169 3974508 3834159 3869274
3902701 3907472 3880770 3743237
3782407 4046569 3915034 3951022
3933263 3970014 3775491 3840772
3965627 3951532 4093987 3878545
3973487 3909861 3997448 3911699
3833256 3897754 3974064 3809125
3784325 3718692 3841263 3836134
3843545 3852979 4102426 3887286
3945412 3906202 3806447 3868154
3968674 3961393 4058919 3982825
3893367 3850005 3869459 3894394
4000646 3888784 3954438 3932664
3846771 4063587 3972778 3853167
3794272 3689994 3854854 3715723
3814630 3989239 3842473 3678046
3806690 3793967 3958238 3882928
3868800 4000078 3860233 3746076
3869299 3829103 3896785 3904073
3882959 4015414 3997260 3672666
3957154 4037882 3833710 3848271
3905150 4011830 4004402 4065928
3817727 3828380 3824545 3790341
3791195 3875952 3895013 3963782
3849131 3861926 3823482 3788031
3836595 3904671 3929065 3975011
3877801 3879609 3840790 3853497
3871258 4031466 3905584 4093398
4029768 3952443 3935930 3963344
4030336 4097577 3823977 3989181
3884338 3866332 3894479 3807569
3942864 3953104 3757674 3815548
4008015 3952625 3925540 3864781
3965889 3923634 3848267 3859509
4008064 3957142 3919529 3877266
4022601 4019783 3781528 3935778
3750357 3959976 3843431 3950019
4076415 3796538 4048724 3952985
3733909 3844057 3744383 3827780
3940985 3702490 4002182 3822018
3817519 3831734 3790747 3885975
3990061 3752331 4010570 3891600
3851559 3932468 3725077 3992228
4124960 3779474 4004613 3899137
4016677 3911414 4000465 3832352
3874545 3911959 3991788 3873179
3894290 3974488 3926857 3826099
3853816 3958031 3847628 3833554
3993428 4087577 4027143 3902041
3842170 4007242 3953700 3873627
3853382 3933764 3845927 3913019
3829531 3852478 3885249 3778300
4034805 3796668 3938685 3981029
3991509 3922938 3952805 3942599
3890186 3838442 3843579 3913572
3904303 3905911 3817843 3873498
4125239 3915544 3951461 4035088
3979626 4001010 3955779 4020850
4012587 3765084 3848390 3914973
3956173 3918498 3860901 3854624
3986739 3912667 3941977 4069079
3893548 3957184 4093058 4039330
3901876 3849775 3876613 3917392
3893541 3942712 4054144 3951550
3937290 3938623 3931433 4012394
3909015 4013515 4089803 4010660
3887981 3887316 3842352 3906246
3863703 4006303 4000476 3961427
4035413 3890831 4014752 3984037
3983730 3811324 3996190 3934338
3910880 3886830 3933428 3828508
3907753 3785212 3926374 3831801
4010486 3944736 4004593 3915787
3962757 3861494 3891063 3834560
3953569 3774279 3992717 3822142
3986362 3780789 3919942 3830688
3807933 4120312 3953841 3951868
3970047 4013323 4036543 4119846
3674484 4035151 3953596 3902855
3848886 4023256 3979449 4005517
3878332 4058333 4081850 4045043
3994324 4057952 4076036 4109130
3793518 3998753 3948647 3970711
3902660 3987786 3917035 4044148
4082520 4006881 3946899 3885724
3857820 4090212 4037682 4006393
3888724 3788374 3919802 3791165
3879857 3949327 3956855 4026883
3959584 3949486 4005821 3822254
3843392 4078416 3951718 4196940
3917519 3843034 3869103 3812081
3813709 3929050 3927075 3998623
3955269 3983292 3873235 3826227
3774145 3782664 3926652 3840714
3800615 3855038 3831691 3706734
3660750 3766152 3741719 3753992
3837388 3897211 3887445 3782528
3768060 3811935 3807486 3828664
3847267 3936187 3913722 3911732
3838584 3894636 3882247 3892447
3911990 3708354 3742338 3902061
3923239 3852252 3823362 3792957
3803715 3683080 3728663 3767053
3791771 3659286 3739873 3769575
3848277 3746715 3795708 3833342
3936934 3816377 3850980 3770158
3954238 3766934 3848384 3988775
3930349 3886167 3791627 3848604
3826289 3821518 3839240 3871245
3744990 3980632 3977855 3902906
3753335 3782719 3660199 3851205
3693566 3829741 3884028 3887612
3824749 3811490 3820266 3906034
3779704 3812794 3947125 3960492
3811630 3830670 3844445 3941291
3831226 3876846 4036868 3957951
3876031 3933926 3847903 3845537
3907271 3784268 3864158 3771606
3760319 3725284 3707236 3734656
3806092 3764372 3844753 3618532
3823456 3837438 3882049 3808275
3853394 3813163 3813605 3777945
3886678 3825914 3980375 3878132
3936295 3791503 3923709 3798874
3707648 3978476 3989591 3861927
3908324 3893642 3976530 4025398
3661822 3923559 3760312 3865125
3849459 3915896 3878275 3947142
3672442 3922713 3913884 3849067
3947185 3897572 3944768 3944577
3783838 4015673 3915369 3936898
3902756 4055089 3945341 3993774
3964752 3836317 3935385 3790699
3828034 3965357 3897357 4065450
3767693 3766804 3760461 3753262
3643683 3874105 3763434 3956861
3843708 3803729 3840332 3768004
3726727 3957349 3849106 3919958
3876455 3871840 3868996 3770083
3840131 3890069 3903012 4035978
3884866 3961590 3906632 3775375
3730005 3799273 3847776 3859149
3902695 4015348 3910327 3807830
3984208 3962417 3891008 3982616
3834128 3769089 3784433 3746537
3690267 3784452 3764183 3763139
3986230 4082610 4003165 3845059
3946856 3936190 4027845 4011028
3913632 3798267 3764129 3920891
3857164 3884757 3915537 3815756
4021308 3833344 3913740 3946319
3920446 3941235 3965380 3906791
3798151 3716017 3705371 3784512
3796258 3790245 3784874 3742624
4078086 3964313 3957023 4008287
4007241 4028183 3951948 3914578
3790698 3916080 3799883 3850134
3840053 3888741 4034733 3814519
3964928 3962177 3863541 3997080
3887756 3964468 4144641 4024093
3748455 3830435 3756028 3776677
3733734 3885260 3924896 3859693
4086955 4047641 4015311 4082519
4006578 4029477 4105173 4145186
3879132 3869498 3953708 3781646
3909953 3731653 3870692 3751346
3920306 3869121 3984363 3849153
4001347 3864721 4010238 3943007
3764760 3699580 3801253 3786401
3799614 3643751 3802668 3718617
4069615 3980012 4051659 3968241
3945845 3965181 4099959 3921282
3732485 3940143 3941873 3863856
3778003 3963929 3954519 4027776
3830900 4076840 4018513 3965084
4053613 4047406 4130523 4077716
3678301 3863655 3861628 3749603
3791721 3840988 3903549 3878525
3944811 4075165 4032032 4039037
4058853 4149618 4079247 4135548
3938140 3846845 3832149 3797052
3757805 3878547 3889704 3983933
4008542 3863894 4068776 3843918
3881012 4076732 3988298 4092073
3760177 3697913 3796271 3687284
3663235 3863665 3724162 3903462
4032958 3959480 4012692 3868325
3955804 4177940 4033904 4171069
3856272 3791512 3823382 3732243
3745048 3772058 3818594 3785721
3896867 3898091 3916684 3816266
3896387 3971320 3946742 3840697
3800088 3802436 3840718 3765253
3808014 3779502 3786501 3799088
3967904 3923852 4032167 3830599
3896174 3852234 3864600 3922910
3864346 3658043 3686991 3847554
3872025 3781330 3699852 3730324
3954124 3800243 3806212 3981513
3884312 3915214 3861331 3831763
3882697 3725212 3788917 3844819
3757136 3811510 3788421 3805329
3947962 3861175 3927040 3882876
4064900 3960000 3894737 3903843
3748030 3891886 3742844 3837578
3719402 3866954 3968987 3821534
3922045 3958747 3796772 3912948
3887165 3963321 4023540 3938044
3906125 3820048 3776792 3846790
3803049 3800021 3918373 3939371
4017521 3924821 3867743 3946369
3875581 3929865 4034838 3952894
3746068 3773550 3821603 3747048
3831045 3691384 3854813 3648734
3936123 3901088 3961821 3852969
3922828 3811297 3921357 3825609
3843992 3781325 3821994 3787918
3831759 3706589 3824621 3769032
3922534 3871378 3945041 3874637
4007459 3864414 3955541 3957904
3745757 3931248 3898433 3814729
3784352 3836523 3932134 3914113
3831680 4033759 3945076 3891325
3927340 3933804 3962187 4011393
3743971 3888142 3869594 3896064
3858909 3925112 3873080 3866771
3829080 4124349 3991805 3920175
4018381 4018677 4032737 4091434
3861671 3758547 3819034 3703966
3646261 3824571 3780921 3921834
3933824 3921157 3872567 3787553
3745221 4000099 3840571 3990395
3865003 3927123 3790353 3662229
3712398 3877760 3891171 3969022
3964359 3931430 3886444 3781241
3808100 4027697 3915097 4007643
3943403 3987546 3947325 3836369
3844691 3972697 3893994 3959848
3909824 4027366 3912894 3836904
3864449 3965399 3894798 3906839
3830847 3929781 4015287 3771859
3781461 3863440 3804338 3843368
3775621 3743297 3743094 3734081
3619500 3677360 3801925 3769139
3952193 3812883 3868922 4063297
3906049 3897334 3894491 3843990
3981162 3845376 3807455 3977654
3925715 3912919 3889072 3868246
3861639 3783959 3734027 3845072
3855615 3831559 3809673 3812402
3765126 3663779 3563392 3825309
3762273 3753354 3716146 3660630
3857019 3844875 3849042 4001870
3889894 3931064 4102761 4006336
3923948 3966390 3914332 3949721
3786898 3934698 4011240 3983271
3856661 3799105 3753242 3895112
3806170 3824765 3917178 3894017
3725754 3713724 3719482 3818891
3729098 3702521 3893266 3842537
3996755 3947572 3972580 3879354
3929161 3851919 3937894 3870895
3934473 3839126 3881233 3917861
3951714 3866302 3941065 3874007
3889560 3795033 3880267 3825070
3925487 3823709 3938126 3774594
3733926 3718545 3743316 3713913
3742873 3703173 3804061 3648827
3823241 4088360 3975117 3907591
3939554 3984484 3966103 4007986
3858538 3987947 4042146 3948186
3949879 4083681 3962398 4127572
3712830 3915391 3824857 3848387
3914343 3917648 3918979 3984257
3624977 3818498 3812472 3774281
3841668 3842514 3768699 3851442
3981587 3880294 3899479 3749347
3817046 3978128 3972979 4091728
3898517 3848142 3898717 3775490
3823716 3980684 3946929 4055426
3913917 3827779 3938292 3732107
3690324 3895786 3825076 3968793
3760220 3733530 3778502 3645678
3614659 3772356 3662296 3884930
3686408 3772126 3751095 3610444
3532739 3670873 3724736 3663926
3812765 3893982 3881768 3764898
3780774 3865771 3823559 3881393
3920270 3961976 3935815 3741954
3803779 3863810 3868549 3791680
3878648 3986656 3947476 3830312
3955795 3873225 3938517 3925546
3845249 3662866 3636435 3796268
3714062 3662690 3695377 3665846
3862390 3789803 3807394 3897576
3825989 3827158 3728214 3827981
3853637 3710779 3807316 3921968
3902219 3882225 3893053 3792792
3950368 3843462 3934142 3934316
3928051 3888768 3834450 3878592
3718228 3776896 3698694 3775133
3626740 3731335 3953578 3745953
3870048 3849068 3738680 3904755
3734933 3819038 3968665 3905559
4002448 3856915 3873346 3961156
3928494 3911939 4012331 3944775
3854864 3969954 3929993 4011124
3903653 4059691 4124588 3991710
3773238 3737957 3730969 3698765
3718703 3614798 3709556 3588392
3783177 3793481 3820888 3805027
3881836 3656225 3831984 3736132
3802231 3833217 3942892 3845390
3914150 3848184 3857131 3713338
3923596 3898176 3939885 3896025
3963719 3907281 3977488 3850769
3582007 3762934 3784434 3788753
3693343 3786483 3821947 3793382
3671675 3879494 3973764 3867368
3879035 3941781 3860912 4011683
3718413 3985549 3951491 3989972
3883740 3946199 3981862 4121685
3892073 4065342 4050820 3956658
3985279 4065891 4049953 4038136
3725582 3665064 3714681 3667341
3663633 3759837 3717835 3835193
3882244 3775505 3849204 3696894
3664752 3909823 3852617 3923823
3870023 3903427 3891061 3764883
3818961 4005544 3826035 4037336
4023299 3910173 3941908 3800822
3843697 4060347 3966162 4061399
3928606 3965381 3997654 3838372
3852446 3906964 3910138 3837568
3920054 3903263 3902913 3757793
3725153 3833848 3836995 3807029
3860244 3896736 3982685 3726517
3824442 3987937 3917863 3870226
3885589 3838950 3855854 3787329
3788187 3790863 3885626 3843565
3940587 3769797 3889216 3915990
4000668 3900047 3782913 3942889
3917734 3700618 3771237 3889193
3923939 3799610 3839186 3841266
3904226 3751270 3920684 3924188
3891785 3861901 3936283 3983538
3861363 3735511 3792038 3795162
3848140 3775879 3759286 3819434
3969086 3965625 3929307 3859072
3902487 3933360 4070454 3984894
3859581 3876645 3792730 3848701
3838222 3869207 4070945 3964484
3875637 3898324 3851359 3925128
3859346 3886259 4102527 3998451
3890532 3854145 3794849 3859169
3804621 3820481 3954418 3813714
3981955 3822541 3895438 3942153
4005138 3821495 3970130 3792657
3860764 3797130 3882986 3839115
3929463 3744016 3859023 3728857
3822948 3799046 3945306 3906461
3882559 3832057 3926646 3864142
3801684 3778799 3858516 3828006
3886001 3763462 3881164 3721826
3797654 3972232 3986460 3975621
3885460 4009262 4000159 4027525
3812592 3933554 3952981 3924830
3834965 3883309 3900214 4051537
3762771 3992502 3979155 3920766
3867411 4038468 4066952 4030544
3739669 3882238 3895351 3832351
3822136 3906325 3922516 3992991
4019917 3910263 3963330 3815419
3826830 4016498 3925186 4078140
3905344 3841272 3879506 3693069
3833277 3900233 3971498 3962243
3957706 3835918 3899399 3816860
3800359 4043889 3989452 3983932
3885266 3823505 3863609 3716746
3672062 4020579 3830812 3971958
3907802 3898896 3817172 3716372
3836312 3849983 3856026 3812115
3938937 3937536 3922782 3864365
3855540 3904326 3960913 3914446
3998685 3929002 4004603 3790501
3882774 4000774 3950359 3972145
3982549 3998583 4038340 3900638
3895625 3898889 3980382 3935310
3904932 3737775 3802658 3823946
3922820 3801075 3762969 3842505
4029431 3831361 3875030 3947941
3893886 3962084 3925871 3910410
4017390 3815379 3804845 3993578
4031346 3896345 3956276 3909861
4032873 3816748 3940616 4004017
3959313 3890960 3994943 3937658
3842869 3855885 3789692 4039080
3822282 3889365 3937769 3897807
3936000 3959467 3861869 3978244
3871817 3994918 4084303 3999732
3925679 3915952 3921395 3954483
3899013 3924551 4083699 3939493
4029701 3898593 3928132 4020027
3814048 3985238 4054670 3965655
3723300 3852265 3858255 3860462
3880654 3719784 3877972 3739515
3936508 3934508 4052454 3863297
4049364 3802325 4011004 3864581
3969500 3965540 3988282 3922507
3931422 3897975 4005920 3847501
3996007 3926253 3980296 3981588
4003025 3883480 4001723 3852543
3707778 3986235 3837166 3921528
3910237 3923926 3945997 3934557
3867362 4009889 3985444 3944582
3993432 4048068 4053290 4195907
3732495 4058993 3997214 4034742
3893900 4063374 3964978 4086318
3862035 3997474 3951485 3985497
3936853 3978654 4004296 4049210
3850243 3765461 3838163 3752755
3767433 3943989 3821819 3946601
3984477 3856197 3930224 3828705
3859693 4039769 3930714 4176279
4025523 3901691 4017696 3800039
3752639 3971631 3923543 4059603
4038801 4007308 3985323 3796523
3879967 4081893 3992953 4077294
3841726 3966695 3938029 3814001
3887036 3834232 3917095 3907989
3792570 3809831 3909798 3632181
3745318 3856186 3765210 3720384
3923918 3900466 3850310 3728044
3824984 3930516 3876678 3722452
3903937 3870517 3849872 3753288
3728218 3802293 3809047 3784912
4024208 3770492 3890175 3853736
3911987 3917977 3859015 3791435
3831997 3722932 3741763 3783552
3840156 3692617 3773302 3772440
3884881 3862094 3777370 3886813
3898506 3749150 3830205 3803468
3865017 3785182 3777781 3840701
3814954 3788077 3773662 3809509
3866889 3892099 3900063 3949994
3933375 3972531 4022745 4002492
3792460 3845432 3752042 3813261
3719643 3857505 3955978 3825345
3788994 3849347 3752997 3900696
3850898 3940339 3945987 4024245
3859658 3824354 3727148 3850408
3703747 3798450 3964019 3829600
3866053 3874862 3898149 3772177
4058417 3882054 3894867 3904352
3767794 3736907 3818118 3802373
3853662 3664801 3810764 3654910
3895938 3842907 3884107 3861682
3923181 3836428 3819218 3799413
3819123 3756200 3813061 3751541
3827831 3710306 3850662 3785463
3776841 4006880 3969700 3902583
3963562 3962831 3972888 4017154
3645866 3968364 3865941 3883335
3785596 3853733 4005791 3998878
3782338 4004419 3819396 3890349
3867634 3891144 3907926 4032718
3690598 3927319 3951802 3812703
3783124 3917589 3934912 3943511
4000539 3889835 3855634 3886407
3842807 4016409 3993475 4050591
3852613 3835571 3840636 3607663
3729503 3928687 3825294 3952193
3880959 3807991 3807002 3796221
3797537 3949688 3828169 4030556
3836445 3759437 3794122 3741801
3677384 3926153 3826777 3921484
3867464 3910557 3879073 3769935
3778021 3891579 3826986 3830782
3711626 3847520 3875175 3786615
3796905 3847784 3800503 3776920
3979197 3933844 3868496 3773549
3819364 3909523 3910858 3755138
3938907 4018095 3896781 3778032
3832202 3969116 3973907 3958910
3927978 3771121 3783857 3894470
3788953 3905978 3858446 3824673
3876915 3624325 3701592 3894690
3860256 3785642 3782608 3738903
3931673 3734240 3807239 3891587
3926351 3904471 3836034 3895587
3909156 3911115 3920388 3994634
3991216 3951538 3948024 3944174
3866464 3856374 3861907 3928546
3740122 3851993 4049408 3916585
3800585 3771099 3748383 3942556
3815416 3799508 3850642 3793304
3815540 3906382 3836985 3942811
3801726 3901664 3978941 3935653
3856601 4045570 3888928 4010678
3978691 4032894 4094410 4105631
3834607 3809781 3928339 3802569
3913029 3787764 3959903 3694229
3783352 3857530 3773458 3702274
3856001 3702306 3836745 3639204
3902338 3860987 3882875 3839703
3895864 3769986 3977112 3792333
3848855 3850060 3905484 3911074
3968663 3920132 3980055 3837816
3720205 3934668 3871491 3961213
3870936 3892738 3958903 3950491
3676327 3957110 3820514 3804947
3810119 3888321 3902702 3963197
3806591 4055410 3999858 3865171
3861834 3994446 4004926 4025670
3790902 3966409 4009467 3980227
3958483 3941495 4045224 4101484
3892561 3797177 3891353 3734432
3784842 3964081 3842680 4016451
3784093 3781761 3831502 3661335
3674253 3787529 3847370 3976299
3952465 3846070 3908003 3802007
3789719 3989776 3866416 4065761
4014602 3953601 3912194 3861595
3858522 4063705 3977325 4013580
3927268 4091943 3965633 3887736
3861817 3897131 3986550 3961603
3949985 4095061 4005048 3894468
3949469 4006456 3951114 3970156
3880050 3873571 3851495 3778233
3696180 3793892 3835324 3864354
3894585 3976798 3996416 3822753
3815213 3838684 3805990 3897180
3972590 3846857 3864152 3944132
3964655 3862091 3872112 3966775
4039998 3858389 3937529 4051211
3932514 4050984 4016190 3968905
3784672 3745110 3791028 3833709
3789990 3824660 3828848 3805018
3877367 3934971 3817153 3905955
3971755 3921695 3839555 3870420
3917877 3963020 3891021 3998398
3851986 4014992 4085890 3990226
3981149 4038583 3930776 4022762
3962781 3978920 4129520 4036846
3865375 3837279 3816880 3923929
3868097 3794543 3951480 3872907
3889116 3881704 3807558 4002720
3910607 3936169 4050902 3890971
3960127 3933091 3904455 3875423
3959835 3799534 3971950 3864772
4020019 3950087 4059652 3965420
4071776 3859457 3935511 3916778
3864058 3745213 3827143 3735248
3915800 3698981 3803881 3814283
3980582 3909954 3955580 3887258
3979670 3729791 3958639 3868690
3757976 4101374 3949773 3938273
4018547 4033635 4073974 4091918
3906226 4094703 3940426 3972628
3988236 4085851 3981030 4231150
3692005 3947801 3868153 3864237
3867033 3927707 3865638 3920531
3807756 4040019 3915659 3986932
3885664 4036720 3959565 4114387
3924021 3919876 3934992 3807748
3867441 4095899 3961489 4124414
4003082 3918803 3976864 3826524
3841457 3988588 3985083 4140197
3877825 3861169 3845272 3703638
3724582 3927259 3892662 3945488
3959217 3858483 3943639 3797926
3814278 4002309 3918383 4078691
4012740 4116370 4074983 4009235
3979491 4019179 3999297 4101401
3927827 4047229 3991514 3851274
3860735 3907559 3887233 3885384
3852049 3824059 3826453 3775322
3763112 3748593 3826050 3809115
3839865 3860131 3741193 3687945
3712499 3840297 3727245 3768295
4129434 3888249 3998138 4091015
4067365 4060963 3992452 4026625
3954295 3777087 3860105 3926252
3991617 3924267 3848762 3856979
3899186 3635787 3771608 3750498
3845111 3857740 3723529 3808039
3824668 3718533 3750737 3767688
3764760 3746532 3750851 3790073
4041286 4066862 3951351 4149930
3945081 4023087 4102415 4077836
3888409 3869068 3837804 3960337
3958950 3981928 4093490 4002706
3867700 3755554 3746976 3796609
3776604 3849794 4009496 3882169
3793219 3687758 3714701 3778806
3665566 3794197 3878634 3773379
4018861 3958808 3987883 4058795
4124018 3971506 4054377 3972795
3841849 3905831 3921918 3866733
3922640 3767279 3997776 3754203
3807308 3801261 3833753 3824335
3825412 3707364 3831860 3714115
3804844 3769232 3769282 3805311
3760009 3652114 3809298 3695281
3960919 4221142 4131990 4106566
4088074 4087392 4124332 4226809
3763621 3937993 3929539 4002182
3908228 3964326 3978306 3976119
3668093 3929902 3820444 3842771
3895188 3901527 3947976 3898461
3694279 3892423 3795353 3712390
3775713 3864126 3855219 3894949
4084195 4023162 4010499 3934929
3937199 4234963 4031557 4177189
3968233 3945292 3867564 3868743
3819478 4008558 3869809 4113377
3887385 3831221 3742268 3663534
3691133 3866617 3824429 3941858
3789490 3667713 3780330 3722090
3583687 3792628 3758225 3905639
