3829281 3842338 3917725 3744388
4029528 3616539 3859733 3832884
3797949 3861983 3872713 3698605
4002776 3740495 3881057 3860682
3862200 3861747 3883256 3720836
4017793 3723562 3918703 3807677
4009534 3996219 3957874 3849175
4116784 3857976 4108967 3943910
3807985 4082523 3919454 3786776
3774241 3837140 3842762 3907232
3756369 4127666 4017517 3815128
3857798 3802794 3812030 3902953
3834623 4123657 3971662 3820380
3846115 3819434 3915782 3933709
3908534 4292404 4106452 3918864
3983347 3868712 4034363 4078720
3763196 3972957 3911617 3821244
3834060 3902802 3793396 3811302
3847485 4049415 3940193 3878725
3856192 3905540 3769680 3749227
3763429 4013017 3963437 3893506
3867460 3907478 3854505 3740795
3875060 4139897 4012543 4053586
3926096 4077591 3973398 3852204
3873877 3837728 3980295 3789202
3783206 3968180 3764294 3909055
3918563 3866300 3985963 3754943
3897173 3927112 3772234 3880470
3878667 3947085 3993586 3784559
3889363 3961537 3849705 3852791
4072864 4072010 4020504 3928288
3970031 4094590 3978704 3966810
3952818 3891509 3946710 3818031
3841212 3896218 3897316 3691975
4009182 3908320 3918316 3813532
3944730 3969242 3874094 3753999
4037266 3975164 3877864 3811045
3961769 3930914 3928504 3686872
4099958 4086736 4017207 4019517
4167938 4006863 4122249 3809318
3880282 3812137 3871190 3687227
3869362 3863657 3882792 3802027
3914217 3847547 3952456 3816547
3855819 3916576 3892126 3860628
3911933 3733266 3810236 3757880
3904033 3943883 3836826 3810169
4047688 3971224 4046147 3843696
3976405 4111804 4118207 3901651
3741338 3855634 3848042 3597511
3951714 3669254 3842034 3843583
3728550 3844665 3839759 3646753
3900400 3683998 3861700 3750128
3922257 3936063 3971539 3775700
4094434 3746098 4006780 3882875
3858409 3885142 3885080 3666924
3943863 3693060 3824519 3771498
3743962 4074379 3947715 3736814
3703267 3669427 3764711 3901688
3724871 4056596 3853638 3768770
3768962 3655051 3793570 3861209
3912231 4143251 4101417 3887381
3872577 3879132 3902004 4021070
3805001 4089897 3896628 3826987
3730954 3753924 3894336 3853367
3736194 3990646 3809410 3783609
3819621 3790071 3679451 3746283
3779996 4040816 3844574 3862553
3786683 3815436 3714387 3636062
3792831 4098505 3977568 3915388
3977346 3992239 3914952 3738381
3737228 3957215 3912315 3874789
3872264 3815110 3706978 3669345
3871559 3839007 3844746 3692156
3748946 3819888 3762216 3720002
3873653 3743939 3827640 3725966
3751741 3850165 3675829 3752886
4060403 3959442 3988610 3887932
3928390 4037817 3873307 3875090
3924787 3829710 3910294 3737859
3827659 3925712 3798573 3969763
3833831 3840511 3803911 3746826
3912860 3828598 3842330 3598346
3870489 3836934 3815576 3792237
3822333 3828015 3840433 3648117
4026600 4019038 3988367 3911230
4070270 4009997 3981015 3767686
3866711 3876395 3837208 3779625
3883669 3939240 3943691 3737985
3806531 3743794 3954207 3618785
3803364 3855164 3798250 3654884
3865671 3797113 3832321 3706382
3871260 3858652 3760102 3729031
3904101 3989267 3967310 3866174
3927121 3981664 3978186 3824648
3935867 3809317 3894643 3796997
3863744 3909140 3912202 3726972
3657815 3762582 3788732 3586530
3934980 3584032 3821183 3648165
3789739 3934082 4009672 3785917
4014823 3811712 3941983 3924369
3810119 3825323 3846725 3709492
3953893 3667328 3838630 3825926
3885942 3959564 3896792 3758975
4081265 3754599 3980469 3917238
3705222 3981793 3833901 3673370
3737964 3686354 3764625 3838978
3910480 4155165 4082845 3944004
3860610 3832407 3871453 3980479
3740587 4041516 3930664 3806692
3750318 3834352 3763861 3871955
3854671 4184733 4062206 3842738
3957487 3904990 3890750 4001937
3619322 3932460 3835883 3814415
3774601 3864528 3651510 3580167
3836029 4164071 3982156 3952695
3896273 3947769 3773779 3823194
3734752 3952546 3818716 3763412
3781454 3834172 3731447 3656598
3795872 4037385 3992731 3959242
3996514 3951704 3820012 3748524
3791530 3722214 3767932 3575976
3746297 3855358 3727698 3704370
3988695 3928059 3987060 3793705
3923607 3968790 3847304 3866544
3779036 3833315 3955607 3626136
3851051 3922531 3750669 3832056
3917928 3925320 4027286 3834895
3915500 3945236 3838794 3902406
3801644 3864481 3869781 3753760
3866269 3752167 3748428 3629695
4089856 4021136 3874737 3872069
4040949 3980780 3920887 3714253
3975946 3909461 3779342 3820697
3890053 3856561 3875366 3709600
4035914 3962065 3955378 3960166
3998400 3970150 3924704 3771800
3755981 3686223 3856422 3576495
3773221 3821139 3812777 3611296
4011821 3847809 3962844 3831234
3852931 4038190 3924016 3808643
3909758 3820838 3859223 3734461
3771328 3789611 3812716 3732351
3991753 3842053 3920700 3777503
3884016 3956908 3902692 3822479
3825603 3819841 3898067 3737726
3980660 3745951 3924356 3932097
3860362 3929463 3945365 3760002
3992389 3682666 3891723 3833137
3802933 3819701 3823607 3657052
3967642 3636983 3887477 3813105
3669806 3753134 3807236 3653450
3911802 3710407 3835116 3787905
3900851 4144577 4026710 3890836
3822108 3746618 3901326 3907607
3803040 4037564 3929254 3767100
3805969 3784983 3864856 3909923
3798658 4049312 4081566 3817155
3846763 3749648 3907772 3907835
3763953 3988010 3827670 3757230
3745826 3739512 3810613 3843134
3796513 4048214 3911657 3916958
3904131 3984419 3763923 3754751
3782533 3989111 3903984 3847511
3884240 3911643 3806525 3701623
3727698 3963973 3894954 3845032
3790092 3876022 3796163 3644697
3686758 3968249 3819358 3843428
3813564 3824757 3816415 3686357
3897224 3857995 3986607 3769433
3793415 3864245 3832177 3826652
3928403 3882869 3926324 3684246
3842910 3898949 3799595 3850034
3935066 3920654 3897512 3777050
3825019 3938352 3706357 3800359
3844160 3823867 3811392 3641973
3800027 3841398 3709994 3849503
3994224 3911372 3869330 3852097
3975468 3896706 3959004 3672984
3969272 3873817 3890131 3805686
3913725 3835399 3866834 3707549
3967036 3864749 3844552 3868029
3877473 3861890 3847517 3653583
3914079 3859035 3825524 3735969
3767154 3849952 3919362 3662360
3933765 3860432 3893778 3703734
3879618 3883246 3931240 3827967
3891090 3762293 3898291 3726606
3909039 3930316 3894290 3734787
3832683 3783405 3840730 3658592
3801412 3880697 3883354 3753016
3814466 3688720 3820041 3730224
3820373 3896869 3833028 3723026
3761203 3799067 3785365 3569437
3960523 3607857 3810344 3675976
3849555 3940956 3956244 3698792
3961758 3804224 3883487 3907371
3837970 3933810 3824085 3679909
4019975 3667210 3918308 3837344
3783751 3879418 3941742 3732999
4060202 3602580 3875981 3826377
3768562 4109309 3923180 3758410
3792395 3651082 3781034 3790871
3829207 4137843 3980362 3781155
3874228 3823496 3796001 3936395
3746397 4067028 4009648 3909809
3784320 3720474 3778457 3902698
3752601 4144205 3911298 3842711
3864856 3822986 3858377 3949855
3701377 3948207 3777647 3885553
3806341 3839279 3705301 3676641
3772222 3966507 3957672 3855225
3868409 3829053 3775060 3694105
3772286 3996059 3876794 3867788
3822097 3909304 3845162 3809013
3786249 4019010 3963727 3925537
3895215 3893620 3779514 3711957
3856500 3784338 3850321 3697160
3777633 3872496 3716159 3828868
3852034 3909069 3910542 3688907
3801640 3969958 3851320 3864939
3875666 3897982 3869854 3746892
3811204 3897947 3791433 3815592
3861898 3870572 3988810 3730710
3815474 3936231 3786941 3919045
3864084 3802442 3812562 3719534
3855171 3908560 3861151 3548813
3990875 3903454 3812540 3815588
3921231 3918212 3889938 3749051
3973785 3933820 3774818 3850824
3904795 3829969 3917463 3662406
4048017 3932897 3766385 3809346
3855076 3926561 3954569 3678958
3862533 3730530 3852540 3713611
3753791 3856665 3791015 3777517
3864781 3900626 3922687 3729801
3823211 3913991 3857400 3728999
3929485 3827896 3884642 3710566
3900401 3801144 3878321 3759828
3851460 3777631 3886941 3719873
3911399 3852738 3912946 3859148
3908062 3932411 3847861 3794381
4092866 3710321 3927122 3944605
3840426 3850669 3846820 3678486
3955072 3756306 3846254 3769687
3836387 3911240 3908330 3740230
4067772 3691769 3891670 3810282
3812786 3839319 3718590 3641569
3939167 3715777 3908839 3800034
3890360 4173368 4048963 3856952
3863853 3891340 3942860 3939168
3800796 4075372 4002639 3859646
3807501 3762431 3828081 3912443
3813479 4152194 3922882 3831082
3831091 3747598 3880204 3898947
3710845 4017451 3990891 3848596
3806215 3764107 3815292 3842453
3876254 4049127 3967988 3871706
3956450 3987114 3746207 3770676
3729234 4006396 3900298 3908836
3895934 3881749 3673956 3749537
3875511 4072658 3946837 3920494
3857094 3859588 3795962 3737336
3775803 4043127 3897781 3801001
3822021 3780231 3755490 3716552
3933373 3857053 3973812 3812882
3858246 3998066 3844735 3880757
3845026 3850171 3936143 3715718
3823288 3904576 3793023 3872283
3875066 3897155 3906964 3748754
3894850 3909223 3824556 3847580
3801907 3813617 3854908 3667637
3807646 3913083 3732456 3772827
3996306 3937221 3926692 3954814
3984192 3981914 3961786 3802331
3952789 3932038 3832481 3780042
3908505 3906633 3902729 3693705
3919615 3943115 3857438 3828333
3991952 3970554 3946913 3686999
3892344 3850750 3817045 3743691
3898595 3876094 3822083 3631274
4021838 3854840 3999810 3840873
3977282 3948344 3932208 3888909
3981630 3732335 3949022 3707270
3830863 3842189 3900114 3772275
3973394 3852463 3919191 3740903
3941643 4016031 3864563 3771164
3844252 3760585 3912773 3689938
3813638 3812619 3878871 3759119
3755548 3868913 3821076 3643812
3919945 3739281 3861194 3750911
3758217 3787539 3855528 3656064
3880210 3587790 3791295 3848033
3834625 3870766 3918638 3713932
3972070 3778030 3803932 3784668
3780398 3843355 3874735 3727996
4011455 3639960 3909765 3830989
3679541 3996908 3914293 3846843
3818009 3756013 3763985 3870787
3726332 3952902 3881872 3706631
3683680 3666505 3685972 3837046
3803786 4157100 4005324 3818074
3800420 3787394 3832996 3996670
3738215 4071239 3958078 3749473
3807531 3791145 3836394 3908103
3733277 3919202 3925152 3814730
3760857 3866789 3719436 3705414
3718738 3910900 3853378 3874443
3782529 3795903 3649217 3686438
3832511 4064853 3960726 3876940
3811533 3912013 3789222 3787951
3749269 4077921 3915755 3811907
3805842 3898490 3755036 3752662
3840318 3862101 3873684 3738954
3826663 3929987 3791167 3859531
3818208 3777929 3865550 3671724
3765507 3826842 3752342 3774746
3896756 3872415 4029018 3734991
3822193 3963746 3833666 3883908
3799509 3923139 3838146 3780640
3829699 3846142 3813935 3788922
3900199 3831853 3835038 3820696
3949194 3903465 3898080 3615803
3867213 3852037 3759003 3669836
3823218 3817826 3915797 3614771
4001608 3884843 3900707 3835603
3949145 3958295 3995921 3755881
3937226 3913425 3837663 3871206
3840221 3917962 3988900 3780102
3780985 3884963 3817079 3764569
3803118 3838282 3895993 3833405
3798561 3716009 3809479 3679525
3765462 3787346 3800811 3719675
3925018 3866129 3965722 3765709
3843630 3909213 3915923 3740022
3918918 3803804 3939332 3783819
3857703 3890013 3908794 3810865
3683475 3754210 3779697 3672383
3976348 3597609 3761527 3714341
3836628 3930324 3855210 3730793
3907536 3717380 3833952 3798426
3952484 3943284 3959084 3744977
4049820 3796877 3903602 3892683
3932027 3976978 3977207 3734779
4104960 3865431 3925894 4012405
3702347 3980606 3940963 3768038
3778386 3669070 3833567 3869237
3851226 4153341 4019645 3861544
3876598 3753188 3757959 3961216
3843204 4169061 4032730 3895551
3860673 3899600 3956144 4044450
3945823 4267239 4097447 3920707
3888373 3774687 3946287 4114246
3709718 3965639 3849762 3794313
3733252 3904921 3703764 3643314
3792706 4034543 3854414 3870992
3968117 3910155 3785625 3774456
3799643 4062900 4006176 3987538
3888494 3885399 3940661 3805451
3903447 4134297 4065497 3950949
3953476 3984137 3883206 3832241
3866787 3866869 3927636 3744050
3809649 3953281 3746412 3814334
3865693 3963161 3873024 3774472
3846566 3979406 3720945 3828136
3917985 3919536 4073572 3805457
3882481 4037045 3836350 3892779
4056188 3945841 4098235 3844330
3919015 4065770 3800941 3969317
3895203 3829266 3757226 3744666
3897945 3904350 3907347 3671987
4013794 3976164 3913047 3747674
3954218 3921027 3942400 3738117
4027649 4086091 3969944 3866466
3906829 3988634 3973460 3719376
4016962 4085851 3938915 3999019
4082611 3955782 4067748 3869632
3903909 3836872 3884087 3661987
3774846 3825539 3810822 3765175
3930767 3852886 3932864 3780516
3846968 3991005 3939892 3741630
3961836 3909461 3966537 3768552
3994381 3982331 3908432 3816317
4025950 3888948 3982830 3867250
3991324 4077947 4004734 3895795
3971353 4078429 4089960 3906242
4149298 3857797 4067625 4029402
3875887 3910811 3893311 3670248
3994826 3706909 3951042 3850873
3834640 3813862 3854417 3640282
3939519 3651303 3842521 3721877
3890324 3864187 3797234 3664695
4017695 3791630 3902115 3806922
3835399 4287404 4180986 4066771
3953656 3899252 3929091 4160011
3868478 4173433 4058599 3888671
3836848 3743978 3908441 3937397
3741160 4067714 3943665 3706566
3661979 3703559 3755600 3809322
3811851 4053258 3954519 3851188
3803823 3755030 3825084 3965827
3921709 4159925 4094321 4019070
4005203 4078164 3928273 3876219
3746828 4151874 3962737 3900053
3893131 3933434 3854016 3755794
3757208 3971011 3850497 3830653
3762745 3832649 3710460 3600758
3724892 3969730 3921435 3844187
3758234 3904700 3718680 3729297
4123093 4050655 4084704 3924966
3981400 4060407 4054936 3977139
3888701 3918094 4001670 3804877
3808999 3978654 3828597 3822307
3816359 3814379 3888549 3731945
3751509 3905833 3698624 3815343
3938005 3827893 3937099 3734519
3795312 3987785 3750005 3774823
4166997 4130334 4092529 3956032
4139205 4082652 4140922 3919211
3942500 3959672 3881168 3892108
3920817 3984366 4002578 3738703
3844241 3783554 3722251 3732765
3852265 3805696 3861658 3676748
3979123 3921188 3851691 3775009
3937048 3854768 3920432 3652956
4060461 4010491 3980540 3889087
4050859 4097509 4052859 4069213
3965872 3860285 3957049 3790800
3856016 3981481 3974426 3771665
3817981 3764388 3872800 3736606
3796135 3868768 3720114 3719349
3933677 3824187 3902721 3739626
3838821 3863248 3845297 3732850
3878275 3812150 3981027 3724136
3987187 3760724 3903837 3791396
3915821 3907252 3961652 3737690
3954768 3785264 3845848 3897061
3607696 3636738 3620259 3459942
3812689 3520861 3638852 3592941
3803383 3885029 3897206 3639022
3958916 3752476 3928166 3871181
3905604 4156004 3964616 3828761
3840971 3817186 3942585 3926436
3888247 4141526 3992603 3877754
3944023 3776956 3900882 3994952
3603104 3904156 3695688 3539483
3551105 3532781 3648182 3726882
3862261 4191466 3970295 3829976
3839056 3835159 3930602 3998258
3891809 3973970 3892094 3916748
3880891 3936328 3744844 3719423
3816203 4006979 4008249 3867064
4025011 3921331 3793100 3797477
3641494 3775186 3714589 3616949
3624039 3661389 3521966 3530491
3792023 4054156 3966567 3906232
3797619 3953569 3798497 3678109
3850092 3901993 3974271 3735641
3812383 3939962 3826747 3834650
3995152 3974378 4012529 3782004
3926139 3959417 3840536 3896796
3599065 3612306 3683309 3450648
3573089 3741672 3555403 3660301
3955595 3984059 3997721 3743438
3777219 3952826 3801746 3795125
3944560 3922142 3852956 3797380
3993303 3997241 3952867 3738144
4041100 3983008 3952103 3884398
3958912 3987288 3979588 3680267
3783053 3633388 3723734 3608300
3729886 3766063 3701980 3505671
3983713 3903881 3915794 3822170
3946820 4035473 3957965 3680917
3961188 3807193 3927948 3852009
3955881 3968036 3919526 3739326
4027135 3852695 3954554 3819547
3984509 3980724 3886961 3743299
3626718 3635206 3690688 3567001
3684718 3684303 3657517 3555672
3924147 3783174 3889069 3807891
3872413 3970831 3892475 3833076
3754270 3790853 3889027 3680301
3952234 3661845 3848085 3788744
3852745 3861404 3961989 3776912
3975264 3744487 3863895 3757571
3845141 3847003 3895427 3635895
3882942 3756506 3829486 3812599
3750636 3890657 3886683 3665717
4000456 3665849 3836722 3730130
3740516 4113037 3893585 3875890
3781216 3835114 3853463 3979229
3905722 4095752 3973800 3852044
3833556 3799778 3866844 3942207
3745434 4063529 3890890 3794251
3771374 3746728 3764530 3925323
3824028 4059247 4082097 3770904
3781518 3712271 3775747 3871853
3767413 4013908 3909314 3939414
3873396 3898865 3735319 3711948
3847281 4074896 3868299 3818055
3872263 3891500 3842759 3728197
3651243 3925655 3865728 3834034
3728695 3850559 3699985 3678918
3727704 4020889 3936892 3824535
3880685 3878599 3729164 3734368
3886792 3807371 3947178 3738602
3737352 3877965 3719610 3825073
3910268 3960112 3987060 3770873
3843612 3937358 3831340 3885967
3829853 3830799 3965797 3781319
3774944 3937709 3770407 3780061
3889363 3876959 3926647 3746372
3893323 3874929 3795370 3871251
3910162 3906681 3832816 3851746
3933501 3841820 3878358 3629872
4068530 3937449 3908024 3838666
3899256 3928892 3992483 3691012
3905390 3861570 3861401 3803723
3816154 3905060 3895627 3706988
3959899 3888261 3872739 3879386
3872876 3905232 3852902 3679203
3868583 3799009 3898743 3737004
3875020 3895239 3884752 3764895
3925540 3817964 3940949 3780594
3908916 3909842 3916162 3808449
3827635 3796073 3870719 3715827
3808121 3891099 3843588 3784654
3884887 3754923 3899585 3802029
3853101 3842296 3947484 3801328
3775120 3841812 3935368 3730264
4013322 3757190 3807090 3840236
3786527 3862464 3932135 3718823
3982364 3695224 3879875 3802571
3917881 3986103 3848621 3756893
3997316 3787634 3873237 3851267
3949976 3925371 3973053 3871622
4107555 3727694 3952818 3897316
3776335 4002669 3882538 3857319
3746427 3775044 3853819 3864235
3806688 4100901 3956224 3830193
3804103 3817467 3824343 3907784
3698078 4181204 4012415 3831886
3851917 3824300 3793210 3988447
3882006 4164341 3973507 3958988
3864932 3880335 3928168 3950523
3808916 4042414 3926421 3817248
3886861 3907786 3782410 3698564
3741583 4019964 3872493 3826434
3831534 3843142 3702771 3675454
3823276 4041995 3933912 3934028
3863670 3927451 3823127 3713233
3724028 4078048 3989686 3955723
3914340 4017450 3790993 3819165
3836249 3867139 3886112 3715570
3813906 3941396 3875732 3785137
3851218 3848255 3932943 3669078
3794705 3913879 3797891 3820719
3797328 3913410 3960445 3810731
3925310 3920950 3758850 3810447
4074448 3933603 3982645 3859653
3859732 4010423 3881296 3857013
3931012 3981781 3848841 3689718
3926413 3894979 3892193 3707495
3953943 3917245 3785646 3807424
3904732 3879155 3846080 3670822
3929427 4010461 3881373 3812934
3939479 3967444 3877845 3788861
4046991 3981250 3937266 3898143
4048688 3940599 4008337 3721574
3873376 3770533 3897574 3815187
3851805 3851461 3866609 3754114
3866936 3815322 3817653 3728709
3845127 3846275 3896736 3738458
3901311 3814579 3949060 3799643
3909730 3896950 3911568 3854412
3991704 3868876 3982926 3845856
3928051 4034657 3902582 3881003
3959507 3838962 3919693 3966146
3966320 3952460 3926829 3944729
3857856 3886889 3947046 3927034
3788798 3841534 3874598 3850900
3926901 3850041 3916961 3962374
3911949 3999842 3941577 3948293
3948406 3853632 3997218 4022044
4022732 4068424 3947901 4005756
3894940 3786323 3952910 3929387
3953906 3842898 3910330 3789704
3827711 3733162 3885169 3825858
3878090 3743102 3874196 3718030
3939087 3906309 3996917 3912966
3990136 3777728 3983702 3762284
3988457 3959354 3976792 3998303
4026992 3882816 4033075 3849163
3926287 3803006 3787219 3877491
3950786 4004147 4022802 3925812
3805743 3775591 3752236 3763966
3867979 3860170 3887377 3850507
3901239 3938403 3836246 3854011
3912995 3991409 4051613 3960474
4021557 3950085 3947831 3914781
4047620 4001067 4111949 3891001
3926358 3828069 3832949 3778537
4027694 4005690 3943776 3875151
3816623 3832424 3758424 3722925
3873023 3893365 3877662 3793614
3950059 3808259 3838190 3772737
3962940 3962106 3828698 3927421
3955406 3865705 3944040 3905763
4060946 4038002 3993081 3936705
3838755 3902922 3784078 3957125
4070076 3928671 3815721 3882473
3751021 3841117 3702013 3820527
3847374 3843913 3771316 3758667
3831480 3951122 3877505 3833590
3984072 3927472 3817233 3851486
3879355 3978383 3858908 3980742
4054826 3993880 3901267 3937451
3930926 3932290 3833237 3965696
3924022 3870452 3899999 3733921
3681883 3891068 3832670 3787356
3956130 3765891 3858689 3695832
3956384 3873182 3931930 3959047
3971955 3942531 3982461 3852583
3937306 4041113 3929026 4013614
4028956 3913483 3909029 3840386
3778534 3705999 3889806 3919755
3817272 3879159 3818628 3869029
3899423 3774773 3935465 3960847
3885363 3912727 3925564 3960965
3977337 3850802 3950998 3999320
3944536 3922662 3855877 3881773
3832322 3800085 3889255 3928397
3900107 3967363 3794062 3902195
3807604 3749139 3891688 3824925
3872915 3789366 3851097 3686486
3923413 3915211 4000573 3906296
4007512 3835596 3849609 3707666
3937089 3944660 3967942 3851353
3994792 3805811 3975546 3786268
3893789 3795498 3868462 3823356
3948952 3842792 3875867 3640075
3795039 3824865 3732181 3875757
3830820 3888857 3879556 3729657
3878312 3892701 3823329 3913921
3967814 3945150 3979254 3899138
3903594 3865525 3815450 3883420
3974117 3919478 4015685 3995380
3910322 3806302 3670890 3900580
3862891 3837967 3890156 3852051
3786762 3612372 3787298 3811630
3920302 3870118 3867556 3898574
3826843 3815841 3842631 3786416
3897000 4002141 3835153 3889422
3963126 3750365 3906253 3822868
3986824 4022013 3939804 3908322
3830223 3704212 3864146 3867718
3812219 3960275 3863105 3846469
3710080 3946492 3737436 3870615
3906663 3808898 3789175 3777142
3832307 3911634 3862208 3915667
4033598 3900629 3807752 3773003
3829337 3943950 3858860 3988778
4062396 3898787 3835142 3886442
3770161 3894812 3759698 3852291
3875343 3927619 3698089 3786014
3847073 3772961 3749136 3745938
3823877 3772154 3808454 3704478
3940518 3884479 3847241 3854927
3952894 3805016 3835097 3725028
3900087 3845984 3852232 3911488
3949184 3844727 3852143 3770859
3912369 3878090 3788542 3867705
3925766 3814993 3881662 3666435
3950021 3849313 4086777 4108396
3941422 4027726 3932512 4025329
3865553 3723515 3806444 3886301
3916529 3908174 3706690 3880089
3954569 3858662 3887254 4002573
3899638 3913735 3925175 3963190
3949806 3849111 3932972 4092280
3900066 3922132 3973787 4040239
4021887 3931485 4015035 3985375
4095904 3871516 3982122 3814872
3792763 3821998 3848916 3887089
3839727 3716725 3776964 3757061
3955931 3846334 4000965 3849117
4047670 3875255 3942166 3757084
3914880 3964618 3976609 3849459
4024311 3786448 3918472 3739521
3969534 3925781 3830991 3993332
3957758 4066674 4026996 4031562
3704851 3751379 3740284 3726793
3822059 3780976 3864793 3784048
3910201 3949359 3813436 3993478
3888752 3976261 3925965 3840360
3943446 3930501 3835924 3906975
4015450 4023072 3981994 3880508
3983651 3905518 3956215 3875599
3981111 4099442 3938506 3985067
3752625 3721946 3771614 3698318
3812240 3856827 3802910 3805094
3875665 3759843 3850766 3895590
3940601 3989100 3846067 3864815
4017599 3798099 3871282 3869210
3994845 3941183 3907994 3897001
3888420 4020738 3774642 4031649
4049681 3923140 3931675 4016591
3739998 3821659 3664887 3751998
3876265 3756738 3722453 3731573
3842331 3907017 3793052 3885132
3983359 3935072 3924839 3948553
3803252 3910323 3913409 3965139
4053739 3953171 3879471 3888064
4042955 3927060 3915086 3972130
4046509 3905696 3880693 3824893
3852307 3697903 3761525 3829357
3789936 3686960 3769225 3658230
3928906 3834247 3781513 3951494
3918603 3820674 3854156 3769162
3849759 3878887 3911376 3919943
3997595 3908336 3894103 3763213
3760775 3736662 3795862 3913250
3822850 3916663 3839530 3871915
3810132 3652425 3793961 3904771
3801737 3836304 3760191 3880703
3864999 3776446 3811740 3889245
3860495 3851641 3836860 3895138
3881228 3810873 3874429 4040588
3914073 4008202 3857890 3990451
3846138 3857299 3867830 3817811
3903252 3864016 3876495 3650813
3819827 3791890 3861813 3777707
3890501 3747546 3866657 3647716
3871054 3807838 3892160 3785751
3947557 3825742 3891173 3684074
3970500 3900663 3967683 3920519
3963573 3971856 3955389 3758641
3790509 3747873 3761851 3797989
3806146 3923622 3918957 3753852
3796990 3766711 3749887 3748386
3914965 3823329 3901367 3738314
3779342 3808225 3739166 3845901
3878191 3883319 3867366 3798291
3926391 3958663 3846496 3855548
3963470 3992555 4008941 3827475
3797875 3762791 3816181 3759696
3791779 3959885 3827538 3699892
3751788 3682187 3802817 3782641
3855087 3876419 3818126 3783228
3788269 3818335 3811680 3824017
3853323 3914706 3887738 3793129
3924852 3803109 3879901 3772491
4004652 3997146 3943301 3818310
3858473 3825520 3770208 3902066
4000780 3808380 3833332 3818443
3725438 3841985 3746088 3817757
3859745 3776029 3827708 3766411
3703582 3982559 3704226 3878476
3925572 3886417 3705299 3869534
3824434 3912204 3848519 3979807
3941734 3933481 3840415 3886675
3877941 3869054 3872997 3870930
3906387 3763274 3817160 3707727
3834338 3780368 3737797 3699032
3779525 3739992 3777956 3662179
3806182 3812163 3817211 3824598
3839429 3780389 3783014 3736302
3940373 3958373 3875592 3894182
3966182 3841871 3838111 3781164
3942283 3770028 3841258 3980364
3937642 3996205 3912102 3958234
3821306 3729102 3816800 3942287
3893812 3914839 3869444 3918164
3821570 3865452 3873689 3908417
3784994 3969492 3924869 4014916
3814572 3796478 3806017 3837463
3788464 3781924 3826965 3831029
3897868 3850883 4019933 3872785
3941496 3843325 3944893 3792621
3842127 3897740 3906586 3883230
3927022 3755834 3918367 3676412
3908935 3966218 3987241 3951328
3964207 3823827 3843285 3714410
3797183 3791240 3865756 3779383
3896586 3705176 3861310 3730064
3945574 3910621 3815791 3844792
3942109 3993339 3950519 3874549
3873146 3730548 3790003 3858767
3906350 3819581 3899449 3771261
3888838 3861238 3793562 3891516
3981332 3983886 3929707 3787475
3795855 3703196 3798270 3886273
3858006 3851515 3848930 3807056
3873154 3785172 3863320 3854155
4023351 3974115 3855975 3882278
3832121 3778412 3801466 3837564
3911523 3930299 3896956 3864798
3825805 3775621 3866273 3843755
3989424 3980628 3945796 3902152
3813253 3748523 3771658 3802955
3823235 3799840 3809832 3790801
3885137 3906216 3881426 3916375
4027456 3987435 3856137 3948216
3775105 3903957 3782968 3852889
3991818 3875666 3811063 3791402
3826958 3963134 3873037 3923905
3923710 3901185 3746431 3925455
3756580 3833391 3760173 3849296
3886038 3770580 3831778 3799886
3946387 3917796 3889528 3927416
3978031 3883548 3863721 3712269
3876518 3798661 3882085 3813386
3927446 3740631 3777267 3694802
3859049 3871069 3789559 3971014
3939332 3879103 3849584 3786012
3894581 3805596 3758315 3836006
3940269 3787209 3901170 3662436
3892873 3859938 3952480 3989199
3815411 3919518 3868668 3902125
3953004 3820578 3928079 3986630
3902444 3876373 3876142 3920525
3926918 3777644 3949186 3975580
3947117 3981794 3838030 3931926
3932438 3905700 3992387 4050614
3967944 4041075 4005260 3986301
3874999 3845912 3967669 3914996
3955169 3829513 3871526 3738220
3905434 3839565 3962582 3814368
3924126 3855636 3916453 3729443
3911656 3940951 3929522 3895580
4039826 3812646 3945397 3749364
3981874 3970026 4037956 3933704
4075476 3962271 3966381 3848367
3854854 3834511 3728372 3884039
3873724 3932963 3935143 3902697
3888265 3810966 3758951 3925390
3973602 3892608 3950101 3826898
3954951 3907812 3856059 3903210
3919858 3989165 4007898 3900709
4015246 3943384 3895553 3959774
4015501 4068804 4052673 4007820
3830782 3740269 3804387 3790274
3946586 3966120 3904607 3864323
3925732 3762326 3858890 3785802
3938006 3962070 3885776 3839721
3900139 3777353 3888802 3855176
3876853 3924006 3914409 3942940
3940602 3818085 3887065 3955270
4024579 4054266 4010826 3856314
3749585 3940307 3777782 3982497
3974338 3854660 3843041 3921808
3741092 3848014 3838878 3897426
4001591 3853240 3882434 3836682
3801490 3905468 3777336 3933148
4016741 3920198 3753025 3925618
3850017 4014131 3860242 4044185
4005672 3953087 3899885 3933123
3925456 3856257 3843988 3861053
3929073 3801804 3793891 3791891
3879785 3841283 3799369 3847185
3916753 3805847 3830105 3695604
3884924 3924530 3930616 3902859
3957426 3876609 3842066 3815994
4001137 3971984 3955262 3949930
4125485 3940441 3881859 3914170
3816578 3803241 3928645 3973161
3810607 3887875 3872818 3941347
3921264 3905624 3962016 3989359
3959132 3984093 3960431 4063953
3956057 3841858 3956608 4035028
3867219 4008844 3901495 4020550
3886084 3862642 3866241 3990864
3901777 3960258 3879583 4009513
3990546 3906637 3900301 3865581
3959723 3784100 3810189 3741341
3865520 3926291 3985264 3993142
3909925 3875048 3943220 3796250
3911619 3878259 4032838 3902094
3957258 3840952 3964855 3774307
3893248 3902557 3898201 3909169
3982919 3798619 3941918 3730870
3895594 3786385 3717474 3812003
3897950 3907238 3944857 3830919
3927992 3893386 3775491 3935528
4045019 3999876 3982057 3948084
3899082 3828537 3828698 3899126
3996175 3976942 4021115 3919911
3819988 3874104 3773232 3905710
3924571 3903624 3959281 3828735
3825319 3853917 3783956 3722366
3858415 3943816 3972768 3794068
3865233 3885418 3908756 3902619
3989150 4030249 3939879 3988960
3824623 3835246 3915499 3782461
3994471 3999202 3882740 3894811
3849008 3808105 3805839 3806613
3919680 3927802 3982284 3849173
3858422 3891550 3813644 3899310
3967764 3874477 3820236 3801014
3864109 3990995 3798576 3956290
4009860 3939498 3891154 3834621
3849234 3802452 3834082 3984869
3944132 3954892 3833672 3817243
3822739 3950230 3838949 3957841
3986980 3916610 3832879 3897512
3887720 3851748 3896063 3933296
3966499 3785998 3826879 3804632
3899750 3968051 3887202 3925434
4006207 3763730 3887790 3812162
3905643 3943199 3938512 3896718
4037583 3839470 3871411 3796333
3884655 3917164 3874894 3878620
3897032 3859342 3898679 3746780
3815477 3798433 3859682 3922992
3870979 3719687 3843570 3963724
3906263 3955132 4004135 4086958
4015456 4061457 4002385 4049208
3911789 3833242 3908444 4006409
3906865 3983635 4016707 3930428
3840111 3738700 3951793 3883902
3857589 3876370 3851488 3921299
3821102 3891595 3835544 3828540
3938159 3720911 3876556 3602189
4046470 3950874 4029715 3926205
4112734 3905339 3978289 3848348
3959693 3877729 4053852 3898714
3975887 3878050 4016952 3815991
3846989 3791568 3943416 3745701
3862385 3779765 3811680 3672321
3725324 3865182 3682975 3830772
3865260 3884509 3977068 3755665
3989869 3881681 3935369 3973231
3999013 4031890 4077881 3993515
3915290 3943060 3856624 4009733
3967282 3928075 3939640 3935546
3824893 3776614 3740607 3864625
3852387 3853221 3927193 3778704
3839941 3727869 3757348 3704097
3882726 3945795 3934312 3846734
4006760 3923515 4018089 3923307
4050059 4015543 4003976 4047515
3995366 3812729 3929624 3820072
3999864 3992798 3921813 3961968
3819036 3776282 3874804 3775499
3823460 3934134 3883299 3766902
3683438 3812490 3734554 3850578
3884010 3846580 3694836 3830728
3898051 4010902 3865062 4019578
4062574 4018826 3957923 3945029
3869105 3970317 3794904 4027013
4051189 3935096 3969043 3865330
3714686 3800186 3761343 3831422
3983657 3798499 3855059 3846682
3905178 3782728 3784632 3829746
3858691 3722733 3723706 3676800
3981949 3980297 3989005 4061662
4092683 3875179 4032952 3860717
3948863 3876364 3870428 3931881
3950039 3901795 3900440 3806516
3894157 3726580 3749583 3780050
3868167 3787049 3791716 3682199
3978899 3901368 3975600 4090837
3915300 4058280 3945464 4002254
3917686 3904619 3937999 3989733
3887533 3969813 3889588 3930007
3947555 3886413 3977344 4045087
3964358 4081480 3796239 3998478
3865004 3842518 3970183 3933004
3879170 3942965 3839295 3929662
4010674 3987512 4037481 4007985
3996751 3901953 4040389 3819356
3866898 3876967 4016137 3909941
3950562 3831508 3971384 3696915
3882134 3951151 4013209 3899049
3979736 3907915 3863133 3818077
3897944 3835646 3922928 3834230
3934347 3769152 3856314 3706548
4002243 3851423 3884898 3928695
3930868 4036007 4025203 3983143
3862799 3922235 3762239 3887670
4022986 3913696 3915074 3910093
3946652 3866844 3793489 3956944
3977510 4015358 3948836 3935384
3728312 3834202 3799895 3860067
3995211 3924129 3915175 3849669
3923868 3834350 3978076 3817606
4094139 4058745 3984846 3910060
3846627 3722651 3918604 3890391
3975895 3994261 3945658 3904536
3884346 3804910 3947355 3906123
4011843 3997741 3876376 3883523
3842280 3753216 3812918 3812957
3954333 3915033 3902239 3823892
3966090 4021466 3952793 3973530
4028724 3908715 3887239 3918960
3875717 3919147 3784003 3923237
4020224 3955262 3901910 3855300
3817754 3955413 3783513 3956946
4018885 3833710 3819886 3813436
3818270 3916925 3761282 3956705
3976679 3883786 3842061 3838347
4038687 3926187 3872137 3977083
4027782 3882432 3906721 3871336
3925655 3781707 3852826 3857089
3970811 3857023 3904773 3913842
3938032 3853983 3832854 3929133
3892499 3862780 3864040 3845752
3883177 3798204 3852074 3831751
3953951 3766555 3800631 3728702
4031791 4010744 4051486 4084636
4022771 4155875 4093760 4025968
3860517 3883974 3983185 4009080
3858885 3941481 3914273 4038136
4064407 3874729 3944187 4104178
3991515 4001502 3967467 4089779
3743880 3756839 3811605 3955350
3890867 3900664 3833761 3924960
3994251 4012607 4146270 4051555
4056156 3911087 4095595 3894276
3923242 3893915 3932081 3985241
3958341 3839904 3931492 3800089
4023959 3967258 4066009 3882973
3974156 4001615 4033774 3820057
3873713 3830033 3910966 3946920
3919037 3798023 3869167 3689025
3969640 4031533 3911138 3988586
4008654 4053213 4083361 3979859
3862840 3900970 3759313 3862012
3932689 3944675 4024723 3825826
3975325 3884102 3840117 3996702
4002742 4039932 4091675 3890232
3796451 3807125 3765797 3852325
3973247 3938896 3956153 3869924
3989962 4032936 3853802 3939500
4099091 4074126 4037613 3999709
3853825 3811527 3848795 3820631
3883500 3941502 3926169 3851109
3908808 3895488 3963819 4003367
4082994 4099238 4044341 3949736
3785355 3745630 3854205 3786117
3901152 3885474 3813829 3892503
3919488 4058827 3960067 3984225
4183286 4064060 3897372 4010973
3826205 3914173 3852293 3981863
3944028 3924934 3795048 3804237
3853670 3967566 3901152 4007579
4056761 3956464 3908733 3957989
3780933 3919520 3728473 3853603
3923705 3828426 3840237 3845077
4001463 3927001 4042867 3989899
4026646 3933580 3927779 3861611
4027685 3866149 3874789 3842396
3993975 3873797 3846760 3866786
4021283 3976191 3971390 4046158
4097470 3920251 4012318 3909345
3923728 3806435 3853466 3911277
3922386 3815379 3857544 3746600
3843272 3754723 3849665 3955131
3861837 3808454 3821086 3903043
3822445 3826166 3826662 3946532
3869171 3833882 3879883 3801904
4001057 3925343 4009127 4099639
3990074 3998605 3944957 4046912
3877919 3707628 3808689 3936382
3791961 3914775 3868503 3805589
3919602 3781029 3878592 3835654
3935565 3758392 3855546 3647934
3854404 3850622 3826970 3869145
3940861 3790200 3804807 3715693
3997183 3908254 4042562 4039662
3966647 3943314 4002846 3816629
3800371 3860603 3905059 3844341
3969328 3850252 3829493 3711527
3786408 3807128 3725460 3904776
3820558 3860703 3987676 3876717
3818549 3707847 3772307 3835471
3841850 3888361 3916287 3824168
3910743 4002094 3895664 3962048
3910041 3978751 4059392 3991518
3883805 3806389 3764120 3891352
3883835 3951286 3832746 3828925
3785518 3789941 3802152 3772933
3880275 3780888 3828848 3764228
3795760 3674813 3783366 3747899
3835383 3926835 3883452 3791969
3888150 3914422 3971677 3864671
3953138 4047853 3959213 3934443
3838900 3730980 3800296 3744597
3870930 3861514 3922301 3888636
3817731 3888175 3799171 3827976
3890537 3794203 3744866 3895325
3764475 3877839 3650615 3842929
3945573 3784165 3723124 3786280
3893987 4022424 3914557 4060936
4048423 3926443 3836812 3986075
3827175 3819587 3740026 3858165
3912885 3816988 3802766 3832117
3893650 3850328 3829548 3809044
3824771 3859398 3775976 3708648
3915886 3831001 3733684 3772081
3896814 3694579 3804096 3709001
3995260 3976889 3968019 3979508
4021258 3904874 3765366 3845541
3847498 3817755 3819236 3869750
3880692 3762450 3806349 3730129
3889340 3750805 3886313 3951873
3869060 3895633 3852979 3989771
3827637 3666540 3801609 3863487
3731333 3797471 3750296 3747307
3919272 3800429 3983552 4061727
3786677 3934847 3909536 3918686
3783673 3866845 3898746 3894179
3797246 3942599 3841053 3916952
3897262 3806965 3956341 3851130
3989526 3792887 3890161 3684660
3747254 3717839 3796068 3827644
3749495 3704012 3740748 3655144
3965761 3894246 3971938 3938516
3982784 3847051 3932049 3702605
3913808 3937721 3908645 3882387
3912320 3832782 3880665 3693147
3875959 3801412 3721282 3906748
3894061 3911665 3921204 3729711
3739686 3706793 3669405 3759590
3715581 3804398 3858456 3722739
3895198 3888206 3853221 3848747
3959600 3954051 3980738 3823888
3853482 3849819 3745594 3888740
3889846 3858242 3978541 3828376
3886136 3729262 3768208 3846864
3890265 3910612 3930050 3770297
3674108 3638946 3679272 3626303
3765061 3801812 3831284 3742461
3923412 3815573 3962209 3847177
3900870 3943031 3867129 3941250
3790394 3746765 3854059 3805340
3935640 3961310 3889599 3799007
3801952 3845807 3750147 3865326
3964358 3926899 3719971 3835167
3705722 3815951 3642375 3813682
3873585 3767532 3670128 3705501
3881859 3919916 3916467 3943027
3911645 3960751 3768895 3897836
3905111 3917805 3723772 3893896
3905365 3893497 3763758 3909613
3873817 3885146 3851400 3888246
3935355 3774869 3812369 3756199
3783554 3724449 3643748 3737999
3760834 3743068 3691800 3676220
3885687 4026109 3950999 3912174
3927208 3849241 3847422 3771668
3864680 3855091 3834912 3854061
3991342 3833069 3890136 3817734
3941512 3715323 3805680 3749952
3624613 3720167 3796193 3965368
3880768 3641077 3707780 3697610
3601286 3651181 3756818 3875309
3890217 3713922 3855084 3913567
3743033 3748414 3793675 3945259
3963250 3851945 3769718 3788522
3855848 3786506 3772453 3952689
3889617 3710241 4038739 3718083
3855206 3869144 3799125 3882269
3740072 3635780 3894185 3582449
3769268 3732247 3726252 3858540
3864820 3808268 4032147 3811742
3872706 3917180 3880377 3991915
3875055 3895430 4062910 3779490
4043289 3985307 3929004 3967355
3896329 3831126 3895987 3928521
3791499 3733816 3878669 3769533
3892705 3770452 3767564 3757056
3645782 3683125 3842444 3688861
3909960 3839253 3841910 3869789
3768689 3792794 3930548 3735794
4003655 3952239 3917080 3937502
3822565 3801825 3832713 3887321
3681286 3707236 3690258 3742942
3778292 3840312 3641788 3656126
3675594 3724174 3699741 3579163
3698283 3784053 3670685 3624085
3712754 3759447 3748722 3820447
3772709 3891740 3691423 3731784
3786805 3904868 3782239 3757442
3745666 3865044 3724007 3779115
3754089 3999318 3846575 3884257
3865236 3768005 3826046 3877585
3649755 3843203 3782731 3896920
3840735 3761559 3784718 3778508
3775491 3937252 3868601 3905411
3842592 3759824 3862795 3862368
3764708 3953014 3910213 3966264
3958938 3834586 3904524 3892684
3839844 3845452 3845242 3783331
3884183 3768601 3812462 3710172
3728826 3750720 3836782 3779524
3800551 3715116 3781445 3661805
3802733 3803866 3894204 3935062
3990987 3826680 3944044 3780271
3809072 3868832 3954425 3926191
3918076 3784207 3994231 3799222
4086003 3885748 3854252 3947903
3897076 3921154 3933512 3991161
4039128 3829745 3930100 3911844
3825791 3779204 3903772 3904320
3895888 3714246 3805575 3798055
3739720 3734466 3823545 3929564
3871690 3683458 3722470 3809152
3622506 3706091 3751316 3915227
3871805 3876273 4132329 3760641
3970329 4035533 3968439 3997780
3918621 3852140 4210721 3790202
4018072 3958649 4014752 3914686
3927131 3841202 4019445 3713183
3907593 3954764 3899296 4042211
3779000 3689838 3947743 3659716
3855165 3821108 3774721 3953400
4085996 4031090 3994208 3961909
3884772 3911806 3998532 3946114
4010590 3936400 3897367 3975171
3848564 3803611 4057463 3918310
3949256 3908964 3878480 3874453
3887326 3829144 3971561 3834512
3870153 3739414 3805318 3774238
3708942 3659612 3873992 3718139
3853576 3897899 3851806 3829082
3988386 4001749 3757743 3798724
3857309 3841260 3882966 3764613
3860457 4013357 3714126 3769758
3800755 3874356 3786875 3805429
3880021 3966333 3705454 3781929
3732646 3727020 3620010 3658389
3701503 3867418 3655389 3645148
3929038 3946564 4032482 4001362
4009754 4018896 4022698 3959183
3872034 4034502 3926174 4122929
3937388 3982505 4005694 3938782
3789176 4025687 3887899 3997872
3833866 3823167 3962405 3906402
3753470 3993190 3836038 3902589
3799276 3809614 3823852 3819289
3953665 3988731 4035655 3985527
4112570 3854293 4049794 3836037
3835523 3911255 4008139 3960936
4011643 3808652 3904800 3773999
3816632 3924188 3948286 3802359
3940071 3830100 3834502 3818754
3757421 3782787 3902428 3757937
3769953 3721228 3845354 3726302
3953541 3749604 3829463 3754674
3858638 3813107 3861287 3925207
4053870 3771849 3934836 3842344
3788822 3724980 3790729 3875137
3937522 3657583 3825976 3825816
3690385 3685678 3648192 3928822
3943755 3756552 3799567 3883519
3721121 3724838 3747283 3932545
3853105 3791073 4112559 3754265
3822467 3891461 3885570 4014968
3900632 3799516 4048889 3732385
3824000 3837817 3842606 3965161
3824485 3730765 4005363 3698357
3835135 3821414 3774177 3953697
3921684 3870743 4064071 3687757
3840377 3899751 3862869 3913711
3953238 3923032 3868440 3877061
3820821 3827844 3900368 3881412
3977662 3840847 3859487 3822156
3827004 3747657 3843472 3833129
3902842 3844845 3847582 3835401
3711157 3702032 3840451 3708674
4032596 3870574 3907890 3832190
3758544 3771565 3959402 3799468
3711221 3772620 3734294 3751257
3798152 3874647 3620847 3761207
3723419 3772079 3735884 3811252
3809380 3875594 3688069 3667359
3757227 3788983 3711196 3680417
3828173 3783691 3585446 3681044
3866858 3796675 3726242 3750832
3782956 3907943 3646141 3723382
3723804 3953092 3895020 4008767
3853247 3898781 3942330 3949944
3787917 4018868 3919441 3993902
3905932 3808951 3914412 3926644
3723775 3919976 3906063 3930211
3867186 3776470 3822993 3826852
3680096 3963769 3888188 4008357
3881288 3875655 3941120 3857918
3770508 3915950 3952195 3886108
3868806 3760895 3949638 3860948
3809703 3823592 3973762 3894250
3904356 3806105 3779429 3709315
3738592 3863797 3885845 3788485
3802164 3769081 3800290 3675757
3831686 3841512 3910475 3815937
3856305 3739430 3886661 3781997
4080936 3827028 3837508 3888154
3870818 3886990 3851791 3978554
3968752 3788414 3924300 3850737
3802146 3826291 3855048 4003571
4054589 3800625 3898369 3915808
3812873 3835196 3848570 4067099
3998700 3763027 3898730 3917571
3786248 3773616 3848833 4111319
3989920 3878631 4146047 3776740
3950330 3998871 3876852 4006806
3892668 3860321 4113076 3676671
3901692 3962805 3796668 3987380
3936137 3865604 4186986 3794814
3993433 4013701 3979034 4013547
3857890 3958577 4173413 3784440
3920813 4010087 3908341 4041785
4037261 3989970 3977984 3916384
3885673 3797099 3977041 3904775
3987638 3934754 3959087 3969878
3877357 3825521 3930873 3797218
4054605 3980520 4019710 4010881
3880881 3853584 4034763 3825718
4030623 3900725 3959054 3974415
4004562 3858128 3990744 3823208
3748651 3890621 3790901 3878233
3841165 3920057 3754919 3778529
3851277 3860795 3785621 3824386
3805928 3882634 3666153 3783960
3852484 3982659 3804581 3796975
3850258 3945799 3824698 3879229
3831605 3909327 3839723 3802326
3875405 4015837 3759752 3911148
3772477 4029486 3835772 3956776
3866435 3889463 3978902 3915512
3746313 4068693 3857313 3999808
3867928 3876238 4003292 3904989
3932365 4127872 3943969 4040021
3963645 3910923 4037553 3986549
3785423 3986069 3968696 4120057
3842469 3912418 3907942 3919920
3927187 3967925 4073950 3984195
3869336 3908238 3953792 3827000
3871065 3894512 3968650 3929809
3854563 3901311 3813207 3891369
3917401 3953860 4031183 4040901
4006878 3910991 3974971 3882748
3923408 3994164 3961235 3930526
3954241 3927822 3886633 3866449
4020136 3855182 3967032 3892883
3807032 3801898 3875810 4067998
3881374 3738796 3817082 3744077
3776297 3648744 3766489 3846499
3925617 3739332 3713716 3865915
3712041 3773541 3743467 3950115
3910547 3720607 3770294 3890318
3779577 3702739 3684088 3856942
3953869 3815832 4163311 3786358
3986488 4017501 3920594 3968840
3887634 3788504 3981064 3626173
3809392 3829319 3842735 3804892
3844776 3760031 4107865 3679323
3874612 3915384 3825608 3922268
3807750 3751629 4089410 3731694
3827548 3841569 3799713 3891638
4019240 4015873 3966939 3948059
3775852 3875411 4013574 3840546
3843981 3776466 3822525 3890080
3782890 3799101 3855737 3727126
3948611 3985928 3890457 3823877
3844557 3809808 3931896 3830259
3927799 3870325 3865727 3866551
3703348 3747762 3828015 3748047
3800824 3979858 3827160 3802267
3936231 3921968 3720799 3796780
3708367 3781250 3662608 3709671
3743784 3849593 3631183 3678924
3752689 3761685 3752791 3712652
3824687 3944142 3680528 3708580
3716456 3770797 3676458 3611828
3812321 3895841 3645020 3758673
3832707 4097428 3998642 4072375
3989979 3872318 3964211 3975920
3767449 3969889 3828684 3923948
3803242 3834632 3848431 3828396
3844462 4033989 3896065 3993603
3875648 3836836 3863254 3869045
3732749 3967944 3875619 3848053
3896236 3719134 3857832 3826054
3825890 3997064 3929808 3902879
4055086 3825147 3954925 3811846
3785796 3826388 3949112 3909086
3866715 3648624 3809426 3675534
3866870 3837588 3888721 3938808
3849289 3751010 3857295 3772488
3752407 3808617 3909405 3862365
3868733 3765184 3815028 3673449
4033394 3835032 3879808 3970294
3869418 3852687 3863363 4029462
3982821 3823855 3904220 3910935
3858092 3779804 3802852 3911549
3885351 3764295 3809707 3888840
3731983 3717354 3768680 3822085
3981620 3738025 3895699 3887996
3722311 3773856 3828015 3903653
4009909 3912007 4123767 3835052
3983775 3999224 3961378 3981796
3986200 3834683 4052643 3754760
3900694 3891550 3834188 3936118
3828235 3753425 3994266 3634840
3882171 3880273 3810352 3962938
3879069 3800916 4088222 3806063
3874070 3865240 3918312 3988838
4134848 3996649 3978732 3954740
3945373 3930029 3980119 3866752
3947916 3865811 3892127 3905790
3804459 3776034 3903936 3855289
3893588 3891594 3863944 3915687
3910402 3752240 3944617 3702810
3919267 3869722 3894210 3842653
3879891 3734464 4014355 3743505
3867011 3944371 3869252 3859923
3877796 3971102 3846368 3820947
3746985 3895596 3744596 3830261
3859112 3984340 3796024 3863353
3733527 3749300 3676206 3759150
3709227 3835494 3649415 3745637
3830819 3759163 3732510 3737758
3841101 3938427 3706181 3812385
3838567 4061421 3987848 4099021
3912390 4014683 4062078 4024947
3783937 4019027 3834382 4048498
3968592 3829180 3980615 3982017
3706068 4012468 3937264 3975549
3861452 3818031 3905506 3869648
3721609 4017007 3818504 3992827
3849468 3819586 3898857 3895130
3985367 3972804 3989293 3948098
3985656 3872979 3959747 3905800
3902487 3949417 3920260 3960259
3817654 3855534 3809671 3791448
3900464 3810286 3838357 3868750
3859694 3804096 3740604 3743055
3760151 3851792 3936289 3846830
3918546 3843457 3838366 3786983
4113354 3880177 3948731 3929174
3856461 3802950 3883926 3999329
3886808 3678084 3746414 3793391
3749589 3730971 3775921 3779292
3896641 3669061 3807355 3717768
3654206 3721266 3749836 3826066
3863177 3731906 3840550 3796267
3726194 3771209 3654819 3923878
4014711 3920334 4140116 3895011
3976950 4034545 3963286 3980261
3884805 3678478 3989172 3700475
3781001 3765788 3762977 3817113
3741483 3802724 4033836 3654891
3867605 3813432 3782076 3840855
3832165 3739693 4009242 3612315
3906843 3891113 3747815 3851138
4055751 3953133 3962712 3949081
3871214 3870257 3994515 3929608
3900705 3835756 3828318 3787101
3810710 3744249 3930844 3755390
3903548 3850410 3808626 3799807
3781377 3701183 3772002 3737879
3950398 3845694 3873173 3957942
3775756 3757344 3926359 3767229
3961561 3940137 3927758 3920568
3859092 4018898 3788794 3820744
3699222 3848744 3643066 3730351
3715096 3914256 3650726 3750778
3594451 3811782 3611144 3688394
3640326 3798466 3637836 3640654
3772568 3778185 3692884 3678416
3707302 3905315 3671512 3670541
3839845 4182306 4014032 4135737
3986750 3944623 4023742 4015055
3753564 3915662 3804095 3910473
3764483 3802573 3877182 3882815
3658148 3896830 3770177 3876708
3863969 3760753 3933158 3875175
3726622 3958831 3831071 3965341
3869760 3796193 3867437 3915599
3896211 4024048 4014430 3965160
3993119 3858781 3974567 3918936
3758251 3791849 3862308 3826659
3845476 3710140 3772221 3672877
3725517 3717296 3827107 3748650
3796521 3654723 3773444 3807854
3728349 3847621 3842853 3846267
3870277 3724995 3780560 3711757
4035910 3805949 3864838 3920424
3861605 3763670 3826816 4009084
3874857 3678938 3853170 3772325
3759894 3672711 3677756 3839657
3981352 3769503 3830308 3892201
3760882 3748196 3773457 3923335
3885785 3698524 3757708 3696678
3626460 3629531 3692640 3879333
3943876 3893541 4133762 3767850
3983497 3889535 3856000 3981436
3806174 3679392 4006670 3734006
3790459 3901550 3749759 3879535
3881466 3828396 4043367 3780947
3950422 3903775 3898650 3851313
3799487 3670525 4019068 3640711
3808804 3735154 3783064 3826234
3970215 3959595 3853821 3925998
3842049 3893449 3942885 3862860
3828598 3830677 3867335 3946813
3720322 3724198 3828979 3679273
3929787 3915818 3888307 3773391
3719435 3653707 3928813 3839935
3841267 3788887 3741250 3785318
3710169 3676520 3879902 3750607
3884327 3920045 3826029 3921535
3880847 3946165 3840359 3742880
3769680 3819827 3672903 3810267
3682329 3866655 3566700 3697097
3764907 3820277 3673900 3758875
3756526 3860394 3626617 3682936
3625721 3685142 3668316 3722101
3698189 3847162 3592529 3615397
3875290 4001026 3844803 4029500
3907835 3918326 4003481 3978254
3662993 3967872 3749761 3843144
3814336 3830734 3977376 3797578
3717666 3972373 3859391 3993885
3813095 3856323 3924503 3908457
3658853 3902535 3761212 3871371
3749151 3692321 3804161 3797446
3890054 4002512 4026888 3952534
3868076 3827425 3942685 3799949
3716438 3803618 3982668 3859377
3846538 3830214 3861045 3767221
3744147 3850905 3937224 3808103
3931732 3713607 3857958 3855110
3821292 3760050 3805364 3739661
3745231 3775098 3732540 3790637
4047288 3864450 3948201 3861130
3873919 3885219 3950664 4009450
3915337 3709137 3702378 3706985
3648106 3675637 3714544 3870261
3817497 3673836 3788470 3650847
3733481 3662082 3699635 3846470
3923072 3759718 3828309 3864588
3796533 3803298 3761252 3845507
3997613 3854220 4170854 3831777
4073497 3923528 4009064 3977680
3835057 3774623 3887728 3626477
3789888 3882849 3798891 3793275
3792407 3698523 3953146 3667269
3834216 3776163 3682021 3802681
3908362 3789660 4054022 3733163
3870942 3942326 3875820 3974075
4102613 4035310 4061052 3975025
3905353 3908916 4040342 3833776
3802884 3821896 3801128 3823463
3655998 3635307 3869283 3700528
3880015 3821455 3766421 3753690
3718067 3707082 3812311 3725444
3930561 3837408 3895087 3834641
3759771 3751658 3872427 3784922
3882672 3892941 3878349 3839695
3885999 4031105 3768723 3848067
3679592 3815672 3661425 3648874
3758384 3752008 3515888 3707310
3655458 3769999 3651305 3681236
3688997 3806207 3679878 3615074
3780051 3848726 3720338 3752826
3790549 3927022 3714950 3717625
3816536 4113373 3950650 4061028
4014955 3960273 3950998 3967673
3699010 3981931 3859591 3834843
3836370 3771957 3764555 3843862
3685796 3903684 3754999 3925406
3818428 3804404 3836504 3830585
3745530 3944622 3906919 4001919
3883139 3889093 3942333 3935663
3892272 3972323 4067406 3997140
3943803 3916338 3907128 3836853
3628020 3804818 3840430 3766330
3841054 3728902 3791511 3708794
3737484 3769585 3851107 3786113
3784729 3692647 3711923 3657199
3897164 3861879 3903779 3803177
3874651 3800571 3872873 3792479
4048879 3845703 3938642 3922066
3810100 3846252 3869035 4103951
4010034 3739311 3776710 3835755
3851480 3754256 3811599 3924526
3992745 3672421 3889356 3827308
3802154 3671361 3784582 3886694
4044723 3899665 3895623 3845062
3840479 3870947 3876137 3894008
3921166 3890552 4075730 3827657
4061096 4071301 3921514 4084438
3896312 3816137 3997094 3720915
3867664 3943837 3816978 4004158
3868934 3806656 3991110 3766638
3817564 3884739 3821904 3936124
4086349 3862759 4098500 3778695
3978129 4030628 3961152 3908035
4062581 4042642 4043176 4014004
3995707 3851042 4122157 3907608
3878117 3916861 3880957 3855058
3774562 3781944 3932804 3753343
3900830 3816752 3862756 3923612
3814517 3729514 3918269 3791730
4064565 4003043 3992019 4079610
3864752 3903898 4005792 3861124
3808107 3900469 3844295 3860009
3882925 4006374 3657482 3791032
3700009 3831260 3727792 3774114
3789326 3888788 3630000 3775377
3724242 3804984 3798607 3753450
3789341 3889953 3738547 3656383
3834328 3847256 3858658 3861521
3806201 4054603 3692946 3833677
3910069 4098458 4025999 4045313
4035737 3998733 4013815 3973882
3787093 3978711 3807069 3966447
3827858 3846406 3965736 3957964
3762794 3952770 3849002 4033339
3809649 3832121 3908770 3900020
3847148 4111204 3934839 4011167
3993776 3959397 4003271 3960446
3910952 3929728 4008980 4019706
3992713 3755039 4015830 3883001
3837139 3888263 3967663 3860471
3901576 3773893 3888689 3841660
3813660 3805529 3920066 3909175
3920996 3779363 3860921 3724670
3890154 4003080 4010799 4021480
3976973 3882344 3998180 3880452
4120193 3778057 3961261 3854289
3852964 3795228 3889004 4042345
3958828 3824323 3844821 3880200
3789872 3737696 3710590 3932605
4027010 3729905 3898296 3877918
3743106 3767583 3796585 3926710
4067962 3896429 3910451 3935246
3747541 3833347 3816419 3963718
4053641 3899733 4150276 3838259
3961824 4084077 3912219 4012502
3917433 3787375 4074510 3719547
3946680 3884164 3816179 3913222
3892812 3791450 4129532 3706099
3913685 3932780 3925312 3955666
3929847 3847593 4164850 3764860
4003734 4012658 3961091 4003181
4025468 3956618 3985899 3936271
3862526 3832655 4029783 3932134
3848335 3838300 3840464 3839948
3826153 3761307 3933482 3758955
3997666 3937598 3872996 3910753
3829296 3780232 3947294 3814114
4050729 3972274 3963739 3933629
3912443 3856550 4012104 3909866
3843239 3935449 3783910 3918695
3860588 4027294 3830794 3851179
3752842 3837259 3741390 3721727
3767739 3986370 3673644 3664016
3799169 3777342 3704129 3749358
3784499 3921400 3702511 3708875
3877142 3948556 3757164 3767574
3860551 3941725 3765642 3728072
3796420 4141283 3936552 4111060
3937429 3968107 3984683 4041087
3735211 4033581 3835932 3990931
3897829 3801471 3885386 3871500
3854429 4035974 3928917 3972088
3902648 3862154 3985874 3865070
3898110 4065926 4014048 4033233
3887028 3911816 3989755 3965264
3909741 3962408 4031469 3960793
3993715 3850955 3930624 3859826
3765144 3829492 3908076 3870335
3896936 3791061 3886387 3777690
3920253 3967865 3884593 3929137
3869763 3844130 3874811 3752268
3898619 3980482 3988905 4028291
4022746 3941712 3951857 3812895
3856444 3680167 3797602 3709864
3631220 3662503 3758601 3842547
3982559 3707460 3867759 3806629
3809970 3852431 3787395 3974672
3887585 3764198 3732911 3718209
3739446 3643575 3682280 3829456
3971746 3762350 3879749 3832580
3781938 3857936 3773922 3980805
3742276 3755861 3947892 3674420
3758667 3840293 3822972 3855592
3895227 3877963 4056014 3841136
3916088 3966967 3927902 4020162
3797468 3730012 3902377 3700573
3754989 3833628 3789945 3795707
4024643 3904409 4215689 3829817
3958420 3990562 3931865 3998857
3905491 3817193 3691716 3810165
3677232 3675343 3857423 3701555
3946655 3987221 4019160 3824180
3843533 3844901 3949991 3797794
3870967 3838488 3750118 3833679
3712301 3674762 3821868 3690388
3981175 3985366 3946823 3987897
3889772 3811470 3969820 3908929
3668684 3736647 3643054 3641241
3771281 3892623 3585028 3606375
3818888 3881037 3829713 3886154
3795647 4014182 3774156 3830412
3738281 3820638 3621312 3687273
3682178 3810927 3619778 3604268
3821094 3889677 3820233 3826851
3788531 3876165 3707043 3810443
3624261 3912358 3714806 3870978
3714808 3656591 3846815 3835798
3765644 3944240 3879049 4008232
3909127 3910669 3925199 3950642
3637909 3852934 3814701 3885849
3748859 3790706 3742401 3887585
3808945 3990287 3896364 4045105
3893049 3861927 4009878 3938617
3677277 3810735 3839344 3709946
3814006 3674588 3778629 3593972
3842013 3917771 4017941 3910965
3909890 3889792 3872811 3832794
3775276 3852658 3861552 3770978
3767539 3754813 3800149 3723273
3832690 3914432 3980189 4005075
3911148 3769094 3962907 3800414
3811700 3951381 3805510 3923863
3813525 3949422 3915686 3820392
3986520 4077029 4042280 4014044
4037550 4145089 4083493 4004253
3863574 3950036 3890835 3990211
3962271 3943020 3927206 3802999
3734137 3875454 3741141 3907861
3772009 3864019 3858395 3693256
3968674 3815789 3912360 3877473
3763707 3639646 3846878 3856303
4091641 3989237 4132054 3994735
3942292 3905952 3999467 3949327
3884726 3826857 3993072 3777248
3844948 3665899 3847268 3865991
3870274 3838140 3907046 3859669
3706759 3642479 3746376 3721737
3764984 3747424 3852650 3885457
3850575 3820039 3832705 3888074
3997260 4033854 4062662 4087251
3995508 3985772 4018157 4112631
3787887 3790918 3939699 3889094
4026231 3685467 3815705 3949844
3747933 3801892 3776207 3976887
3838311 3701182 3767398 3869724
3861547 3809772 3780688 3796658
3867453 3975943 3887127 3911397
4038778 3987019 3915084 4014212
3988578 4139699 4110548 4168401
3877002 3773228 3726970 3816043
3784901 3983725 3980355 3993120
3804027 3726721 3706259 3772358
3784307 3983527 3872120 3999902
3659910 3961551 3769167 3992976
4004429 3811095 3962195 3949718
3820270 4114967 3892481 4121227
4169073 3987831 4191871 4164747
3722710 4044718 3804767 4038491
3943675 3806296 4015447 3846581
3587057 3854252 3824351 3978277
3943622 3704140 3971237 3898077
3800321 3807446 3892565 3905005
3954547 3845845 3828969 3844291
4047612 4092376 4034952 3968549
4054251 3966638 4020936 4155803
3894663 3944495 3921548 3914474
3860096 3866442 3952520 3869204
3714731 3869374 3914318 3795659
3868567 3765242 3824168 3808408
3867295 4005518 3935278 3996154
3961272 4059082 3942457 3871925
3795092 3992063 3848672 4003968
4023011 4011860 3988987 3826366
3852284 3931697 3757767 3847126
3800994 3917294 3901157 3752501
3810611 3962096 3911986 3943082
3847090 4022098 4009118 3885864
3957379 3905406 3965180 3815163
3900769 3664701 3946211 3754484
3904960 3885772 3967074 3913686
3868761 3708859 3848134 3864409
3894089 3717814 3934668 3782611
3824854 3723056 3798064 3710796
3836597 3917109 3944466 3909968
3881881 3647325 3784136 3891820
3859705 3827918 3853468 4070500
3885503 3779557 3889830 3966837
3749388 3742966 3992669 3977511
3917145 3814602 3777229 3990184
3756644 3738809 3787746 3935491
3824543 3737231 3742957 3927659
3828931 3825869 3992525 3967648
3881532 3808466 3859919 3994846
3863686 3863281 3715246 3886075
3842910 3991886 3957649 3991205
3886854 3899474 3707656 3847137
3811111 4004133 3942949 3955887
3850315 3799088 3645452 3680399
3824170 3901483 3998137 3961143
3868728 3810522 3739827 3800196
3787462 3927796 3975068 4000753
3606727 3981630 3851542 4031536
4007307 3903067 4043808 3863034
3671436 3924732 3867101 4040959
4059524 3817885 4006159 3958916
3625354 3948617 3716364 3986121
3950421 3899353 4038005 3866069
3740866 3904907 3808251 3946005
3956939 3778066 4104259 4017761
3815087 3908858 3937183 3985907
3898775 3859666 3957101 4021843
3853865 3902728 3944181 3882350
3944014 3873159 3929066 3972121
3797298 3911018 3810336 3845850
3863249 3768831 3775512 3940378
3824179 3919394 3900648 3953219
3923423 3879552 3851958 3919552
3941508 4069815 3899377 3957740
3892069 4059259 4024021 3911214
3903191 3922247 3974235 3951310
3923027 4086970 3933729 3849110
3828895 3886586 3856282 3894009
3911703 3907436 3946605 3805339
3828110 3905655 3889074 3891204
3892832 3968980 3946657 3851935
3954996 3901477 3971338 3919106
3960241 3710307 3967577 3816041
4023964 3869698 4068630 3899446
3999791 3777530 3944911 3983470
3909911 3889824 3875817 3870349
3836104 3715375 3832989 3796388
3934309 3988393 3909254 3890972
3844526 3681310 3877009 3804808
3847478 3785657 4074171 4011637
3956954 3853602 3828815 4033106
3828876 3814078 3991871 4037411
3928683 3753769 3887508 3942722
3826927 3827153 3873386 3926234
3878493 3691278 3799487 3944173
3827578 3872503 4009159 4082857
3970781 3725952 3797783 3983965
3931128 3851406 3792211 3852795
3839816 4000814 3851497 4034732
4003063 3876616 3796668 3835185
3908283 4025194 3979455 4042656
3938263 3854191 3718153 3761212
3853076 3884413 3870631 3977740
3898241 3853401 3848735 3850327
3887649 4052668 3955203 4017680
3717559 4008863 3847635 4053094
4043501 3880328 4053579 3889550
3736769 4026334 3853133 4043732
4003995 3962877 4139681 3974748
3701088 3920104 3801609 3916638
4009372 3782073 4062608 3878706
3742222 3999898 3793208 3971041
3879992 3811947 4089436 3911509
3870393 3918084 3982934 3897117
3969792 3855526 3840450 3984241
3870260 3930654 3942572 3932038
3953459 3817583 3945603 3972437
3841505 3919466 3863717 3861886
3884279 3809726 3830471 3914056
3873567 3934329 3952327 3971744
4026475 3882716 3902815 3915879
3857904 3904432 3836676 3952207
3903053 3938137 3961222 3840514
3742820 3814486 3739870 3723221
3744462 3794761 3738573 3787460
3858018 3993455 3930162 3998986
3933157 3983965 3917965 3930583
3702396 3840243 3803308 3864485
3747992 3921047 3769024 3725555
3938953 3896055 3903911 3909211
3812201 3717759 3913023 3799176
3810756 3793003 3764818 3819561
3734706 3443807 3764670 3665278
3875238 3943462 3977307 3917518
3896860 3692313 3949685 3849688
3780536 3724805 3741971 3705519
3713979 3580633 3741904 3773066
3832611 3836173 3891157 3902374
3854655 3778439 3835527 3888678
3679222 3647748 3793864 3855323
3750504 3625992 3766603 3795708
3838442 3897108 3977238 3991379
3904046 3784448 3887063 3962491
3680302 3628601 3851404 3857277
3719685 3668687 3706904 3769351
3842063 3768206 3748514 3811509
3837077 3978889 3933849 4008443
3755252 3766734 3578103 3703407
3717756 3798160 3837393 3813232
3957932 3856788 3717006 3820533
3896594 3963697 3993875 4111887
3755572 3755916 3644588 3640716
3741135 3826976 3854535 3828230
3620112 3953428 3875406 3996300
3982466 3842688 4050124 3891737
3489428 3863430 3675817 3771128
3844869 3782668 3911310 3780927
3720100 4034045 3842309 4018719
4057749 3886603 4120032 3988073
3490022 3786029 3698400 3901206
3863035 3789038 3926837 3804828
3893783 3928708 3907085 3863432
3878376 3775121 3928200 3758639
3713229 3861072 3793283 3700198
3740830 3616525 3743027 3818421
3879907 3994725 3952200 3948639
3968519 3808388 3928567 3904815
3771336 3795824 3817026 3818391
3776873 3671091 3751835 3839360
3885126 4018274 3873947 3989820
3970115 3991676 4006105 3903538
3853617 3916220 3783824 3931906
3830152 3974794 3842227 3844246
3759828 3936443 3897904 3913377
3884402 3985078 3900436 3867132
3772745 3925198 3823446 3831828
3842471 3895453 3944186 3766638
4028021 3928949 4013190 3895301
3832905 3697548 3976187 3872368
3923594 3860916 3919509 3863663
3808827 3667492 3815511 3822730
3942545 3887131 3997793 3856517
3830204 3761563 3854197 3902164
3895583 3818267 3899691 3761664
3745015 3573469 3758879 3783401
3874392 3814849 3972829 3997345
3969319 3887374 3853567 4008675
3834530 3715578 3937287 3895991
3881913 3725051 3819044 3902681
3789924 3773775 3930044 3912364
3943651 3747139 3805101 3951833
3731759 3778105 3847308 3890011
3840788 3808879 3687621 3912298
3899457 3811655 3764420 3914688
3890551 4088366 4018984 4039420
3831289 3856054 3736178 3838116
3858305 3956438 3890138 3916062
3830368 3868993 3810406 3875356
3814686 3928620 3967684 3912828
3780390 3748088 3668536 3801220
3781108 3894848 3970843 3895453
3681792 4000416 3864059 4048620
4031505 3881631 4076385 3954580
3626873 3938378 3843383 3987758
4039553 3831800 4083173 3938570
3611607 3990134 3806382 3975697
4024853 3919843 4081538 3984372
3606227 3882939 3747374 3982472
3856597 3803310 4028217 3857880
3936417 3996727 4026036 3927130
3969590 3881293 3929699 3960745
3831547 3843535 3855860 3861904
3926557 3819133 3845163 3948241
3865050 3951326 3985821 3964716
3934698 3819214 3900828 3846990
3787641 3902518 3864165 3927877
3882774 3788519 3831341 3855002
3801626 3887584 3866484 3909507
3929411 3911522 3887255 3839263
3735346 3846071 3807171 3931610
3718982 3862718 3841353 3708805
3816624 3918389 3857410 3868698
3825789 3901461 3924615 3871499
3872194 3910259 3859485 3927689
3860276 3977768 3912305 3874076
3935508 3813251 3974090 3896768
3929066 3687711 3873819 3889793
3812634 3741076 3875285 3795755
3630285 3645483 3783233 3776530
3852072 3868295 3842963 3876002
3805342 3670591 3798634 3865846
3976595 3816143 3900760 3905225
3898244 3732476 3849719 3820500
3701259 3772738 3918532 3994108
3944736 3771901 3798207 3998191
3636671 3716522 3840738 3858904
3757315 3690981 3688756 3811218
3782462 3680047 3906153 3922796
3818455 3662057 3793002 3959058
3783593 3810505 3983078 3958894
3882429 3816674 3855808 3972536
3879071 3855806 3787344 3883320
3865033 3942674 3938111 3991859
3795552 3755392 3652418 3703603
3727359 3823309 3727909 3838939
3839678 3819019 3696744 3812526
3839115 3979684 3914456 3905579
3889473 3913354 3720941 3794204
3804437 4017019 3928196 4037591
3700605 3994139 3763616 3903652
4023941 3758887 4079909 3889505
3559508 3853719 3667348 3853560
3831063 3695620 3972282 3814786
3679119 3917401 3749051 3991393
3971080 3813935 4069140 3874395
3705577 4031472 3861308 3977180
3964714 3862306 4040259 3910368
3857367 3908072 3946835 3925504
3909222 3797246 3892868 3892043
3749221 3851127 3839318 3850328
3830034 3702230 3780113 3753377
3871751 3866402 3877537 3843956
3855305 3733763 3785099 3914668
3866865 3984508 3934292 3946313
3870073 3866735 3985888 4001669
4047028 4132642 3910199 4091874
4024713 4011525 4059568 3884724
3855569 3913172 3871395 3857399
3906067 3993961 3913264 3920556
3750501 3820690 3778851 3906269
3888505 3832279 3783342 3724604
3917892 3892055 3913364 4007336
4013677 3962836 3951465 3958779
4007550 3913396 3991725 4033979
3950044 3776415 3962446 4017452
3930237 3882734 3929709 3899978
3788069 3610562 3823475 3899225
3867122 3855980 3943854 3790580
3761046 3620098 3742251 3736427
4014492 4007619 3904543 3942749
3919635 3707764 3933103 3837872
3900856 3891702 4022470 4132816
4047728 3872783 3966605 4173025
3830389 3698796 3952633 3995938
3884488 3776964 3790400 3912740
3716930 3707178 3862097 3862262
3900015 3729039 3655564 3873888
3864501 3914761 3998096 4000984
3912275 3860528 3920563 4032223
3934220 3991205 3876464 4053757
3921524 4075899 4076412 4111543
3902590 3810822 3682012 3898042
3838497 3926174 3934188 3985398
3737638 3805944 3715513 3676155
3778430 3972845 3814194 3905569
3953151 3911255 3795003 3859926
3914073 4102556 4031171 4017301
3815272 4071686 3948803 4182475
4147857 4046803 4199891 4007835
3681360 4009240 3840255 3990225
4007165 3912467 4060867 3960846
3534801 3903102 3769027 3871390
3966464 3695892 3937423 3889442
3682369 3992508 3875174 3966512
4096836 3944611 4048982 4001559
3941252 4027602 4094574 4064291
4003518 3947219 4033877 4082844
3791215 3935756 3936677 3838639
3876143 3814627 3957581 3948580
3710214 3916841 3874641 3795882
3878831 3732734 3853701 3880597
3850541 3945839 3987731 3995428
3982219 3872435 3965702 4013496
3844703 3926768 3919409 3936663
3843569 4090662 3910501 3851507
3938035 4013206 3875937 3998152
3954207 3984149 3945318 3886366
3822415 4026513 3770801 3928942
3891862 3970046 3980885 3813347
3928049 3926977 3934382 3951242
3930819 4002730 3898324 3815668
4003838 3975876 3993846 3930272
3910258 3747365 3924365 3917016
4019962 3922063 4021660 3867979
3902025 3699431 3919240 3812707
3883904 3863605 3983750 3858405
3880618 3722738 3894751 3897061
3930101 3898725 3882853 3881006
3826163 3668842 3912199 3873867
3841820 3819876 3937014 3994303
3831689 3854501 3887404 3970859
3828322 3858606 3963895 4037886
3903887 3819523 3898378 3950833
3770788 3834121 3973812 3964629
3873592 3823232 3944969 3998926
3891268 3703635 3935222 4055594
3935535 3800659 3824232 3966787
3949557 3829867 3757669 3948642
3789351 4000579 4070407 3949684
3914790 3934083 3783305 3961611
3865953 3961060 4016066 4023703
3840838 3818442 3709820 3832240
3841703 4024591 4000809 4010647
3861287 3792930 3746214 3860256
3772333 3980889 4018658 4074260
3673062 3991731 3861417 4002531
3982954 3859035 4128071 3938756
3673141 3999612 3785655 4049492
3944561 3878329 4054696 3956080
3684936 3950618 3859908 3945559
4033514 3919672 4094330 3999542
3685988 4030370 3757070 3957687
3939027 3838207 4007716 3913119
3826673 3882339 3974220 3895901
3869270 3851008 3877034 3978070
3915506 3983478 3937846 3919353
3944450 3727636 3958791 3873525
3925824 3906906 3915445 3951898
3920394 3824773 3966723 3987819
3943247 3928711 3933738 3903413
3826098 3788961 3900458 3953567
3912126 4013914 4009829 4034209
4001933 4049068 3976218 3986424
3915907 4008837 3981699 4020330
3911607 4051464 4082283 3966832
4023785 4156909 4033335 4070007
4040358 4097613 4104379 4013285
3823690 3948088 3831159 3835353
3817868 3897838 3903492 3829508
3929634 4001351 4069583 3992159
4032999 3735736 3963359 3992017
3989621 3897129 4028987 3942926
3875174 3762888 3976424 3912516
4101522 4038549 4094798 4038462
4007348 3868042 4025125 4008914
3944562 3918988 3976091 3904010
3763893 3681714 3857316 3889681
3964952 3924587 3990087 4011777
4012862 3871764 3911468 4088320
3861071 3874723 4016754 4108713
3930160 3900699 3946575 3993700
3958262 3972677 4123710 4138320
4094846 3983442 3971727 4130678
3701712 3708841 3912305 3897901
3919154 3742056 3774231 3929281
3903841 3963548 3759517 3967776
3972840 4086132 4096649 4028544
3879876 3898387 3721135 3859157
3966417 3966411 3960462 4036835
4032751 3938235 3942734 4005216
3976259 4183142 4118434 4191608
3824907 3855704 3707944 3845543
3780030 3952998 3921576 3935828
3793468 3993274 3893455 4044971
4071662 4002192 4126858 4043205
3723609 4052683 3891018 4116876
4123675 3936744 4102468 3997122
3861042 4201651 3993951 4104626
4235223 4087465 4305893 4084309
3618654 3948723 3810821 3895923
3981887 3849940 4039292 3922978
3944411 4074624 4124499 3998561
4045006 3954759 4030052 3969939
3951528 3954596 4024571 3934142
4027289 3912251 3947340 4063906
3992575 4045791 4124506 4039602
4162767 3923521 4113407 4098698
3820954 3884033 3849600 3921540
3868306 3811359 3808067 3976084
3781419 3772570 3829790 3828292
3805622 3925706 3792846 3722982
3840096 3946678 3816162 3891897
3895865 3909736 3867165 3810738
3927746 3894950 3923179 3912966
3858215 3941145 3927687 3921985
3832386 3962279 3922845 3922592
3979956 4006133 3999562 3848696
3848353 3710508 3775591 3797790
3691413 3624612 3790013 3746112
3907942 3841432 3933090 3767287
3813060 3679069 3816743 3826980
3898599 3882323 3973797 3893415
3836422 3655958 3923577 3786281
3976933 3931481 3942087 3894666
3939768 3752743 3891318 3912998
3804488 3744759 3824016 3804846
3839580 3784647 3686768 3882664
3740177 3734704 3904614 3926030
3877506 3804056 3776275 3930083
3716753 3742766 3898464 3931734
3902542 3713226 3868912 3962140
3893799 3807465 4067376 3968419
4005121 3753679 3779964 3979292
3730005 3690677 3688871 3766996
3801761 3948727 3832549 3972729
3789334 3808511 3740302 3868735
3840272 4022236 3913168 4005505
3797099 3835822 3737350 3863218
3802879 3966995 3909317 4015305
3869914 3854503 3786721 3903977
3887755 3965149 4008538 4048853
3581384 3813704 3742095 3896536
3909200 3761460 3974427 3848512
3679397 3977678 3746959 4030959
3964559 3792563 4066885 3879708
3623592 3942801 3835103 3968367
3953493 3890273 4083718 3897405
3710850 4027316 3912412 4007961
4052482 3926950 4018698 4009425
3719599 3870445 3901191 3772307
3817364 3718714 3788489 3779430
3843476 3887209 3971416 3850891
3875416 3799808 3866857 3952632
3847873 3977051 3961195 3888815
3938773 3745270 3904491 3885041
3839025 3977471 4022946 3876399
4004276 3913441 3874009 3914090
3675393 3785676 3679053 3737890
3724261 3787285 3758108 3672074
3908318 4064557 3969824 4053507
4036081 3996993 4019946 4040528
4008128 4047072 3970505 4038963
3975440 4115133 4019657 3916181
3758585 3952244 3789447 3911628
3891740 3864232 3921024 3821345
3761577 3636857 3749028 3766301
3646445 3515419 3695481 3615822
3975887 3963387 4040248 3973934
3928284 3771731 3968896 3950767
4028350 4002155 3952519 4013038
3993366 3831507 4032044 3923142
3910568 3835548 3897643 3871404
3814857 3603213 3891893 3790751
3636817 3620531 3686516 3739473
3687897 3657928 3750142 3747610
3955892 3967067 4090592 4077980
3999736 3862136 3959538 4096535
3963279 3832810 4084715 4189563
3989602 3826262 4026457 4071200
3804525 3710487 3958963 3955993
3872721 3742897 3806047 3937967
3689250 3624571 3582914 3689693
3669795 3773622 3765797 3868855
3948842 4013991 3807398 3923916
3907716 4088249 4057103 4077240
3964252 3940226 3824649 3975531
3993266 4107106 3999091 4124475
3796125 3796714 3749268 3829237
3788248 4018781 3929240 3978270
3456506 3705831 3585486 3757143
3755113 3750072 3800313 3694268
3790973 4082564 3860765 4050194
4007639 3936412 4093170 4010107
3724556 4051153 3899838 4082403
4093826 3958728 4154749 4023724
3676540 3972802 3859142 4033174
3933274 3797186 4084669 3929340
3702085 3665700 3773293 3777895
3709825 3635934 3738495 3724544
3901459 4041621 4035108 4029081
4069773 3935123 3996443 4041653
3936028 4089860 4070922 4034021
4002398 3948565 3964256 4015663
3806382 3865726 3919369 3842750
3966509 3818809 3829926 3910484
3710951 3779230 3700245 3768748
3773651 3734126 3728546 3727709
3926026 4026255 3890070 3957400
3936376 4045264 4076288 3986266
3841215 3916449 3945572 3910399
3980995 3999581 3930681 3907498
3951133 4019281 3936350 3978768
3962794 3926493 4011781 3967321
3783802 3781626 3757571 3693618
3673075 3560629 3679237 3722232
4039971 3953893 3961881 3916026
3925865 3811257 3880733 3933758
3937467 3865971 3955959 3911980
3853620 3688472 3920407 3911780
4046120 3978524 4047467 4007311
3931528 3784489 4002511 3967929
3636966 3622507 3771027 3800423
3730652 3654022 3646400 3762569
3839541 3852405 3962704 4096150
3936484 3780518 3901724 3907807
3797450 3777284 3955104 3966961
3895207 3809096 3878905 4024145
3993836 3855208 4074330 4107420
4029199 3842304 3975377 4082086
3758909 3707221 3607952 3750126
3715044 3808378 3803926 3780939
3905929 3908079 3774630 3892874
3902091 4028499 4033003 4059732
3872761 3863277 3746882 3872360
3887655 4104884 4003190 3967315
4025217 3911225 3743193 3945804
3955526 4082308 4056068 4092230
3542588 3813388 3686710 3753756
3805545 3647989 3935310 3775181
3643207 3998326 3921906 4064301
4048164 3883621 4160978 4038040
3699227 4005367 3889126 4035151
4030346 3853029 4180272 3969221
3735791 4085604 3941090 4091381
4052484 3982748 4180638 4066579
3783524 3822667 3833723 3790762
3807421 3729235 3727853 3840091
3954004 3981029 4049491 3916764
4065264 3957756 3968165 4027944
3894174 3902045 3973176 3924932
3987172 3888527 3973918 3963768
3869771 4019826 4083812 4000691
4020529 3910443 3955658 4010567
