3833559 3769487 3794797 3839380
3923611 3819215 3869108 3770891
3795380 3866308 3765163 3771607
3842196 3807016 3937596 3877499
3932768 3989913 3865202 3974772
3957090 4008255 3989581 3861686
3767188 3812626 3773099 3885592
3894190 3882550 4038003 3765310
3813113 3692340 3761275 3930255
3615305 3850524 3776051 3808666
3848562 3759328 3740091 3951132
3521646 3925042 3856087 3889568
3931499 3899866 3979562 4077090
3767930 4056890 4017088 3986831
3862151 3805835 3777304 3913754
3637625 3888280 3869144 3889812
3739149 3747627 4057819 3807112
3736904 3814916 3675752 3716255
3682778 3741295 4095336 3762045
3731802 3891055 3733852 3721380
3805335 3897174 4144520 3881122
3852452 3888760 3823631 3811097
3795056 3847572 4074745 3803504
3767176 3782814 3737439 3695919
3941397 3719628 3881264 3914281
3768670 3868971 3684415 3769394
3981643 3886348 3820266 3940815
3740664 3911400 3740493 3728899
4004972 3957982 4017672 4113201
3838417 4118182 3785885 3907796
4021213 3807621 3871615 3970640
3767813 4020617 3743330 3831179
3813882 3642954 3920649 3830764
3870650 3843934 3865573 3889861
3819118 3673501 3933469 3851110
3842514 3819997 3862212 3978507
4004873 3857839 4037643 3951896
3868736 3913204 4059271 4002045
3885030 3803123 4021040 3870760
3842716 3783955 3940754 4056595
4083173 3884595 3761837 3684508
3854658 3732348 3810183 3950793
4072288 3923775 3814680 3765314
3804184 3695424 3918999 3927273
4139406 4000588 3871748 3873746
3956353 3894264 3991607 4025555
3972577 3922846 3810508 3700160
3842689 3835868 3843739 4091269
3804605 3883539 3813664 3956015
3839207 3970795 3974670 3830630
3936305 3764570 3882311 3899386
3959471 3943739 3985332 3800585
3923872 3891411 3801014 3915396
3859394 3993056 4008764 3886914
3700954 3701297 3847676 3750539
3876635 3843023 3903079 3724010
3967442 3889516 3863909 3991365
3797027 4015912 3946426 4000062
3912130 3783975 3838592 3955611
3657794 3979791 3935254 4018107
3926482 3892841 3938010 4008842
3717906 3939211 3897084 3950099
3800469 3678276 3683455 3933483
3550837 3876318 3792056 3821414
3859032 3903624 4083606 3859275
3895515 3830065 3836138 3706631
3833688 3825430 4093961 3852050
3851784 3826386 3734872 3754119
3799552 3880710 4131816 3881089
3878982 3886854 3801463 3796581
3740677 3728309 3977512 3755595
3702881 3794975 3686589 3689070
4034804 3926019 3936094 4025723
3857201 4023754 3792506 3915343
3962070 3918795 3913815 4048706
3789964 4119053 3782809 3920906
3992185 3814574 3987659 4043876
3844120 3992880 3783925 3887216
3954932 3740737 3819260 3976018
3687125 3904559 3596177 3717324
3952181 3739199 4035145 3943146
3898093 3848542 3955826 4055717
3900169 3731426 4088448 3884283
3864796 3815359 3946561 3943796
3871420 3825681 4057313 3861341
3866514 3907658 4053959 4032672
3745959 3623194 3844186 3714102
3765241 3754548 3837200 3873529
4141699 3989367 3839229 3752924
3887989 3714020 3920051 4008989
4149084 3972460 3928383 3799067
3908377 3886220 3862261 3981879
4039428 3977931 3918106 3826810
3930989 3837567 3926041 4092945
3936993 3854713 3682319 3699208
3739614 3701130 3758478 3897602
3793541 3800459 3876614 3860260
3917909 3965677 3944373 3745572
3895922 3917505 3914390 3899291
3913315 3934811 3964322 3937925
3866826 3902443 3972109 3973317
3964810 3996550 3968272 3849937
3835271 3730717 3820888 3847078
3848551 3757895 3877502 3732690
3897829 3864701 3826395 3998769
3682823 3988430 3866440 3970136
3996666 3871018 3893168 4018793
3606136 4039044 3911133 3983645
3989363 3879887 3865540 4031448
3704508 3935532 3997956 3937974
3835428 3780127 3814338 3895198
3635177 3815895 3827545 3895013
3776706 3879701 4116694 3904260
3802729 3871812 3735487 3752793
3749858 3854627 4107018 3935667
3875623 3882304 3797363 3802376
3912537 3900593 4101802 3955715
3816351 3899112 3835959 3888074
3723614 3812518 4039454 3837749
3748610 3732171 3677302 3719438
3987590 3967902 3950817 3975627
3855661 4089380 3746873 3870510
3991156 3947003 4002082 4053584
3792872 3995438 3815098 3935669
4027128 3946411 4051336 4118201
3836377 4043815 3833382 3953498
3952102 3800407 3824291 3913574
3707709 3962281 3720270 3790023
3884308 3708366 3948406 3839804
3813565 3907034 3962272 3957040
3865966 3719440 4087465 3892118
3863246 3882547 3975283 4056968
3877692 3794336 4032588 3943480
3895303 3901328 4030070 4062424
3794341 3627685 3978464 3819964
3857792 3791097 3894926 3915935
4093947 3927747 3898038 3776057
3841546 3815950 3891861 3920684
4018110 3938682 3982965 3849639
3858095 3822597 3893690 4039584
4164124 3966451 3861529 3776961
3968124 3793566 3950656 4084816
4002117 3890157 3751818 3705774
3808506 3672551 3855836 4002252
3908647 3879897 3840602 3950122
3952368 3998721 4057059 3914915
3935204 3871100 3891941 3929393
3951679 3976142 4076938 3865961
3795204 3725148 3779811 3734404
3862221 3830339 3925631 3791014
3804032 3741701 3842434 3785828
3900149 3825952 3940530 3705034
3949588 3904483 3838372 3992529
3709429 3968014 3969351 4013757
3889729 3826354 3842814 4111137
3662167 3975335 4019772 3986968
3831145 3759237 3792438 3858145
3527837 3811595 3826604 3811768
3799744 3752161 3755885 3965392
3634450 3906787 3801876 3853970
3836431 3888673 4110625 3894347
3951894 3853089 3674324 3862376
3909320 3924394 4142569 3946435
3885376 3871716 3803333 3801210
3689383 3767764 3979085 3698802
3674480 3805013 3582332 3657142
3700887 3744685 4096032 3793372
3713452 3762049 3695199 3709659
3953983 3957238 3984475 4010060
3827953 4066854 3851227 3881283
3993890 3912509 3948016 4028749
3870000 4038068 3843104 3883624
3846520 3725973 3825177 3941532
3704307 3953645 3610443 3708208
3905799 3745354 3856065 3917587
3729280 3992970 3788031 3788766
3968930 3780838 4072270 3947904
3991877 3921054 4098885 4119662
3887667 3766735 4056185 3930270
3891421 3931374 4012465 4099195
3714845 3645454 3852542 3837831
3779274 3715537 3768162 3851782
3797426 3666267 3944649 3745173
3851703 3753050 3924379 3941300
4151505 3966626 3946233 3810640
3865095 3803880 3949206 4095570
4120801 3985971 3973013 3884143
3894256 3782455 3916783 4115669
3974096 3830374 3835711 3700812
3669060 3720233 3756536 3796387
3973519 3950106 3801884 3651926
3766895 3695697 3824168 3930255
3813794 3877502 3777407 3827511
3815960 3872776 3978877 3800453
3761592 3739899 3757302 3765270
3805559 3868700 3788529 3661907
3843478 3847254 3909517 3868544
3908156 3920092 4073995 3895405
3908798 3870821 3843084 3873185
3993139 4047430 3995271 3820945
3885675 3849128 3792596 3956637
3718318 3851487 3848697 3858955
3862528 3707872 3781665 3811456
3568094 3780618 3858039 3815349
3900198 3795743 3840474 4052493
3672905 3927061 3928893 3967830
3964213 3696270 3815548 4034608
3723046 3946944 3904823 3994479
3826778 3763824 4015039 3785556
3716624 3711859 3619789 3668308
3654555 3746870 4009225 3784351
3658870 3663072 3673037 3633853
3829479 3959215 4049160 3770600
3832913 3828574 3752281 3819716
3924353 3943000 4213616 3954837
3735856 3841552 3735382 3810819
3948588 3802233 3935270 4020276
3768772 3924126 3708599 3804724
3881710 3786232 3740899 3876449
3765946 3861414 3667165 3728797
3930345 3920206 4012681 4021446
3775926 4009739 3891121 3932598
3956232 3906633 3920068 4052615
3919845 4030602 3815390 3859254
3848609 3779631 3906548 3826581
3761683 3760405 3983297 3930384
3707406 3648547 3878088 3719224
3849274 3712238 3856034 3881618
3994826 3781609 3982189 3852666
3974879 3927826 3959150 3994743
3900008 3796607 4071763 3907992
3884705 3916287 3955996 4041239
3970919 3840869 3782597 3685920
3920172 3727346 3807220 3867206
3969551 3756183 3728286 3667694
3742231 3659977 3788946 3923342
4040522 3987144 3887844 3756182
3867379 3766825 3968288 3951193
4117433 3962911 3822614 3753836
3910672 3829382 3917575 4042036
3891321 3839812 3842710 3713862
3901294 3887047 3904679 3744934
3900659 3895906 3955215 3979509
3964275 3970152 4048795 3922802
3730982 3761647 3780804 3817263
3823574 3809524 3812357 3784350
3898958 3856939 3893128 3864653
3904577 3908603 3967142 3903743
3893833 3823877 3864143 4003784
3621072 3942966 3790017 3925560
3945256 3845157 3950669 4064281
3730087 3946338 3932450 3941712
3850717 3773228 3758694 3943588
3572661 3866252 3765451 3899746
3972386 3820647 3842370 4081018
3701003 3942063 3933536 3916511
3751809 3840283 4118891 3856306
3798074 3746836 3728441 3728460
3927767 3897786 4140048 3816352
3788312 3888591 3783627 3837875
3765379 3830209 4047397 3733831
3708551 3773682 3689536 3659248
3815794 3799910 4120685 3862766
3820092 3865794 3736769 3777530
3955599 3841782 3824319 3959589
3755583 3929567 3762639 3846895
4034614 3971668 3997397 4054028
3890896 4067091 3829129 3863274
3747394 3791541 3825902 3862616
3777220 3965004 3711259 3744254
3980545 3925619 4022066 3967799
3887271 4177193 3818840 3907631
3792881 3726537 3979949 3746741
3917022 3818777 3926056 3953692
3844502 3769702 4088494 3958674
3914005 3875177 4017560 3967099
3737133 3774695 3918342 3782184
3759971 3735153 3835408 3880991
3943023 3788648 4019391 3959187
3925584 3917217 4020980 4068922
4006742 3895033 3818680 3664105
3819733 3797162 3833752 4007271
4159285 4072582 3852428 3805158
3951265 3833330 3933101 3966249
3990235 3847860 3735131 3748364
3768369 3598827 3848379 3919119
4143639 3985554 3854292 3807502
3950242 3837560 3919742 3986856
3857759 3729526 3873578 3907756
3884197 3931169 3916390 3814676
3869424 3823300 3931016 3830263
3876767 3954819 3986135 3812972
3856006 3776844 3742206 3807142
3917856 3880208 3927748 3826722
3773554 3731034 3677746 3757057
3689205 3754749 3750230 3730714
3886579 3804314 3871688 4004305
3700546 3898401 3868575 3924732
3903926 3848596 3842562 4026275
3693660 3869535 3924516 3870459
3845265 3791840 3841924 3971233
3703195 3855631 3847690 3829602
3797134 3678052 3615295 3928523
3486783 3780423 3794570 3797899
3809049 3801944 4092761 3797944
3771431 3845314 3770488 3754854
3896574 3792586 4162338 3857758
3760237 3761349 3731081 3698825
3754033 3789742 4101030 3807944
3731630 3846963 3720624 3760710
3637924 3697480 3922221 3670023
3619917 3671308 3638585 3638184
3909425 3919457 3933981 3984879
3749501 3974727 3735633 3820509
4002538 3830714 3889304 3988884
3863368 3959758 3801075 3856802
3947033 3854521 3829910 3983644
3739218 3990888 3735818 3748895
3844173 3772130 3801392 3844009
3654150 3880780 3588353 3728409
3915747 3703912 3974509 3795482
3795300 3883903 3974392 3915477
3891147 3715673 4021106 3856377
3856537 3863434 3910336 3883087
3793758 3697174 3969171 3861377
3881761 3788350 3913691 3934555
3741161 3608795 3892193 3736532
3740815 3737612 3840863 3865361
3970891 3833501 3894405 3677937
3767498 3696786 3869128 3948042
4005180 3988761 3839553 3783603
3847035 3688247 3935057 3966957
4032976 3888441 3857202 3713779
3864296 3762136 3930008 3914169
3867492 3825418 3693789 3613660
3801036 3709429 3839433 3877850
3858147 3768271 3886056 3836356
3811257 3916095 3890826 3862804
3859297 3881333 3812576 3905557
3806877 3892306 4039454 3831016
4063872 4028430 4048306 3956616
4110232 4041396 4149910 3932979
3819367 3859413 3778423 3826428
3871238 3843251 3847161 3776207
3869541 3835574 3783184 3950915
3669980 3926964 3871307 3996359
3936544 3810668 3875095 3956860
3629860 3923586 3837062 3987956
4017317 3887113 3972639 4105037
3860586 4111892 3943710 4122992
3887050 3776887 3766667 4010024
3621638 3802726 3882693 3869689
3788083 3791682 4160270 3815203
3762468 3866224 3699051 3781793
3812686 3848229 4010602 3847970
3716238 3861306 3736509 3735483
3913758 3915419 4229677 4023910
3902276 4002793 3980142 3904753
3848770 3878468 4119424 3850409
3728953 3799668 3720956 3740055
3975110 3842903 3913256 3941629
3812200 3941607 3753726 3898571
3987221 3856422 3938137 4031935
3833517 4031189 3772760 3902380
4108343 4113320 3997148 4119025
3955672 4132915 3876349 3972626
3942332 3827638 3864457 3911150
3739827 3927816 3767986 3775090
3819934 3768792 3971105 3906625
3772766 3773893 3868410 4004687
3851600 3749682 4027730 3935863
3840825 3805072 3873926 4059525
3993783 3888210 4201103 4058006
4090297 4077924 4152295 4139436
3771250 3655892 4009698 3759707
3867152 3768592 3949752 3923371
4069589 3962345 3888452 3754770
3889704 3835028 3852672 3900724
4027286 3954076 3866271 3755546
3931879 3755398 3877555 4022583
4230754 4050876 3983003 3897080
3987031 3928923 4012764 4168893
4080669 3846459 3862168 3778447
3805455 3671489 3891848 3911520
3969379 3940584 3925517 3858760
4015278 4085763 4067810 3882905
3859391 3827265 3836002 3930321
3904865 3945269 3920661 3838781
3823600 3828850 3821615 3867158
3902989 3961813 3927282 3720074
3759383 3823011 3761720 3854707
3804728 3863966 3921380 3741889
4002684 3898280 3982022 4184181
3703120 4043135 3943195 4006083
3942951 3820046 3812422 3994992
3628981 3914689 3885063 3900786
3896737 3812590 3784847 3944158
3752387 3912339 3821017 3934719
3813069 3708974 3740630 3899204
3627502 3814226 3747041 3782978
3895015 3933545 4157807 3953476
3902958 3928978 3823753 3828493
3791368 3931823 4108952 3878852
3729233 3789887 3760932 3773556
3821993 3873487 4066087 3912414
3794970 3774156 3794651 3799645
3732003 3722643 3931642 3760476
3692504 3786512 3620017 3742376
4073923 3916808 3990813 4097804
3831408 4077459 3940757 4018806
3894112 3886742 3941495 3962892
3801243 4002062 3698710 3836499
3915602 3840271 3949787 3984254
3755232 4022018 3782663 3852923
3964314 3800280 3817520 3906038
3616860 3959996 3667622 3708590
3907569 3825469 4020468 3937455
3953741 3845490 4015893 4054316
3823775 3750722 3997283 3877079
3896238 3830819 3975878 3953646
3848032 3743642 3987082 3810004
3924760 3799508 3980513 3976272
3787478 3625252 3944156 3741330
3711502 3672417 3895853 3916639
4111186 4030618 4036437 3816156
3926066 3867699 3945290 4057746
4033041 3952292 3848381 3824535
3894433 3838336 3898437 4062679
4024875 3929151 3866625 3719412
3860480 3796108 3883709 3976559
3972887 3846261 3785862 3658957
3867958 3654356 3800253 3849487
4014530 4002634 3986321 3998420
4047916 4086826 4101280 3956930
4021438 3956599 3970165 4003072
4016102 3942813 4063536 3954870
3888695 3833922 3827676 3880935
4038279 3936040 4052352 3855860
4024961 3951606 3933013 3933006
3984768 3948866 3994159 3920504
4029801 3938427 3987101 4069519
3786958 4012742 3944619 4122346
3924635 3883664 3959676 4129991
3757270 4061818 3980599 3987929
3898606 3871222 3922348 3913437
3655654 3922670 3875191 3999286
3993758 3944256 3909782 4037646
3722650 3996244 4010029 4042584
3961524 3956414 4246842 3950495
3892883 3911235 3906359 3864849
3929538 3984692 4221002 3898428
3914144 4003077 3882852 3905254
3794548 3900041 4151535 3794282
3785666 3923204 3761763 3769355
3914387 3907533 4181846 3994869
3857484 3963915 3865181 3798141
4102997 4019758 4028869 4119938
3898144 4021001 3947916 3988231
4073052 3962455 4104855 4176112
3959616 4105373 3907063 3949723
4007809 3876500 3958109 3955619
3776384 4054238 3787888 3961473
4034385 3954327 3995903 4092498
3892450 4065417 3807115 3958168
3986325 3897722 4102063 3911980
4010506 4037260 4058772 4117062
3965262 3903332 4095158 3926424
3998447 3947207 4156572 4077101
3858528 3718729 4039274 3888881
3956470 3891669 4003038 3987175
3976185 3844099 4098058 3994300
3952749 3947429 4038868 4059449
4183483 4058062 3966594 3826213
4009310 3916320 4017752 4064155
4152637 4052530 3967587 3889521
4003234 3910712 4081334 4130891
4063783 3961182 3800689 3754494
3908165 3776875 3936151 4026195
4112289 3989540 3976250 3856982
3932202 3817102 4027908 4101933
3949355 3906087 3916949 3913588
3984039 4009500 3982967 3782175
3970397 3900318 4000531 3979989
4093041 4025318 4059899 3931319
3853390 3899037 3834136 3929395
3934028 3978585 4041694 3910493
3774948 3778884 3824872 3773455
3924533 3942999 3907507 3806199
3939080 3859209 3908264 4005778
3752053 3904731 3927556 3991552
4003522 3832031 3901453 4153999
3696991 4044710 4009075 3986974
3993324 3880248 3953038 4040760
3734397 4022418 3939456 3941032
3838738 3839282 3824664 3902669
3580881 3846581 3874847 3825342
3863840 3902208 4144590 3914964
3818166 3970246 3818004 3925118
3895731 4002828 4145549 3939249
3903391 3905026 3864529 3884871
3805425 3898956 4207526 3864979
3819386 3903078 3804004 3749762
3722883 3807939 4051495 3764968
3768633 3822497 3666696 3633268
4055870 3946714 3944306 4056813
3905784 4073757 3828432 3860689
4078651 3953471 3961124 4054417
3928424 4084734 3800299 3910682
3994493 3950450 3950854 4084891
3860447 4092728 3809402 3891417
3985723 3798878 3809206 3958600
3788428 4003851 3713248 3862563
3960517 3815260 4056567 3908497
3992015 3900941 4028008 4008306
3907741 3799341 4184196 4034316
3962245 3919940 4008983 4059681
3938563 3743852 4092430 3867366
3949593 3848735 4022034 4109592
3808651 3708243 4043254 3775294
3848170 3823290 3919502 3895534
4176798 4075730 3871573 3830481
3934758 3839741 3979390 3994478
4200671 4019567 4002562 3846921
3918933 3885241 3983513 4115676
4136145 3953976 3860698 3785423
3929475 3800539 3915260 4070236
3982167 3866812 3862712 3725808
3779705 3699249 3853257 3966353
3855145 3830465 3783396 3806342
3868167 3860058 3935129 3750318
3886014 3812371 3905752 3827394
3914415 3899795 3897593 3882008
3949926 3877385 3874322 3928995
3941858 3993620 3970941 3862591
3822234 3764627 3884313 3853471
3921695 3914784 3924284 3800491
3858139 3790008 3827965 3931179
3614118 3958873 3831335 3846210
3915455 3750592 3863096 3930161
3672499 3830593 3883652 3826977
3884936 3790922 3910553 4058698
3710543 3925992 3909661 3990931
3942842 3831692 3877112 4025280
3661545 3906755 3939163 3892506
3819466 3738301 4010891 3776549
3803410 3805395 3632165 3733537
3873161 3812074 4113149 3769546
3775906 3807729 3752875 3737977
3797040 3905377 4095954 3902727
3759084 3882748 3850407 3799124
3797396 3804668 4110293 3855794
3755340 3851594 3788714 3810535
3934451 3816961 3892937 3908503
3787361 3965342 3663271 3780586
4045384 3851317 3910540 3970975
3730786 3955408 3688488 3848271
4006452 3961585 3935492 4023115
3792040 3992895 3804097 3949342
3950177 3819078 3925463 3906827
3746436 3996301 3799890 3882787
3876827 3620152 3991082 3804421
3828513 3824401 3879033 3861695
3828426 3673843 3950563 3833901
3854930 3884646 3970683 3903533
3910287 3760067 4038868 3897347
3962464 3818966 4018050 4000702
3935083 3783868 4056543 3892440
3902593 3898375 3947298 3952567
3956851 3883259 3742747 3713154
3800463 3736507 3717639 3923963
4027616 3813815 3783766 3778576
3847789 3816476 3838493 3999256
4147206 3947574 3838090 3727971
3939054 3779518 3949427 3967035
4135723 4019760 3924610 3743514
3868805 3776344 3813700 3974860
4088256 4027817 4076532 3905576
3988444 4042044 4211206 4048060
3988040 3739452 3794352 3704889
3793051 3794640 3946115 3798016
3990308 3813583 3877515 3807919
3785695 3890997 4014097 3892061
3794037 3758445 3761430 3657133
3774674 3784784 3952301 3827553
4008537 3858784 4042356 4079515
3991446 4087986 3894176 3903629
3795876 3753869 3813387 3881403
3736761 3886546 3674332 3724490
3911834 3926389 3956109 3941575
3882078 4052614 3813370 3820751
3826754 3754109 3847333 3793877
3767960 3845008 3737270 3730341
3936324 4140660 4081668 3890289
4122908 3869510 3763850 4031439
3800528 3859953 3791552 3697350
3927210 3686407 3643411 3855081
3889890 3943056 3890131 3812355
3991271 3841659 3741510 3848177
3716280 3872736 3750592 3671627
3814737 3710400 3621104 3857039
4037208 4062836 3875832 3933205
4196815 3993301 4088264 4092634
3764788 3780142 3642800 3747506
3980315 3900961 3865824 3815407
3868089 3893685 3770521 3819481
4057228 3840524 3932509 3888236
3846540 3643361 3700319 3754545
3925880 3834553 3818911 3801477
4042319 4009323 3947219 3991405
3993573 3954820 3951514 4095322
3868610 3748273 3778645 3839840
3821638 3843825 3822995 3832725
3962792 3859060 3901582 3848774
3814243 3874634 3818950 3981239
3785578 3676946 3729712 3745929
3740621 3761202 3730858 3917552
4132461 4115401 4113730 4007728
3954219 4046572 4064690 3908804
3930636 3915351 3881047 3730015
3811984 3826938 3898492 3801961
4041523 3901495 3920567 3850918
3822450 3897408 3996242 3803581
3928546 3769200 3913826 3799656
3691971 3760767 3760204 3687841
4001336 3902592 3921230 3831347
3866116 3935500 4052690 3985157
3883520 3773027 3893418 3733034
3772867 3802601 3976271 3849895
4026565 3928161 3948875 3782002
3904256 3858071 3995537 3985814
3905517 3725778 3767053 3759637
3749879 3800832 3938062 3829629
3930609 3885713 3895176 3916647
3878383 3971472 3932592 3885997
3898202 3713100 3860677 3856372
3806851 3839694 3791121 3766876
3943981 3839601 3930310 3971203
4030167 4004270 3956801 3849946
3844849 3769123 3840999 3800723
3741626 3874105 3800622 3799089
3927373 3999605 3900591 3822783
4050842 3908871 3782330 3933596
3779900 3824164 3850330 3787254
3915343 3744128 3791667 3811510
3901419 4000086 3898102 3790857
3925871 3758997 3820266 3952302
3805540 3941218 3829168 3712524
3908819 3801302 3712337 3919627
3881177 3842727 3788716 3892642
4080122 3988864 3944463 3960388
3826719 3855353 3684381 3708826
4014965 3766968 3863400 3860498
3895737 3825841 3828002 3894742
4054952 3943734 3925168 3978667
3856323 3753599 3679772 3739833
3983545 3824640 3885280 3872561
3972537 3842835 3898418 3898626
3863572 3898643 3897636 3979690
3870177 3821092 3784942 3854708
3786666 3675030 3764094 3946028
3961825 3866036 3887782 4004671
3852384 3816736 3892057 4069526
3878543 3832483 3788213 3720709
3845593 3756692 3733939 3893056
4138192 3970927 4071533 3952100
3895651 3874866 3969332 3850353
3995786 3878192 3799541 3832784
3673270 3834499 3923182 3748592
4088863 3964120 3940509 3932853
3936206 3916253 4014150 3892529
3920341 3802967 3894563 3733310
3748560 3841362 3881094 3733710
3858079 3769017 3799107 3681774
3829368 3768884 3966004 3929673
3959658 3832771 3871358 3827590
3900359 3849399 4068869 3988451
4057429 3978903 3886042 3862595
3987475 3937896 4170749 4074549
3989188 3948363 3958110 3854098
3853532 3736804 4059876 3865926
3901449 3851925 3961760 3824939
3859743 3866903 3756867 3700127
3936845 3890234 3928438 3977656
3860698 3947928 3824425 3836217
3994060 3922755 4036541 3967376
3939183 4015470 3931137 3965536
3925982 3828182 3910400 3890746
3843406 4013358 3789091 3859679
3767835 3881227 3709690 3720486
3907964 3783656 3738627 3915031
3904321 3928673 3910030 3788022
4059977 3867665 3800353 3958335
3986785 3978908 3934095 3879230
4030763 3761863 3826073 4020001
3930974 3963321 3867295 3870339
3937819 3925797 3746510 3941724
3850764 3786062 3662876 3839257
4006532 3809186 3856725 3833404
3919393 3888746 3831646 3824949
4087265 3929035 3943166 3933331
3998881 3926300 3875456 3834420
4122846 3945449 4056673 3996889
3966122 3801281 3766584 3866055
4037760 3838042 3932499 3952763
3870560 3762475 3750644 3792873
3793841 3733304 3790481 3959003
3942584 3921218 3856468 3811197
3823866 3874487 3863546 4045214
4011430 3853194 3970139 3945143
3952751 3873775 3901574 4059051
3930826 3853594 3844323 3992667
3835626 3908573 3892520 4004235
3965409 3826861 3861988 3736320
3775869 3797968 3848353 3687529
4080501 3933017 3969076 3866390
3749138 3907652 4013512 3829662
4106857 4022468 3992830 3958802
3938498 3956252 4012184 3847728
4110035 3974697 3998604 3839007
3838096 3977938 4009104 3775680
4055033 4008350 3913375 3825842
3920941 3887448 4094364 3917969
3923060 3780042 3797777 3745127
3854508 3794996 3931277 3873527
4043514 3952025 3881522 3809387
3824930 3853775 4023776 4025322
3975055 3864173 3848948 3688860
3784636 3793641 4000516 3935292
4050807 3821912 3910230 3987258
3867030 4012875 4013484 3849954
3775346 3729976 3903866 3814055
3770803 3919960 3773469 3772557
3942320 3911297 3981351 3960538
3819453 4020942 3856685 3846682
3906530 3753853 3832837 3859545
3874517 3863240 3743720 3774167
3850003 3974772 3920611 3864325
4097597 3840778 3804670 3933104
3834608 3812627 3744742 3680670
3776597 3759333 3802188 3854073
3797961 4010498 3905184 3822321
3991870 3830007 3785523 3904939
3815671 3912151 3811154 3769418
3853104 3707277 3746158 3897762
4005888 3944774 3808672 3899441
4112761 3812980 3935762 3950787
3802783 3788811 3721507 3768568
3942286 3829786 3845503 3819722
3868100 3861985 3748868 3870050
4061689 3892006 3898784 3937780
3880469 3734954 3665964 3722137
3955588 3840049 3853265 3812764
3947373 3924956 3882827 3996329
3857646 3866963 3839732 4054599
3906440 3764365 3740897 3819700
3756117 3802159 3795644 3975537
3971757 3896712 3827393 3852191
3836576 3829030 3892170 3904278
3922801 3808474 3836904 3870038
3773148 3707020 3736999 3998409
4056700 3939838 3996825 3840367
3884492 3955601 3975376 3753643
3912350 3862866 3829046 3742465
3679114 3924925 3866953 3666273
4100676 3858257 3944199 3863850
3884310 3949888 3932593 3806189
4029554 3872173 3917161 3799151
3809757 3897174 3836222 3756399
3909219 3857275 3845111 3734995
3774018 3756601 3946779 3880004
3972832 3904665 3856948 3824604
3816729 3867345 4095793 3941056
3979892 3934936 3889836 3805593
3887151 3813937 4070692 3922831
4216076 4082693 4124079 3998652
3939890 3987529 4215309 4132289
3863011 3765604 3905826 3803835
3876822 3854460 3780337 3829501
4060648 3890311 3929910 3936637
3866244 3930900 3884906 3843613
3938837 3887219 3903548 3929485
3939491 3981184 3884020 3840911
4144412 4044368 4142974 4061187
4046896 4182363 4043549 3989035
3705689 3909631 3848235 3712682
4015503 3742676 3702199 3805202
3801881 3914605 3925555 3808754
3905907 3793033 3731149 3792868
3849621 3958045 3936538 3766021
3951258 3754282 3786865 3900923
3991199 4170307 4070860 3993916
4124490 3992728 3990857 4011724
3778050 3744191 3676981 3785768
4040224 3803942 3916110 3840632
3783674 3747861 3676609 3802486
4077267 3878208 3920037 3845085
3893706 3808248 3814419 3853478
4068759 3935319 3949459 3990759
4083420 4020526 3946116 3980717
4253095 4085953 4205609 4090848
3876434 3790386 3676216 3822038
3792045 3748093 3796577 3886235
3921286 3858259 3799394 3914767
3843303 3754128 3819936 3943570
4004242 3877379 3859716 3915544
3949500 3893301 3852578 4024816
4090194 4008292 3974183 4110385
3977097 4014697 3922186 4146576
3962444 3847626 3885719 3774481
3818334 3887208 3932527 3703659
4123094 3877747 3834926 3798524
3827639 3971503 3983981 3712495
4047597 3886720 3962837 3846089
3796564 3953187 4084991 3815319
4241038 4166696 4107569 4007689
4003862 4196813 4121521 3959278
4182358 4063208 3980013 3950475
4009134 3944678 4167813 4125625
4043853 3966743 3937681 3888839
3938548 3832801 4030931 4014938
4138348 3965240 3990410 3912265
3955953 3917376 4099847 4020573
3825144 3819725 3759241 3682093
3749930 3720233 3983161 3918594
4151095 3949196 3980443 4072601
4004869 4117202 3978892 3901878
3988765 3948960 4043390 3947663
3959599 3945448 3931580 3886436
4028745 3936979 4051630 3964278
3946289 4069536 3887556 3933998
3845468 3774396 3841273 3741945
3823942 3930586 3784536 3737075
3991118 4031493 4013509 3890336
4169049 3945689 3939721 4022883
3897546 4071299 3892355 3765883
3992832 3914716 3860200 3928944
3966835 4028875 4017790 3920102
4063059 3906703 3902724 4010002
3739577 3863500 3815575 3688071
3870931 3727907 3701883 3797782
4084721 4012413 3852022 3939129
4232764 4018223 4039975 4000002
3975160 3884322 3759728 3890478
4111633 3836986 3968527 4027392
3995094 3905486 3829234 3898393
4158610 3939455 4004341 4064674
3829272 3786673 3723484 3837714
3970581 3805529 3832910 3824570
4065537 3978664 4010012 4038676
3997775 4006325 3981703 4069954
3908883 3840235 3822640 3904996
3896561 3867550 3858605 4071679
4081191 3918740 3951995 3987927
3998655 3995560 3924707 4042489
3787327 3821275 3791854 3757358
3792243 3725606 3732559 3889777
4087620 3981950 4047695 3924361
3972214 4019561 4134576 3839281
4091361 4024315 4020694 3886421
3934935 4017094 4021583 3762136
4149165 4009676 3987809 3921934
3956525 4012055 4050816 3950507
3937087 3761577 3943377 3758183
3762052 3813350 3844837 3743722
3915309 3776415 3783397 3815493
3762674 3726296 3884168 3894066
3954269 3854381 3860330 3771359
3890361 3817097 4063305 3869786
4036848 3802845 3865755 3789431
3843721 3843847 4047686 3908567
4128312 4036592 3948796 3882852
4013819 4034463 4148574 3989909
3791555 3711563 3799200 3802724
3810580 3804226 3754180 3744665
3938082 3865159 3915592 3861501
3844845 4012089 3795367 3740525
3967151 3818831 3898133 3942012
3897541 3908493 3795090 3872984
3990749 3969147 4006341 3990057
3997043 4074062 3909998 3953521
3738113 3829285 3739453 3766676
3852207 3707781 3679211 3797931
3780225 3894961 3793063 3771295
3979284 3782759 3749905 3845976
3796328 3904313 3859583 3778411
4100297 3722586 3662004 3909224
3908976 4118339 4077350 3941551
4129788 4018211 3849502 4106125
3869702 3746363 3620382 3818488
3885551 3757093 3914737 3847325
3886561 3741435 3728408 3764628
4019790 3860584 3910541 3866472
3894215 3937393 3697655 3896393
4032319 3896866 3971165 3916513
4031107 3968788 3853451 3920018
4227158 4047694 4025456 4047714
3796479 3797620 3716830 3719000
3869513 3836203 3753783 3942286
3996284 3781951 3889836 3907843
3812330 3780271 3825061 3972116
3802464 3813552 3860248 3889913
3899997 3846379 3808469 3940355
4082572 3922001 3972691 4030621
4025426 3960204 3954578 4108344
3880262 3753455 3862907 3682688
3711228 3853976 3831386 3689232
3969309 3962905 3894955 3784429
3790892 3875222 3891171 3806201
4048486 3951369 3997800 3846631
3815144 3940670 3987997 3858822
4213641 4104978 4091677 3989200
3934825 4085891 4054066 3882365
3910221 3862130 3753589 3800160
3812701 3872407 4081557 3955830
3888559 3879648 3834585 3796792
3847061 3802029 4022264 3926338
3908373 3849433 3778624 3724865
3835689 3789970 3955918 3889177
3935357 3825466 3779643 3612940
3731670 3739253 3944185 3865750
3919675 3877913 3829583 3873928
3866882 3953422 3863382 3793904
3914841 3839237 3887195 3848051
3850714 3955378 3818485 3741860
3873597 3705779 3920994 3901428
3812288 3857290 3819791 3776532
3859608 3750315 3771188 3739564
3775981 3849331 3740386 3737874
3847339 3967505 3896338 3769833
3970904 3743794 3713053 3918096
3766559 3874658 3804984 3785194
3986968 3765393 3679120 3860830
3731614 3892090 3821456 3709132
3853635 3782393 3776700 3833562
3675551 3947439 3725764 3618533
3822117 3806089 3661791 3735809
3838163 3842616 3780780 3800688
4026141 3873982 3914095 3983259
3860489 3746098 3751077 3825237
3995012 3874042 3959874 3871671
3894059 3773519 3712247 3708296
3961687 3758186 3885501 3790150
3746358 3710441 3600014 3683357
3885877 3815530 3773262 3801844
3961165 3827316 3859856 3819438
3838992 3771387 3750588 3952418
3906707 3809156 3832934 3854465
3798424 3843274 3821567 3914158
3885277 3687850 3702969 3733768
3721840 3700923 3734080 3859686
3733661 3683884 3663188 3805085
3733482 3622318 3666516 3813354
4077987 3959568 3939281 3853110
3778872 3904226 3973619 3724476
3970993 3956918 3906327 3751662
3876668 3950536 3953654 3760811
3936647 3912652 3885970 3804820
3738298 3817239 3938993 3766723
3908714 3798914 3889258 3647654
3662476 3736137 3775714 3618989
3996287 3778610 3871117 3741857
3812545 3788500 4002323 3804595
3872308 3901889 3810507 3745880
3767610 3840610 4013725 3958291
3928008 3802204 3884987 3779707
3831216 3830125 4068505 3883892
3997004 3926184 3862204 3769821
3862901 3807833 4069074 3831756
3923213 3720896 3848081 3791114
3885254 3933866 3721493 3837934
3865147 3797992 3958420 3797168
3710178 3847351 3788254 3728823
3905759 3734755 3849522 3870619
3955360 3909173 3799416 3810992
3887852 3828614 3887932 3941038
3889304 3896500 3917328 3669875
3778055 3902312 3843339 3750994
3927681 3765581 3714932 3819828
3761149 3867013 3834007 3766660
3963908 3787201 3712941 3834832
3814312 3973035 3857901 3764068
3892400 3763219 3754064 3835442
3819243 3875214 3820479 3702852
3911021 3735764 3722256 3785618
3865011 3753082 3728711 3791501
4026415 3769076 3878059 3876697
3814336 3773463 3716258 3721699
4012787 3843347 3892431 3796820
3828270 3744265 3699365 3773752
4048104 3854695 3954169 3892128
3907658 3743417 3743541 3760692
4003581 3950026 3855251 3814187
3862212 3757812 3728176 3840348
3800903 3837263 3771824 3928188
3830914 3890982 3716044 3907413
3780545 3675739 3863509 3814184
3968195 3786279 3768419 3879822
3767173 3867162 3732715 3938359
3876292 3882707 3784065 3858652
3816926 3839853 3806945 3989628
3969632 3942416 3917538 3823455
3757594 3892686 3935213 3740649
3944181 3885631 3868853 3799231
3753283 3860753 3948893 3743191
3933926 3827539 3929724 3851900
3812501 3844675 3894835 3714235
4030652 3895531 3967600 3903343
3892760 3872550 4031704 3792302
4036685 3919664 3981545 3900902
4012409 3862616 3957638 3900689
4079324 4009189 3938138 3878183
4052257 3900236 4080411 4093956
3917941 3915797 3872573 3784447
3933845 3877174 4015721 3939072
3879868 3824638 3860208 3725340
3833262 3811726 3911877 3855792
3994514 3856559 4026660 3976554
4017778 4039136 3824921 3907300
4042527 3919870 4015616 4062899
4042841 4069693 3964500 3905152
3971821 3830048 4003882 3958159
3946529 3967088 3814117 3908669
3934435 3832017 3885562 3883971
3828793 3841489 3787244 3763485
3942551 4074239 3985724 3859352
3996486 3849133 3864771 3952713
3968236 4112973 3995272 3874386
4054807 3935401 3821582 4016263
3856573 4063076 3858870 3713845
3969991 3831329 3700545 3869259
3718286 3862169 3835634 3779673
3924946 3800936 3626331 3755041
3914151 3878626 3843359 3816091
4140929 3870615 4021207 3996585
3918653 3906445 3774120 3914266
4183644 3999662 4094142 4007815
3910350 3841826 3726136 3847939
4053222 3998884 3887678 3875513
3850160 3823840 3624376 3713720
3998063 3867937 3918122 3835241
4038196 3978490 3814976 3942939
3945940 3866497 3950405 4084409
4075054 3952910 3872205 3983582
3904738 3946711 3945772 4053664
3882694 3851551 3835524 3893147
3850132 3863896 3879727 3999105
3852326 3717464 3747156 3848799
3808075 3714687 3778834 3861813
4109008 3980002 3993024 3890589
3872397 3979012 4027591 3803621
4234818 3985917 4099828 3950452
3845299 3992544 3949508 3914648
4092063 3976289 3932987 3794267
3869263 3986029 3939800 3691017
3949055 3888287 3964818 3846536
3775410 3788697 3931973 3760252
3812209 3783306 3778274 3633866
3711240 3800990 4007101 3864598
3966906 3896897 3798599 3738070
3855483 3878490 3994672 3905281
4002777 3896047 3910465 3844673
3806390 3849079 4082033 3925388
4035682 3939515 3866739 3899708
3800495 3828442 4078705 3949041
3844152 3796827 3848572 3779182
3687270 3831630 3730567 3664606
3877796 3846795 3914042 3973597
3859854 3939105 3817519 3807324
3954485 3798866 3880160 3885388
3955946 3951023 3869663 3775022
4024278 3792309 3941277 3872123
3751528 3961180 3879054 3800660
3741366 3782998 3854451 3660282
3785773 3707456 3597984 3758938
3759401 3928457 3807032 3669309
3923228 3794912 3736444 3800917
3905349 3906933 3824915 3689218
3980952 3888170 3837695 3874091
3820428 4101869 3953552 3732105
3979850 3787812 3817827 3929232
3749536 3679318 3659095 3659415
3893915 3768611 3766000 3780579
3938362 3826005 3711213 3834666
4048218 3880535 3873170 3875362
3926328 3808930 3824142 3755200
4140956 3846368 3892927 3939355
3960243 3828930 3741923 3770214
4084110 3868816 3965270 3897709
3736448 3680299 3666532 3754021
3836095 3701531 3757828 3828437
3913384 3818933 3850322 3842109
3862464 3861239 3820773 3960052
3894724 3918555 3865280 3842122
3798021 3862701 3828111 4048344
4017828 3848566 3827255 3865843
3882667 3837366 3901275 4060411
3901898 3820706 3863035 3766845
3747307 3712830 3866276 3681584
4050231 3850125 4032060 3794011
3744147 3857727 3917423 3817930
4129472 3967077 3998213 3848378
3791451 3882948 3954823 3816406
4038113 3971839 3944905 3866511
3819635 3939450 3939738 3751559
3823267 3687693 3613824 3554857
3634476 3627370 3800048 3796209
3962966 3712614 3884533 3731119
3866505 3824724 4029754 3856705
3993011 3784235 3750465 3704849
3650748 3685655 3936519 3842856
4029352 3907768 3872058 3789900
3895550 3905182 3988231 3967823
3662375 3578751 3692150 3733659
3585580 3763788 3612765 3584760
3887138 3715330 3955948 3859851
3828452 3921095 3786561 3815219
3825128 3781445 3895782 3857884
3813996 3841550 3792448 3737003
3937422 3797295 3924833 3963376
3927757 3978970 3884424 3835819
3712167 3789489 3652843 3540770
3700189 3583761 3557358 3642309
3742035 3885478 3841277 3803669
3938917 3820116 3755419 3879084
3767405 3912029 3788406 3678550
3861269 3755387 3696261 3800358
3941284 3951936 3801899 3813057
3996740 3854052 3814058 3930457
3697934 3601486 3545784 3597167
3779299 3696311 3667757 3674097
3838314 3742750 3701984 3804777
4016735 3873683 3866586 3880092
3849453 3765321 3647285 3752852
3977841 3860878 3764876 3733920
3860896 3824083 3770410 3858385
4082397 3889362 3976398 3928059
3688050 3694689 3625475 3658481
3695575 3596463 3730277 3736973
3983599 3830425 3820183 3818833
3853442 3840889 3844244 3979848
3857552 3726819 3690691 3790728
3772956 3743828 3774190 3913803
3980075 3873908 3907708 3919242
3909777 3825388 3856406 4051993
3774856 3730742 3778288 3648737
3655481 3636160 3752887 3471337
4028515 3904401 3943603 3884608
3794915 3805119 3901603 3771671
3996501 3830157 3924060 3784606
3731677 3781793 3862771 3737016
4049098 3960971 3930360 3777917
3823629 4006940 3980388 3791617
3822290 3946471 4096234 3958647
3831739 3958100 3795517 3811311
3742473 3887618 3923979 3826860
3722994 3839086 3774263 3752700
3898475 3915103 4031324 3795308
3859377 3859419 3768414 3821786
3884637 3934441 3935517 4017334
3830586 4006275 3785087 3875707
4016784 3870297 3754572 3897447
3936311 4072038 3877247 3836903
3963159 3843096 3727088 3738450
3890503 4052432 3750393 3813182
3921857 3870175 3766931 3789067
4003887 4101745 3847060 3860865
3980716 3983694 3747154 3868314
3940789 4097259 3895238 3844533
3896544 3843142 3813696 3978441
3990205 4058127 3959645 3824012
3842574 3882405 3765645 3872699
3881458 3921127 3868715 3724439
3875846 3941278 3762028 3916507
3897856 3900194 3962731 3730740
3906705 3921187 3835463 4011322
3900345 3947456 3946997 3771578
4002202 4081653 3988752 3995112
3933868 4025378 3788338 3892775
3872239 3951278 3954880 3932500
3759261 3842696 3745144 3855294
3964543 3948399 4036261 3942426
3841199 3989156 3822018 3903805
3873585 3995209 4011488 3945239
3952755 3922674 3842837 3822500
4121471 3896770 3928756 3990829
3725951 3889836 3875989 4044764
3981033 3867368 3857669 3915100
3750719 3834198 3813717 3886039
4038450 4026649 3892121 3901310
3741018 3807263 3870051 3998878
4058876 3985603 3870497 3942064
3809444 3878137 3925722 3948264
3913190 3895098 4019389 4093623
4009217 4065788 3823800 4077760
3834381 3825018 3872631 4006802
3905865 3940904 3714754 3928044
3871055 3876512 3919035 4086192
3922548 3969000 3804999 4019644
3899261 3902200 4001712 4082148
3927442 3997489 3840625 3971246
3925988 3956687 4055739 3876130
3881312 4084229 3851814 3859711
3724083 3767982 3893918 3774953
3683946 3851748 3749056 3703541
3764228 3863472 3965541 3855865
3801922 3889781 3752268 3807541
3978060 3984816 4087319 3875571
3845959 4073983 3846770 3871019
4068620 3930141 3773169 3856567
3908516 4083321 3968203 3847190
3811151 3748467 3681197 3734947
3887379 3881400 3735307 3743259
3998111 3830109 3699637 3738693
3921900 3973793 3792026 3749005
4031882 3877594 3868665 3900354
3986394 4004165 3855094 3876982
3909255 4040094 3890872 4088022
3862091 4027719 3974961 3788356
3698409 3834522 3671757 3876429
3768691 3889842 3760940 3649257
3800071 3848036 3768529 3872969
3931360 3987379 3908256 3693549
3913006 3887535 3770494 3986286
4038643 3994199 4029919 3727280
3972586 4049916 3912300 3979822
3977389 3925826 3787098 3931169
3844124 3961786 3912080 3853606
3851242 3788427 3648442 3761888
3889082 3978459 3912008 3816625
3789136 3932673 3834828 3882721
3980007 4097271 3936142 4027329
3935196 4017951 3860847 3949982
4209657 4024238 3927273 4037187
3867030 3958442 3961869 4014058
3861951 3844873 3796091 3811403
3689182 3666703 3770015 3893582
3977774 3923871 3774024 3873742
3678284 3791819 3873673 3959896
4063849 3967206 3876424 4032539
3765938 3921225 3907264 4067012
3960866 3871245 4047980 4155524
4030430 4060842 3861656 4010740
3700598 3720210 3886645 3920987
3827854 3808078 3714287 3857632
3793808 3792951 3895545 4042792
3867337 3905541 3806111 3882643
3863287 3929568 3978564 4097521
3978317 4071839 3886811 4022075
3754248 3851892 3867460 3791124
3701263 3860321 3726780 3848784
3670237 3843048 3858545 3739040
3710050 3833846 3722875 3720700
3845017 3838734 3861769 3791283
3758510 3795265 3645704 3680605
3874717 3922119 4035373 3795124
3774509 3907147 3731538 3727617
3935884 3742038 3759963 3703703
3899469 4013946 3720697 3791692
3824338 3744820 3555330 3812780
3772084 3903989 3696591 3668982
3815380 3822700 3736788 3761930
3811467 3902283 3790940 3747943
3885277 3866023 3768388 3818804
3922009 4053174 3858158 3771064
3785138 3784536 3729406 3871801
3848692 3877861 3844904 3661424
3736964 3726903 3607533 3873863
3781904 3790715 3681226 3606675
3838078 3784806 3671642 3895664
3863344 3947855 3829017 3699126
3810890 3936239 3793161 3929551
3938863 3964922 3925313 3709213
3837372 3932486 3837368 3826102
3756765 3933483 3693453 3819393
3731363 3933607 3803923 3846009
3791926 3799570 3651988 3699285
3864998 3956961 3752438 3837831
3768644 3794109 3715495 3909212
3947900 4070695 3895862 3848480
3850096 3867723 3742104 3852481
3908973 3804756 3766155 3889241
3683201 3707064 3835310 3981051
3818803 3785545 3852216 3818477
3648713 3682471 3715589 3849377
3928742 3897320 3784073 3919606
3720728 3715183 3784703 3908896
3946987 3921518 3838918 3891300
3689072 3793531 3904471 3902012
3884334 3817149 3894870 3941615
3793455 3880416 3698556 3929060
3801922 3690852 3777537 3913853
3774428 3815293 3724532 3852109
3801081 3691698 3932645 3965240
3833232 3849202 3712590 3881539
3860547 3861483 3968284 4011536
3898264 4002210 3771589 3971016
3745724 3941399 3925100 3931152
3825772 3946522 3765430 3734976
3880920 3967165 4126080 4038407
3914164 4098562 3829965 3898107
3946961 3937997 3951560 3889785
3855188 4026733 3789803 3840598
3660189 3758554 3735024 3738589
3660638 3721776 3654753 3654486
3880437 3893641 3700034 3850530
3945527 3985122 3864446 3814722
4125876 3971702 3898482 3916085
4003029 4117286 3952527 3805713
4013759 3851556 3765497 3896048
3922858 4025677 3862066 3859706
3791375 3729547 3609423 3639727
3759740 3869212 3756605 3794910
3855712 3905395 3747625 3951986
3904288 3938777 3876544 3822426
3947699 3971827 3852529 3949296
4064247 4132539 3936821 3825211
3880802 3884144 3760204 3932620
3994342 3906413 3892581 3768588
3719751 3654273 3636448 3787217
3720156 3853240 3769488 3583806
3943279 3985876 3916990 3873495
3872319 3835011 3773029 3857452
4006212 4152824 3967729 4017590
3905374 3934683 3948571 3992838
3925446 4036281 3896462 3905768
3904605 3952942 3815672 3921967
3843131 3784848 3741360 3728328
3663554 3698935 3649069 3724609
4027593 3950004 3930576 3988760
3777741 3775647 3856540 3949869
4097627 3956465 3947269 4000831
3835413 3957755 3979671 3931165
4014367 3904178 3894963 3904906
3658573 3790948 3879052 4037953
3860137 3741008 3725745 3792077
3661927 3623319 3711259 3836996
3816767 3895047 3937304 4051740
4002276 3963148 3809027 4001185
3999526 3896669 4011286 4131997
4026071 4058421 3876300 4043001
3819321 3851616 3996205 4032582
3902885 3938570 3879624 3960903
3710714 3619662 3806302 3937196
3732009 3811626 3649939 3794020
3931425 3976953 4183314 4026377
3926450 4034182 3904704 3881708
3856121 3937533 3966593 3868400
3872924 3976262 3815784 3805659
3981518 3972716 4037095 3940570
3897739 4041972 3823042 3853733
3684292 3870951 3889559 3802707
3720366 3869317 3694538 3703834
4047117 3989960 3850029 3858061
4050187 4117843 3984706 3937183
3969502 3887590 3744373 3852500
3919269 4061778 3838568 3888748
3979550 3896086 3900109 3877224
3967734 4072645 3895020 3835829
3895483 3826923 3703184 3692005
3865958 4013756 3768497 3700745
3980801 3972412 3919274 3966706
4035452 4100128 3948179 3840552
3863550 3941814 3783233 4044008
3899540 3992124 3873060 3802149
3977974 3928136 3784677 4048174
3936897 4101805 3999746 3786937
3773164 3870239 3723933 3926864
3833713 3933673 3761849 3619023
4034511 4199450 4035973 4010869
3994654 4043600 3845444 3900132
3927764 4028209 3960771 3994544
3933545 3865477 3876206 3897571
4081472 4069028 3964644 4029820
3936292 4000894 3915162 4020824
3861770 4059967 3818045 3836504
3840061 3826446 3645962 3755094
4155973 4002827 3985780 4042832
3877128 3865563 3982885 4057148
4073722 4001286 3877320 3935844
3840585 3830435 3883092 3969889
4093119 3953184 3910768 4041193
3807107 3943807 3869274 4038894
3940333 3831165 3779059 3891755
3609976 3727504 3722409 3825048
3945793 4021639 4091391 4094680
4067798 4064087 3887957 4089627
3913417 3828748 3916549 4090555
3983642 3978508 3865359 3957802
3957244 3870786 3996066 4213345
3991526 4099079 3860240 4094015
3771191 3737397 3882053 4012951
3833975 3929443 3697731 3845904
3838496 3921915 4013409 3894608
3800810 3951617 3728508 3720832
3691873 3903100 3872947 3784962
3762938 3888578 3776625 3773721
3862635 3904817 3968850 3814782
3737746 3884326 3744318 3724414
3984749 4012449 4109859 3944059
3861217 4169823 3862486 3871959
3980326 3896409 3747431 3804388
4027262 3950331 3815294 3705172
3980747 3825854 3758322 3794296
3793390 3963270 3834851 3774337
3949143 3796805 3694500 3771923
3917458 3940703 3847418 3720103
4013733 3963062 3884570 3968483
4026211 4165199 3969267 3884505
3827076 3828693 3841936 3930119
3932435 3885336 3855607 3778909
3822473 3829636 3704469 3823942
3856606 3923122 3800239 3710204
3893785 3807554 3726756 3852652
3797260 3944696 3901973 3742452
3960014 4031932 3836230 4053503
4015937 4030146 3938734 3859110
3840828 4006510 3877827 3925211
3843740 3951658 3737405 3830466
3852605 3943859 3931404 3931351
3796487 3856602 3742632 3805978
3845918 3980784 3939916 3903325
3745449 3875409 3705723 3788087
3977316 4133970 4005987 3971348
4030995 3931615 3957026 3934883
3991813 3837698 3863998 3894314
3746177 3780521 3894742 3950154
3944645 3816565 3861635 3849225
3755758 3764031 3779193 3782238
3988810 3886706 3863511 3876523
3695128 3886123 3870697 3909023
4078714 4035351 3970324 4042643
3893540 3905579 3984782 4038826
3877546 3829473 3908735 4092640
3885030 3972468 3741459 4079180
3770000 3825675 3894401 3991920
3917685 3934417 3772944 3943163
3911919 3792514 3906990 4062266
3927443 3925531 3769925 3916853
3878441 3921037 4075332 4244010
4068017 4139399 3921663 4131124
3763937 3905692 4025501 3868930
3831551 4026784 3818813 3751131
3920342 3967108 3985066 3898693
3882718 4044582 3867357 3758178
3764745 3803042 3961647 3840186
3683621 3826217 3743270 3699775
3737010 3844408 3894355 3777108
3707643 3871076 3788319 3810756
3887382 3936447 3780470 3894253
3903049 3957258 3818471 3808185
4063047 3947786 3806600 3831210
4001236 4046168 3851529 3854664
3797811 3761807 3691842 3760887
3713278 3955586 3647677 3689413
3913912 3765024 3667828 3820341
3871961 4026420 3757156 3758500
3947617 3864162 3726749 3929666
3954464 3974597 3914048 3812896
3774490 3849530 3781432 4035641
3908569 3947151 3948716 3704817
3742582 3782215 3663610 3892018
3817902 3874408 3806313 3611480
3850467 3850268 3668298 3941674
3830616 3977708 3781902 3729886
3922439 3984751 4010966 3960341
3854348 3941971 3787189 3865188
3967893 4083968 3931517 3946270
3867269 3938515 3849454 3953161
3725055 3901732 3795947 3808659
3673321 3782905 3728465 3784753
3794700 3958344 3897089 3837843
3797290 3928125 3690783 3843621
4065631 3960141 3857420 3899585
3722068 3820725 3884368 3988245
4062999 3921380 3923721 3959916
3721658 3914393 3931935 3956268
3967552 3741393 3848944 3791210
3582674 3712864 3800070 3883669
3998777 3834642 3826500 3914262
3678088 3791930 3824707 3884701
3839237 3838322 3919953 4070557
3901169 3854100 3789586 3981028
3873449 3817748 3889272 4099542
3981550 3976899 3915561 3991955
3747678 3770575 3788407 3950925
3805485 3855109 3681196 3870075
3787027 3867048 3990933 4009733
3881859 3953411 3804620 3977896
3811912 4006717 4096910 3892024
3842074 4032369 3817072 3867887
3719216 3841475 3952335 3739342
3660654 3904192 3639033 3640208
3668072 3771036 3861583 3810540
3686567 3790866 3681715 3631157
3890084 3999733 3965139 3970506
3898000 4078048 3988022 3849655
3939767 3798776 3735175 3922122
3949808 4036755 3923897 3926288
3875269 3791529 3622661 3716089
3883841 3892846 3755893 3731358
3906883 3845477 3584338 3743497
3801156 3923354 3761418 3791068
4047582 3873133 3910194 3897335
3916699 4106012 3909291 3836641
3939408 3860783 3826027 3989873
3966273 4002527 3959629 3805173
3776168 3799996 3726010 3852053
3787491 3870828 3814524 3647194
3751843 3798566 3658477 3823680
3805755 3832729 3809126 3645264
3945489 4044894 3855642 4011818
3977225 4039518 3956652 3846556
3927101 4065263 4071360 3959222
3923791 3962793 3766759 3857867
3807411 3946921 3832198 3879378
3791897 3769693 3739790 3792557
3723514 3913889 3828184 3861129
3784263 3756175 3762493 3767947
3964520 4124937 4115307 3948522
3891316 4065139 3829119 3991220
4065928 4029448 3941725 3957073
3763777 3856303 3802920 4042392
3894985 3791586 3802750 3781378
3684956 3750876 3753320 3868475
4007939 3816183 3703595 3845396
3617760 3760030 3733817 3856249
4009176 4032237 3959814 4103042
3764884 3869573 3873076 4085336
3837444 3911638 4047000 4115269
3879883 3941841 3844221 3999385
3878738 3701899 3909646 3979246
3879776 3809953 3682800 3860455
3757136 3764077 3822100 4010501
3871036 3863077 3780989 3907795
3912891 3949229 4021201 4201873
3997408 4060740 3827711 4017189
3815454 4040547 4027864 3920903
3846163 3987029 3905625 3791907
3720525 3803657 3832916 3763092
3671087 3784778 3682550 3631075
3790758 3903417 3933529 3800457
3803804 3866322 3772877 3785881
3776124 3791165 3885633 3822979
3645303 3820781 3633803 3669849
3985233 3932169 3798292 3904870
3967716 4123637 3790655 3828080
3801872 3738703 3588936 3650923
3721671 3871429 3789416 3605704
3959046 3865965 3702403 3783259
3967805 3999731 3825589 3821515
3844158 3767954 3661489 3716210
3811645 3886897 3745470 3702811
3842692 3935962 3804968 4009171
3945502 3943125 3969196 3849785
3710439 3761249 3600102 3836435
3801538 3848720 3796619 3575444
3780001 3920676 3710670 4044343
3855742 3900713 3898421 3713158
3786206 3751753 3645591 3770015
3849051 3815472 3834052 3651729
3997530 4087725 3898539 3946487
3953603 3963988 3847441 3908367
3743566 3942632 3832238 3794850
3733467 3728540 3703688 3730707
3874113 3975448 3957493 3851623
3846782 3895692 3700735 3884402
3730205 3907198 3764247 3777119
3764118 3787923 3614479 3723869
4099358 3932218 3896555 3946051
3782863 3835252 3942402 3962535
3895274 3809553 3750104 3882729
3585382 3702702 3695742 3803560
3964727 3851575 3892661 3888374
3688591 3872011 3838515 3888190
3885646 3773233 3809937 3726682
3632051 3648556 3660735 3820438
3933805 3835763 3990537 4079899
4002597 3941347 3865042 3963168
3700483 3703502 3799387 3940514
3784560 3848067 3753053 3858412
3853067 3833085 4005504 4084638
3849566 3900413 3814038 4014727
3719293 3714836 3861864 3936999
3786378 3850114 3710090 3874952
3797418 3787849 3946790 3745044
3718074 3861094 3693860 3742509
3859618 3846533 3930672 3843675
3781453 3951263 3829525 3860423
3860356 3940877 3995548 3906633
3831727 3924507 3810707 3864537
3872296 3955760 4033329 3940567
3814458 3970780 3829912 3864735
3895660 3747370 3658962 3759587
3784250 3969244 3810831 3740252
3992114 3900207 3726519 3860590
3937803 4001918 3895948 3835110
3930684 3915508 3829474 3770418
3938029 4117487 3887967 3754488
3970393 3979773 3760287 3856248
3999955 4134121 3854183 3800196
3756206 3775011 3699807 3891508
3782528 3894118 3872160 3582130
3872417 3930861 3807204 3945548
3924803 3990715 3909092 3686578
3853700 3984545 3868201 4038417
3960295 4008389 3937806 3729192
3892254 3864931 3947885 3991278
4031118 4012311 4002017 3736710
3805547 3838622 3843194 3817524
3822997 3830266 3773438 3757816
3877494 4032364 3969813 3940735
3881679 3883564 3835073 3963206
3917326 4022082 3951731 3865952
3883167 3995651 3845693 3920132
3968957 4037621 3988965 3902159
3972077 3937484 3785061 3937409
3903750 3868842 3778724 3830857
3678999 3733879 3784107 3878471
3998848 3940213 3875785 3997172
3795487 3795752 3838345 3959938
4029558 3925243 3870432 3950146
3708126 3929738 3887267 4017839
4087877 3965966 3987095 4012583
3771285 3816654 3898440 4046110
3771443 3769078 3852851 3944497
3878858 3894199 3752401 3845700
3930808 3844491 3953254 4092223
3915816 3928161 3774784 4012025
3884686 3876979 3958159 4142781
3888857 4038216 3801085 3969813
3974707 3955923 3977310 4082238
3977800 4047160 3867552 4079025
3794489 3890431 3938513 3814218
3750614 3907585 3699340 3731384
3879679 3887618 4013325 3859680
3830157 4018395 3715432 3808807
3832136 3913916 4046383 3848014
3846505 3945623 3788923 3772209
3893996 3961411 4055008 3918814
3846821 4039043 3835614 3890346
3924947 3813500 3720177 3781138
3834505 3905150 3801731 3784761
3983128 3862861 3776021 3728216
3957591 4035922 3822150 3855332
3910613 3838966 3807656 3856534
3883888 3997961 3854515 3786679
3974534 3895158 3824964 3836076
4003571 4162860 3966375 3808621
3811254 3827880 3641297 3925681
3803939 3899310 3781297 3652704
3854446 3832755 3719812 3955350
3899273 3932970 3970142 3811194
3942641 3803989 3752770 3923550
3971720 3993880 3929675 3726439
3848650 3926141 3850839 3993719
3848245 4033860 3948011 3829402
3784088 4026457 3826668 3842357
3850207 3857510 3709028 3753966
3940686 4000576 3965268 4027251
3868670 3932995 3835292 3853039
3866685 4007918 3974507 3902062
3856644 3957701 3802812 3850216
3894010 4009815 3981377 3950906
3878936 3902994 3845522 3921124
3891551 3847446 3832528 3874306
3661513 3768032 3753717 3866036
4024347 3907608 3831790 3940760
3696181 3806160 3867449 3952791
4088501 3920246 3858098 3942333
3680019 3765252 3827689 3921735
4076233 3936906 3859218 3930813
3781216 3905565 3882633 3976420
3811878 3716887 3890239 4017207
3894313 3885177 3734741 4053719
3845515 3910172 4053400 4025529
3995536 3940169 3809489 3924886
3833528 3891541 3916078 4075774
3956585 3935631 3766754 3903987
3930283 3815785 3948302 4032539
4006726 4020461 3819819 3979228
3743437 3776333 3865543 3800451
3727693 3809293 3688246 3756577
3784927 3913695 3974579 3848670
3744444 3971457 3708716 3796746
3924862 3943451 4065153 3896977
3819806 4044441 3778894 3866791
3782250 3778862 3985872 3825187
3755840 3875297 3720251 3751950
3921595 3813360 3668921 3719373
3871701 3929058 3762910 3696816
3918162 3769720 3764605 3782356
3920089 3907179 3810617 3784617
4029044 3878893 3782528 3878680
4042590 4150372 3912269 3956281
3960300 3712952 3683131 3865543
3816943 3922513 3747339 3682730
3756026 3809729 3794596 3794925
3789246 3792424 3812452 3718245
3829480 3859362 3741743 3874209
3819863 3985623 3965222 3746702
3932571 3945228 3833456 4044023
3988722 3940721 3934325 3762250
3831238 3793643 3751230 3869552
3838395 3914110 3818633 3662656
3805969 3955219 3977263 3876798
3808372 3843524 3673495 3796184
3818350 4026813 3897129 3909103
3867731 3928607 3781938 3858734
3960026 4097444 3931831 3950031
3982113 3899271 3781458 3970404
3848425 4046362 3814445 3826437
3806991 3785301 3677735 3771256
3889122 3902554 3831240 3848266
3622252 3804877 3843220 3873142
3970627 3899332 3894406 3896902
3705905 3748604 3799937 3884329
4067939 3972891 3883559 3993851
3886135 3867132 3897725 4038033
3976573 3837577 3830619 3921896
3683211 3728383 3730951 3861577
3733303 3799865 3916082 4006074
3869592 3929561 3770260 3978755
3782622 3874273 3979117 3999601
3903987 3944855 3760531 3949727
3913415 3948360 4116802 4073377
3970968 4077189 3855765 4022260
3833279 3755203 3897093 4043980
3878561 3895333 3691337 3820984
3977273 3913973 4084426 3874272
3885092 3962431 4012887 4131350
3861127 3792042 3892784 3828028
3871989 3837813 3992258 3932606
3810723 3681684 3790507 3616400
3624473 3699469 3832438 3841274
3827977 3672906 3928556 3719954
3772366 3785039 3817110 3829096
4062547 3867514 4010603 3923759
4055753 3885284 3820681 3862814
3895214 3792634 3961200 3793927
4037360 3833249 3696211 3803354
3783646 3650065 3779936 3712288
3903322 3704788 3625801 3702917
3884221 3740105 3894834 3767574
3831886 3793849 3620074 3707164
4031552 4136649 3881845 3932681
3980159 3867360 3930926 4044398
3918417 4018964 3734899 3796593
3895120 3761816 3884913 3882174
3838578 3875016 3690899 3711392
3777242 3655094 3761387 3805439
3774665 3898403 3699992 3725719
3866561 3760565 3769945 3800982
3921709 3932495 3868543 3887314
3800908 4020632 3898486 3894404
3854002 3829734 3701155 3772888
3674324 3832697 3784492 3772966
3784475 3733879 3571299 3661564
3589449 3735633 3571739 3690906
3723995 3766027 3643865 3704511
3639373 3822864 3735146 3702045
3885020 4052352 3980905 3917784
3881795 4131455 4083111 3829293
3836538 3859446 3890655 3830810
3825016 3983299 3884566 3737403
3694792 3762770 3643390 3759371
3698489 3885032 3769671 3549631
3692809 3897370 3750539 3787031
3744266 3905555 3818252 3641887
3819849 3879499 3976046 3897286
3941504 3929566 4058631 3898144
3772239 3761022 3823103 3690488
3714121 3915948 3866272 3823842
3650007 3582330 3797994 3667635
3690096 3745425 3766261 3720160
3633173 3759128 3768612 3720910
3722805 3829187 3860783 3772905
3907174 3742961 3929093 3755487
3762960 3681528 3914724 3831381
3899483 3748158 3936582 3806139
3730353 3760567 3868928 3930232
4009155 3860219 4033487 3848818
3868842 3869199 3958925 3986298
4029118 3958995 4143157 3887444
3835642 3931471 4037761 3986352
3893590 3754769 3969578 3805739
3999000 3822800 3646204 3683607
3930104 3730230 3969590 3759990
3988353 3788827 3613163 3743300
3940104 3833620 3960157 3863600
4098142 3875079 3831189 3858925
4119353 3887644 4123645 3856527
4132981 3954223 3737033 3921528
3903282 3985506 3896797 3791444
3925318 3740269 3859074 3886202
3909010 3997670 3792336 3750255
3864809 3771322 3863300 3865717
3983340 3992263 3851584 3895273
3987546 3912339 3949620 3929886
4005057 4133645 3880819 3872063
3979287 3910028 3998893 4106236
3779840 3763427 3658175 3740270
3730497 3829948 3711913 3723000
3810898 3888384 3788132 3754978
3685007 3821248 3749833 3805296
3829729 3916376 3790429 3973768
3700673 3920037 3849284 3878390
4027205 3964586 3904502 3862177
3821359 4082211 3855235 3858188
3732420 3818974 3781535 3833225
3777892 3818812 3879260 3689365
3731994 3862554 3761126 3835031
3736100 3944786 3875907 3701601
3777345 3890045 3976942 3930409
3791028 4082618 4025927 3731896
3864180 3998439 3941506 4023660
3907430 4131397 4049181 3878084
3657938 3695988 3800373 3615826
3700721 3823829 3878435 3812926
3656936 3651192 3941026 3655014
3785040 3798506 3843476 3791487
3823400 3857329 3905292 3765180
3830661 3967819 3918722 3893980
3822617 3894467 4028058 3809048
3919802 3959527 4100874 3942806
3887489 3812507 3861025 3783978
3795413 3857422 3951113 3959450
3965340 3850299 3946583 3820603
3834247 3893127 4046429 3960135
3826068 3798323 3865427 3704244
3745069 3693762 3774275 3786365
3863231 3785646 3928455 3764598
3817270 3850543 3927334 3843373
3914450 3786599 3929092 3825439
4041755 3788789 3751749 3893899
3969960 3778507 4062021 3891875
4158102 3892442 3766202 3838047
3842553 3666247 3894496 3708517
3864003 3736961 3612485 3740009
3918845 3685123 3866992 3766352
3981274 3798215 3682429 3797445
3877360 3952695 3776244 3807055
3814404 3797091 3854243 3917324
3881682 4089631 3774258 3905580
3944686 3840922 3844791 3983205
3748822 3853739 3613974 3736376
3819353 3694822 3730756 3815942
3771149 4014922 3716977 3767045
3891473 3783405 3830669 3905567
3897884 3758045 3731504 3747135
3705790 3841050 3729191 3714180
3858893 3837012 3752343 3775123
3770756 3894054 3832383 3832919
3624678 3691355 3661162 3668810
3574761 3827046 3717136 3651679
3879988 3806660 3768733 3798944
3651787 3851201 3805541 3706410
3814283 3811428 3778184 3845934
3775845 3997869 3928977 3738490
3840791 3901514 3866297 3911803
3916463 3969611 3957677 3821017
3583506 3790475 3679150 3722920
3648841 3810160 3816890 3637154
3828797 3822092 3769847 3864995
3784474 3919858 3972071 3753799
3712011 3827822 3838293 3738786
3899366 3807937 3914707 3813219
3702472 3817850 3938238 3737606
3794652 3932667 3891846 3828334
3659142 3695497 3733804 3593318
3635232 3734437 3813968 3697144
3672098 3766728 3839476 3716737
3773564 3802748 3926686 3770653
3865782 3751748 3883523 3713582
3690197 3745847 3841234 3926958
3760180 3655786 3793072 3683682
3693337 3689376 3837269 3765952
3867585 3744109 3897521 3680397
3726995 3839493 3834750 3817154
3861199 3740112 3877729 3684106
3706385 3832175 3884859 3875312
3920034 3732109 3923608 3680516
3981656 3711064 3649621 3788453
3764926 3699173 3806827 3669378
3817215 3711081 3512740 3672534
3906867 3761142 3915821 3759679
3870486 3838744 3660802 3783914
3811838 3704668 3909082 3687143
3879917 3763645 3634529 3759037
3777671 3910606 3771646 3711488
3869100 3711863 3777885 3839596
3765894 3876556 3588988 3649898
3838512 3620691 3755816 3688286
3836829 3962948 3747510 3742423
3826929 3775336 3822512 3951472
3843722 3871909 3720713 3723072
3906022 3720545 3814040 3854438
3736038 3784427 3646481 3729661
3684344 3775203 3686286 3707619
3797718 3661142 3560974 3652926
3559217 3717911 3620754 3683519
3810867 3776093 3707373 3781693
3777195 3791443 3721101 3773703
3755409 3780883 3653292 3773600
3643459 3805035 3737928 3703912
3757226 3795224 3806639 3862344
3696627 3920769 3826366 3681636
3648714 3733522 3735386 3780404
3654893 3844492 3812265 3596985
3798159 3904319 3817501 3877493
3777334 3922936 3832499 3672085
3723881 3805074 3790938 3833259
3719597 3908970 3854363 3646217
3637797 3836650 3801656 3646383
3699406 3820368 3799141 3794384
3570804 3715053 3697597 3612036
3727424 3661072 3735548 3696770
3775899 3806180 3818940 3710068
3737722 3804800 3807181 3690095
3680208 3691145 3791355 3635799
3726522 3794220 3810226 3689734
3912454 3885354 3973340 3897115
3875332 3877903 3937013 3974545
3910308 3761509 3994655 3703971
3849572 3860928 3873158 3913088
3859037 3772821 3927890 3732822
3789307 3798179 3907165 3791176
3932596 3744021 3926469 3834163
3870200 3796406 3918640 3965542
4002918 3834797 4012847 3851961
4057108 3882631 3746678 3867609
4000295 3823714 4023707 3770351
3974347 3796596 3712059 3847156
3933760 3727716 3924642 3767725
4028770 3794016 3693805 3840447
3864652 3794982 3985237 3761993
4026195 3856813 3699884 3805148
4017120 4060845 3805255 3914886
3965522 3849920 3897478 4024801
3905892 4068374 3747158 3877312
3958057 3754936 3874554 3898122
3884819 4025793 3820263 3830703
3892974 3797309 3840059 3954967
3907978 4005490 3699597 3785196
3916254 3852561 3848277 3916699
3874322 3911262 3726835 3779995
3804389 3963589 3815708 3841449
3859170 3912269 3742206 3853849
3708710 3803668 3806169 3746898
3745543 3806896 3724979 3718755
3717233 3842120 3764518 3757417
3863781 3922958 3693932 3804730
3738340 3863695 3769728 3741028
3797732 3896392 3844962 3958843
3811999 3943469 3940911 3818783
3697752 3917324 4007636 3892077
3720873 3982888 3976952 3848462
3731263 3796456 3852527 3831636
3788492 3955078 3882686 3701975
3777162 3944381 3830711 3893746
3780013 3960342 3940898 3758970
3738669 3856993 3929700 3734469
3797600 3893699 3914871 3890969
3771282 3779780 3891030 3719981
3832048 3858608 3854448 3818059
3638441 3724499 3901495 3718172
3767287 3894737 3866827 3763939
3692496 3718880 3975401 3720963
3847518 3890098 3881252 3892812
3959580 3822083 4045647 3869172
3906252 3861867 3976788 3905084
3808369 3635011 3869971 3775370
3771015 3753999 3901092 3936007
3982609 3826793 3970475 3907992
3909826 3824265 4037469 4022718
3806353 3591293 3728252 3590742
3670489 3670949 3763348 3762971
4053970 3808149 4064885 3779149
4049851 3964036 3798773 3911303
3901879 3674491 3965778 3702987
3915739 3742949 3670555 3736777
4046857 3778992 4041097 3825360
4060599 3845260 3743344 3826488
3747310 3622578 3747351 3657699
3892032 3675054 3491244 3622166
4025907 4114951 3811432 3807513
3921897 3875992 3929152 3966258
3888116 3984839 3717889 3790964
3853915 3745949 3819673 3908806
3958683 3994121 3804187 3790302
4029094 3800581 3991109 3946275
3791018 3909905 3676920 3646878
3770490 3656706 3656251 3753303
3925152 3896850 3855395 3796012
3875561 3926623 3894668 3866476
3807536 3869550 3625363 3722140
3751647 3827808 3759709 3708704
3857594 3890055 3783115 3811144
3706446 3871560 3835217 3851614
3677595 3653674 3546857 3659897
3577048 3689157 3574233 3566455
3850937 3912894 3902674 3989114
3839104 4062727 4065791 3745633
3757379 3789658 3814641 3818957
3741602 3961499 3923724 3666997
3801457 3939348 3886463 3939088
3848456 4060882 3992688 3815978
3660449 3706810 3666306 3711281
3706703 3763932 3671433 3598712
3780360 3866483 3947583 3711775
3930480 3921799 3941372 3898281
3662133 3801267 3859257 3614001
3776688 3741772 3856021 3754033
3847948 3848263 4030130 3758988
3837767 3953175 4090824 3885944
3569775 3640663 3718233 3553357
3619853 3672942 3727797 3616450
4029422 3949168 4056226 3888576
3929558 3949565 3985483 4086305
4095919 3908571 3977879 3843119
3957597 3865841 4082220 4005435
4004291 3914286 4043541 3859075
3952039 3921739 3993663 4075224
3709277 3469413 3724531 3652281
3609684 3563722 3674134 3685478
4061708 3883139 4063243 3882163
4040693 3881888 3768151 3802249
4107959 3873963 4045941 3885202
4051053 4002478 3797710 3915867
4079310 3887906 4033780 3959304
4132679 3993687 3762925 3861830
3724330 3568892 3670708 3598416
3782267 3671676 3482150 3545157
4041157 4114710 3905303 3960902
4019043 3928393 4011838 4008774
4010694 4189058 3866363 3839809
4062745 3906520 3956000 4015901
4071317 4107245 3924848 3855913
3997706 3860969 3980250 4068809
3697618 3817602 3623529 3634907
3701628 3592178 3694186 3734001
3963058 3949493 3826873 3876110
3814322 3909556 3814520 3887922
3893250 4009671 3795763 3880683
3837523 4016595 3847973 3931380
3896978 3955126 3850012 3924785
3792567 3964731 3906880 3921008
3652089 3671189 3478174 3603445
3477256 3761780 3549080 3536642
4005530 3974170 3961934 4000768
3869694 4077097 4019536 3806863
3870226 3996872 3963111 3947100
4013796 4073550 4095583 3867263
3905174 3965635 3925835 4009801
3931923 4010319 4055742 3888728
3563580 3611061 3637340 3665690
3585147 3780111 3799859 3556102
3766334 3921789 3966421 3799672
3889897 3972439 3940449 3875504
3810933 3872575 3980105 3867150
3832786 4014796 3972276 3835006
3797030 3838171 3978622 3785027
3937829 3936599 3951436 3843699
3432555 3574647 3737451 3557979
3597888 3662513 3659914 3634777
4108279 4083846 4127567 4035666
4042055 4039316 4127272 4137143
3937517 3879182 3962313 3772118
3825641 3804712 3963414 3917727
4065727 4069751 4110718 3970064
4032188 4057011 4144443 4188039
3932738 3694277 4012952 3772182
3775029 3837871 3950421 3959028
4073627 3992752 4190817 3999469
4256728 4046695 3866065 4061438
4003954 3772565 3900651 3787470
3990217 3828386 3680534 3812421
4155703 3936865 4070786 3903215
4186592 4042512 3926140 4074384
3994113 3761123 3964565 3833551
3960785 3855888 3715276 3786455
4170522 4259694 3980833 3983940
4037388 4022383 4079074 4203488
3932316 4007332 3765260 3770424
3887623 3782005 3952773 3824104
4127349 4137514 4018327 3994608
4047910 3991979 4022010 4093197
3898169 4055406 3795048 3771086
3899039 3824041 3883926 3958213
4031123 4047540 4059955 4055291
3917347 4047220 3981479 4005462
3922585 3846175 3868942 3776681
3711991 3961253 3749648 3835693
3970757 4076680 3931341 4021025
3909574 4097132 3994423 3940684
3786947 3860615 3696395 3736795
3829421 3938121 3759887 3729742
4048528 4080784 4055725 4086443
3929257 4204079 4074726 3923383
3778852 3910281 3800659 3922352
3861672 3980181 3985943 3728315
4008002 4124044 4066524 4115753
4021721 4123946 4158140 3932985
3777376 3858404 3847053 3864056
3882907 3965742 3880773 3769866
3940612 4094287 4079753 3943308
3973040 4112591 4105590 4039471
3759310 3850870 3876422 3759973
3861018 3781105 3872394 3817258
3867923 3951188 4101782 3912456
4057361 3960827 4036187 4014427
3757660 3830775 3880291 3710051
3834698 3935982 3861030 3806947
3973355 3870258 4006295 3856691
3916344 3851368 4017099 3981704
3944644 3782417 3926283 3812857
3801063 3834493 3906113 3884663
3946995 3860705 4084533 3896648
3887549 3841483 3988085 3982061
3949911 3748926 3898204 3750262
3786196 3852587 3935570 3926673
4005147 3823534 4060541 3872688
4136120 3895125 3676056 3880056
3917569 3778142 3977962 3725314
3939389 3839736 3618403 3751633
4043102 3813235 3995126 3881089
4101906 3836928 3730739 3852518
3973641 3733184 3871237 3737026
3965349 3868506 3661416 3820063
3978063 4057883 3837302 3822758
3918986 3878740 3958367 4003504
3905967 4005753 3765266 3798023
3964005 3838409 3910444 3918915
3956620 4072208 3854747 3896460
4015366 3843371 3905252 3996279
3848976 4060786 3738386 3707261
3821252 3824168 3876606 3816297
3931940 3923646 3754729 3815847
3731395 3983577 3827711 3864006
3746205 3836396 3740521 3833773
3744701 3878452 3821255 3780528
3921781 3929462 3789161 3792565
3787879 3939094 3863196 3835854
3778855 3811817 3687029 3759975
3702981 3825848 3780373 3757200
3902500 3903676 3902189 3968166
3797668 4078412 4058954 3826439
3795745 3871148 3853863 3808232
3770126 3965886 3916003 3679809
3860018 3952685 3963541 3966098
3827965 4041923 4029410 3780141
3704214 3888812 3810303 3887682
3671300 3890422 3898655 3723109
3809904 3840915 3923100 3775763
3898464 3869269 3915176 3829257
3682489 3850554 3929096 3723909
3846516 3908718 3878156 3823831
3796690 3861754 3989637 3861031
3893152 3941397 3966581 3908182
3684672 3768886 3831313 3703009
3761920 3856783 3886777 3760333
3831293 3706452 3896991 3620574
3791925 3766827 3826294 3856910
4034772 3877921 4040780 3786593
3817934 3933956 4000687 4037387
3883736 3859137 4021248 3861612
3818212 3831439 3996065 3978726
3865158 3785025 3878134 3769887
3706925 3682629 3911503 3885297
3762950 3671007 3806821 3683617
3915411 3716284 3614890 3692922
3999640 3746716 3938488 3817178
3987886 3891550 3680798 3894159
3925451 3863192 4008811 3814325
4077808 3858634 3686612 3854071
3920303 3728140 3963124 3738136
3990918 3861549 3578610 3757233
3845481 3795903 3748458 3727460
3837462 3761552 3750866 3814715
3965987 4053961 3818020 3831492
3972085 3817181 3891211 3941183
3971068 4019671 3845606 3848533
3953822 3894596 3893032 4048966
3921250 3935115 3704590 3776768
3880723 3695036 3855511 3867121
3742961 3734816 3743603 3742476
3781927 3792445 3651604 3615699
3858036 3798650 3807694 3818765
3711119 3866290 3814416 3757881
3889625 3927393 3724606 3854084
3763229 3936408 3813428 3836599
3859243 3824376 3692347 3690908
3632814 3807334 3766990 3685266
3727293 3785603 3749995 3792021
3761442 3932148 3803940 3570278
3773992 3893556 3892725 3893078
3830707 4022826 3979275 3742751
3797452 3995265 3791798 3877539
3888894 4012765 3976543 3719228
3751561 3776128 3845938 3942273
3781560 3954577 3883468 3752269
3658809 3763105 3770463 3642710
3747808 3772027 3747848 3751613
3837328 3803637 3938378 3756567
3916504 3912562 3915225 3778848
3736207 3827049 3910899 3730527
3837346 3899435 3897426 3820709
3690084 3712328 3822749 3636796
3720645 3830911 3755564 3846995
3812174 3802870 3980854 3721826
3752152 3846134 3876276 3884606
3802530 3750150 3921440 3810521
3760750 3785287 3899919 3915236
3741262 3648732 3843788 3677069
3681677 3678007 3772031 3811514
3885589 3749293 3918609 3755970
3836837 3808414 3961868 3888671
3977552 3780923 3941506 3867798
4108893 3896671 3665674 3857896
3959628 3721411 3886560 3814571
3989856 3722250 3692611 3734417
3831797 3684710 3770612 3666103
3838792 3660573 3605769 3734698
3811081 3767968 3942621 3711423
3986260 3828742 3637207 3719062
3890832 3968336 3786670 3756596
3807266 3817716 3894620 3914561
3912295 3936734 3680028 3796889
3808646 3763582 3801608 3938567
3791949 3898282 3645915 3695629
3807168 3649777 3748446 3814028
3859324 3976560 3694948 3772883
3912421 3800168 3857513 3884526
3774673 3791151 3708020 3818131
3706475 3951126 3818681 3776918
3852463 3778460 3782981 3718935
3683705 3757617 3734599 3671001
3724087 3698673 3608749 3702306
3527483 3727014 3609451 3643927
3880445 3725793 3730604 3708149
3685465 3840840 3774745 3656246
3806742 3795006 3798485 3860844
3843368 3877092 3940518 3717448
3735991 3814790 3842055 3799954
3751612 3927404 3855739 3683291
3675645 3799062 3712270 3790661
3709508 3765987 3840501 3535923
3795409 3884266 3777036 3808259
3773366 3867469 3884054 3697120
3754092 3764638 3960156 3769056
3747629 3867678 3846825 3848335
3680463 3776833 3817534 3690908
3728374 3789189 3786089 3720491
3650341 3562219 3795920 3614864
3702192 3713377 3724580 3654495
3733870 3707803 3879523 3615199
3780153 3825730 3838622 3765269
3845081 3769474 3850199 3873587
3767652 3774750 3942672 3875826
3936983 3763571 3964802 3825286
3837121 3828770 3997467 3993961
3809566 3682120 3789634 3642743
3699646 3760395 3867794 3889878
3962946 3794609 3928420 3822428
3885555 3903337 4052006 3927492
3917282 3803104 3904269 3807053
3981912 3867450 3622673 3825050
3929866 3854944 3954830 3803218
4070731 3850709 3785383 3841255
3848316 3655902 3851168 3693425
3911104 3765578 3597572 3741147
4020482 3826815 4003408 3929187
4059392 3911205 3763429 3813961
3889134 3905374 3801411 3743631
3959192 3755848 3825080 3982230
3863012 4021387 3821669 3791622
3885587 3804859 3843750 3898197
3811724 3865976 3681191 3708687
3828275 3609192 3712646 3790194
3983342 4041117 3851908 3859572
3935635 3878460 3929962 4038564
3820599 3835607 3682334 3786373
3707550 3878414 3845471 3741279
3830830 3776721 3766361 3726412
3798511 3960105 3834376 3839357
3659449 3719246 3673475 3720742
3658018 3762214 3724845 3707015
3876144 3937086 3825672 3842362
3795331 3990269 3805827 3826216
3740812 3938723 3813550 3893440
3741007 3870255 3924568 3696132
3834713 3887562 3854487 3909879
3825798 3965970 3930772 3710765
3715395 3788199 3759667 3731150
3754317 3863610 3850194 3624956
3851590 3905897 3834258 3905602
3881958 4005993 4041800 3781055
3735921 3767845 3886564 3780401
3838422 3793632 3863531 3724978
3752698 3832865 3906517 3727075
3845678 3806859 3896578 3796136
3623026 3648740 3759392 3600869
3665039 3782016 3803070 3682077
3773615 3830736 4106258 3736582
3854061 3904875 3911486 3796065
