3676325 3480363 3462247 3449740
3446672 3446964 3580374 3523078
3675926 3577430 3630218 3568865
3619577 3575325 3650717 3620954
3675285 3563860 3573387 3522631
3544364 3507448 3580194 3525150
3518030 3563592 3498209 3415195
3496881 3481109 3666288 3572623
3679386 3598244 3607686 3482898
3460730 3460330 3462760 3322543
3731419 3680506 3576259 3564298
3563210 3570805 3536187 3578628
3683622 3652126 3635325 3575882
3562999 3539188 3459615 3428200
3632798 3622991 3621109 3484069
3452457 3508737 3481832 3461485
3462818 3416419 3549227 3591179
3559640 3641850 3534717 3603384
3563678 3413034 3603020 3684467
3499632 3653133 3647060 3691255
3516367 3376334 3543291 3678298
3579372 3609371 3635465 3666804
3559272 3441849 3512237 3604109
3532960 3544362 3530409 3580640
3532926 3642954 3577872 3515964
3433763 3588673 3679910 3570116
3678142 3682360 3605718 3627070
3456833 3740194 3736531 3722209
3545835 3638156 3577706 3619941
3532106 3644040 3782709 3588751
3584329 3638815 3565804 3504547
3501475 3647065 3658006 3553234
3363381 3532325 3626519 3570491
3678141 3442897 3601446 3506995
3513357 3622564 3751173 3669283
3742893 3595322 3612884 3558003
3430642 3551314 3640207 3667044
3705226 3578737 3482048 3472212
3497462 3598405 3633485 3586670
3601753 3527414 3478872 3479268
3569102 3574449 3613034 3469298
3470782 3660458 3407165 3424165
3630431 3619286 3771462 3667857
3601513 3779356 3469983 3613840
3558283 3634703 3712840 3629804
3587876 3746833 3456672 3522204
3664233 3544893 3582749 3632454
3505465 3740010 3503176 3542837
3660278 3524671 3478698 3441966
3579582 3587302 3694166 3597986
3691060 3592713 3579862 3517221
3572192 3621926 3718957 3588625
3574116 3472006 3451187 3433827
3537090 3384288 3427893 3519751
3646911 3552035 3675851 3486999
3623277 3546010 3703428 3721167
3685455 3597403 3523067 3459496
3443573 3492193 3572752 3476310
3691395 3657191 3592900 3553545
3588577 3587167 3576190 3542535
3608566 3497431 3521228 3392610
3512093 3512612 3415956 3369737
3831024 3660188 3709277 3530614
3695045 3656362 3554244 3599211
3510775 3432446 3554602 3653414
3604329 3685205 3650819 3685323
3539807 3458131 3579075 3602403
3510394 3690934 3595999 3705990
3438266 3352308 3424039 3524279
3513508 3527666 3518819 3550626
3627715 3569896 3691927 3709240
3619965 3731974 3726124 3692735
3634890 3629403 3560848 3593736
3538783 3627891 3686703 3643506
3701889 3741009 3542194 3714409
3588542 3644086 3737557 3706323
3549932 3567279 3467084 3434671
3455834 3562803 3518818 3500601
3794497 3790608 3643472 3738096
3701546 3704040 3806185 3773090
3410525 3630529 3755666 3696384
3695547 3521195 3458254 3539579
3478075 3671131 3778886 3701990
3701462 3613887 3647195 3581886
3358583 3521998 3594388 3566682
3575216 3389791 3437893 3447884
3501637 3725866 3773581 3649081
3755058 3649471 3681057 3700318
3694445 3572787 3661166 3613864
3490104 3739218 3565064 3499229
3630849 3618574 3747849 3702340
3604312 3759816 3583933 3536794
3551132 3407478 3552361 3509173
3365631 3508218 3435771 3322241
3839689 3689531 3731406 3684409
3591978 3874612 3621730 3633216
3708781 3565716 3593047 3560128
3600736 3569432 3718452 3610061
3618844 3571737 3569842 3501314
3542479 3553514 3684255 3631651
3616726 3567929 3611312 3603507
3553074 3516454 3601576 3548658
3691341 3584945 3656682 3636373
3701474 3710955 3803868 3665332
3713131 3616451 3592178 3656897
3575005 3581200 3546051 3595472
3638845 3697818 3707283 3572297
3566190 3504756 3543270 3413898
3644079 3593600 3653574 3496500
3592823 3568771 3569037 3519392
3825536 3751282 3712558 3673819
3617955 3628905 3612096 3614922
3555094 3460342 3659672 3683759
3554933 3646498 3624607 3728357
3589128 3502745 3613899 3640291
3532993 3608357 3641731 3625121
3549145 3420831 3587364 3696279
3541937 3682892 3694250 3648866
3688511 3540321 3689459 3775199
3698333 3787754 3755413 3696959
3679873 3725103 3607949 3647289
3540597 3663438 3723925 3637953
3682459 3734620 3598448 3713087
3540890 3719254 3705292 3620123
3673807 3700776 3596820 3574447
3582589 3720374 3741999 3651331
3720688 3791646 3716275 3739625
3616103 3800384 3783881 3809587
3440218 3655041 3711411 3645156
3808630 3613633 3598735 3567006
3428713 3671132 3696946 3640832
3717315 3599389 3676772 3525380
3394329 3579017 3757871 3713573
3735657 3603641 3563894 3538999
3596644 3780953 3802674 3759248
3819965 3700807 3706943 3593499
3682417 3673090 3631719 3672727
3541772 3755894 3595097 3520846
3629814 3577623 3649903 3564330
3475079 3763660 3603046 3514866
3623572 3630242 3692074 3696875
3582570 3769219 3524844 3561972
3819961 3779257 3849393 3656436
3568897 3797745 3658285 3564231
3615265 3483409 3562749 3483283
3588896 3534108 3620847 3639653
3722300 3577237 3575518 3569805
3616264 3665766 3757315 3649915
3667946 3618992 3605457 3504320
3620441 3557261 3627377 3663370
3586096 3486100 3451264 3463428
3451212 3451002 3582123 3512933
3642943 3621128 3654086 3579753
3515887 3573933 3479905 3458835
3807259 3735732 3686058 3591741
3672683 3688017 3608701 3546127
3724257 3786667 3615496 3582582
3536248 3603555 3529643 3515716
3618994 3579553 3606743 3540597
3438074 3541478 3386848 3436841
3515962 3405275 3516483 3585769
3535363 3608984 3616480 3623551
3598611 3465619 3689402 3749897
3684806 3722188 3685913 3749544
3588084 3450497 3610179 3750275
3593580 3704446 3609375 3643535
3493056 3390339 3544476 3548488
3530342 3553527 3561254 3603365
3712761 3697459 3496832 3592206
3543443 3614760 3631604 3590395
3700540 3787188 3659822 3729666
3652743 3663157 3855146 3759357
3624448 3686886 3613203 3645537
3568452 3704661 3698922 3669746
3520114 3516875 3508731 3491712
3510839 3629348 3605555 3558797
3460592 3611662 3721610 3612240
3662956 3563843 3510744 3427095
3570782 3707781 3800710 3757317
3789621 3649851 3698364 3617625
3459032 3642546 3750568 3668490
3743523 3605015 3625293 3552996
3419287 3571504 3704024 3550412
3569599 3473303 3465652 3442142
3614200 3649449 3622099 3589912
3461715 3789172 3550619 3564951
3741295 3675190 3786551 3721323
3561663 3839976 3577000 3669704
3668049 3639796 3710813 3641558
3679207 3743688 3544756 3555815
3526414 3519539 3602223 3466522
3490789 3624253 3450674 3406572
3593675 3462837 3501947 3411273
3463098 3442440 3580652 3495810
3618220 3516833 3600690 3531470
3566075 3570579 3620270 3633684
3652580 3446357 3464356 3457139
3524923 3498096 3579514 3613802
3802635 3631643 3607234 3586166
3612378 3570658 3689427 3708404
3622696 3547897 3567624 3421863
3483211 3475507 3427317 3407523
3712239 3636751 3558951 3512527
3590481 3526584 3528512 3430297
3595477 3540626 3586761 3455006
3465666 3592578 3441653 3446047
3823182 3721141 3742635 3673047
3687076 3655415 3616282 3601320
3531480 3289752 3508915 3503782
3486145 3567066 3574128 3509390
3528762 3438376 3615213 3573135
3546685 3700074 3664213 3652533
3495172 3378316 3447250 3572517
3504408 3661165 3555845 3595305
3709132 3522710 3695743 3746495
3666515 3731999 3719677 3764957
3569935 3586405 3442222 3530019
3491547 3598734 3643629 3572621
3629473 3657052 3673913 3594533
3559450 3703494 3604814 3646365
3543660 3570321 3557467 3617973
3446424 3646806 3681838 3587888
3714273 3797007 3688227 3686737
3637023 3808201 3774457 3757340
3304704 3524028 3661085 3565741
3644098 3538878 3497729 3421179
3484906 3634615 3758944 3629046
3770445 3520540 3562767 3451622
3346703 3622361 3586895 3563108
3655084 3539273 3453140 3484603
3504436 3616624 3773337 3760294
3824822 3695912 3675376 3631794
3512972 3486500 3582304 3511148
3428771 3667002 3447066 3346068
3652376 3579256 3549893 3644795
3478632 3741732 3526843 3460516
3555851 3481671 3599603 3513557
3457424 3684512 3487735 3518282
3710708 3697068 3811606 3653211
3655591 3837751 3655559 3652955
3776935 3569339 3546842 3541327
3670706 3603197 3692234 3573129
3749199 3657403 3600930 3571114
3667051 3603283 3756772 3786670
3662810 3577246 3627722 3518322
3557994 3498443 3668531 3529631
3697292 3524693 3571598 3612941
3685119 3552017 3662804 3634603
3720293 3714485 3731569 3621780
3653042 3583720 3587430 3461753
3818640 3763234 3655825 3575955
3714699 3645489 3585888 3558485
3722588 3676837 3667454 3476262
3571260 3556803 3529379 3432963
3688352 3654488 3643089 3570757
3531553 3577966 3549014 3404831
3660173 3506088 3601711 3729422
3555799 3681257 3707576 3751210
3648094 3558168 3714207 3677129
3632697 3688543 3710372 3742267
3583275 3417870 3605536 3644794
3576522 3683258 3617182 3629143
3553011 3398454 3597904 3660931
3575072 3670284 3642648 3686157
3659216 3769367 3630300 3647860
3552664 3764225 3773808 3716155
3708154 3833267 3604137 3733783
3561942 3756254 3835562 3706870
3651132 3681441 3621381 3686624
3555951 3639125 3711925 3702211
3663219 3689108 3614062 3711408
3517919 3688983 3731443 3655660
3471203 3705646 3761737 3694538
3775919 3652346 3716035 3641036
3591863 3699926 3809791 3743126
3819587 3735206 3661905 3712545
3508545 3603869 3692479 3614904
3739351 3584108 3554539 3538277
3473669 3670710 3728720 3638571
3740825 3577355 3512510 3592262
3735716 3638932 3767959 3747523
3542190 3740643 3595482 3659387
3767181 3623197 3816685 3682042
3618692 3801695 3608561 3696111
3637847 3569033 3654001 3642982
3515219 3762629 3501528 3582397
3639563 3619588 3669847 3548168
3530901 3711883 3512312 3488180
3807794 3652185 3692896 3628556
3728698 3645570 3794329 3838354
3652356 3561918 3564986 3422336
3594223 3526670 3673425 3597407
3634943 3545008 3598016 3501373
3580272 3573190 3663510 3608104
3642302 3645666 3502205 3485490
3566059 3560258 3575098 3602577
3792988 3799342 3785588 3635959
3693920 3672972 3666113 3584871
3646626 3718792 3660747 3492338
3574146 3599372 3542396 3531852
3636932 3672992 3551916 3599915
3564357 3521982 3605997 3486467
3698389 3643753 3603690 3554584
3565294 3589962 3545401 3459474
3757823 3656664 3688664 3730888
3766402 3758166 3747113 3837096
3589506 3508739 3600324 3737622
3605319 3642705 3647514 3632123
3493133 3462660 3580657 3596634
3503054 3721540 3581431 3665467
3476374 3512089 3604620 3662174
3533624 3629437 3615668 3591249
3752674 3860111 3751803 3789723
3675950 3857761 3836129 3813780
3671964 3689283 3662571 3615171
3557447 3659805 3641985 3653626
3632474 3716947 3612067 3628734
3461918 3593324 3670146 3675693
3570090 3667863 3592800 3608135
3539582 3648729 3640857 3642572
3620071 3743774 3856888 3765693
3813863 3717870 3734591 3689853
3423156 3642573 3659879 3630079
3782354 3523273 3564942 3485997
3414543 3588210 3726301 3662819
3743989 3610276 3599593 3567452
3435644 3636706 3683388 3640112
3734628 3562708 3578791 3477683
3777814 3714859 3878363 3729521
3611323 3895092 3650608 3684336
3647182 3613440 3701612 3628764
3525675 3742925 3513263 3581755
3615389 3543681 3602374 3631007
3549302 3718624 3523573 3515011
3662958 3614681 3648888 3570975
3508489 3728580 3497739 3533743
3798773 3674476 3659671 3513137
3640549 3612104 3717496 3733783
3735557 3590342 3641196 3631285
3700582 3693757 3773893 3731559
3812413 3738002 3696971 3642501
3645230 3664305 3790922 3768903
3748534 3579899 3536858 3481223
3559844 3544918 3668990 3677585
3773506 3716146 3783754 3666854
3623980 3724429 3618432 3610978
3828310 3801312 3774812 3636895
3698650 3672888 3597951 3538039
3868514 3836959 3733021 3649742
3732171 3737737 3667610 3663573
3688845 3666509 3576986 3512129
3504335 3614673 3518354 3498638
3624284 3535996 3675938 3698044
3662249 3706292 3716785 3740869
3625360 3523124 3716065 3701399
3696070 3801428 3675654 3793687
3629358 3606957 3726037 3818260
3793184 3782873 3785761 3805297
3485003 3494826 3612913 3597856
3583280 3639448 3618366 3667696
3682295 3815172 3665026 3784005
3652248 3819646 3765519 3745739
3765329 3851008 3743282 3680449
3598915 3811060 3892040 3789786
3865139 3861750 3698574 3792960
3729432 3858045 3845333 3768670
3640733 3763272 3561891 3631036
3484668 3672613 3780155 3562464
3533360 3710704 3774998 3734564
3823989 3745974 3645366 3636106
3543487 3776770 3778073 3717438
3768029 3674438 3674098 3571905
3639204 3810857 3896290 3888259
3863268 3753841 3798065 3719783
3424450 3618161 3695661 3650527
3744622 3585405 3585265 3605808
3682764 3773549 3721366 3737766
3665659 3831938 3638238 3551031
3662426 3676801 3751507 3763332
3551669 3867482 3648981 3694989
3806297 3768083 3929318 3724460
3759207 3826853 3648122 3669447
3582496 3564090 3706126 3646572
3560995 3726092 3497642 3525794
3602248 3569598 3593720 3479644
3532739 3495296 3501945 3596205
3442336 3469873 3488384 3475997
3508794 3461153 3593324 3466882
3667861 3543251 3614869 3461500
3518139 3523625 3628938 3538434
3578129 3567465 3563409 3520770
3558730 3513356 3596588 3557068
3688409 3654233 3610749 3582096
3618766 3587333 3512776 3427942
3623056 3484042 3536710 3491113
3482343 3461250 3440345 3361082
3712894 3684615 3686076 3593761
3547644 3562807 3513118 3467036
3654805 3624590 3603707 3490998
3502416 3469090 3496971 3436334
3464288 3398797 3515587 3597583
3575983 3582223 3585227 3625547
3544610 3361470 3499341 3518015
3459756 3566279 3543872 3632576
3556880 3491068 3603770 3772445
3568399 3645553 3628946 3625625
3520784 3471623 3537074 3542209
3549879 3647117 3612733 3683219
3674510 3621760 3551386 3586760
3574777 3685600 3627547 3554811
3553941 3586506 3559412 3554297
3359834 3591925 3593115 3559682
3705240 3724548 3632538 3609439
3528835 3715450 3709774 3614410
3603670 3697560 3547968 3644991
3420928 3629493 3691613 3540932
3400230 3527562 3612345 3558009
3720870 3520814 3572071 3491774
3360365 3547131 3557348 3561585
3660669 3482817 3477007 3496062
3406026 3647245 3675795 3662240
3759925 3605716 3572860 3585094
3427076 3634371 3674678 3657850
3743835 3510968 3575266 3537270
3610920 3583525 3683255 3576016
3543991 3704023 3485743 3434844
3614413 3503924 3564896 3518005
3553470 3675266 3463064 3487919
3615574 3587605 3700549 3591732
3565476 3717726 3561623 3517605
3590979 3562979 3663951 3642665
3560016 3662465 3521876 3570320
3684942 3584015 3607862 3533063
3606592 3571686 3677179 3704828
3601554 3582922 3575680 3497694
3604458 3604967 3645464 3578638
3609984 3491238 3557385 3501470
3524598 3523104 3625999 3592219
3814880 3685067 3789343 3692453
3737159 3726811 3739059 3781179
3765007 3643769 3664421 3600625
3662735 3676982 3541652 3523502
3714209 3545765 3624962 3553081
3621010 3554022 3551623 3488011
3680639 3681496 3673736 3521854
3424315 3537270 3520193 3435325
3774326 3799260 3868961 3743043
3663411 3757147 3643600 3681333
3627457 3469084 3616752 3724963
3533709 3734005 3690436 3738088
3583322 3386939 3578719 3676676
3566967 3657011 3645600 3633544
3449933 3336184 3588250 3606082
3456514 3560670 3539509 3606158
3651804 3579475 3700377 3723759
3697580 3755282 3734995 3862706
3692272 3720321 3631309 3667199
3600951 3706691 3739187 3803616
3654366 3743022 3581057 3618657
3551291 3770256 3713415 3592862
3631536 3563523 3508619 3560745
3462708 3562642 3621684 3575817
3784688 3800564 3685048 3750232
3679549 3799169 3826677 3697193
3501241 3620243 3717334 3665981
3712720 3577418 3643576 3646503
3474339 3589680 3735271 3565453
3738304 3629513 3652360 3571630
3413496 3601763 3694941 3624491
3695630 3584894 3610103 3462571
3558853 3758809 3817462 3786005
3850385 3709070 3741136 3675372
3754075 3645819 3741262 3656561
3555778 3791917 3570938 3581401
3639152 3640369 3688821 3617211
3636242 3805242 3517851 3512941
3618974 3614733 3673805 3610894
3466746 3663701 3497945 3514158
3774601 3730167 3855193 3759575
3706745 3802510 3617114 3689152
3664082 3458407 3478334 3518101
3579622 3513627 3711679 3617305
3549947 3420981 3478141 3410822
3425106 3490425 3521851 3454346
3754823 3744256 3635977 3627895
3664301 3647392 3767860 3698396
3794545 3741167 3762520 3698521
3760987 3725357 3817336 3737527
3652006 3539232 3619332 3588408
3533896 3596794 3481435 3439856
3673903 3617668 3494288 3479525
3501287 3549126 3445593 3421349
3873913 3741727 3764029 3646473
3638721 3646976 3586867 3628049
3873045 3820608 3851669 3727456
3808701 3693149 3659241 3651833
3511680 3477828 3653321 3641763
3480673 3648440 3589899 3709272
3468480 3435572 3507250 3550779
3456695 3557707 3514724 3553396
3622656 3558548 3774687 3783565
3732836 3791940 3744744 3726221
3738226 3592969 3726095 3786183
3717247 3860661 3741906 3919521
3643333 3701820 3622959 3636714
3494646 3669871 3698570 3618726
3629873 3613503 3617845 3585805
3419775 3612744 3580041 3612000
3739957 3760974 3746104 3743749
3658850 3819996 3821920 3794945
3773722 3789934 3746471 3829473
3733177 3795471 3898518 3816396
3411446 3593772 3685003 3597624
3718185 3566802 3575889 3497090
3384882 3583024 3598615 3600154
3652142 3434159 3461952 3513513
3604973 3678840 3915516 3772919
3835192 3660357 3687346 3677631
3629700 3800110 3841199 3785720
3832000 3774787 3739320 3750845
3633168 3574892 3643379 3680913
3488404 3721281 3558220 3485298
3565942 3518477 3624692 3504245
3498313 3630071 3445040 3409150
3699643 3744659 3802604 3778215
3679151 3873178 3744752 3643235
3958215 3736560 3831635 3747037
3760439 3854958 3681688 3674763
3701651 3552729 3548237 3521081
3567830 3489521 3689462 3586886
3618762 3546474 3533747 3429125
3508628 3506339 3585557 3585301
3632151 3519607 3601533 3475675
3565227 3498798 3651745 3587912
3691149 3550864 3574796 3558013
3642592 3564838 3685740 3601842
3678970 3684742 3643834 3570450
3550324 3572425 3571371 3518953
3605814 3601355 3623636 3440691
3504687 3576158 3446333 3361310
3699522 3647493 3611645 3537723
3529655 3635268 3436067 3548463
3817420 3750248 3788668 3631147
3643743 3707822 3546747 3559242
3550359 3499750 3502820 3581340
3564699 3580076 3725766 3613611
3466803 3354181 3586304 3585359
3486226 3541694 3536610 3563991
3520818 3438687 3647013 3602884
3584979 3661260 3570265 3608728
3692900 3564383 3702689 3717333
3611729 3736120 3695468 3788414
3563467 3601481 3575947 3649250
3532686 3655014 3667912 3611216
3564870 3661512 3504091 3515412
3534647 3651325 3658928 3581482
3589127 3740550 3631188 3568150
3515412 3678601 3644911 3641912
3693771 3773891 3718652 3712312
3611692 3758381 3810510 3761871
3498330 3664762 3578262 3508954
3735203 3551798 3554805 3547183
3423731 3605471 3635108 3604864
3601518 3545561 3523955 3503524
3425798 3657770 3755130 3705610
3726777 3558378 3635205 3507746
3531732 3649124 3808049 3757256
3843480 3624405 3666503 3655448
3688912 3543650 3722766 3532924
3535178 3723260 3503706 3490768
3554017 3529320 3596320 3512077
3490857 3720829 3513010 3483785
3565617 3590711 3657168 3628955
3584808 3749699 3554690 3550589
3707327 3649480 3774457 3683737
3598126 3851696 3629579 3520870
3634368 3554696 3527076 3649110
3636692 3496708 3533182 3601406
3597483 3571372 3520163 3651740
3549793 3489768 3544296 3489688
3567960 3591588 3550115 3759119
3579148 3543299 3606552 3636775
3714760 3663694 3719308 3870755
3785756 3605191 3687206 3723678
3486090 3461760 3659314 3455141
3558345 3551306 3598549 3521485
3454374 3553157 3566067 3539522
3497538 3629303 3596596 3553475
3603204 3548181 3624439 3562254
3655274 3659724 3712326 3543521
3664166 3753066 3701804 3699900
3694076 3897822 3809196 3668344
3492014 3568163 3564646 3516289
3533334 3732070 3657818 3383998
3472780 3472158 3663408 3593868
3568102 3753419 3675227 3340069
3521933 3575925 3617296 3518519
3575170 3729503 3786961 3391483
3689683 3691357 3764975 3576587
3714636 3885335 3879108 3514197
3227661 3715393 3485211 3709179
3600239 3478403 3508063 3631216
3214706 3598901 3444052 3685160
3557797 3517057 3370864 3600737
3286164 3689404 3533239 3706079
3545411 3507766 3452859 3663519
3406683 3889895 3660075 3888118
3673524 3629243 3541070 3799474
3422747 3498878 3543917 3528293
3725272 3517771 3630974 3551217
3478988 3527111 3467661 3567286
3699291 3559192 3640797 3580342
3478062 3571332 3522439 3641102
3752220 3535607 3663628 3580739
3580732 3779819 3675298 3710662
3870887 3683372 3876507 3736283
3627086 3403516 3567005 3595343
3561878 3532011 3662614 3620961
3532946 3479666 3549370 3602865
3570767 3631211 3658066 3514376
3577506 3538253 3577768 3565600
3608947 3600441 3665689 3636535
3759881 3685570 3713065 3761194
3755429 3686239 3850449 3837017
3631492 3670852 3603390 3713997
3658036 3597533 3628931 3649833
3686319 3644005 3608316 3689173
3695520 3593916 3591875 3554925
3576238 3527202 3396921 3497985
3455469 3425167 3482808 3485559
3803994 3762207 3716626 3914538
3775659 3761405 3756101 3787324
3532668 3615464 3590744 3595240
3583307 3802150 3667557 3659594
3601705 3608420 3632460 3545715
3626090 3730288 3684456 3672672
3425825 3431828 3491828 3418508
3445843 3606027 3511653 3446280
3683482 3699045 3841296 3720796
3737228 3833307 3852519 3762812
3581011 3593601 3711115 3507223
3657456 3715172 3795911 3351082
3572045 3572244 3676395 3601855
3681107 3773879 3752751 3351001
3380124 3377659 3526153 3429043
3410346 3579659 3557870 3255668
3640974 3752399 3803319 3763855
3765300 3930430 3897008 3550756
3342265 3710010 3530886 3770043
3649148 3577498 3524644 3673052
3341085 3744917 3529490 3747534
3568553 3613455 3457167 3675158
3122356 3467113 3475760 3629141
3488037 3369405 3371835 3499546
3459751 3857951 3664677 3895593
3749192 3655230 3684184 3817620
3520147 3604178 3567703 3688220
3808793 3649581 3789844 3696823
3578421 3742062 3494045 3660993
3770948 3667891 3690720 3732357
3317837 3368319 3347617 3386309
3501950 3506708 3580965 3488533
3621500 3726868 3682572 3727486
3807721 3797332 3834778 3767349
3653913 3560096 3641248 3554466
3617152 3610734 3750667 3658352
3658267 3660940 3622417 3651163
3670838 3610119 3660267 3709456
3492728 3371536 3454402 3511600
3393837 3515037 3546008 3559661
3833925 3685064 3738896 3718701
3663261 3685452 3869867 3801621
3707148 3745572 3676182 3829159
3651823 3672388 3622818 3684354
3714376 3720138 3748083 3806008
3777308 3621736 3746728 3750307
3534943 3513903 3560871 3584434
3550632 3475320 3483944 3500809
3557448 3477165 3534794 3625855
3557148 3402668 3527708 3526214
3568566 3615431 3705204 3657532
3649474 3711782 3721851 3618198
3634564 3679258 3773744 3671565
3681485 3830408 3734925 3688940
3491217 3462363 3527039 3404320
3529818 3640191 3639823 3413760
3419749 3479987 3532557 3523371
3488546 3631990 3532638 3507586
3644179 3659835 3690941 3592815
3610393 3810414 3769760 3489569
3603780 3657933 3789920 3671867
3765325 3917914 3816119 3527960
3508084 3487083 3536724 3449733
3526462 3635875 3576610 3309230
3453816 3503142 3469763 3503581
3428701 3635593 3634819 3294025
3360673 3741416 3604649 3772070
3573435 3583026 3470399 3634140
3388495 3866023 3583887 3902118
3751150 3720269 3576081 3850797
3211261 3587960 3462170 3629554
3538286 3383807 3492344 3566888
3152833 3688576 3441469 3630709
3559780 3431998 3459641 3566317
3530759 3698788 3600546 3615960
3802908 3633968 3743768 3656421
3617127 3658207 3677538 3775597
3777278 3758286 3763777 3731143
3447368 3559433 3449988 3439875
3629716 3506224 3594755 3513243
3379462 3510798 3382611 3485819
3701434 3466861 3526664 3502663
3725351 3561309 3643883 3659905
3649491 3690700 3748576 3678781
3809711 3582053 3806873 3768789
3771477 3719072 3749509 3772633
3539599 3434199 3542647 3506852
3518619 3492512 3605954 3581007
3496930 3456624 3571785 3519058
3521898 3459002 3590569 3548390
3650787 3516035 3484294 3593092
3562639 3517333 3568899 3608974
3697279 3678106 3663548 3732601
3573187 3592649 3594930 3708554
3734920 3744317 3648552 3807603
3720613 3657780 3695087 3730205
3590918 3661117 3516227 3686707
3679401 3524374 3593499 3615896
3420604 3508180 3613474 3519010
3537135 3656872 3603804 3464975
3639288 3604167 3702442 3671572
3656719 3761803 3671293 3631109
3671770 3698423 3722962 3679045
3627074 3835082 3752873 3630118
3515146 3508106 3619076 3601713
3604828 3678955 3606947 3514890
3443572 3462174 3573599 3531038
3559255 3698294 3631928 3383027
3604436 3606897 3750136 3637492
3681569 3864016 3822682 3459669
3596094 3607906 3677200 3606163
3732122 3819740 3734549 3511941
3545208 3539196 3647124 3610242
3542514 3755449 3726440 3360392
3225116 3606185 3510356 3660449
3536935 3436099 3397279 3668611
3321084 3696633 3563871 3855327
3605878 3610843 3495026 3698887
3376378 3783614 3578385 3829557
3657008 3656137 3559363 3730211
3226762 3706967 3469553 3725636
3592543 3519742 3409529 3639398
3470006 3628948 3504783 3494021
3640996 3494575 3574626 3527333
3504951 3673901 3535099 3683173
3793922 3635549 3778070 3743460
3568543 3698831 3668255 3584826
3809627 3692429 3756919 3730823
3471537 3614076 3512165 3509525
3724542 3589529 3634722 3658569
3644627 3410201 3489733 3538979
3589764 3501597 3633246 3599909
3737543 3577341 3677981 3716908
3691345 3685069 3764761 3657189
3687629 3581800 3545088 3630850
3758317 3615339 3725674 3787725
3558897 3487434 3608092 3631934
3521019 3513049 3595142 3588066
3742269 3737370 3533240 3809611
3640191 3675127 3644527 3742143
3512381 3515310 3547165 3541278
3520844 3402563 3497801 3542550
3694682 3631261 3549984 3701992
3636564 3589995 3629924 3639112
3639046 3627912 3615555 3706801
3593173 3462759 3539365 3603402
3603107 3684970 3687932 3726380
3700285 3825331 3728578 3668819
3424138 3554559 3569749 3499006
3460129 3672121 3599983 3407165
3585393 3650720 3642805 3601122
3560659 3717654 3637439 3533480
3496040 3533223 3630592 3532487
3559627 3687640 3626687 3612505
3632028 3645514 3703821 3647777
3714934 3858689 3905123 3497341
3414340 3503532 3530713 3515612
3493845 3557320 3655647 3259585
3607894 3588827 3630777 3580697
3635517 3828145 3692952 3442614
3479087 3489658 3637026 3550146
3619093 3760465 3783932 3343508
3339002 3777125 3577396 3861930
3660456 3634903 3557563 3669825
3200819 3544280 3459840 3684762
3463123 3399195 3355990 3561780
3311025 3728602 3526138 3783923
3549571 3567507 3542151 3604262
3337789 3679793 3480751 3746182
3561465 3545219 3538676 3622536
3569070 3725535 3639173 3696299
3820862 3653415 3794759 3673557
3369193 3491540 3447655 3470432
3659350 3556279 3611118 3489488
3552548 3618734 3593525 3578477
3752782 3583397 3705066 3625588
3505172 3577176 3589015 3511999
3750778 3543812 3742581 3677586
3704287 3618926 3616317 3698660
3605927 3678677 3703298 3771936
3555335 3459898 3448919 3439717
3481448 3443769 3603286 3485869
3722022 3641814 3712894 3688238
3629732 3650133 3719751 3737955
3534422 3481267 3570013 3633186
3584660 3602577 3665546 3659117
3553057 3538900 3574064 3799826
3584174 3460081 3607768 3588894
3549925 3529778 3524457 3567250
3447485 3420912 3414849 3461948
3511129 3594328 3659701 3680048
3597391 3592250 3512898 3575408
3598455 3609396 3517223 3648540
3520671 3445789 3539212 3542288
3487470 3524795 3584538 3495173
3542466 3634927 3634369 3529933
3415522 3376936 3470738 3469879
3468565 3494194 3515082 3465739
3516945 3556337 3663641 3559840
3608393 3669674 3605904 3586940
3599257 3537052 3561361 3481562
3539271 3654199 3634653 3445701
3469196 3541432 3588415 3587231
3507277 3669455 3687339 3359563
3401105 3412665 3522615 3387144
3405635 3632007 3561030 3283924
3509824 3603419 3648574 3611552
3610785 3753417 3729493 3442727
3479035 3564518 3595798 3497433
3474057 3707335 3695325 3380272
3257287 3698982 3506023 3706343
3623143 3515188 3443702 3641423
3129551 3584330 3377835 3572607
3445815 3319049 3311949 3552355
3329696 3696714 3484531 3794200
3520863 3473515 3449900 3712221
3194242 3665072 3490919 3685418
3550557 3459122 3421789 3649013
3497061 3609533 3504951 3560419
3770730 3538801 3596469 3576518
3346215 3390127 3437542 3416130
3559390 3479251 3568469 3443252
3483111 3592943 3584845 3528769
3761482 3619438 3635720 3668405
3401025 3602692 3410026 3560010
3691213 3493402 3604016 3519750
3567045 3536386 3625528 3575531
3584766 3559677 3567624 3612047
3544676 3415717 3415233 3512242
3443439 3470184 3555234 3537659
3626207 3576741 3657995 3656365
3632253 3543543 3681797 3628010
3586057 3498423 3590120 3462852
3618556 3555470 3579261 3621982
3704903 3702570 3550248 3804136
3704021 3610461 3677284 3721853
3766664 3656043 3604931 3816126
3754321 3532412 3617820 3792326
3652314 3657525 3532188 3689719
3603608 3465076 3521856 3597109
3626749 3531295 3633007 3682202
3639601 3528961 3528372 3628359
3582285 3719827 3666102 3607886
3664339 3781588 3728871 3681262
3615791 3722490 3795309 3685673
3686266 3739918 3631349 3629109
3519319 3587969 3593713 3618868
3593615 3722032 3640456 3491417
3495720 3510816 3629681 3582844
3579139 3736212 3601328 3507735
3661208 3653903 3723401 3589276
3654170 3886853 3837166 3523316
3564102 3608222 3713827 3642105
3667942 3756063 3812241 3532504
3423639 3481456 3671726 3542735
3579716 3689742 3697404 3408069
3492429 3558947 3554382 3585536
3627265 3715705 3708438 3366557
3348358 3832724 3546895 3839112
3659247 3599158 3532062 3760920
3304216 3815980 3526181 3775746
3606367 3592717 3507081 3834977
3260097 3677447 3501456 3743463
3654060 3552004 3445179 3671563
3277135 3692310 3513090 3696533
3560105 3486480 3444418 3579866
3569093 3725016 3610105 3662957
3842067 3650713 3820626 3755767
3567045 3648307 3615032 3630074
3826464 3693934 3803652 3595910
3442936 3522739 3483832 3515138
3659905 3632341 3704799 3486656
3458404 3563808 3561980 3504907
3654259 3596562 3619615 3615667
3667674 3642488 3710394 3689635
3647457 3724674 3740491 3738519
3733216 3631542 3684022 3713159
3704561 3753660 3781762 3717453
3676158 3516373 3604388 3490256
3637279 3533734 3709667 3610821
3591846 3523459 3567232 3591424
3568024 3626452 3595331 3639758
3774695 3664519 3692743 3799562
3740873 3642298 3657052 3703478
3608702 3683996 3596516 3664226
3633699 3500864 3485462 3620163
3801407 3778398 3737072 3887380
3756232 3704898 3784073 3766724
3775201 3777872 3700825 3810692
3667484 3636358 3657370 3711125
3642821 3591706 3742935 3639691
3688846 3831248 3676947 3646359
3477896 3636497 3640868 3541504
3633537 3707581 3648518 3587040
3703059 3670531 3738602 3697657
3811600 3818975 3767898 3724997
3681047 3671108 3801075 3744866
3768836 3857334 3719539 3629787
3694913 3677057 3740765 3513160
3644943 3846687 3870497 3484561
3574003 3454304 3513039 3526622
3593675 3745460 3649394 3440950
3634216 3673382 3788718 3703650
3820095 3888157 3875710 3570514
3623008 3678205 3703535 3682560
3714590 3842384 3806604 3567364
3421160 3801420 3637771 3800447
3692473 3670570 3644153 3661174
3311623 3635711 3470993 3701333
3547953 3529272 3452585 3657243
3438408 3853482 3670131 3884039
3743499 3675054 3637584 3860505
3394804 3760103 3665100 3829187
3633846 3631911 3549907 3655683
3528313 3689269 3603672 3692648
3879415 3706349 3685304 3675449
3418734 3575214 3578343 3570321
3753429 3623446 3559826 3570628
3628841 3731989 3826707 3752235
3857673 3799597 3838352 3811452
3542101 3729865 3655917 3636817
3852179 3661179 3735171 3681891
3744792 3569344 3660739 3759170
3695022 3645076 3762365 3766656
3516169 3494333 3546988 3682073
3521877 3547908 3691918 3615943
3819844 3702825 3809534 3773426
3780019 3668807 3818602 3755582
3699184 3589708 3709596 3718733
3591569 3686805 3733692 3713470
3559294 3598322 3557372 3651827
3581765 3478272 3571986 3497253
3761524 3750195 3599537 3822323
3710959 3622486 3611458 3745755
3789095 3794842 3728297 3805785
3752372 3645364 3644685 3732176
3665350 3708947 3745777 3819497
3844100 3691838 3661679 3738850
3473946 3497047 3645540 3440164
3568257 3612196 3591373 3489349
3623364 3689310 3769547 3737846
3729417 3757015 3786167 3659367
3609767 3650964 3838818 3701947
3734809 3947029 3714523 3685502
3679780 3665213 3789325 3637869
3739858 3848648 3770404 3640408
3418934 3534640 3565560 3430844
3546645 3753412 3606256 3352933
3688423 3719262 3668244 3585326
3674200 3825553 3876042 3552389
3582780 3650846 3741491 3737960
3751777 3897800 3900231 3399145
3693089 3661944 3764784 3719328
3745686 3906645 3825921 3448204
3183499 3655084 3403911 3563464
3551165 3491988 3399111 3708790
3425288 3827954 3677920 3853057
3727250 3702450 3646723 3760210
3471896 3790256 3696335 3876187
3719904 3669167 3594326 3780915
3415230 3829441 3656330 3883000
3713259 3680132 3511319 3812850
3407281 3519920 3525394 3538060
3707782 3485300 3589524 3496445
3537821 3636110 3651868 3637098
3837924 3723373 3786357 3720533
3534080 3743044 3638090 3748934
3932297 3725156 3800852 3672820
3643520 3749638 3581419 3685050
3849635 3643233 3750844 3680422
3568989 3404429 3468142 3643790
3607579 3463291 3654803 3621869
3720882 3574419 3740398 3732732
3682653 3661656 3795493 3815866
3817800 3644461 3632439 3806014
3702350 3661534 3803539 3739913
3756570 3634112 3763614 3720856
3692688 3722476 3885833 3796927
3672205 3647560 3565421 3678450
3654953 3580471 3549733 3585348
3623722 3548251 3415020 3589458
3482102 3445182 3434044 3493614
3698362 3671368 3624452 3754301
3642948 3473269 3519755 3633676
3608415 3548014 3602633 3747976
3545378 3487719 3528143 3526622
3507871 3599415 3654210 3654519
3669003 3740912 3697283 3590057
3400998 3414431 3449251 3520220
3354023 3568863 3515591 3443046
3551205 3514870 3677152 3583580
3602880 3733665 3589818 3601102
3415798 3510070 3569286 3487476
3521363 3658459 3595694 3436061
3541716 3591117 3704266 3645309
3720990 3828127 3739081 3338551
3366655 3391016 3483227 3411549
3487573 3552936 3548184 3277882
3502902 3528438 3720447 3525214
3616410 3778832 3690957 3372624
3580298 3515773 3642535 3505809
3557909 3648655 3641773 3351988
3270422 3697005 3545859 3804358
3574243 3544651 3602452 3669020
3213360 3591676 3402199 3519470
3399389 3389483 3353271 3553479
3395114 3691984 3513224 3677454
3646403 3528172 3466328 3645348
3212598 3721498 3535087 3666727
3548348 3444294 3345245 3639402
3530409 3622868 3524267 3557751
3767051 3603935 3750273 3715921
3313453 3471408 3423020 3398784
3628080 3468231 3553153 3539809
3474643 3541542 3486814 3600216
3689956 3574470 3639229 3592353
3419392 3533067 3538663 3510604
3701949 3517592 3588939 3580976
3628791 3552064 3582002 3645892
3575865 3635755 3728273 3654828
3425216 3426255 3415083 3490690
3457897 3416327 3507919 3594063
3615261 3481145 3610178 3607172
3614718 3585187 3691151 3640397
3582536 3418532 3530202 3603712
3633577 3468714 3683594 3585443
3538144 3629081 3522340 3651230
3478412 3441473 3463989 3510472
3575438 3617656 3577093 3728725
3643935 3474321 3550166 3529626
3808600 3832571 3749672 3876307
3873132 3711890 3814670 3784136
3634169 3643583 3540797 3753287
3638230 3612222 3560877 3624186
3413665 3504089 3613710 3507622
3486130 3609158 3568304 3505039
3482017 3495637 3629196 3544157
3555406 3771067 3607681 3538028
3668401 3721553 3836991 3690161
3800067 3833071 3821462 3630959
3516882 3586180 3671963 3617725
3616213 3700960 3616241 3533708
3459289 3457374 3594799 3482216
3528011 3627417 3551052 3303805
3498417 3519278 3513923 3481601
3598375 3704154 3624825 3402188
3647718 3767274 3794643 3645897
3825136 3906983 3912643 3616963
3567758 3586935 3653631 3563541
3608626 3777292 3697430 3337273
3164215 3711298 3442770 3678476
3419014 3420463 3400783 3524319
3318888 3617127 3483027 3736592
3575958 3447104 3387006 3629167
3511180 3867125 3644664 3921594
3778324 3774682 3577699 3848712
3274088 3703772 3507080 3766118
3498255 3536302 3544060 3669051
3373365 3527012 3447675 3469374
3651818 3528931 3573311 3553973
3381421 3537377 3479610 3497649
3620073 3594691 3627317 3483961
3682321 3831736 3683856 3711679
3929730 3784589 3838767 3773497
3489921 3693026 3614079 3570870
3744515 3605882 3689641 3562506
3621872 3392398 3513010 3527655
3537430 3497136 3549653 3583103
3592330 3514663 3568704 3553678
3603686 3522022 3730870 3602556
3750839 3762096 3822453 3737573
3893309 3767565 3852496 3817112
3633837 3514412 3597473 3590936
3645710 3588323 3656795 3672749
3568435 3609331 3601435 3658401
3678999 3503100 3519220 3593371
3657697 3669099 3652304 3739797
3745427 3627582 3644692 3619970
3671857 3609314 3573866 3710992
3669302 3610812 3584490 3655600
3720662 3603005 3643046 3730197
3746301 3595528 3631444 3662275
3428856 3535314 3645941 3524396
3567906 3678869 3642919 3468318
3594683 3637601 3633608 3609256
3704977 3733805 3711551 3547342
3535163 3600404 3721424 3575909
3663264 3768062 3632178 3557640
3578059 3678817 3665245 3587810
3648753 3769115 3713911 3614838
3464137 3538772 3624220 3476715
3629164 3781441 3680412 3363642
3563071 3604577 3653648 3555493
3627371 3807617 3751690 3470111
3534144 3538969 3700223 3593937
3643979 3731828 3741995 3442812
3622474 3621128 3691095 3611539
3682757 3865256 3838846 3470742
3275669 3739395 3527362 3650429
3600228 3491360 3480035 3631270
3322265 3800032 3550237 3754700
3596468 3568869 3484151 3708243
3262527 3779531 3578742 3688278
3586155 3569921 3485330 3631705
3324377 3783187 3466008 3797199
3672508 3609148 3486697 3659157
3450527 3548204 3518466 3596692
3734413 3604059 3639649 3556417
3591877 3639543 3598283 3601981
3778985 3648451 3761353 3659059
3525192 3634328 3652397 3548928
3755435 3616538 3742583 3644731
3574730 3631857 3625016 3639880
3775509 3627336 3732575 3667487
3674813 3499413 3565209 3641979
3493552 3557068 3717063 3621566
3718948 3576497 3676045 3607056
3676192 3638790 3759018 3735802
3667385 3486454 3631260 3634135
3597584 3642260 3783579 3656290
3638263 3532280 3748974 3628888
3713465 3663337 3674465 3695054
3610515 3633972 3773156 3620491
3583602 3571057 3629432 3619604
3606212 3554246 3620787 3613914
3480478 3538717 3586882 3488200
3586506 3681520 3736362 3605322
3491201 3637175 3647527 3525174
3622051 3566975 3680979 3542597
3456084 3506000 3502568 3525764
3708438 3641765 3771570 3555322
3520623 3655764 3774249 3624302
3725668 3558761 3627636 3570085
3504943 3559404 3594217 3599807
3693038 3646972 3654575 3597665
3549439 3616693 3703331 3564272
3648402 3636616 3571430 3555462
3532118 3610299 3649527 3596301
3730095 3629996 3758383 3642293
3525020 3487687 3673344 3555043
3591400 3562176 3708402 3679643
3513068 3493042 3620354 3531912
3721355 3629762 3765880 3713060
3625988 3617786 3680521 3486979
3670446 3677289 3657664 3657093
3546240 3516743 3651779 3532868
3564844 3688343 3745807 3605217
3414144 3673447 3566001 3691377
3552246 3567263 3669620 3625742
3410823 3648171 3570642 3648164
3579327 3639089 3685901 3628945
3548916 3749923 3621000 3609008
3587406 3565469 3671583 3706238
3478242 3641298 3649326 3654471
3511568 3626900 3743248 3619854
3852685 3754316 3703971 3625164
3503963 3563755 3649155 3585877
3770806 3582396 3617656 3647952
3497618 3595024 3727152 3655543
3833959 3694050 3672887 3579319
3528657 3612042 3724271 3622831
3830529 3629605 3580057 3658152
3556099 3513512 3727491 3676980
3784919 3574018 3571436 3461700
3541045 3481211 3586047 3670212
3694084 3573526 3516991 3354915
3629740 3641525 3737429 3696955
3691946 3703970 3606020 3416085
3591708 3509141 3610972 3673174
3693198 3605017 3596506 3419251
3549059 3567996 3587848 3506463
3399305 3514925 3453435 3396464
3666745 3616461 3745050 3544025
3521622 3494741 3576954 3530733
3624840 3672968 3703399 3540319
3447314 3521834 3577420 3496271
3643904 3740837 3757144 3699132
3557251 3624335 3731278 3656585
3610495 3633482 3542300 3474947
3445929 3602508 3568352 3593213
3738828 3718398 3782718 3598226
3502964 3651837 3715844 3646028
3679014 3665569 3701808 3567228
3439878 3640483 3688475 3583669
3801072 3803656 3772471 3668882
3659056 3736911 3737861 3774657
3625507 3583121 3639019 3657069
3480853 3403271 3668488 3509872
3644177 3616823 3751952 3806409
3594128 3550545 3612427 3555022
3719646 3568109 3663707 3686770
3583440 3466321 3689160 3545278
3844146 3789164 3789212 3822559
3654778 3559556 3775080 3608153
3538739 3468592 3545117 3576720
3383014 3534388 3502639 3612553
3596448 3598580 3591940 3723314
3466396 3670864 3588007 3574826
3552417 3571595 3664228 3636102
3425388 3696763 3602547 3589361
3636842 3732772 3798763 3758899
3530621 3760343 3581493 3721915
3465114 3439684 3621111 3488120
3735003 3576169 3591335 3511644
3539156 3517213 3646984 3593517
3798414 3711094 3576815 3578752
3482931 3652236 3697707 3622747
3810387 3685046 3604321 3573203
3654309 3748453 3795068 3712225
3907583 3793562 3776056 3685775
3469967 3371459 3570395 3585775
3653506 3489199 3532166 3391032
3576830 3575966 3678574 3619969
3670715 3631250 3534116 3447982
3604809 3489381 3639215 3636475
3696128 3616729 3595965 3377204
3710891 3651417 3747325 3827248
3805699 3736164 3665636 3562294
3551050 3551384 3653771 3470910
3523799 3543154 3590713 3489488
3529883 3591884 3595641 3454529
3389045 3497363 3557460 3480689
3627670 3760778 3702116 3490997
3520217 3593420 3526442 3544239
3528671 3552648 3572209 3472803
3370572 3409550 3421295 3422254
3700412 3624620 3616479 3551318
3525780 3608736 3606639 3581905
3657629 3660956 3557865 3471923
3446701 3525994 3578814 3503858
3683365 3664022 3630522 3625793
3518266 3603135 3643327 3580925
3594703 3566699 3548592 3350192
3456439 3519526 3611678 3463841
3599813 3540548 3615798 3624401
3542648 3566824 3564938 3474657
3703006 3536414 3536046 3612217
3569355 3413014 3515746 3457981
3729675 3632081 3709817 3756816
3630000 3540788 3637069 3655607
3563236 3559537 3585065 3550874
3485960 3448656 3559941 3507465
3576466 3572313 3552237 3627591
3405635 3684773 3570815 3530317
3534243 3556581 3574332 3614451
3331508 3647693 3521578 3595468
3544434 3516935 3702380 3718497
3407154 3646715 3540453 3613636
3520376 3528503 3543757 3621986
3318931 3582348 3436344 3461555
3490434 3569006 3583373 3604437
3724310 3653147 3584170 3543004
3465528 3545957 3601036 3444729
3728243 3561584 3567404 3523960
3504023 3676552 3681444 3582036
3866242 3634773 3646085 3599025
3406047 3506082 3512211 3493307
3729524 3573362 3569959 3495643
3618797 3545021 3576891 3636648
3732582 3624252 3546477 3382746
3574190 3456417 3571254 3581363
3584879 3568512 3549755 3384946
3655828 3592654 3628823 3704487
3653737 3687126 3602093 3468856
3419926 3437808 3530821 3554970
3570922 3509229 3466831 3295970
3547909 3641906 3640141 3542770
3525163 3524773 3555601 3493995
3586324 3589623 3667707 3480671
3476670 3539308 3505607 3431038
3488419 3582262 3554644 3414057
3306845 3479379 3416404 3356391
3591651 3595802 3801159 3637071
3540510 3591362 3640096 3621603
3719992 3651185 3636139 3596579
3441918 3644045 3582870 3623336
3651078 3637141 3566691 3491407
3449880 3572098 3602430 3544323
3612230 3533543 3489107 3390445
3401548 3501472 3539000 3564522
3768696 3722612 3734452 3614121
3628198 3698514 3742723 3668524
3705911 3664747 3714840 3722483
3590690 3518122 3712519 3606003
3635285 3529264 3636425 3599935
3571405 3465356 3590218 3518250
3597591 3488891 3518891 3582424
3447882 3362326 3522410 3482025
3768106 3672244 3723066 3716976
3582536 3572323 3716824 3703372
3527364 3597851 3603069 3635779
3427226 3694585 3578620 3595374
3548464 3597695 3626475 3626442
3370439 3617230 3529304 3559176
3504940 3484359 3480675 3596131
3360028 3489635 3393690 3529128
3677077 3721550 3741311 3708099
3471787 3719691 3591163 3672267
3573513 3618093 3783520 3579934
3786617 3674917 3613707 3581414
3436573 3513342 3637432 3501290
3797189 3589688 3569804 3580930
3395694 3587370 3507461 3442381
3625444 3579693 3550033 3541474
3634090 3614948 3704483 3707016
3895377 3707524 3692156 3679562
3561425 3544425 3635195 3721008
3728313 3628507 3581883 3391549
3541295 3492717 3573282 3679464
3634215 3603977 3554497 3408970
3437732 3380908 3466280 3573104
3607433 3555189 3438579 3311609
3658308 3517979 3784787 3669848
3826567 3640741 3611517 3435767
3584743 3626383 3608989 3539712
3480202 3538753 3609708 3488964
3535728 3461893 3588973 3380711
3304074 3495268 3496111 3413246
3490148 3519119 3667863 3454177
3412853 3472204 3432479 3469640
3525977 3576230 3658442 3500674
3414786 3495239 3482866 3418560
3710603 3713734 3613711 3591418
3526254 3591620 3644774 3741753
3561451 3516232 3517021 3426087
3420948 3552352 3533734 3546235
3547212 3632141 3536093 3474503
3438146 3526129 3615314 3517146
3656817 3604642 3577987 3422082
3389506 3481591 3553183 3551383
3671513 3641054 3665202 3650576
3580682 3518941 3648701 3557440
3601933 3598020 3560290 3520205
3407896 3401851 3570105 3483733
3624618 3519901 3534453 3549230
3511717 3496698 3497177 3394303
3657442 3643415 3613620 3610573
3525395 3428742 3564045 3528259
3639619 3607300 3648936 3706109
3423364 3678149 3500286 3636190
3520140 3449981 3498297 3490780
3274364 3575588 3387814 3509290
3421959 3513463 3480525 3570222
3409447 3523578 3453752 3518868
3538902 3544004 3632028 3613729
3458436 3585142 3585408 3573473
3545948 3591388 3715143 3557074
3806721 3636520 3645283 3646768
3427940 3467431 3559992 3415298
3689286 3603456 3496924 3512667
3448969 3475504 3657208 3512287
3722082 3563649 3546773 3485130
3391089 3564524 3607935 3453222
3806146 3601267 3663544 3557541
3603844 3567368 3646391 3624257
3671763 3652759 3547298 3449464
3480091 3458174 3540971 3635119
3624859 3505448 3458905 3330126
3434413 3471718 3586530 3527581
3578644 3517824 3432972 3391491
3539146 3462852 3580216 3614879
3636549 3514677 3528137 3401578
3631113 3688190 3746822 3609528
3518262 3633792 3598246 3549355
3514267 3607398 3655007 3422336
3448326 3495519 3524718 3488324
3696400 3623620 3736053 3555206
3570507 3652186 3586347 3560112
3535359 3534707 3636022 3536117
3476777 3533804 3538186 3450234
3752845 3673685 3622689 3578643
3566997 3657245 3646413 3706832
3696594 3646478 3607312 3435279
3511021 3571756 3586254 3553555
3721408 3709173 3773071 3533837
3516125 3714883 3738202 3619598
3667636 3620666 3618310 3477418
3487929 3587662 3590043 3576842
3804402 3649332 3735113 3660413
3522588 3442006 3684281 3545008
3614904 3571917 3639450 3568882
3559737 3521404 3550449 3451205
3795926 3678924 3759904 3735378
3629726 3619636 3675314 3582722
3657070 3654035 3690541 3678626
3492682 3518721 3560839 3565660
3625147 3622859 3680388 3736054
3527183 3760123 3592277 3620385
3443899 3503529 3613302 3620866
3410626 3669477 3532588 3608921
3679896 3710174 3722920 3717414
3462714 3790858 3657909 3743405
3530217 3504510 3601394 3620078
3393558 3693032 3566186 3514522
3465741 3585105 3732552 3645389
3832606 3713532 3721366 3610912
3407130 3531011 3563517 3421657
3743216 3628320 3554851 3564643
3561650 3684090 3813797 3666208
3946955 3689326 3682940 3730195
3438889 3480369 3615427 3650433
3790316 3697290 3642192 3557276
3682588 3592160 3752231 3693627
3762347 3648340 3674507 3411787
3526689 3519293 3553973 3655241
3589587 3609678 3484487 3344593
3655575 3625864 3736268 3772724
3749448 3667470 3618500 3490674
3580663 3478116 3642098 3616410
3688565 3551642 3542996 3421274
3653719 3688339 3654443 3586112
3513954 3619121 3616342 3561804
3673244 3804536 3755531 3577836
3554719 3678551 3617209 3551819
3439931 3446358 3541832 3319744
3301798 3390793 3455348 3427152
3796255 3804978 3822363 3710500
3619227 3731429 3694913 3739474
3680199 3691317 3746419 3570628
3530275 3662673 3619707 3686832
3869039 3712532 3723849 3581083
3589052 3762111 3762478 3717179
3531440 3492146 3447534 3325238
3378763 3415698 3422738 3393485
3906537 3884845 3787867 3655499
3619875 3808153 3841671 3773588
3732836 3651786 3667668 3719818
3620813 3480841 3677554 3536223
3779776 3671345 3792295 3830073
3676061 3600329 3744516 3709904
3443030 3492065 3507255 3488238
3347245 3399647 3432888 3428783
3779015 3825563 3760545 3821830
3713068 3696394 3826307 3730813
3591590 3549125 3683097 3686102
3418807 3697988 3627981 3587764
3599053 3581571 3768708 3754273
3518239 3767782 3675208 3709668
3355788 3452955 3443257 3524987
3336776 3479009 3386270 3422679
3731059 3745312 3815863 3874787
3670219 3873944 3744114 3794285
3587650 3705367 3756421 3577788
3858214 3696807 3709621 3533807
3567755 3614745 3788911 3655534
3876636 3815255 3725856 3695802
3431973 3459243 3550701 3466556
3663287 3494914 3377406 3459929
3617652 3713948 3901797 3762545
3934035 3788139 3785736 3760305
3628238 3579922 3649261 3656394
3755886 3661802 3592772 3460402
3654774 3651819 3723797 3761395
3780818 3774012 3668720 3536389
3397968 3318229 3442600 3468808
3497637 3453129 3402496 3330056
3751375 3655878 3834400 3802190
3775093 3691371 3828719 3541902
3627459 3673416 3779100 3606674
3561969 3645429 3575803 3572544
3657538 3653532 3741797 3690441
3518057 3594537 3566536 3512720
3594591 3677690 3819716 3602982
3604411 3618676 3604888 3592516
3647575 3609703 3653317 3526671
3407049 3642754 3565840 3563708
3729337 3695544 3674063 3588950
3479388 3652428 3731389 3765783
3786972 3707005 3675631 3555089
3621072 3643863 3712256 3665827
3783501 3800066 3781183 3586609
3502573 3708522 3838137 3757369
3753409 3675570 3663724 3521517
3524184 3685461 3658549 3606676
3819653 3654924 3712743 3734023
3605961 3572065 3655596 3516200
3774321 3740593 3739718 3702488
3623686 3542841 3695461 3557788
3756457 3757148 3783889 3708032
3591172 3642978 3772793 3650163
3629817 3684594 3675892 3713698
3505808 3505969 3732447 3586369
3626254 3611302 3661847 3664408
3479958 3737884 3644968 3606274
3640994 3680338 3691743 3738641
3458105 3661310 3607340 3671150
3684263 3746363 3675390 3755470
3552179 3735580 3652772 3676689
3657268 3609865 3576899 3653358
3418285 3678175 3552396 3663474
3547984 3633093 3663850 3625967
3855589 3736306 3700497 3655292
3632834 3583682 3725233 3665441
3844644 3733842 3647055 3689931
3602591 3712561 3658282 3647530
3875889 3743507 3686290 3678642
3554051 3585616 3661284 3535956
3756806 3655470 3637415 3602128
3555705 3592051 3664107 3715388
3777341 3766338 3623412 3464163
3634369 3555472 3671985 3652811
3737597 3649887 3597954 3444241
3693672 3573372 3793522 3772589
3789905 3647426 3680340 3494901
3569221 3488154 3694120 3680107
3756579 3598290 3590621 3386913
3631366 3578288 3685627 3546390
3447826 3573192 3673568 3558175
3497955 3554133 3571969 3418014
3329595 3441464 3441564 3398042
3594307 3622159 3643848 3581184
3463480 3575722 3591126 3504753
3674746 3641841 3687155 3526678
3599357 3545172 3675586 3567956
3765304 3632386 3630016 3503726
3540989 3670655 3682796 3584856
3642845 3520137 3518901 3350366
3369462 3515330 3502967 3493091
3703777 3658061 3658381 3510876
3478301 3515957 3586610 3519284
3758379 3663486 3612413 3589997
3569504 3721064 3711168 3553113
3812270 3640092 3676191 3753475
3599233 3610650 3619007 3545739
3535939 3506834 3539349 3489782
3477864 3367163 3460384 3380804
3667477 3678770 3656911 3667153
3573275 3460997 3595762 3588224
3733527 3644549 3674226 3692051
3609661 3460444 3711418 3544493
3646097 3557294 3671131 3675202
3459821 3679857 3577605 3680468
3482985 3432854 3536167 3523037
3274140 3523749 3459998 3461307
3551174 3565148 3690025 3652939
3468529 3729190 3556101 3586644
3649315 3486638 3672041 3757344
3472705 3648205 3519103 3673391
3539297 3639868 3715257 3624527
3847977 3649795 3657430 3584861
3335285 3464650 3501349 3424828
3626568 3503965 3420653 3452015
3465453 3507694 3647278 3628737
3761000 3641554 3572749 3555754
3521764 3561792 3720929 3640644
3793900 3682318 3642126 3636464
3535172 3552903 3690058 3606819
3760935 3641657 3578986 3413893
3419037 3390467 3549429 3539894
3531818 3400817 3498926 3319715
3636462 3515754 3564773 3658685
3727274 3607630 3613949 3449872
3583748 3541724 3688951 3695521
3700131 3688773 3607547 3428665
3436850 3486184 3490265 3494840
3448401 3448417 3511593 3353899
3634258 3792138 3795238 3663787
3562364 3626362 3709191 3631643
3764891 3777874 3748043 3667179
3574700 3621117 3682717 3711171
3663995 3611789 3745968 3565297
3530171 3600633 3655153 3514826
3538735 3545333 3509652 3460229
3382463 3406212 3573584 3537658
3788322 3774044 3730153 3647485
3617546 3637183 3746332 3758838
3846498 3806465 3715120 3681726
3614354 3711087 3787241 3737665
3783852 3753157 3628960 3553324
3505113 3599974 3724501 3615368
3548559 3534142 3556674 3531686
3415416 3393243 3513407 3447710
3800098 3743680 3767652 3743481
3622821 3640331 3687431 3725066
3789288 3806230 3808347 3773073
3647012 3627650 3697359 3671369
3665895 3650991 3788877 3794186
3613940 3528309 3699692 3619391
3442828 3410134 3482616 3538812
3427684 3551280 3472280 3442041
3698380 3597382 3701576 3738861
3545265 3782935 3621099 3678797
3683778 3699045 3776290 3833210
3629921 3764642 3738032 3678961
3610823 3596912 3707214 3623258
3511536 3710077 3574997 3707601
3433895 3455404 3593957 3543030
3600010 3485867 3492547 3464345
3636998 3650312 3737281 3644743
3902370 3737330 3762198 3610273
3643028 3597071 3745668 3686316
3886209 3803836 3642309 3737201
3546037 3622944 3649133 3601003
3795431 3760766 3705273 3611229
3466024 3426220 3559338 3576114
3628080 3514300 3455949 3288485
3669057 3682416 3692995 3744246
3878726 3731319 3652738 3485418
3580945 3616465 3783412 3805732
3799134 3707103 3717093 3511872
3575006 3563732 3737441 3668789
3720348 3714353 3659768 3444137
3663112 3757326 3769723 3671603
3531189 3632042 3605998 3574111
3607670 3646989 3723310 3590320
3487249 3678535 3694268 3598445
3657758 3734486 3716856 3553319
3502935 3593138 3610899 3486833
3601223 3673504 3735184 3555790
3476613 3547131 3675727 3558708
3701909 3731619 3790247 3589939
3585074 3671922 3758655 3694886
3808959 3752892 3751318 3605789
3536754 3698032 3728305 3597552
3801700 3681122 3656387 3601461
3591593 3737854 3768482 3600053
3664625 3728753 3597978 3541144
3489769 3676191 3691558 3662606
3759640 3706164 3713965 3780873
3586901 3601196 3713700 3583697
3767218 3703004 3780142 3776340
3609468 3596941 3727712 3598757
3695517 3657156 3736097 3699772
3642306 3522305 3763721 3630732
3729639 3615870 3667695 3638408
3633706 3533072 3671102 3556224
3626474 3683566 3631877 3750018
3576648 3807016 3610811 3695916
3589619 3641980 3690746 3719205
3530670 3723386 3697107 3681900
3640461 3642544 3664516 3679313
3530131 3687230 3634723 3677842
3579751 3645166 3769765 3702551
3447331 3701199 3649421 3685423
3569481 3629456 3772961 3570746
3852964 3737090 3616939 3647844
3542168 3576435 3727672 3677296
3856005 3775237 3599960 3714529
3547935 3632872 3729286 3618541
3826602 3754449 3624437 3605196
3466301 3584101 3644199 3607212
3830367 3779405 3656601 3625473
3604514 3648343 3716230 3740239
3733363 3692946 3605323 3522967
3643258 3603467 3712346 3726400
3832369 3707071 3642942 3501960
3521311 3538818 3728198 3691223
3743519 3661407 3667822 3525761
3576291 3555720 3727053 3695798
3729053 3620430 3593151 3344894
3607147 3571498 3702877 3605161
3397158 3604134 3621840 3550851
3484505 3474068 3533743 3417606
3405421 3443487 3467825 3467821
3630574 3646074 3710900 3566589
3429969 3570842 3572413 3570897
3634849 3614910 3739561 3612642
3488288 3560809 3671551 3487197
3652707 3607757 3579143 3564814
3451519 3643811 3661222 3627969
3627117 3593778 3539556 3420406
3440627 3526940 3529834 3502663
3672998 3685453 3712804 3569721
3472680 3585816 3683497 3599514
3802692 3672010 3705485 3604728
3513342 3609218 3700052 3697064
3693438 3663445 3738725 3713025
3570454 3483500 3644113 3562349
3576829 3586914 3558112 3557460
3469073 3486191 3493848 3443419
3741725 3664335 3676629 3679818
3605123 3497605 3635733 3628967
3723858 3632889 3756259 3739650
3590810 3577116 3662077 3611655
3629043 3585265 3694459 3653336
3484000 3699798 3572648 3579579
3497373 3498741 3579484 3581774
3296127 3606950 3504110 3556532
3568674 3627733 3680154 3758244
3458804 3605604 3543044 3622845
3633271 3550927 3700852 3623541
3535922 3699885 3616151 3614208
3507074 3623103 3648278 3563497
3743096 3690071 3606361 3619954
3321810 3416274 3535952 3496188
3614228 3551880 3609539 3479638
3544187 3702012 3646549 3625799
3865508 3668682 3616885 3600256
3572842 3650966 3757889 3620745
3815920 3717989 3648717 3600016
3610762 3479179 3619132 3638967
3716471 3572477 3655115 3419450
3459922 3356008 3551801 3591189
3626241 3458539 3494902 3344961
3575294 3541387 3650974 3568261
3623625 3641835 3555923 3386102
3679483 3586660 3664076 3743339
3768977 3611195 3551301 3393800
3736909 3756325 3680123 3706286
3648455 3719310 3692069 3680116
3626498 3827124 3645656 3696195
3692491 3619182 3703103 3713669
3588007 3720374 3627141 3685638
3631799 3752807 3641931 3733243
3697923 3649447 3564470 3703895
3554946 3668910 3664563 3725724
3746193 3675037 3767651 3533892
3663859 3749553 3713957 3729895
3801690 3708233 3784093 3612016
3690440 3732401 3765156 3757594
3708443 3639601 3753595 3537514
3636430 3697887 3734029 3754152
3796145 3658536 3783721 3641659
3675152 3738281 3706843 3803591
3705548 3630335 3790900 3724892
3731573 3692466 3656786 3586197
3687680 3638201 3775988 3694044
3697669 3660523 3598657 3634697
3676691 3613298 3721563 3728726
3587305 3657501 3572721 3628964
3733661 3617537 3746222 3729370
3622944 3632405 3604596 3632311
3661075 3755521 3671209 3644831
3625567 3803801 3744339 3706286
3708081 3766913 3599103 3671597
3658223 3806796 3669255 3699557
3663386 3668350 3653032 3681638
3734138 3790525 3679949 3695895
3638649 3690425 3658697 3684545
3674117 3805037 3571963 3703031
3723358 3637758 3603364 3658017
3815614 3716050 3790099 3743550
3782756 3668159 3634983 3714801
3819202 3654950 3710688 3723211
3768500 3684071 3554675 3729594
3778052 3557888 3711682 3621481
3771565 3687451 3622905 3697603
3758496 3626436 3694242 3678233
3922369 3643606 3497551 3692488
3678373 3655057 3769021 3704777
3840745 3649011 3495576 3720759
3617763 3664996 3712103 3705750
3783092 3617623 3494713 3667185
3590709 3581990 3635947 3663535
3781153 3662173 3559314 3602085
3611322 3633458 3623174 3739736
3542401 3635006 3552591 3550246
3515500 3557783 3535264 3637470
3628997 3721817 3651717 3771218
3646855 3628488 3675104 3683841
3515597 3618445 3526624 3503772
3559749 3561419 3500860 3597204
3644785 3692844 3558117 3623450
3563548 3664945 3662494 3676821
3605289 3561327 3579692 3491932
3528063 3627144 3681471 3623580
3691419 3628898 3696639 3518884
3638143 3703742 3772412 3682564
3679268 3473952 3576024 3513299
3440479 3577730 3548413 3626877
3771878 3575068 3715387 3547373
3666398 3798009 3682642 3742344
3581445 3499363 3574946 3579521
3476613 3611322 3545881 3566306
3677910 3594497 3752844 3682838
3543577 3658125 3520699 3654020
3543137 3426399 3598608 3514838
3522828 3531603 3450364 3456380
3653418 3536011 3721715 3593769
3588862 3569833 3572137 3589908
3552279 3607009 3601731 3595458
3534150 3687435 3564659 3553756
3624988 3718017 3663046 3614016
3671516 3713769 3642224 3628739
3559569 3687211 3481319 3433497
3652702 3655227 3476628 3613494
3609957 3642337 3677328 3602033
3581147 3722524 3687379 3632417
3657438 3593090 3541288 3579030
3734759 3548379 3597932 3558007
3792983 3660487 3557738 3699407
3780239 3588347 3745589 3559070
3616450 3537342 3495144 3569928
3705284 3417803 3544846 3640915
3746067 3583204 3549226 3721125
3717214 3608126 3713407 3612162
3652141 3636967 3374267 3555077
3446674 3585751 3566415 3631057
3805424 3635122 3488556 3625668
3636725 3682350 3691034 3723587
3696664 3511393 3388085 3500857
3507294 3540749 3575353 3579865
3760104 3615684 3483417 3665159
3547148 3633348 3573105 3653238
3354786 3490461 3429828 3484349
3392896 3402328 3441779 3529498
3550342 3616661 3590078 3572688
3502223 3576955 3621539 3665068
3637738 3651750 3642615 3705762
3612130 3738618 3713843 3681018
3472665 3621252 3545462 3606745
3490506 3619127 3540509 3566704
3501027 3432231 3568071 3288157
3378158 3515511 3554289 3513275
3715454 3516294 3685595 3476451
3582744 3719600 3626260 3720946
3665477 3626674 3746806 3573133
3649165 3661608 3765085 3716388
3640050 3515910 3605649 3411651
3556923 3628927 3644987 3622392
3457116 3435383 3538725 3439640
3299490 3435404 3325841 3447493
3625103 3571447 3616223 3551151
3552244 3544832 3450547 3550972
3697275 3566233 3745587 3648749
3580101 3710990 3609959 3598887
3557726 3476054 3650070 3531266
3473761 3601617 3504460 3556324
3415427 3566686 3450351 3438127
3374043 3570851 3401218 3479338
3620019 3632878 3603384 3553981
3601885 3703283 3651269 3602444
3672542 3648470 3686143 3667427
3621340 3712476 3668633 3696624
3575171 3613291 3619141 3506315
3620813 3698333 3607041 3576426
3539604 3490125 3336307 3461317
3550182 3413847 3425260 3393240
3696214 3625396 3522197 3654187
3707739 3584944 3614093 3560072
3697997 3635684 3640604 3652678
3783075 3551333 3720135 3643837
3720492 3591105 3478373 3564379
3648833 3490806 3607985 3612335
3619047 3409645 3215711 3404249
3444062 3392221 3454651 3433237
3734705 3588332 3460251 3628268
3633282 3639422 3648037 3654910
3803064 3598974 3424905 3668565
3588454 3654036 3682729 3766843
3649009 3480280 3372847 3505438
3555516 3563810 3554886 3647732
3462365 3435489 3412255 3409669
3438669 3409645 3465165 3460419
3605712 3697027 3615212 3700352
3574768 3661781 3700515 3717212
3692879 3670570 3587825 3654397
3594319 3678343 3691018 3723566
3598955 3680482 3529063 3633190
3609358 3692696 3644336 3693170
3508177 3381025 3558503 3425123
3459848 3540604 3570937 3452338
3742640 3668537 3765408 3579775
3578292 3728568 3708485 3733652
3703155 3547355 3749060 3600834
3621157 3773338 3753364 3719730
3791161 3588144 3702536 3518725
3662347 3692549 3736311 3714286
3449342 3392861 3476799 3489296
3332339 3442227 3351238 3460759
3627211 3661341 3751673 3633320
3564732 3732587 3566172 3587451
3668114 3595190 3708260 3674805
3530520 3638129 3570503 3624403
3629335 3559795 3674841 3652963
3574538 3683527 3511066 3661711
3496684 3508601 3386955 3381287
3507607 3485806 3450567 3452126
3635645 3773928 3656595 3641315
3665286 3738558 3688694 3722318
3658303 3695643 3640800 3645366
3688341 3724218 3672564 3683410
3623039 3700245 3620057 3542138
3582203 3664010 3709373 3690483
3539537 3487722 3376360 3468457
3596722 3444663 3484953 3360102
3710991 3625569 3591258 3638773
3770874 3613183 3753379 3688743
3739133 3572670 3554928 3618579
3782141 3582633 3696190 3618200
3768564 3715988 3517172 3652558
3770252 3625332 3702401 3560041
3551469 3421051 3227263 3486568
3450578 3470479 3443901 3502773
3749808 3661121 3470785 3632748
3594462 3649626 3674311 3723941
3813045 3639159 3425383 3661756
3683188 3680980 3527586 3723081
3758541 3548821 3457568 3622357
3608763 3622892 3658420 3674710
3514394 3597905 3450198 3558172
3458906 3511381 3533913 3468550
3475710 3576761 3426185 3519280
3392116 3480055 3492498 3532785
3397387 3527440 3364711 3427284
3395628 3416978 3417585 3440059
3509642 3632922 3508126 3636411
3511165 3524837 3547546 3631544
3493949 3531588 3560446 3356959
3495357 3547550 3572079 3633246
3633590 3415185 3506481 3361473
3499676 3563679 3536741 3613054
3492289 3478833 3447554 3352867
3426461 3481137 3486999 3491101
3677470 3493935 3632993 3424724
3493724 3607377 3616116 3624825
3568794 3473451 3600906 3522329
3362447 3433191 3483036 3454853
3534709 3414991 3599037 3456403
3433274 3490066 3422153 3390978
3446751 3379096 3555576 3407355
3364263 3397672 3370504 3419143
3590517 3460646 3615928 3609185
3534311 3587495 3451626 3528644
3491173 3530152 3605108 3528285
3555561 3598482 3482571 3545744
3444125 3523304 3459468 3452366
3455989 3620345 3513145 3531528
3436430 3459085 3419960 3477932
3459814 3586542 3496310 3501402
3580530 3644928 3590117 3475342
3625247 3679750 3572977 3616739
3562143 3476550 3474906 3497978
3612818 3442608 3560465 3448762
3524552 3462809 3495671 3511579
3608212 3477510 3467378 3520328
3554934 3446128 3348656 3492913
3541727 3464998 3437760 3436156
3720864 3546619 3514513 3616926
3705995 3511932 3663874 3590989
3654992 3529768 3378604 3514460
3560558 3533589 3523580 3529928
3641742 3405649 3316569 3481538
3454659 3433182 3463880 3532337
3526297 3484499 3179410 3512271
3395454 3442417 3529536 3580946
3685267 3506427 3421257 3528335
3603143 3580140 3611795 3575953
3393006 3466446 3393663 3399771
3436236 3439432 3449966 3503827
3648736 3720579 3519895 3686594
3647201 3596273 3625905 3621216
3706266 3745083 3570648 3691040
3664072 3709622 3771229 3761237
3641683 3591415 3506083 3663279
3496470 3633379 3524804 3697886
3522687 3376553 3580546 3371983
3479972 3569619 3431854 3587792
3689831 3561424 3696259 3487693
3610759 3809821 3737915 3702262
3785519 3606323 3714253 3552848
3672211 3737393 3738618 3803185
3749401 3572238 3719139 3489748
3540555 3692266 3738072 3683752
3468352 3291520 3546398 3459904
3317803 3497049 3415609 3352349
3625021 3602103 3716569 3650181
3533380 3630135 3582149 3648677
3685918 3616696 3790674 3727914
3662067 3707720 3644557 3653670
3701186 3524186 3706911 3638585
3524318 3602460 3501119 3571891
3464860 3445522 3384366 3394239
3472454 3566044 3441541 3441317
3564298 3720346 3658930 3628867
3609479 3679602 3648371 3648085
3716641 3668400 3670456 3756985
3709730 3825115 3705282 3729617
3648977 3533869 3554301 3582039
3654559 3719394 3620401 3570181
3557762 3462469 3324403 3493937
3583237 3286884 3455144 3438293
3727221 3689141 3591338 3562559
3699131 3610130 3580095 3633675
3705829 3654070 3642620 3745632
3743879 3651622 3700580 3670243
3742653 3610799 3559861 3645795
3749343 3555231 3619467 3628257
3562143 3463284 3307342 3464729
3446702 3488861 3460656 3516241
3745814 3532515 3482810 3638003
3667748 3648732 3633547 3675576
3767682 3693053 3551483 3716914
3694542 3671422 3654770 3785611
3710860 3672843 3497303 3594850
3615844 3551990 3574412 3653251
3717300 3688607 3707969 3719363
3677957 3630940 3695392 3745190
3282073 3386655 3311020 3412489
3286231 3417102 3375573 3487581
3672632 3714612 3547751 3705924
3591096 3673519 3620556 3689206
3656822 3748414 3644180 3758097
3614127 3655407 3595279 3751621
3812336 3562018 3781572 3647404
3694424 3688899 3760638 3755978
3448168 3306098 3431639 3258427
3370088 3409228 3376225 3415447
3783064 3553481 3676750 3483739
3573130 3722270 3663214 3741635
3769055 3568497 3665581 3586738
3719081 3667433 3754313 3784657
3700817 3656023 3818753 3624797
3633373 3657707 3584594 3638491
3409042 3290726 3436666 3335268
3336864 3354420 3240033 3311055
3692427 3600909 3678191 3635899
3588434 3619269 3530447 3716456
3724382 3537876 3821353 3700173
3615073 3646162 3653165 3690263
3718196 3730197 3693163 3667605
3698193 3794539 3748577 3747244
3386980 3250234 3336980 3338869
3312584 3383448 3364906 3323852
3588280 3666634 3656353 3537791
3595067 3731780 3637833 3647571
3606246 3712728 3638551 3626372
3665785 3728564 3778588 3653271
3713543 3668957 3660211 3659503
3812578 3705529 3772581 3665465
3422517 3311362 3283264 3339511
3430221 3313343 3325427 3318542
3712113 3681708 3657883 3700815
3742442 3651759 3691680 3637218
3705625 3715863 3573140 3756751
3742370 3635141 3730696 3712206
3820565 3573264 3466449 3715332
3674581 3744847 3706909 3698362
3468836 3301210 3127344 3368626
3357257 3343261 3369769 3367066
3785587 3566950 3445684 3655450
3657771 3613905 3780799 3679895
3775921 3693194 3460022 3722496
3714161 3533962 3738172 3685442
3631159 3656748 3610350 3633004
3577909 3588838 3649718 3704845
3500747 3665923 3537130 3628327
3653716 3584746 3558198 3685505
3487073 3642606 3505929 3497539
3506965 3517711 3539235 3556814
3674340 3707489 3591496 3641365
3628772 3638756 3720951 3689151
3805346 3530503 3687754 3578275
3615625 3696055 3756178 3743306
3658867 3501396 3612872 3438111
3627607 3651329 3678457 3697547
3589673 3476805 3673374 3473798
3480600 3613854 3528586 3631114
3767014 3577245 3760795 3647645
3655497 3715479 3746369 3719510
3641462 3532152 3731538 3657892
3544145 3645725 3637300 3568855
3593138 3606591 3666212 3600036
3503231 3626767 3499450 3639356
3564968 3470458 3686682 3515886
3528381 3530089 3404877 3484079
3699415 3495276 3787940 3669301
3589750 3614234 3594614 3674984
3669303 3636991 3631681 3598318
3616597 3769629 3591425 3665037
3554469 3655274 3537129 3521874
3643114 3680439 3660180 3595156
3516252 3614895 3541416 3525158
3540474 3632144 3486322 3606187
3625997 3645773 3643012 3575608
3700698 3748716 3641393 3641871
3781138 3652025 3525667 3685585
3692857 3666294 3719939 3722373
3766744 3648754 3545147 3680431
3677877 3573121 3593170 3601859
3624675 3521956 3518031 3566276
3724806 3507237 3508288 3571709
3759627 3665301 3618237 3681869
3741502 3652520 3737900 3624442
3733710 3596693 3502686 3668873
3625947 3659823 3648562 3683664
3750941 3418929 3436311 3509072
3622547 3562301 3624658 3602412
3568885 3514424 3365779 3614424
3560765 3540948 3535170 3567301
3738587 3665340 3421017 3669533
3614720 3673086 3626913 3671806
3487941 3616885 3482237 3586814
3595322 3579806 3622964 3657363
3550893 3636646 3584087 3600964
3438343 3643523 3583368 3646390
3664166 3767954 3653965 3584225
3615985 3666595 3637553 3730442
3491802 3639276 3517698 3639587
3520672 3534672 3594525 3642739
3605737 3578344 3735355 3422668
3541875 3621895 3674294 3633052
3675578 3519597 3670640 3578624
3614376 3646210 3634844 3647622
3688389 3697734 3711517 3531130
3647861 3685548 3728345 3777809
3666876 3494039 3563059 3563399
3603430 3628639 3632381 3617666
3663460 3529801 3648361 3550318
3466250 3572471 3560883 3564634
3600853 3485350 3636433 3596411
3552525 3556909 3553364 3545446
3664029 3593037 3757828 3635617
3700065 3583176 3562509 3687485
3596103 3517176 3599960 3528969
3500576 3591130 3480155 3597142
3614839 3564845 3575041 3573727
3549253 3562612 3554356 3500405
3563560 3601520 3531821 3577543
3547772 3699398 3656897 3488553
3638042 3700607 3669148 3614854
3654882 3776695 3605298 3635623
3563979 3571814 3625099 3554052
3557795 3667067 3566635 3614602
3677428 3515317 3458105 3638473
3686345 3623542 3656445 3538626
3713952 3600273 3475337 3670626
3697179 3513100 3672031 3596207
3754953 3614998 3650265 3680564
3800354 3623523 3618432 3664335
3719370 3627871 3479701 3513915
3607230 3552549 3589537 3546169
3678863 3564588 3457004 3591041
3642614 3502765 3573943 3624261
3659894 3539679 3452171 3603414
3542608 3622376 3592390 3629709
3784987 3716295 3505184 3641548
3624580 3649902 3592803 3613055
3730861 3542448 3327837 3629396
3580710 3548734 3570073 3562708
3509522 3635950 3509387 3631830
3470296 3573717 3540680 3566653
3547487 3589399 3572706 3618679
3555725 3614327 3608219 3613671
3506448 3669312 3530678 3495552
3566419 3532566 3539321 3611309
3607380 3624246 3548936 3599110
3546311 3524086 3543205 3582154
3611544 3529550 3575586 3484351
3539856 3596044 3637394 3592536
3696328 3512078 3624528 3476575
3546488 3718060 3622091 3678939
3715500 3537292 3707655 3439608
3510103 3715931 3606462 3651999
3759537 3537283 3704167 3442627
3532335 3687341 3614347 3637347
3492948 3486674 3684598 3466899
3489480 3503365 3507732 3475470
3581636 3567059 3607124 3605405
3549060 3516427 3457469 3637461
3589607 3546577 3603676 3560589
3489362 3603158 3577601 3510810
3547538 3529530 3669796 3611809
3525882 3573901 3524986 3532357
3626925 3552169 3536893 3525617
3538597 3624647 3483168 3533713
3584111 3576415 3580414 3535746
3535099 3657346 3583101 3593751
3501495 3556892 3599529 3529781
3598398 3718170 3519421 3618786
3645130 3632398 3612536 3538919
3561071 3722301 3622757 3621079
3682304 3515304 3555333 3612029
3616837 3538207 3606063 3558881
3593778 3551634 3520810 3608687
3676978 3504514 3629285 3538487
3685919 3578700 3442940 3573221
3722609 3589756 3555244 3557984
3629782 3556168 3570598 3565067
3666286 3576746 3599575 3639273
3709176 3439291 3305560 3565321
3542920 3484888 3604422 3520568
3676475 3546189 3362909 3543447
3513523 3547736 3620881 3586606
3752217 3510530 3392572 3494060
3549872 3581536 3568917 3665267
3669000 3505288 3390877 3554536
3518808 3605202 3585227 3639165
3633320 3672150 3540626 3609492
3572925 3651619 3561468 3706241
3592402 3618153 3560147 3702916
3524726 3614339 3616228 3697691
3493217 3528618 3465173 3487402
3464035 3486194 3500065 3588034
3537944 3579574 3555569 3591357
3501773 3504441 3533383 3599479
3716436 3585646 3645543 3560278
3675285 3724559 3646725 3733437
3776866 3542407 3637200 3530551
3572859 3714226 3722396 3716488
3593810 3486367 3631177 3403011
3526272 3575203 3520391 3604432
3623514 3530624 3608742 3430397
3507806 3580717 3573553 3606086
3652882 3559843 3674053 3650632
3634342 3514702 3459022 3621958
3682044 3545180 3691008 3578291
3573483 3622942 3545767 3545565
3476460 3424135 3617825 3497973
3413009 3555103 3417451 3467874
3533810 3494423 3549571 3503298
3411203 3510670 3413365 3502318
3569666 3717336 3593803 3514297
3595058 3667035 3671504 3656883
3720905 3658378 3587565 3633641
3612230 3734409 3578632 3683012
3503821 3441449 3505474 3491416
3456963 3638131 3573376 3502350
3514060 3514101 3454302 3473310
3510617 3650091 3563805 3567262
3715629 3649357 3599327 3601114
3686944 3600733 3631803 3644132
3708848 3611678 3597253 3702171
3729932 3532794 3682955 3709017
3630942 3500110 3389930 3511024
3610200 3470275 3493463 3455135
3595607 3523005 3437973 3519819
3590759 3485727 3559604 3506616
3707817 3659060 3424641 3647192
3575280 3669560 3601969 3683136
3804252 3663835 3414299 3613201
3677582 3620602 3649742 3695179
3563371 3504500 3313124 3481803
3436768 3491788 3502036 3563349
3623184 3557005 3385396 3502671
3514340 3539417 3489548 3616625
3706838 3759756 3717135 3688081
3619863 3731625 3688153 3707092
3507214 3613205 3470807 3494145
3462203 3550786 3595775 3548834
3495369 3604665 3564660 3662096
3573187 3562180 3615931 3710897
3515195 3519525 3463913 3472446
3371127 3441583 3441226 3586178
3814736 3672499 3811776 3709273
3685314 3786952 3820921 3768208
3646510 3509169 3624760 3417288
3496914 3609294 3623458 3651744
3715707 3685353 3720876 3462799
3553053 3721125 3677654 3690407
3506703 3480752 3499665 3421405
3494169 3534752 3555074 3548035
3718858 3658410 3761586 3723456
3633691 3694949 3551434 3696216
3472346 3440147 3551626 3550267
3456274 3475026 3487725 3529304
3647624 3600697 3721041 3594188
3563345 3530051 3585625 3658467
3546732 3457698 3508364 3458698
3426076 3509061 3413346 3447829
3725129 3803446 3708439 3613905
3743167 3853418 3722185 3776239
3457407 3650908 3575918 3531027
3430339 3613430 3510879 3545401
3586599 3635120 3651691 3585227
3613623 3759416 3602943 3671151
3497337 3489488 3503880 3477033
3529018 3594620 3509560 3542665
3783265 3694365 3562328 3704501
3873120 3604394 3682324 3688995
3636490 3588040 3500483 3548301
3675018 3430224 3551849 3537097
3716407 3603922 3568177 3652458
3731063 3627011 3643935 3657386
3604255 3502709 3437020 3571785
3680715 3453282 3472372 3439232
3814237 3657793 3534739 3746675
3651452 3701880 3762394 3760775
3685926 3533450 3337544 3593301
3550259 3559199 3520029 3599284
3756043 3533252 3428678 3609469
3652111 3660279 3605408 3604374
3590503 3514698 3333517 3508026
3543905 3443249 3531904 3554507
