3970668 3971772 3907135 3858369
3885500 4039299 4027543 4028787
3811721 3853040 3818421 3607168
3730145 3791415 3857849 3884153
3858633 3856359 3870657 3688298
3764006 3820627 3836859 3885896
3962155 4005772 3925063 3758687
3864417 3891463 3985652 4015152
3927974 4052201 3870739 3992332
4094042 3933773 3922371 4057450
3762737 3905725 3690851 3829707
3975021 3739014 3772792 3875679
3756319 3952903 3767524 3779932
3968750 3842222 3743701 3998800
3897108 4079080 3869818 3851901
3976203 3925047 3938315 3998456
3930295 3903345 3896662 4023036
3952739 3926064 4014787 4017273
3766748 3687063 3663469 3815080
3723570 3742132 3802466 3725121
3841035 3740496 3744701 3848766
3760678 3799131 3940189 3901830
4018563 3834206 3861237 3962551
3846287 3904367 3946890 3899288
3988237 4059469 3931745 3807544
4010791 3882448 3978874 4127642
3880883 3880572 3786483 3691630
3794697 3787316 3815219 3818636
3892029 3959869 3824696 3663208
3793919 3928371 3864633 3922023
3999852 3965792 3892070 3828584
3964091 3978676 3943970 4047659
3983527 4011366 4092549 3989128
3924600 3845216 3841546 3957467
3853225 3753842 3956359 3824360
3808994 3807769 3834874 3836208
3911210 3818348 3940913 3932238
3849589 3861500 3686689 3915088
3996914 3922803 4105669 3973944
3892959 3911963 3724949 3927581
4001498 4101706 3968199 3988314
3897761 4131295 3860099 3893919
3820094 3899437 3812855 3775890
3746585 3869148 3776854 3636204
3852894 3953428 3819128 3843340
3772335 3803612 3692032 3746740
3937958 3976183 3890086 3928973
3846621 4013775 3764298 3837497
3718605 3876960 3740514 3690712
3593005 3802549 3857860 3826300
3836693 3799424 3887047 3721396
3806814 3803388 3795599 3897936
3941363 3928252 3915906 3739048
3854690 3874685 3976505 3977728
3851494 3873907 3914252 3746521
3640930 3850165 3974865 3942094
3703969 3942078 3671579 3834047
3945462 3844874 3742424 3836345
3795040 3894876 3809039 3729954
3885371 3777187 3784683 3977510
3865695 3842618 3877303 3794288
3975670 3810182 3864045 4038969
3836484 3950777 3800948 3778983
3982582 3854498 3789998 3830467
3906574 3757109 3707068 3798125
3764975 3744448 3859972 3769950
3972889 3718347 3784141 3858552
3776731 3767106 3790020 3824480
3910827 3834438 3802386 3894240
3782433 3878628 3909062 3926211
3860804 3780955 3830052 3855971
3828855 3784501 3863298 3830508
3952407 3873735 3757881 3800445
3820530 3784925 3830543 3824694
3840738 3907397 3763036 3635732
3864583 3873208 3887473 3928849
3959006 4029889 3846268 3743901
3869239 3887319 3894408 3957556
3880548 3950882 3790612 3676299
3827229 3814598 3855941 3926642
3875458 3857807 3987383 3887483
3718638 3752386 3726278 3823709
3927866 3797105 3896375 3897329
3800928 3848683 3608051 3889198
3937900 3795065 4049466 3912866
3883619 3832027 3753985 3927141
3909104 3780684 3963044 3794673
3788893 3795615 3774376 3842772
3904191 3855369 3857558 3808282
3745077 3949552 3624387 3678872
3830256 3916343 3831349 3890622
3838589 3893509 3680801 3791122
3883851 3971396 3947980 3922394
3779066 3895440 3819306 3844134
3862841 3905436 3769907 3854566
3716730 3989222 3697915 3737292
3909355 3970548 3904166 3807503
3769170 3925565 3933161 3900510
4033560 4022088 4045037 3824486
3890539 3926884 3979773 4031485
3878684 3881019 3877893 3718112
3739698 3845249 3897675 3870394
3827767 3779646 3838382 3678529
3713001 3773599 3861486 3806333
3900851 3924674 3844704 3866845
3990004 3876534 3795669 3965212
3983670 4039125 3897493 3890671
4054956 3941467 3964840 4050114
3787706 3878573 3751468 3795021
3933830 3816487 3777138 3949397
3734187 3879999 3733921 3751795
3875665 3817764 3742734 3885798
3966996 3797625 3900752 3905291
3845808 3959865 3982465 3959161
3966843 3830193 3915661 4043853
3859456 3918923 3946309 3941646
3882391 3762710 3842480 3851745
3761537 3792748 3817074 3879000
3783459 3739906 3758734 3728391
3817952 3796191 3886829 3857044
3935133 3955100 3828949 3817880
3826606 3915840 3958920 3939633
4035437 3983219 3930413 3854471
3954195 3966725 4002552 3956688
3793853 3905710 3836299 3790373
3798205 3872195 3882554 3925133
3819653 3806117 3869841 3709304
3855460 3801991 3855653 3912368
3951210 3914348 4010510 3919474
3804898 3839801 3821987 3935587
4030817 3899084 4055229 4023343
3871924 3926682 3873734 3975713
3927093 3746680 3944503 3876386
3794493 3803744 3703945 3849433
3841891 3761113 3914662 3858748
3710538 3782479 3676006 3813021
3985508 4026460 3874508 4013731
3810498 4057711 3771792 3881436
4025801 4112297 3929878 3980787
4006689 4125467 3785552 3846060
3829394 3870143 3768895 3809643
3744980 3959128 3779100 3782215
3774628 3911106 3787711 3817000
3774286 3842496 3806317 3701431
3857633 3876799 3921129 3801772
3769320 3870237 3874761 3932017
3947311 3899283 3859919 3779407
3827035 3733777 3854554 3967542
3696053 3711991 3758347 3613901
3563566 3686453 3746283 3757776
3888404 3782509 3743490 3629429
3659782 3747254 3826466 3858453
3775801 3977601 3781068 3904674
3919805 3838613 3785542 3952531
3783778 3922497 3786164 3768626
3886401 3813249 3848686 3944155
3625031 3772811 3644183 3560498
3750471 3683272 3626482 3750818
3694586 3888427 3676356 3767439
3863527 3742885 3717623 3892310
3861056 3834422 3751713 3900227
3812003 3808151 3811187 3898282
3892051 3743269 3804386 3836969
3730274 3771474 3915891 3908468
3670891 3613844 3595293 3657152
3645817 3663951 3799485 3581123
3779076 3744049 3625600 3712851
3679232 3763841 3800980 3780843
3829944 3897178 3794293 3813840
3835101 3853994 3789199 3859239
3935764 3973138 3869483 3761848
3779974 3782079 3868786 3917774
3667143 3768079 3637179 3582613
3702291 3681266 3771184 3762899
3860593 3881657 3779051 3736944
3868430 3725286 3865958 3786672
3970561 3845872 3991888 3908209
3869031 3804075 3765681 3808304
3892038 3892265 3965257 3878647
3787056 3853172 3706588 3814032
3728107 3690166 3772261 3671018
3674436 3646402 3637745 3616157
3743856 3759299 4016185 3830793
3747575 3654789 3636051 3825321
3853367 3969228 3866477 3933576
3785157 3968433 3718050 3777953
3879486 3935524 3933663 3948179
3746583 3877162 3765193 3792070
3695825 3798318 3678729 3732171
3596952 3766896 3572183 3624039
3876768 3911732 3721121 3808407
3657993 3974238 3612533 3745124
4076615 4097738 4036178 3855869
3913165 3988135 4072346 4106584
3907683 4073564 3890837 3881649
3845757 4004743 3938885 3972151
3956478 3970544 3952154 3765723
3818229 4052886 3968471 4035204
3820157 3863365 3850073 3697599
3759208 3809929 3825010 3918538
3953885 4122081 3873018 4069837
4190424 4008971 4064193 4092203
3841943 3964583 3787553 3825217
3923963 3850174 3877487 4066857
3878060 4020057 3842656 3833813
3988204 3874535 3910340 4002561
3769920 3918604 3708156 3884015
3900332 3797447 3856373 3887873
4073327 3989406 3926511 4050097
3971467 3961561 3945240 4076638
3952246 3826037 3842504 3985286
3816477 3876908 3909471 3915460
3937384 3839750 3895822 3972788
3837902 3945383 4004288 3851670
3886284 3808691 3742174 3834378
3793147 3770566 3852030 3809257
4056301 4131895 3981412 3932462
4021439 4026782 4112797 4072159
3963537 4049525 3925005 3767654
3937584 3837610 3947893 4002787
3976454 4025184 3976306 3804485
3926012 3945535 3908628 4030736
3889194 3903352 3796829 3829241
3829086 3807567 3862331 3939304
4125635 4045271 4254680 4110867
3970701 3970727 3873846 4106223
3973508 3890465 3970110 3947758
3881145 3806138 3812190 3873417
3945778 3812673 3969578 4012901
3854499 3837295 3778934 3902595
3836265 3804216 3930830 3909094
3821239 3796571 3687789 3785632
4055111 4129255 4059262 4093253
3990100 4165275 3807163 3947345
3907025 4107104 3943289 3929102
3788732 4048426 3782298 3812579
3890448 4024577 3814455 3971041
3859109 4010160 3770230 3815837
3824507 3922519 3790185 3870083
3716465 3956914 3650843 3824962
3971412 4017700 3947846 3795788
3895345 3926634 3983031 4020245
4005863 3978424 4012682 3783048
3834104 4064697 4062246 4024032
3858048 3889734 3892016 3744465
3784017 3842172 3891720 3904189
4146685 4095012 4060280 3947111
3929015 4151157 4097638 4130378
3891685 4031847 3878551 3839235
4126315 3918915 3975311 4046344
3951142 3989154 3949167 3939458
4045526 4029448 4038050 4024279
3806620 3961814 3766459 3805785
3994482 3837930 3905607 3964693
4052320 4212111 3947434 3969469
4139732 4058334 4085713 4054612
3948416 3995532 3767717 3948739
3958354 3881201 3986246 3986622
4015638 3843178 3910196 3956058
3943953 3913877 4025862 3895228
3863059 3821218 3761436 3943343
3818824 3841576 3894616 3835108
4145442 3918202 4015401 4096326
4065447 4079003 4154472 4149769
3991391 4083179 3906974 3895563
3930546 3984062 4061213 4017210
4037594 4103481 3961982 3887176
4016608 3999775 3995337 4057018
3885592 3990266 3856800 3695232
3855630 3854330 3935762 3949671
4117452 4123816 4052563 3940876
4032646 4004026 4102474 4171683
3980485 3912034 4119344 3994823
4011084 3852864 3878056 3993016
4105032 3944709 4082083 3981938
3975453 3914761 3807447 3967576
3911036 3907631 3964194 3878812
3845003 3776942 3728331 3830805
4040123 4056120 4276224 4146909
4081798 3934254 3919775 4119360
4009366 3960912 4032197 4002050
3893638 4111627 3811884 3868870
4016967 4075569 3895969 3947921
3928425 4082420 3819360 3937437
3872697 3933839 3972187 3918892
3833223 3972147 3732170 3810296
4108334 4135793 4082549 4025372
3918086 4178183 3923377 3987524
3806766 3966849 3810195 3704274
3785839 3868539 3854758 3970838
3861737 3958220 3880596 3665588
3731896 3891468 3874589 3935697
3904437 3862080 3828737 3657018
3713363 3847777 3864401 3884231
3811781 3833809 3744870 3693248
3755400 3804765 3696195 3909704
3785167 3932724 3767273 3718185
3982997 3817860 3847610 3878784
3886063 3853905 3740014 3797622
3919818 3837984 3766359 4011861
3809061 3858899 3797612 3789860
3957507 3829376 3798230 3846748
3724333 3849455 3772537 3864532
3943128 3775113 3803368 3911752
3911219 3853730 3757568 3855567
3819420 3791155 3887618 3792777
3839197 3748197 3716922 3882651
3800204 3855315 3918582 3883587
3794290 3816273 3764003 3788936
3754196 3808063 3830495 3808120
3879063 3754676 3744521 3825330
3715937 3683077 3843951 3777202
3859281 3879120 3790005 3621907
3915160 3838731 3882771 3941663
3875718 3889315 3760550 3822932
3769606 3821278 3830296 3867755
3886744 3882697 3765271 3711005
3820917 3843261 3823684 3860517
3835540 3848859 3790192 3649779
3838439 3797689 3841403 3858780
3946155 3902924 3971394 3898206
3838640 3682847 3702597 3883190
3879792 3851683 3881125 3924505
3833140 3778354 3723214 3917742
3815587 3820527 3884264 3798687
3834879 3789223 3730579 3948425
3830647 3836003 3951807 3824668
3766096 3814677 3708737 3846123
3835377 3940229 3831079 3909625
3695638 3966099 3699510 3763733
3906698 3978445 3800886 3804613
3781611 3914240 3713653 3749557
3798736 3899647 3701779 3887970
3717931 3966214 3735979 3789091
3878090 3907300 3791309 3794728
3860581 3853084 3623215 3710568
3893701 3920457 3954988 3740390
3865610 3858485 3869078 3997529
4123111 4073313 4037484 3866466
3957824 4018663 4055536 4092289
3945919 3997532 3970995 3720458
3812464 3976043 3938872 3987078
3960191 3964192 3942936 3821576
3892518 3920858 4005925 4009889
4006317 3985425 3826223 3743536
4005378 3834582 3887282 3928149
3938527 4136656 3965396 4072479
4168754 4050276 3985101 4141635
3928470 3971293 3806494 3928686
4051358 3875102 3919089 4073416
3869599 3935859 3905881 3948291
4015817 3934115 3968092 4047181
3873343 3850366 3739013 3843391
3771749 3855789 3856427 3857972
4106721 3973052 3959005 4029760
3923008 3993929 4089259 4118041
3997480 3741836 3903627 3995682
3894319 3917372 3919245 3998273
3983435 3806585 3869943 3975741
3878087 3930655 3992123 3971043
3958518 3908217 3872848 3737397
3868749 3937147 3901536 3960687
4035330 4026339 4070876 3945940
4038901 3962720 4086654 4068790
3992734 4057231 3943018 3792847
3914360 3861148 4013341 4038510
3981246 4046987 3886454 3818554
3881390 3930888 3891271 3980250
4009410 3830639 4048728 3883016
3891088 3799956 3788867 3978945
4095720 4020245 4140403 4088714
3964405 4005820 3873764 4054512
3991162 3906263 4036855 3933604
3906713 3877175 3855951 3904420
4010001 3921475 4090806 3824968
3862673 3906161 3819251 3972041
3885763 3970305 3797612 3854694
3813594 3972801 3728993 3867990
4043756 4129808 4059136 4030522
3957047 4155847 3885221 3978011
3958951 4054647 3893948 4063169
3839130 4039382 3782425 3860751
3950022 4119875 3960205 3896510
3869836 4116948 3785473 3862931
3765276 3807072 3811526 3586635
3661362 3770904 3755889 3821677
3885358 3916950 3844583 3715526
3754591 3870653 3811581 3833010
3858233 3899598 3925951 3808893
3851293 3912073 3863197 3952935
3691859 3743447 3747026 3611146
3672499 3740247 3714527 3710361
3731789 3918634 3668180 3724197
3818586 3754505 3707261 3762475
3793701 3948289 3771102 3795230
3913223 3781653 3820161 3972366
3819443 3966144 3709082 3871269
3944289 3836010 3805682 3946885
3686254 3770846 3686038 3630843
3826690 3652416 3682822 3826197
3714315 3690200 3742350 3732770
3652203 3714378 3754213 3844136
3844758 3747566 3772815 3879553
3738740 3737857 3897708 3777953
3809801 3773645 3788530 3876995
3839248 3795843 3833500 3762141
3745486 3673361 3675375 3723661
3684733 3689821 3772885 3751048
3781913 3873782 3801670 3727902
3663849 3736455 3785993 3850114
3999521 3847216 3779335 3794237
3821147 3812179 3901899 3901596
3909369 3873357 3888791 3734801
3799561 3864204 3939186 3912661
3776573 3805991 3652480 3604234
3715803 3662542 3703818 3903402
3831897 3724820 3892990 3780641
3733778 3685436 3654908 3813130
3911088 3806586 3962681 3880829
3873691 3818683 3637452 3848419
3951358 3858071 3994803 3853274
3838498 3815726 3736867 3846167
3834784 3667603 3750905 3810317
3714424 3669218 3626563 3795034
3837177 3905730 3733632 3729369
3762356 3925728 3627053 3657455
3756303 3958755 3768758 3819942
3784324 3808937 3707297 3801535
3844054 3997075 3844514 3894962
3825716 3930044 3735696 3723871
3738381 3854019 3768714 3779873
3748444 3826388 3681695 3677176
3931359 3927344 3867434 3712373
3775846 3827675 3845195 3922738
3851505 3882671 3877545 3724566
3792929 3788444 3849975 3884354
4043815 4014883 3991552 3811637
3866434 3914105 3985126 3986056
3878051 3864712 3910688 3704541
3745877 3797960 3887206 3916853
3813048 3940583 3772075 3817685
3893387 3840335 3809363 3941139
3784198 3932244 3722396 3757336
3926116 3834013 3846159 3919560
3922197 4065070 3928960 3822748
4063749 3892433 3925446 4058306
3755899 3896359 3760783 3718979
3925357 3827459 3790116 3906487
3876992 3751761 3832017 3847075
3761571 3807823 3939159 3937284
3821332 3734290 3772145 3886664
3774261 3835483 3834256 3899443
3959632 3888315 3851634 4031567
3888096 3976773 3989838 3952945
3788011 3782428 3710383 3749833
3765961 3770576 3813468 3856402
3817019 3964278 3780809 3731107
3882360 3857371 3883618 3936826
3852027 3963280 3813370 3788232
3869714 3855439 3911262 3942203
3999468 4041787 3926107 3819888
3928205 3935660 3958302 4030375
3866057 3968467 3784283 3705272
3869702 3797111 3864152 3920450
3887229 3882345 3985891 3916994
3781693 3800744 3746327 3845769
3833947 3865471 3943862 3773731
3787866 3692344 3693258 3885606
3903532 3929894 4052686 3942928
3926673 3891214 3813526 3874783
3821788 3840223 3932840 3916639
3815753 3734971 3719337 3809795
3878749 3910594 3885092 3898560
3784922 3921114 3763733 3769298
3860270 3904545 3823468 3791189
3723537 3851356 3631548 3711902
3955638 4068083 3971319 3949767
3856204 4019391 3888312 3885287
3840353 3987726 3834288 3903086
3702333 3887010 3609479 3781377
3705296 3764369 3620466 3514943
3582825 3649252 3764695 3756611
3845281 3815800 3829348 3728982
3811673 3933573 3892659 3902763
3875936 3953471 3801577 3749495
3833528 3866657 3939970 3951249
3872851 3876643 3853558 3770225
3772585 3823061 3910631 3929852
3592734 3760583 3506537 3646681
3685814 3640775 3583532 3813543
3789397 3918177 3764202 3843834
4011594 3844642 3847635 3881009
3894251 3859989 3790154 3783387
3965110 3869159 3822381 4017964
3865087 3937597 3779234 3833056
3927087 3819498 3856339 3920572
3707131 3679725 3548482 3730369
3612851 3690236 3729006 3718636
3873894 3698541 3837021 3920598
3898103 3798416 3870280 3833083
3879982 3728679 3729543 3845567
3770965 3885435 3908110 3856606
3788096 3835205 3846764 3836669
3852719 3825106 3882221 3808871
3758339 3773085 3680415 3560607
3724808 3674926 3733948 3738513
3923533 3898987 3856234 3788318
3845066 3828567 3925257 3928441
3919155 3985251 3832233 3741174
3827580 3855953 3897989 3935851
3900518 3948617 3882542 3766008
3964384 3851005 3912150 3904202
3739843 3760194 3768639 3735447
3646848 3587808 3577831 3727882
3860463 3815695 3919867 3922997
3793545 3762251 3640900 3814540
3946923 3855942 3997700 3854345
3899256 3811968 3728808 3842067
3957589 3885244 4005272 3827236
3817868 3771889 3756083 3876481
3674413 3770645 3703278 3719342
3656164 3772676 3453537 3533860
3764141 3949721 3883122 3828963
3749769 3942692 3749943 3793327
3896725 3928533 3816117 3919159
3761436 3893948 3770228 3751538
3894227 3856409 3833473 3825910
3743047 3978881 3662482 3806353
3873681 3888281 3874747 3702487
3794488 3862291 3872444 3904921
3818336 3826634 3916267 3655062
3692548 3820220 3903998 3829500
3952589 3943820 3913495 3801546
3804836 3902310 3878784 4008283
3856746 3923529 3919843 3738272
3833389 3824558 3896842 3990034
3855086 3983193 3730767 3767494
3876099 3845313 3919896 3928649
3761572 3892263 3742976 3728762
3952396 3800439 3837363 3915713
3863293 3985685 3813638 3779572
4056736 3906268 3911043 3994387
3847561 4000060 3782372 3800401
4032073 3966130 3877887 3989631
3825693 3721181 3753112 3861710
3801699 3768562 3829964 3852678
3901716 3664793 3677178 3809703
3723796 3759053 3859893 3767412
3895961 3761505 3772944 3900324
3829112 3918605 3977780 3869539
3928776 3776802 3861392 3917581
3819589 3854336 3915849 3812856
3943300 3917146 3902171 3719081
3849809 3765071 3987519 3878204
3844500 3838454 3758804 3673283
3761766 3682798 3757055 3873045
3900534 3994766 3857081 3798157
3889702 3837294 3911746 3981587
3906995 3924983 3878438 3744209
3911025 3974898 3903504 3976703
3867827 3899851 4066904 3883953
3809512 3707634 3873579 3866930
3923280 3779902 3929242 3794751
3790276 3736770 3672046 3904909
3909019 3952122 4073214 3951542
3921813 3942420 3728376 3844284
3951477 3876290 4084852 3990662
3899936 3864495 3739854 3915603
3931678 3905983 3892660 3868343
3806278 3938386 3635005 3752534
3810061 3871545 3787648 3849870
3655385 3974982 3657542 3798474
3948747 4086818 3862075 3913277
3846541 4006773 3694900 3819809
3909466 4055115 3901665 3964705
3748876 3923591 3716594 3799737
3867260 3851890 3771836 3958716
3815604 3799553 3714418 3809004
3883842 3876806 3759331 3807825
3723061 3874738 3718842 3859127
3971260 3907923 3832918 3938261
3908927 3975056 3926033 3850242
3890266 3792006 3760020 3805976
3697220 3796176 3651584 3722204
3880488 3724215 3758414 3794777
3684074 3763912 3780519 3753124
3867592 3698555 3692903 3799576
3672320 3814063 3799446 3731926
3942272 3840012 3858927 3885836
3781230 3787808 3904803 3838484
3854793 3666679 3639245 3775327
3534799 3790854 3713651 3715745
3773170 3896337 3846513 3850163
3947720 3960695 3814861 3769859
3812485 3935328 3884106 3932122
3820993 4007534 3724118 3789627
3848961 3983987 3948412 3916000
3926901 4088367 3864605 3791247
3709034 3857421 3756398 3837679
3783481 3932138 3719655 3679935
3847253 3846959 3726254 3784870
3772731 3848277 3779991 3668722
3827014 3971149 3795199 3913520
3792005 3829870 3748196 3669472
3967704 4012888 3874436 3873351
3767542 3935784 3791470 3779702
3736787 3774149 3704574 3698209
3692961 3775475 3674183 3567738
3756609 3761479 3834479 3699376
3885882 3876571 3832845 3784498
3716900 3786337 3806244 3742061
3978027 3854822 3832194 3733575
3863465 3773717 3855721 3812094
3971817 3999482 3844712 3816527
3634867 3696903 3756499 3751695
3832720 3757145 3779944 3719654
3847026 3835963 3880753 3767650
3833474 3792152 3807009 3942528
3815919 3905473 3790583 3734599
3808409 3861255 3865171 3961382
3749359 3857554 3877748 3868425
3893062 3880557 3898639 3979973
3719521 3820129 3753390 3631307
3819786 3755343 3867449 3816126
4011402 3846822 3833148 3861417
3769902 3892807 3773281 3860741
3916250 3833923 3772956 3859771
3755054 3791423 3729612 3746161
3971287 3851473 3837597 3989878
3927131 3967653 3822676 3900781
3938833 3776971 3736708 3764904
3713322 3777218 3741023 3692501
3900960 3780351 3798307 3830672
3717024 3757495 3810766 3792941
3903440 3792498 3710731 3797375
3682435 3789631 3846435 3757906
3954767 3820560 3779228 3867249
3759027 3926640 3864580 3768960
3894743 3775086 3687820 3803441
3664351 3823803 3771196 3772440
3845060 3891663 3847903 3944542
3850024 4033951 3826714 3849156
3815847 3958872 3794809 3809539
3939224 3894457 3784939 3759340
3865185 4001413 3877064 3902057
3970763 4004042 3799303 3870135
3826908 3912499 3802895 3877073
3864392 3924351 3745237 3706899
3878484 3901224 3713822 3874645
3758943 3958135 3730133 3673809
3824756 3892723 3749422 3867228
3785000 3878742 3710335 3648563
3829836 4022981 3783115 3887846
3722183 3837534 3733840 3710473
3843234 3887634 3733210 3759905
3671086 3819325 3750972 3714488
3679699 3869848 3830463 3730554
3896820 3891151 3873762 3751468
3692097 3768655 3851853 3751428
3869847 3804237 3823958 3833297
3758530 3867331 3832276 3795892
3934909 3907010 3818580 3916162
3686724 3747606 3792886 3723305
3932275 3811218 3840304 3762566
3857373 3882848 3894897 3836270
3800178 3817880 3939584 3966697
3838995 3857787 3779481 3757532
3815648 3751888 3853771 3872213
3832277 3902126 3876094 3762543
3782796 3840339 3882903 4026147
3750362 3818292 3892843 3753505
3789506 3782796 3835411 3950783
3968742 3988510 3837007 3926638
3910956 3935315 3828190 3857356
3899621 3841009 3678160 3804670
3807889 3842268 3779649 3840218
4086900 3986253 3836393 3908121
3836005 3934755 3797040 3867720
3826336 3840193 3708040 3812138
3683117 3857007 3758375 3758298
4012910 3848937 3785787 3921164
3793164 3945036 3859505 3847065
3913500 3636987 3760131 3787011
3750123 3742561 3814195 3721609
4064201 3821923 3903656 3888076
3739787 3831039 3793008 3863146
3872188 3742640 3660913 3717997
3631017 3706670 3749181 3667236
3908423 3977660 3851612 4031548
3946630 3978883 3887382 3919905
3850182 3889333 3852846 3903087
3869960 3976799 3762466 3741016
3864262 3981347 3932752 3894950
3934951 4067447 3835363 3780251
3747164 3872958 3734097 3822501
3821581 3847977 3725982 3681402
3953839 3970265 3795916 3835434
3888288 3954998 3795524 3774832
3854420 3908033 3807665 3846394
3746556 3820044 3739712 3716208
3922226 4038303 3825663 3915157
3802554 3995220 3774366 3625343
3842085 3906119 3617848 3741370
3693919 3850439 3706136 3573090
3765562 3860382 3865501 3832109
3931945 3867139 3955500 3859480
3705919 3747502 3856714 3752491
3868273 3795915 3779844 3724729
3813187 3873338 3947739 3762671
3963360 3941496 3815527 3850835
3733484 3696614 3667411 3654167
3860203 3793579 3757113 3742198
3751236 3997897 3946351 3799230
3924636 3813303 3912562 4079235
3742742 3873531 3917854 3789968
3780078 3710562 3779480 3921337
3864606 3925258 3867089 3877387
3932551 3908359 3956415 4048062
3698892 3818982 3773599 3773985
3824887 3645242 3836244 3946427
3947892 3897485 3779348 3952416
3874048 3801501 3781025 3833557
4016556 3955081 3889467 3905771
3840919 3977539 3821857 3951738
3997294 3880067 3713677 3967178
3874241 3896762 3784191 3812326
4156856 3948651 3900702 4006604
3964411 4013847 3919299 4049670
3885498 3796632 3758333 3845475
3686066 3729043 3873598 3763026
4059510 3811673 3864080 3897813
3821915 3877391 3956792 3821672
3905291 3775054 3849150 3850019
3750366 3776771 3874002 3759335
4005479 3946523 3931022 3940259
3817836 3883149 3967576 3950545
3805628 3899821 3870598 3975460
3889329 3966568 3826628 3940070
3924167 4023090 3915113 4011625
3940169 4018716 3846082 3945224
3827453 3927212 3850136 3858439
3965934 3959161 3725779 3850774
4007030 4091327 4053832 4077636
4063104 4127535 3975043 3928089
3887321 3942653 3802531 3787603
3815770 3952365 3738956 3709015
3872727 4045079 3835551 3960719
3823471 3926239 3747441 3692118
3886589 4021105 3801054 3824117
3764509 3884784 3776337 3633759
4031937 4098256 3848076 4015615
3925281 3983051 3812543 3825743
3691075 3799695 3796024 3736351
3933115 3935024 3870099 3772006
3810144 3886083 4019494 3815411
3979200 4006382 3930819 3836825
3747628 3698077 3929935 3799714
3867555 3970666 3849975 3720405
3860652 3937448 3997388 3874239
4083479 4008124 3974080 3831670
3783260 3942789 3869984 3796367
3902532 3823526 3922855 3948991
3933380 3976784 3849272 3817983
3940855 3817490 3914611 3963182
3806743 3892605 3821810 3758675
3824699 3833419 3846269 3968082
4075507 3977183 4057902 3838046
4071679 3934034 4006445 3999117
3923941 3801642 3784923 3839153
3756166 3880431 3828048 3821778
4040223 3906589 3919120 3840150
3875176 4005821 3917426 3912486
4048166 3953445 3902100 3964559
3884160 3988437 3933554 3947487
4003804 3965322 3812260 3990812
3852488 3932053 3819144 3972303
3974276 3764576 3732453 3837835
3737997 3699571 3862492 3787655
4068030 3867136 3821319 3905063
3782888 3898894 3888412 3905981
3991518 3895744 3867906 4010166
3861660 3805850 3967539 3871267
3990589 3845789 3808899 3890110
3717460 3875309 3877506 3880736
3820507 3901705 3826638 3918642
3839641 4016690 3765336 3743808
4008107 4040205 3954093 4058109
4005272 3982429 3890542 3817308
3924777 4025031 4073457 4010916
4102725 4132994 3876387 3941975
3866765 3992122 3913695 3960961
4012212 4006730 3884095 3847418
3915246 3905294 3724768 3811201
3753016 3839860 3718254 3678344
3984269 4027371 3906982 3886009
3857976 3891803 3874776 3757922
3941411 4139289 3921831 3896235
3859254 3970982 3878377 3823364
3921028 4007389 3833787 3957019
3854800 3880259 3867503 3762099
3707618 3769285 3844031 3797609
3888897 3791706 3871853 3755006
3937820 3960995 3939308 3880065
3981024 4025910 3927848 3803005
3910663 3919034 4028047 3831292
4006254 3981087 3926783 3869931
3814856 3882013 3899756 3748176
3952966 3876698 3978670 3885920
3760635 3882867 3868765 3759517
3832461 3780660 3839716 3977483
3873350 3948858 3956135 3823867
3932082 3888660 4058878 3979908
3896434 4002472 3948665 3864477
4006267 3940254 4005769 4083939
3815655 3975855 3984213 3915941
3958872 3948607 3985329 4075011
4172222 4090777 4020849 4125070
3970745 4018697 3981951 4032624
4088670 3907570 3894466 4004760
3871583 3954262 3970917 3964129
3859191 3882758 3735539 3870465
3724747 3820802 3745875 3847169
3956032 3858648 3804324 3896957
3875639 3946341 3765667 3848704
4173113 3996350 3922040 3989244
3941812 4015225 3994069 3902720
4007477 3816722 3818850 3883356
3828568 3812642 3972487 3831392
3923269 3739551 3723794 3797162
3683564 3837710 3849813 3693641
3884506 3828385 3702290 3869290
3727984 3867847 3930802 3808101
4030081 4126504 4096931 4086267
4091274 4191084 3974891 3967265
4009892 4009663 3996227 4063975
4017028 4088228 3899314 3861413
3807445 3945019 3773177 3851761
3810867 4021001 3808884 3842167
3903049 3950425 3897678 3900815
3919387 4105476 3838538 3822314
4062135 4119095 4016404 4005190
3949624 4035243 3912782 3919330
3996627 4030961 3891205 3965087
3921670 4048010 3778753 3753660
3824175 3899073 3770370 3821927
3753864 3802637 3740229 3675335
3954760 4034399 3799786 3875667
3850258 3851142 3770376 3847725
3907198 4010527 3987236 3901275
4112021 4075385 4013080 4030527
3775476 3960074 3928027 3903272
3946943 4005363 3956506 3869571
3731551 3782373 3834728 3639397
3863308 3826092 3801823 3732441
3730277 3778772 3912088 3783447
3968892 3936467 3830706 3864994
4008350 4174930 4154791 3989147
4040236 4026305 4014277 4113315
3978378 3960359 3934482 3893009
3903600 3882534 4011102 4031604
3781170 3889117 3805518 3755240
3925345 3758146 3829737 3958102
3880806 3961962 3909577 3862995
3848062 3882819 3903273 3996673
4068059 3992278 3879565 4073224
3974936 4005183 3794752 3898052
4020552 3826286 3789521 3948588
3835038 3863274 3769470 3904835
3880153 3815436 3769796 3867027
3740589 3835571 3782904 3782602
3902716 3910578 3670575 3846848
3693790 3761137 3756441 3802734
4052663 3855619 3895375 3998780
3798163 3899063 3905467 3911114
3973412 3819038 3797470 3915169
3777209 3816603 3796370 3707960
3876136 3758663 3775976 3726723
3686284 3722002 3788618 3729543
3943925 3698115 3647276 3644951
3564755 3688815 3763865 3699245
3924078 4052222 3974247 3963193
4066203 4134430 3901568 3980358
3916389 4005851 3948780 4031133
3927303 4071334 3793919 3832425
3767684 3872901 3794732 3867215
3840448 3908259 3745911 3668486
3722260 3871694 3797266 3864140
3864962 3999934 3794084 3718005
4010703 3980806 3885262 3876222
3807408 3954531 3768739 3780602
3882815 4024180 3816417 3845240
3816197 3868287 3716178 3708390
3841529 3906223 3721412 3717283
3711806 3814034 3734174 3570194
3841137 3930426 3688511 3812299
3732588 3769594 3662516 3635013
3799923 3876654 3892107 3825748
4087103 4012636 3969376 3913005
3824962 3814848 3780613 3777850
3957200 3949091 3850504 3867052
3647732 3767601 3743466 3807303
3781234 3866102 3748512 3653339
3639637 3750360 3851577 3672567
3838292 3766579 3782088 3644901
3966635 3970793 4009290 3888782
3943148 3878214 3958495 4067249
3763461 3930590 3934920 3773402
3941699 3881347 3941096 3943916
3689873 3794837 3772197 3708292
3840040 3753513 3954545 3968936
3675250 3845739 3741088 3734513
3849306 3730151 3853588 3844260
4009271 3852387 3853008 3940149
3968051 3889511 3836926 3945437
3989919 3917704 3874278 3966738
3863584 3919558 3828691 3938200
4018868 3908638 3889359 3954890
3885304 3859791 3752875 3904779
4017500 3908004 3877841 4004506
3931423 3884419 3781749 3883184
4006640 3788959 3794938 3827113
3751724 3902665 3874152 3771627
4074840 3823352 3820102 3876871
3874289 3865765 3887501 3813877
4038333 3909282 3817997 3937942
3789895 3870640 3857640 3871539
3970741 3832909 3790185 3832110
3796050 3905462 3873254 3803875
4001542 3983200 3903144 3954010
3934468 4049667 3844868 3796090
3901952 4003961 3887686 3938307
4009778 4106649 3902763 3886192
3906215 4071360 3969226 3946356
3965086 4024737 3870559 3884455
3841916 3990884 3836901 3968868
3925815 3992091 3802710 3804981
3932136 3983891 3846954 3914640
3766364 3941611 3765842 3709922
3855026 4037329 3801779 3889939
3817058 4009626 3869110 3739091
3885776 4042286 3904557 3831855
3836638 3917678 3816090 3771722
3849019 4000172 3897681 3878491
3831113 3820691 3795962 3712463
3715874 3882051 3842933 3836430
3865720 3954421 3958304 3848895
3843960 3832735 3884344 3774648
3990201 3897069 3920721 3855624
3815891 3827863 3913776 3788944
3968973 3916644 3866401 3843668
3810318 3856058 3876602 3822308
4016298 3902385 3852679 3801694
3794717 3944942 3955675 3801367
3886403 3802547 3887498 4080026
3894581 3907294 3879430 3854352
3908063 3924241 3894150 4001552
3928343 3919473 3989463 3878217
3929817 3809774 3897915 3990107
3862859 3918876 3900001 3848275
3921644 3952127 3902511 3971158
3910331 3842957 3798026 3823992
3812510 3836020 3721009 3757172
4017208 3917013 3806084 3960182
3839810 3915931 3918660 3905747
4041507 3870249 3767030 3992834
3823804 4004631 3786534 3862026
3968323 3942885 3783361 3947904
3842373 3864279 3893360 3853759
3901782 3735085 3736179 3895520
3718995 3779699 3859154 3696195
4050353 3803861 3792640 3839349
3735246 3858260 3877662 3750788
3995865 3810573 3820851 3842272
3829029 3856464 3904546 3832943
3975047 3773062 3778110 3898003
3727978 3903644 3857138 3844821
3840054 3923401 3785833 3887230
3880526 3975073 3810119 3801351
3865177 3964756 3972254 3885768
3913041 3981503 3892622 3847381
3789510 3981164 3970741 3947119
3981896 4055011 3817263 3900428
3921221 4025206 3898741 3975805
3860446 4078473 3776567 3837757
3885385 3835652 3724165 3759734
3737658 3870707 3692934 3638590
3849920 3990443 3854312 3896948
3775559 3903127 3787430 3683523
3942157 4048293 3788356 3843686
3808305 3927284 3765468 3789710
3905594 3887424 3766792 3936409
3781192 3901712 3841772 3709817
3713923 3803236 3787177 3631243
3901741 3868337 3791848 3715477
3794917 3851827 3890827 3827823
4012252 3910208 3859172 3849249
3712648 3808469 3891055 3869140
4000905 3900823 3912713 3811841
3759981 3793743 3960222 3793189
3920505 3972398 3841553 3781129
3766861 3737482 3846850 3779219
3830164 3784285 3818375 3900286
3889533 3968517 3984253 3807467
3911569 3881170 3911253 3993107
3970112 3880160 3886429 3859760
3928372 3874785 3919840 3993492
3847720 3880540 3933869 3846225
3966281 3867779 3943647 3979174
4163527 3934962 3912803 4040006
3943309 4014017 3934705 3932157
3961873 3990358 3686464 3886214
3839833 3852711 3789227 3819125
4070902 3959161 3911973 3979447
3887126 3948274 3865191 3955236
3887886 3915060 3746095 3923225
3809708 3900022 3788385 3775573
4117020 3873210 3938861 4019957
3812973 3989140 3920418 3939600
3935527 3755373 3794070 3849333
3760663 3844885 3855781 3787288
4103617 3899368 3930381 3939883
3799600 3943114 3963833 3860615
3925881 3715952 3756128 3817132
3639492 3747367 3788008 3746455
4010967 4048450 3997392 4069711
4031501 4109656 3986363 3893103
3912282 3998544 3876301 3914566
3911981 4084703 3869862 3784104
4003854 4034004 3990268 3988694
4052605 4103523 3990745 4005148
3714056 3902931 3904240 3874932
3835743 3849650 3771898 3804426
3996574 4118320 3857488 3943745
3889249 4043840 3865112 3846425
3931414 3880557 3751987 3872021
3802415 3890185 3740128 3660562
4072810 4079790 3949250 4014957
3892245 4022352 3869719 3788644
3810514 3917553 3769816 3840025
3756577 3877666 3704449 3656457
3799638 3972969 3974804 3886947
4011222 4008497 3993090 3877407
3773864 3765814 3827301 3761246
3926923 3860798 3859200 3807718
3911080 3981179 3972128 3853375
4040565 4023566 4006358 3906207
3816354 3777009 3852999 3687774
3934700 3725601 3791330 3756190
4012858 4070578 4092693 3894814
3994333 3949118 4032947 4014973
3823333 3907483 3863762 3752454
3895972 3782550 3939893 3955065
3998657 4002714 4068900 3872340
4031269 3939417 4019678 4079326
3752325 3877466 3778726 3773519
3841065 3795741 3827729 3959548
4090665 4000536 3896457 3998760
3939335 4060843 3897043 3940485
3989354 3941405 3792937 3947679
3837562 3852381 3871669 3875764
3998861 3963838 3919379 3952974
3743326 3936412 3737832 3831468
4019869 3882331 3806800 3888418
3832462 3872443 3845420 3822989
4096970 3882839 3889679 3980061
3924831 3930405 3884504 3878192
3920255 3726881 3749562 3909748
3802069 3839130 3825356 3787284
3935156 3776360 3705816 3791072
3740220 3795367 3844328 3806882
3912675 3777919 3837281 3846820
3765867 3754920 3863239 3782659
3824986 4079244 3993352 4017376
4016817 4134409 3995043 3910179
3847019 3981159 3945299 3971145
3940113 4047981 3819573 3781954
3831369 4024189 3844866 3937612
3935326 4059404 3877889 3816808
3823210 3959044 3921627 3992699
3935039 3961605 3908184 3850141
3983076 4070690 3968652 3916715
3814496 3997818 3817333 3814545
3966799 3927252 3718551 3876180
3787002 3885328 3739104 3794865
3888760 4005534 3746026 3896477
3795633 3883014 3812150 3761737
3986748 3974741 3763368 3773826
3814140 3894268 3818151 3726857
3869209 3989416 4003505 3851185
4083459 3978403 3937746 3919927
3789806 3849175 3879911 3741657
3931780 3815471 3878075 3720297
3828588 3902485 3902998 3700740
3974225 3851810 3914043 3856279
3842359 3892484 3898380 3758621
4006891 3903650 3851015 3808472
3866423 3974576 3983123 3921084
4031244 3924119 4101908 3977057
3717698 3918517 3864083 3784762
3824179 3865483 4038079 3990497
3895127 3784137 3834653 3858559
3849502 3793496 3937436 3940890
3769454 3857711 3903458 3729035
3925222 3798007 3820581 3991231
4043221 3861529 3713871 3902363
3933537 3844550 3737605 3835939
4092764 3891674 3837767 3928463
3857208 3922899 3873211 3943973
4021100 3975945 3848472 3956672
3871091 3922734 3873756 3901436
3915313 3898662 3763560 3865547
3858028 3865873 3822770 3849254
3920823 3771721 3805716 3836132
3676939 3673139 3805235 3762394
4087079 3869679 3829046 3967530
3796656 3844257 3833413 3842517
4011017 3848572 3805626 3865969
3787604 3808481 3972768 3870893
3986455 3817671 3717756 3820777
3719215 3766716 3828827 3832674
3885501 3879938 3901303 3949421
3993532 4017036 3794859 3805314
3921531 4037018 3993805 4005405
3989307 4059576 3977548 3901752
3935779 4013941 4016062 3999152
3987012 4070618 3777292 3824751
3838315 3918959 3931792 3909353
3966882 4066942 3735787 3787716
3828108 3918364 3811615 3882580
3788958 3831809 3793095 3755018
3989239 4061023 3836766 3924037
3857496 3924775 3755518 3781158
3915784 3927536 3882614 3861927
3847583 3967937 3803991 3672780
3883305 3951099 3861154 3794463
3803887 3898739 3833853 3711988
3774045 3852459 3876295 3774144
3817912 3839458 3801328 3818483
3788998 3914519 3849156 3797790
3973986 3897101 3944560 3858913
3755415 3872817 3979959 3877842
3961009 3944436 3959031 3836315
3779812 3868799 3883887 3727670
3955860 3866675 3869815 3781399
3769812 3896629 3946751 3906339
3839397 3824635 3818086 4031653
3941046 3965332 3885109 3852023
3915283 3943893 3877912 4072879
3798765 3963170 3898074 3864807
3944595 3921394 3953285 4001182
3845937 3939825 3944712 3802153
3865039 3786653 3865964 3939427
3673999 3947062 3769631 3705437
3799490 3893989 3692635 3704429
3716553 4000334 3852600 3930739
3916274 3909849 3843589 3733844
3661680 3934917 3820358 3783707
3796040 3828556 3709507 3710261
3606242 3939799 3822445 3859382
3802414 3885648 3824905 3720505
3843517 3827267 3930459 3715796
3741102 3734264 3726168 3782268
3944933 3836329 3982570 3819344
3862933 3870938 3788208 3904195
3825866 3867454 3927881 3752967
3788796 3796283 3804698 3835058
3827375 3815806 3981903 3791118
3876706 3703963 3786209 3791329
3725311 3727003 3881708 3759919
3720373 4017135 3799790 3596132
3907775 3687968 3922671 3805668
3823939 3921684 3875736 3761443
3808642 3668802 3827977 3837453
3744377 3816716 3801818 3651065
3811241 3724991 3832868 3845561
3719700 3960112 3779656 3600246
3746684 3770140 3623094 3720175
3595128 3826967 3807408 3887107
3861694 3879808 3863395 3805873
3790692 3886207 3992418 3964376
3813219 3773416 3755242 3755912
3818041 3797742 3859410 4056363
3812062 3804174 3838581 3745192
3680753 3844340 3860723 3909433
3937088 3786839 3929756 3790270
3946480 3826559 3716236 3776005
4036105 3849079 3907404 3899229
3962100 3932027 3812129 3775123
3813165 3784021 3907508 3783192
3875173 3891167 3847890 3758614
3862294 3877983 3906749 3818960
3912922 3880889 3806246 3804407
3709842 3812585 3664883 3847991
3861090 3645880 3905957 3746008
3765584 3923660 3765821 3888920
3928599 3696329 3991965 3880272
3733023 3765634 3770736 3846610
3851957 3581494 3958723 3840506
3695602 3746043 3803114 3818030
3844625 3700746 3952251 3815482
3648722 4002536 3860566 3825536
3938148 3882231 3837276 3793579
3740643 3930727 3889847 3746087
3897426 3815784 3694469 3684187
3680055 3854482 3771345 3755168
3782254 3799914 3774136 3709762
3793330 3989905 3883779 3883400
3939331 3923808 3876519 3851553
3892349 3988073 3978514 3904211
3969708 3806553 3894731 3939144
3808567 3890845 4011903 3772465
3882361 3804323 3699323 3821836
3856562 3787936 3935123 3813280
3811437 3816604 3734036 3838135
3960491 3879892 4006015 3887469
3781352 3830916 3899914 3901152
3931689 3737491 3927291 3865160
3871013 3893475 3968740 3665464
3819949 3689288 3853603 3792058
3813161 3973167 3865687 3667045
3796366 3679573 3747817 3806124
3828292 3884756 3775597 3600418
3891302 3751991 3911014 3843219
3846853 3968587 3910467 3704304
3915358 3857802 3810800 3765820
3855411 3961616 3951669 4041397
3805840 3813584 3853424 3747421
3709365 3808383 3784267 3977969
3754345 3790920 3777121 3693703
3658712 3849911 3786380 3869050
3835853 3949255 3779684 3774317
3760125 3982327 3894411 4051800
4016798 3894654 3984425 3897240
3965479 3984549 3845261 3893225
3887150 3880539 3919220 3800054
4025412 3855356 3791671 3868276
3920786 3763271 3879682 3840377
3820281 3886852 3683746 3740312
3925970 3887018 3904555 3899603
3878347 3890708 3768879 3822134
3828631 3825922 3754118 3876097
4041565 3795190 3997030 3907467
3749872 3837684 3650169 3892673
3885174 3683490 3936530 3812856
3744523 3663018 3738042 3654621
3905231 3645280 3914890 3872209
3744591 3890271 3733751 3895097
4044263 3818552 3991003 3918846
3643492 3940332 3891435 3806010
3796426 3729155 3739232 3835174
3809265 4060376 3941177 3934759
3866860 3895557 3861597 3877169
3724595 3911972 3841486 3834562
3832540 3816029 3805971 3801399
3685007 3966764 3876428 3831670
3865062 3848899 3785347 3767737
3856286 3926826 3991373 3829531
3785799 3805895 3764839 3824730
3949003 3975096 4025335 3865454
3899452 3858501 3888055 3998126
3852105 3953930 4080916 3806075
3870816 3797990 3911686 3877248
3900500 3952699 3962961 3770704
3821997 3828020 3783762 3827840
3781134 3693785 3865069 3813231
3724150 3865058 3855416 3677892
3876013 3786961 3944695 3879052
3870554 4034847 3894237 3807922
3814713 3685293 3886423 3891455
3860883 3894344 3855894 3695875
3841827 3743293 3856166 3803598
3851296 3972029 3859062 3630631
3676178 3809336 3724143 3713207
3709221 3914620 3831342 3870005
3889609 3910129 3882617 3849939
3768371 3936260 3967626 4025087
3874158 3807277 3814016 3733213
3747506 3877280 3852361 3970809
3759230 3885955 3816942 3779437
3732669 3890454 3867120 3909257
3867482 3835038 3912580 3779604
3886904 3861278 3735133 3880239
3997186 3874462 3897677 3847177
3989113 3927773 3815623 3903512
3899276 3870175 3922842 3860816
3952925 3952496 3837984 3881194
3890616 3841429 3880897 3838496
3926290 3951981 3713531 3788462
3701743 3797546 3762263 3773521
3915598 3740722 3937452 3775152
3839755 3833988 3725073 3863982
3998013 3739824 3986617 3914836
3753471 3817424 3764124 3861085
4028973 3777505 4010663 3814823
3766087 3789351 3768028 3854575
3949290 3799805 4000542 3833300
3744188 4015782 3909354 3871090
3851716 3869506 3883557 3775497
3773460 4063841 3990769 3878803
3980794 4048887 3907499 3850276
3777764 4047870 4016655 3886747
3983650 3978118 3868359 3828697
3660807 3905428 3757560 3669895
3702738 3726307 3727540 3657727
3877324 3819873 4026924 3936651
3926006 3803276 3793561 3912206
3966626 3977771 4172459 3935283
4017286 3902003 3999328 3964787
3985026 3978272 4154000 3965110
4036438 3922886 3966870 3860494
3761755 3785838 3872556 3792753
3730123 3733945 3790450 3766495
3851830 3816529 3927983 3937743
3883531 3986193 3887289 3731804
4020162 3815882 4048951 3943201
3957093 4241630 3913685 3812180
3961049 3846304 4051285 3878523
3863587 4037870 3975514 3765142
3707257 3648911 3742120 3783669
3745200 3890041 3766830 3557233
3784298 3857914 3872896 3797346
3851445 3884854 3913349 3932500
3932102 3963360 3962737 3868893
3899271 3976664 3917817 4036123
3961440 4014348 3828282 3866556
3906594 4003193 4020560 4069719
3682763 3743600 3736152 3662089
3631185 3812198 3801765 3921466
3904618 3879443 3902174 3926007
3964214 3960070 3767177 3928460
4019570 4000338 3955423 3957027
4054759 4002708 3888127 3950656
3982502 3961613 4030829 3956460
4037404 4056781 3868479 3937419
3806234 3775124 3831530 3649179
3877464 3875101 3703639 3750819
3841586 3777209 3865946 3823647
3982035 3732797 3976619 3813911
3845712 4003719 3809602 3940816
3993509 3852398 4035788 3986453
3866696 3858175 3812047 4071685
4084084 3805826 4048560 3961881
3766695 3672677 3565730 3769970
3768036 3625076 3940210 3657823
3761512 4041437 3920639 3926293
3942736 3886845 3930562 3878430
3726478 3987263 3867965 3817485
3818228 3802374 3726702 3809652
3928166 4040701 3995264 4003978
3966622 4030749 3892565 3923632
3708611 3975898 3860609 3822581
3858606 3782369 3829517 3735452
3991801 4002280 4075530 3956280
3991514 3919096 3887835 3965407
3849785 3855577 4036331 3877785
3876727 3745888 3833812 3853066
4019242 4017977 4101956 3959582
3992403 4049929 3914317 3997118
3878207 3886135 3929694 3861268
3819618 3797157 3858984 3826473
3949049 3835538 4004173 4009167
3891710 4042019 3931435 3822590
3835909 3745096 3885695 3863586
3749982 3988814 3872535 3779902
3971457 3928891 4014781 3899182
3903051 4108318 4036917 3763822
3856997 3717587 3911108 3851218
3714286 3974865 3758048 3684556
3908113 3937878 3841802 3850265
3862432 3911441 3970695 4059073
3844471 3948204 3816078 3736488
3762238 3869006 3884078 3976302
3966640 3970290 3966590 3867940
3863855 4058618 4024414 4199052
3643516 3753080 3799029 3696925
3729347 3892400 3876521 4021904
3993315 3923317 3921961 3922967
4086656 4021170 3824512 3889540
3948096 3853637 3890204 3757734
3987098 3878676 3806769 3887236
4064164 4050691 4064613 3962551
4078686 4016313 3934444 3980005
3938141 3899937 3857734 3832852
4023655 3851469 3790660 3802247
3862857 3873302 3862702 3954237
4094857 3818221 4007603 3903190
3730870 3812038 3781024 3802356
3971734 3609929 3919108 3914042
3863657 3879846 3859051 3969390
4013482 3843846 4032501 3967737
3726857 3804666 3720969 3729853
3907972 3762716 3953626 3784514
3666629 3808281 3787748 3865742
3866476 3871701 3709973 3719262
3823813 4065019 3918603 3987021
3932635 3951224 3864005 3915831
3713073 3937723 3848969 3883029
3867377 3882596 3860494 3792833
3663882 3844008 3852263 3822973
3840739 3788190 3634008 3699828
3832007 3841838 3890803 3705215
3815254 3728801 3787598 3837370
3936771 3976395 4113862 3988027
3956726 3978053 3950012 3938020
3916425 3785045 3976564 3823995
3921111 3860864 3906617 3852527
3817961 3879970 3949823 3851054
3775937 3756494 3764685 3846479
3788765 3724172 3793611 3779059
3743375 3955061 3831337 3606658
3948910 3826380 3962694 3902238
3865052 4064391 3979472 3768027
3872736 3671683 3913027 3807039
3772716 3968985 3864251 3782326
3762802 3633851 3795675 3805055
3681818 3891176 3815771 3749570
3753279 3772631 3814098 3690991
3791597 3776012 3799882 3984124
3917809 3907994 3841617 3862085
3890584 3991906 3950124 4081531
3834880 3894952 3734521 3697255
3797877 3894908 3918395 4026732
3756417 3825528 3714546 3731559
3710453 3843072 3830071 4038099
3898657 3782294 3889726 3792945
3948330 3842669 3724678 3883626
4044759 3851442 3980155 3875885
4048299 3980487 3860198 3973205
3914831 3848632 3943342 3818252
3899706 3992707 3787446 3799729
3947865 3806842 3806653 3770186
3881668 3860795 3757411 3810135
3718708 3794083 3697554 3922920
3870222 3633442 3938135 3787991
3913577 3950604 3761945 3880330
4045573 3821338 3983018 3887252
3774593 3770135 3671605 3812328
4025229 3744116 3965887 3837438
3716145 3772043 3679597 3755146
3912663 3604120 3890387 3875479
3817243 3954723 3948767 3928908
3966258 3947177 3824717 3848236
3658555 3862155 3778036 3805893
3807934 3840018 3760657 3753970
3762133 3975573 3778005 3808821
3915104 3879406 3840028 3806492
3723801 4034293 3901715 3871579
3907092 3807836 3754443 3779676
4037111 4041420 4104713 3859358
4006787 3911655 3901180 3868244
3808203 3865528 3972710 3870172
3801004 3746961 3803365 3741012
3935507 3927497 4070274 3824162
3806607 3735970 3830664 3843218
3890293 3873764 4035804 3818501
3933996 3799653 3817442 3909863
4063270 3893579 3857857 3860860
3930379 4083506 3959895 3831590
3779158 3675541 3804774 3751979
3761035 3946533 3861963 3677023
3818633 3769755 3934551 3941172
3864704 4082064 3888289 3709311
3980927 3703669 3861807 3902967
3731064 4027923 3964868 3744387
3909961 3977080 3907830 3863135
3801871 4038325 4006781 4062168
3713800 3843071 3777485 3772204
3716413 3899903 3782139 3906509
3871281 3983171 3840750 3764773
3780595 3892206 3874183 3983034
3809913 3883717 3806398 3766572
3775303 3989225 3936297 4037066
3975153 3924475 3973290 3938534
4079985 4068700 3851941 3965485
3919745 3879550 3806509 3811475
3882514 3832649 3739946 3751118
3982390 3896897 3955894 3883497
3998108 3920294 3786667 3796010
3965270 3924477 3930156 3885401
3994847 3941053 3800717 3932550
3853941 3882430 3840989 3893113
4037427 3805561 4046395 3858957
3676896 3799626 3707770 3730500
3861925 3640029 3923423 3808651
3759335 3815727 3797770 3820642
3917683 3777101 4020456 3841291
3748624 3853821 3789168 3920968
3863646 3762481 3916511 3844139
3801096 4008253 3988699 3911839
3958331 3993039 3871422 3763473
3800624 4258025 4071584 4069746
3969338 4029011 3974809 3938407
3837070 4023370 3981485 4004560
3904393 3911789 3905241 3861809
3821561 4042789 3962085 3849933
3876064 3921808 3861826 3880739
3975781 4015761 4058100 3902785
3970326 3988625 3975291 3940418
4150548 4034176 4144561 3992382
3993813 3982520 3975364 4096812
4019597 3958015 4038516 4009169
3949482 3930188 3952369 3951663
4011118 3898305 4076399 3922247
3878953 3878961 3877330 3960843
3913474 3897793 3898434 3919025
3925688 4092470 3938322 3751322
4020086 3838257 4000370 3990001
4006036 4199310 4061425 3847429
3935264 3831721 3909091 3995407
3816453 4048661 3963167 3808976
3862808 3824785 4001532 3932218
3827640 4137307 3879513 3790780
3850285 3938974 3916426 3915592
3816935 3914202 3978166 4139089
4048930 4041869 4022597 3927551
3849278 4072807 4057986 4148605
3858486 3961278 3911497 3900384
3846487 3972454 3964587 4103158
3828473 3927164 3942607 3771842
3789678 3994855 3994874 4070337
4103219 4016690 4030651 3963752
3976936 4029167 3841198 3943449
4107000 3961942 3998470 4073572
4186211 4065276 3945596 4061155
3956287 3900161 4043900 4015231
4028721 3999157 3901208 3901405
4007417 3940397 4046395 3823501
4038495 4019473 3898009 3915320
3861187 3963316 3844219 3815209
3984339 3801172 4009287 3875383
3992033 4030319 3968527 4062428
4004879 3855777 4225314 4032234
3853429 3901765 3768211 4018477
4106094 3811685 4052968 3897773
3778807 3947900 3762954 3851688
3938222 3730028 4063256 3942693
3925509 4111924 4062719 3944055
4002290 4035813 3982337 3986456
3685700 3962347 3912684 3832073
3894009 3920171 3847173 3670585
3748588 3943152 3808252 3947920
3911638 3880262 3769920 3752355
3760253 3978057 3883716 3910612
3905107 3878212 3814161 3786972
4069822 4087371 4168626 4017125
3939451 4033517 4001986 4074308
3892141 3884475 4039979 3883886
3892428 3826147 3873817 3825804
3880916 3860641 3990737 3813866
3953821 3828765 3888472 3751361
3970434 3879943 4055401 3825134
3868362 3830420 3936233 3960549
4026295 3856560 4048150 3959185
3987658 4175674 4077043 3950136
3909287 3728715 3936272 3837014
3790365 3949714 3939681 3768807
3757739 3740922 3908989 3868816
3892529 3950933 3887580 3717609
3824569 3761799 3926374 3828531
3811086 4014110 3880876 3711603
3995711 3985552 3998863 3950635
3930384 3984777 4051905 4185521
3754028 3845493 3843304 3786254
3725405 3923727 3946639 3940525
3817175 3918861 3831304 3791478
3797624 3896570 3892136 4003943
3884718 3847467 3805915 3743412
3791680 3987721 3961668 4041480
4086470 3978994 4050975 4069109
4117081 4031773 3908012 3972415
3837255 3863521 3976146 3878823
4022210 3952728 3798396 3817155
3928734 3882201 3952592 3899032
3972210 3933369 3826632 3891344
3973941 3872294 3926672 3933688
3961807 3984644 3830142 3854348
3922083 3998091 3889897 3988085
4157845 3911081 4142684 3931396
3839913 3820083 3765787 3878110
3945090 3719280 3962435 3813241
3714365 3853035 3705689 3855472
3892583 3714521 3983466 3791752
3775725 3912647 3784696 3862251
4018369 3747559 4084612 3851226
3792629 3939291 3935781 3804527
3891333 3934178 3837803 3698438
3889211 4048707 3974782 3985830
4020555 3908890 3823788 3898146
3849246 4095077 4001385 3829973
3985797 3999031 3834384 3784248
3777549 3919319 3943341 3859787
3940019 3906294 3806127 3797046
3928922 3875364 3973486 3823014
3882546 3875085 3833483 3854356
4018812 4027338 4012315 3936144
3940710 3934374 4023385 3987399
4042175 4000340 4086244 3922909
3986370 3871999 3931765 3993982
3904582 3880521 4071271 3822686
3889427 3845425 3760560 3902880
3926921 3824022 3985853 3828798
3782349 3932383 3808130 3719618
3994438 3889600 3978626 3926080
3942892 3994411 4071333 3871668
3926061 3805083 3938910 3965082
3906654 4098089 3985190 3706148
3815209 3820805 3934101 3869951
3791045 4113697 3928996 3712413
3843915 3835775 3796098 3805824
3785213 3913340 3889898 3955702
3865255 3937093 3965832 3914759
4003660 3993156 4001526 4154036
3846493 3926285 3935319 3841238
3776169 3975755 3958882 4109620
3859626 3892467 3817861 3716068
3758801 3957315 3872247 4048162
3926096 3822703 3947596 3939462
3977563 3876914 3810007 3831064
4051992 4021515 4087255 3898346
4116196 4026578 3905290 4012308
3974384 3949526 4008172 3880284
4029952 4048968 3907583 3876226
4074311 3876098 3956538 3905399
3971109 4032028 3814218 3865555
3781503 3776402 3829563 3807803
3891899 3716125 3965180 3850259
3939216 3999951 3858653 3976200
4136677 3830979 4124232 3937518
3814965 3899644 3781295 3921932
3983905 3737365 4075219 3997961
3783512 3817613 3745973 3856440
3899845 3686617 3972459 3828366
3790525 3976901 3843603 3895528
3937925 3825156 3824402 3764321
3766357 4100045 3965169 4012253
3984386 3991116 3828662 3860050
3843636 4110718 3959315 3913366
4010540 3947151 3785388 3927036
3704669 3922930 3850351 3661572
3769649 3804818 3719995 3750016
3894656 3927202 4030145 3887131
3840705 3756639 3941536 3847488
3927071 3963554 4167674 3882030
3950342 3909172 3939656 3895500
4005182 3993674 4074641 3933014
3884856 3888237 3941121 3973093
3822026 3788076 3961166 3770524
3721562 3732580 3721954 3840473
3870975 3709608 3888532 3913441
3778047 3976495 3852925 3768201
3977435 3865878 4005468 3906335
3912619 4083200 3998978 3835989
3900768 3858734 3965116 3908369
3897623 4112042 3946983 3761859
3794591 3615539 3788843 3764452
3731444 4007094 3770853 3695133
3875673 3883455 3800543 3755425
3830279 3907328 3868430 3951529
3881015 3865802 3852989 3907899
3844724 3945347 3960214 4083164
3906889 3878126 3950289 3818461
3859464 3983791 3964001 4103219
3771821 3815142 3729770 3707643
3641720 3777269 3807860 3929516
3935834 3966189 3934963 3928398
4016061 3907571 3803668 3933996
4068514 3963372 4032655 3969140
4085300 3980199 3858456 3957362
4010970 4095305 3967377 4020719
4012747 3987963 3923160 3857664
3820766 3701108 3903213 3825459
3860872 3870712 3670382 3785722
3843097 3819702 3748664 3849782
3970835 3733735 3970504 3830521
3801596 3941494 3830858 3927020
4084735 3915640 4077302 3913255
3880802 3907970 3891611 3942487
4039996 3794453 3993038 3910836
3662592 3725554 3712097 3762667
3807445 3589910 3858280 3754293
3793048 3980600 3843064 3949292
4019657 3849489 3888700 3834491
3808926 3956896 3917453 3930956
4011384 3997034 3870803 3827764
3687165 3940581 3816883 3856770
3804780 3802815 3753460 3696162
3886624 4110806 4048861 3932035
3960443 3990761 3963615 3945343
3971579 3886878 4094239 3871081
3910041 3935678 3940441 3927256
4009257 3999100 4090460 3900278
3889240 3924685 3964601 3967028
3810546 3784046 3878100 3882664
3800070 3787456 3783746 3812142
4019685 4030499 4117458 3993961
4047739 3957592 4007204 3974739
3850565 3833920 3919997 3888036
3856609 3989767 3842637 3858328
3925177 3866925 3906668 3920574
3863891 3999305 3996699 3711950
3836844 3758994 3888687 3779246
3746801 3933628 3839280 3657127
4018935 3867148 4071826 4022700
3972615 4065126 4012373 3867434
3807890 3930777 3909386 3785885
3837402 3999055 3939557 3961750
3943795 3957557 3825088 3826105
3798086 4003912 3877498 4084265
3733519 3785582 3788050 3776849
3693539 3837321 3851723 3904898
4002136 3964724 3926970 3926603
3851833 4074735 4002393 4122309
4088622 3938809 3987169 3863557
4012125 4047702 3830491 3888409
3956704 3965624 3986736 3914798
4048831 3983793 3898008 3906787
3948553 3850021 3798740 3760186
4006622 3825593 3763487 3761792
4034907 4069306 4018654 4003552
4057506 4099943 3950577 3976497
3703957 3863063 3749607 3842457
3916621 3839308 4070205 3934688
3791076 3936739 3852339 3885767
4029482 3903139 3979808 3928013
3792390 3735208 3690376 3780081
3893032 3712631 3977214 3826650
3981130 3927540 3856713 4060257
4092882 3886658 4067934 4020380
3837054 3913145 3871571 3741544
3687141 3800498 3800226 3795453
3951494 3995027 4024603 3860964
3934329 3959923 4023646 3906216
3956082 3992953 3931907 3806832
3854387 4008835 3955106 3918110
3800128 3885609 3910983 3776325
3749124 3862439 3778563 3817407
3830883 3773523 3782787 3816352
3845767 3805170 3806437 3813689
4004336 3875235 3932497 3930955
4020429 3910778 3898242 3874246
3921675 3848805 3810863 3925315
4007070 3938212 3859211 3926433
3965887 3730265 3789604 3926621
3864886 3856161 3846224 3818339
3791905 3825835 3835895 3886843
3767155 3825106 3949547 3912307
3886636 3947081 3947929 3946660
3848214 3885515 4107747 4011568
3953447 3862530 3829146 3989016
3980677 3973107 4087325 4032075
3793641 3844098 3864263 3890854
3855754 3877183 4011297 3855787
3855525 3785595 3810110 3792199
3925486 3644217 3758899 3700590
3959144 3883241 3993537 3860152
3966910 3875445 3901138 3877953
3973486 3909143 3996287 3957620
3897654 3833926 3919982 3781634
3888269 3811056 3869650 3809124
3910033 3714238 3856304 3741967
3683230 3873955 3897399 3890910
3871609 3824640 3865122 3922516
3812046 4019463 3983069 3956737
3965466 4032360 4087211 4058007
3818272 4014881 4013044 3954334
3988379 4011019 4090670 4067561
3747547 3994333 3921707 3866633
3880321 3945595 4009877 3974138
3831368 3738224 3889793 3751261
3745075 3873515 3777409 3956176
4056186 3881884 4000018 3873072
3879599 4114626 4024562 4017944
4010754 3968445 3894587 3828865
3773216 4047356 3980203 4041622
3840547 3783641 3924447 3695262
3748557 3922925 3865719 4070288
3970154 3972581 3989232 3811120
3869559 3907158 4020549 3944456
4107093 4031954 4011026 3905471
3890705 3935291 3965765 3999442
3869823 3946201 3919549 3796840
3824166 3884909 3834244 3818573
3993512 4022484 3927727 3855517
3870600 3922954 3906890 3906964
3909427 3864304 3860609 3969881
3927272 3953016 3974253 3912665
4017641 3874687 3941540 3954793
4014963 3990993 3883065 3973992
3948845 3796345 3733851 3890201
3965683 3839313 3857783 3821215
3870044 3801497 3826577 3979545
3950915 3952445 3866603 3914481
4007264 3872720 3860527 4004049
3941507 4003738 4106714 4064791
3992694 3942655 3994751 4055067
3928779 4040472 4163442 4097255
3830718 3809302 3734660 3869398
3780560 3833000 4008720 3946410
3883667 3926136 3916377 3979345
3887307 3914702 4083308 3948860
3926921 3922473 3856311 3853285
3991962 3750014 3892431 3787819
4037072 3908283 4058268 4003644
4108207 3866588 3994121 3972360
3767563 3807476 3790775 3761521
3874170 3795729 3846952 3796567
3936991 3915252 3865505 3875684
3947512 3727821 3925303 3812373
3830101 4051510 3995726 3993310
3978462 3999976 3966558 4123020
3915671 4069804 4055965 3941058
4063059 4042019 4044260 4180435
3730479 3923024 3882296 3840036
3835341 3970789 3908989 3959126
3794352 4024112 3984591 3931516
3964704 3934389 3910573 4075969
4003233 3838203 3889030 3819994
3850851 3998892 3938106 4170044
4009901 3980217 3951891 3932740
3953450 4139832 3963800 4176826
3933347 3815645 3868143 3663622
3659358 3927242 3846721 3947697
3982468 3894531 3919535 3818580
3803258 4026424 3968169 4107764
3890871 3851591 3886182 3627880
3806322 3858440 3863996 3793938
4032270 4102673 4117368 3980321
3983367 4084272 4071371 4048367
3904075 3915167 3927595 3816299
3886790 3864426 3919570 3878366
3867542 3965753 3950272 3767170
3698324 3819193 3841635 3890600
3932288 3687067 3783252 3918376
3812022 3783790 3839284 3777088
4050971 3949671 4018111 4086928
4193678 4037402 4029208 3990070
3974686 3775883 3819327 3943447
3906148 3904798 3889379 3855141
3803857 3728520 3759386 3790779
3917665 3773346 3779112 3818754
3884709 3860025 3764114 3904242
3820497 3936981 3953031 3931376
4017424 4000893 3890504 4073283
4120158 4059917 4271067 4116829
3905068 3861831 3841849 3912159
3840404 3953968 4036237 3938299
3853312 3886440 3809573 3936255
3797795 3815624 3961346 3967115
3767438 3801748 3835008 3802534
3870383 3803799 3815601 3763250
3983595 4025417 4107572 3927087
4121492 3981020 4106072 3964858
3908978 3917673 3914616 3932545
3906705 3799465 3972708 3812054
3823138 3804230 3807799 3796264
3848440 3722443 3861247 3729650
3739139 3976055 3951817 3891138
3813836 3912595 3946761 4021112
3983407 4236495 4084543 4081268
4080168 4108566 4215203 4184078
3828897 3963809 3939062 3981931
3861755 3927144 4029570 4009891
3726412 3974227 3927517 3925606
3861458 3916749 3944884 3912102
3924242 3871639 3846442 3751733
3798205 3977923 3828557 4035323
4011025 4012598 4027196 3889047
3928734 4111158 4046830 4144058
3903555 3900741 3875123 3778353
3866456 3948811 3935602 3969961
3848786 3795324 3866653 3730033
3698324 3964189 3884897 3982071
4009564 4096266 3942831 3810461
3933429 3947155 3895369 3929038
3824814 3836524 3783316 3708265
3711712 3783156 3848872 3793408
3862676 3975716 3881575 3674874
3804853 3786162 3885773 3854440
3861154 3844121 3847587 3722552
3692462 3846930 3814025 3826989
3971552 3838318 3963938 4030880
3912801 3940750 3921991 3854713
3842777 3686057 3678683 3885934
3805686 3809288 3735950 3811495
3909106 3832081 3839318 3857327
3884135 3878365 3870095 3844430
3765652 3750135 3740040 3796355
3766377 3777705 3766417 3740696
4003956 3976999 3918194 4047618
3904607 3960160 4075453 4067593
3833062 3794515 3811546 3838589
3718893 3852323 3971478 3834752
3738642 3936685 3881100 3941272
3770751 3823905 4065338 3941444
3817664 3854436 3775761 3838200
3701903 3869568 3910659 3910243
3856888 3978696 3955579 3933868
4056861 3805816 3948777 3873993
3823426 3761428 3782583 3826937
3790405 3661254 3846199 3668540
3857221 3869859 3890962 3782559
3901986 3757946 3919529 3714562
3727340 3763317 3875866 3731687
3853475 3724904 3862703 3730921
3828191 3996323 4026946 3995217
3939374 4040114 4085192 4068816
3636908 3846445 3752950 3865787
3793481 3817089 3904384 3899525
3733582 4008095 3951964 3930154
3859046 3931409 3914574 3988148
3678279 3862808 3842663 3879149
3754691 3863333 3906087 3922901
4008693 3960138 3977239 3940364
3838742 4040454 3898253 4114018
3877829 3807576 3782262 3711467
3689837 3904593 3807734 3944712
3827743 3884470 3900943 3762461
3717011 3938989 3856347 4002241
3746648 3805542 3870802 3745404
3703591 3868829 3831936 3933205
3822934 3821474 3960558 3800429
3745797 3862195 3903731 3824117
3815851 3818805 3796005 3703061
3726932 3758870 3710420 3719962
3985366 3984633 3990789 3835414
3960408 3925927 4003890 3975042
3912850 3911909 3949171 3921993
3812336 3908087 3891810 3928995
3932325 3705391 3867111 3962832
3937740 3920726 3850548 3904014
3781356 3687806 3693676 3817490
3793527 3831757 3733414 3824440
3995047 3905983 3913160 4003742
3937194 3866593 3970273 3937550
3969615 3871021 3941458 3912308
3925406 3946593 3915896 3914586
3877050 3855250 3816682 3948186
3866018 3877578 4097795 3959238
3769498 3795938 3767548 3879778
3769990 3803886 3934742 3802793
3952143 3951057 3929109 4075908
3892566 3974163 4013514 3960215
3968098 3958688 4009665 3983025
3851065 3985872 4066787 4047569
3825696 3848719 3917958 3798064
3903566 3842654 3955407 3755504
3709062 3741415 3731907 3641803
3828429 3640376 3882239 3653499
3931877 3961929 3942842 3930614
4048155 3862355 3952590 3824487
3961762 3934724 3886324 3925007
3957748 3869479 3932664 3769334
3826542 3993878 3981347 3919822
3869356 3922623 3946411 3999556
3707564 3878874 3885637 3865043
3771593 3899013 3822501 3871074
3790640 4130499 3885583 3999844
3913368 4032147 4050038 4072018
3843041 4103102 3894475 4008941
3949535 3972937 4049129 4053356
3929323 3811087 3795493 3714240
3770052 3938243 3838960 3960326
3772591 3798950 3760591 3642260
3639825 3778678 3775085 3828888
3981085 3979679 3967726 3824342
3821891 4096135 4007506 4034393
3994812 3967452 3934422 3798207
3845896 3999459 3885979 4086613
3781325 3826219 3755549 3700695
3754236 3770671 3780795 3774568
3927702 3924392 4002077 3745310
3814057 3900544 3919956 3887060
3961581 3940458 3954493 3884449
3863512 3903686 3943795 3899441
3872737 3828160 3779837 3723820
3787138 3866559 3807842 3708266
3815963 3635572 3757229 3763654
3800789 3723085 3709080 3788842
3975497 3770185 3873759 3924068
3886179 3887918 3860429 3795238
3980825 3847403 3840806 4004762
3949268 3943843 3873140 3924634
3849078 3794888 3836501 3868683
3810559 3826564 3712915 3810100
3837125 3792399 3737160 3855268
3742872 3751028 3904925 3814491
3823428 3809877 3863446 3958634
3827252 3867854 4043108 3981993
3962230 3948107 3863331 4070182
3928451 3919737 4056510 4001118
3788103 3844847 3790221 3912399
3740920 3860702 3907473 3947483
3862489 3742785 3746086 3725057
3702603 3737084 3709396 3697426
3888514 3760126 3908808 3835120
4011941 3774640 3883341 3802583
3945822 3943296 4001166 3882740
3939145 3935454 3991354 3861673
3809570 3826055 3879756 3723166
3815917 3728219 3871110 3715305
3688296 3893194 3812302 3792562
3857022 3797348 3859271 3918992
3796512 4008883 3873123 4023423
3899912 4010306 3972467 4067862
3838424 4050726 3921347 3944312
3978144 3978249 3934204 4073168
3661563 3984063 3807543 3899436
3787088 3822852 3869439 3979274
3783981 3646454 3739595 3649973
3568473 3864803 3748160 3877190
3984097 3834415 3838398 3809373
3743161 4046850 3838847 4028069
3984197 3934200 3968977 3849207
3892392 3982347 4021038 4012509
3817407 3763595 3745657 3685730
3611319 3841715 3788004 4011124
3915212 3970064 3920955 3769960
3834708 3848072 3900467 3834828
3972828 3899586 3858242 3799253
3785675 3807654 3913352 3792780
3793330 3851745 3815611 3767213
3746314 3802015 3804412 3804386
3964543 4046415 3965964 3752510
3893236 3907618 3951848 3899770
3878996 3691729 3834135 3959732
3897530 3921302 3947737 3910492
3917759 3807503 3758545 3912348
3882877 3832757 3814649 3829598
3902725 3725739 3733686 3812527
3815715 3790908 3748451 3789463
3922583 3835894 3888981 3992502
3882855 3895717 3895404 3950138
3900101 3792897 3827432 3953967
3889356 3881896 4074990 3997467
3856358 3849402 3829246 3981451
3878662 3910382 3955153 3875856
3712777 3813390 3808339 3873390
3757510 3823296 3886080 3828935
4013888 3873984 3827221 4061924
3908297 3908554 4043525 3966029
3820269 3939956 3940173 3862385
3922932 3794954 3892659 3798938
3828116 3866443 3838479 3867815
3862578 3731157 3905194 3644071
3787217 3801545 3768178 3786514
3862068 3781126 3795307 3683766
3871767 3925776 3950574 3889794
3942106 3846660 4026077 3807783
3743739 3964660 4022775 3908740
3921623 3968113 4019896 4033545
3757390 3936451 3880252 3829838
3789030 3885235 3961269 3978676
3615684 3943024 3852600 3821072
3813578 3852293 3865566 3896504
3885650 4001527 3864053 3932102
3929530 3917782 4001722 4109306
4027536 3798562 3833626 3759454
3873723 3982705 3890177 4025188
3942977 3826887 3854877 3731719
3701618 3934029 3910149 3923409
3844872 3787174 3771269 3758510
3655553 3843248 3862148 3950156
3941623 3862782 3909237 3827191
3829606 4003575 3896273 4103842
3859850 3796752 3860884 3695231
3714706 3832120 3773057 3722977
3991133 4064623 4032970 3910671
3890484 3937137 4017415 3980149
3928530 4055559 3946004 3892387
3906091 3888765 3904113 3917340
3855746 3902515 3920388 3828324
3682504 3863792 3825300 3874318
3872621 3669563 3728330 3825460
3814354 3807455 3798531 3806786
4018934 3881037 3965461 4042399
4061744 4055936 3945536 4060150
3949551 3895389 3906252 3984595
4010632 3932840 3945864 3937424
3906877 3801999 3855046 3960357
3924862 3838750 3838209 3832138
3725554 3870783 3719236 3809623
3771083 3836544 3921842 3809737
4032535 3963356 3980161 4055239
3873419 4037926 4123086 4026319
3953148 3956808 3873129 4026458
3806087 3989674 4055672 4016549
3885473 3872001 3842636 3929551
3862562 3807838 4020407 3975948
3784251 3762081 3804228 3703831
3834249 3672103 3801518 3629687
4008398 3911029 4066223 3967291
3944417 3895882 3981364 3872057
3867192 3943552 3966285 3910410
4022135 3814815 3938074 3832561
3885927 3855073 3888951 3890809
3906464 3855425 3812021 3736489
3731725 3890741 3857387 3836540
3774325 3891243 3853745 3968030
3870592 4108006 4106572 4047878
3950281 4162763 4057648 4128837
3810057 4061283 3931751 4015439
3970224 4043674 4063158 4163590
3744391 3964934 3945218 3905354
3846209 3943739 3929191 4049379
3866837 3780591 3748606 3618509
3589031 3779533 3715042 3908238
4033215 3975803 4046775 3914415
3828751 4112447 3989301 4149988
3962803 3913291 3924695 3931508
3852257 4045950 3908384 4015747
3902490 3836498 3881719 3816495
3845723 3937106 3865483 3990892
3827635 3817243 3899627 3839682
3725693 3827291 3844779 3789627
3853612 3854146 3890671 3753782
3718463 3854583 3796075 3708659
3754517 3733601 3768792 3687565
3680713 3708134 3642812 3697879
3906808 3818444 3902327 3766695
3758091 3882738 3795133 3791102
3850902 3753173 3803996 3791189
3798440 3830162 3824065 3728064
3887168 3729489 3762089 3907151
3885146 3859036 3846749 3763087
3707764 3578883 3711458 3750897
3772455 3671926 3709702 3735226
3931829 3692536 3777238 3850065
3826761 3832527 3758475 3803476
3774264 3810434 3732646 3905958
3860173 3813402 3971074 3764980
3867984 3873358 3717503 3801367
3749999 3874719 3942188 3839831
3717454 3691075 3636532 3748968
3634277 3709306 3836610 3731148
3785590 3797035 3772348 3888148
3780517 3893003 4034893 3854838
3754935 3734942 3784010 3750603
3850602 3792016 3827780 3652787
3768416 3852210 3877058 3765067
3812914 3724288 3864365 3764261
3711164 3845642 3734011 3784157
3815480 3735357 3688875 3643816
3832196 3827024 3828215 3718406
3879059 3762225 3874006 3713534
3803491 3926929 3814821 3859981
3751279 3847658 3813951 3894363
3712094 4011853 3884906 3818687
3895978 3892435 3909557 3962068
3559457 3848711 3742089 3739992
3736566 3755672 3857275 3838020
3724894 3913102 3947469 3862115
3847849 3936973 3910984 3977038
3909112 3822308 3902623 3770618
3688451 3923802 3817617 3965630
3821969 3824418 3845659 3699689
3763884 3943907 3828267 4002581
3775969 3759678 3643280 3540580
3585174 3782812 3695566 3807680
3890875 3811280 3904061 3687850
3674851 3896528 3786796 3920643
3888468 3930326 3944505 3741601
3806637 3892258 3902423 3898064
4015219 4121279 4036649 3888922
3893405 3958929 3951651 3912976
3851398 3797399 3752461 3721359
3765670 3816013 3820704 3740081
3733658 3807812 3786564 3690757
3639347 3723443 3804975 3745250
3835697 3789881 3894804 3949306
3847457 3888913 3835418 3929023
4023766 3855215 3909141 4008170
4069429 3924440 3897990 4023056
3924632 3647981 3713369 3855809
3778988 3721343 3732189 3734678
3839546 3703772 3719783 3809345
3865491 3747745 3750574 3783327
4009649 3938892 3893240 3907462
3851499 3991567 4043346 4015631
3953860 4029352 3952262 4033399
3873794 4041967 4103636 4007293
3791217 3725646 3795121 3892113
3823635 3788025 3958006 3836313
3657551 3809193 3766154 3806161
3790946 3768385 3888794 3817158
3798627 3834713 3909687 3877753
3900769 3756615 4001303 3840497
4059348 3954804 4021800 3966955
4009661 3918896 3993289 3925536
3768675 3816296 3847466 3751943
3851364 3785033 3837951 3698554
3729627 3768220 3730116 3710147
3739237 3732199 3778087 3675480
3754355 3962441 3956800 3970649
3919316 3951687 4032994 3975769
3987218 4079894 4007679 3985889
4017598 4063565 4089346 4172756
3652208 3875220 3875039 3750364
3801085 3834402 3909703 3886962
3709586 3846197 3779985 3817893
3753727 3855712 3801012 3879632
3943038 3943089 3969087 3762995
3762427 3978601 3879061 4024178
4026999 3949168 3984784 3925151
3938211 4089863 4022060 4202075
3832729 3825523 3725491 3716924
3749302 3950872 3823097 3922284
3856879 3766507 3794209 3608279
3692619 3773159 3785069 3870243
3939349 3973730 3899810 3771596
3709305 3885590 3905449 3863617
3825772 3858149 3865245 3765415
3764593 3767726 3827196 3905463
3781850 3846253 3768218 3819972
3618233 3752556 3722957 3810156
3866976 3960356 3842019 3764650
3765414 3795139 3788108 3758384
3943025 3795752 3846011 3904648
3906794 3916659 3874611 3866703
3928648 3755570 3835819 3858853
3850756 3788572 3774987 3820521
3746763 3710913 3746760 3823764
3840682 3814649 3696547 3762131
3900572 3782129 3799717 3877175
3861807 3830755 3853758 3835468
3946427 3937641 3918909 3960666
3957272 3901234 4007458 3943180
3769490 3796027 3776877 3886267
3768035 3939713 4034940 3888090
3790387 3698173 3778399 3832318
3760529 3768205 3853111 3816517
3912743 3821127 3815625 3861134
3773308 3881999 4003885 3956886
3792502 3862348 3874303 3865222
3875682 3823638 3984355 3813468
3845052 3799021 3799833 3821448
3860983 3827616 3899951 3764907
3778934 3704809 3765170 3737414
3831796 3600746 3809052 3718541
3804534 3907120 3805715 3786463
3958705 3762591 3823852 3808318
3712541 4013339 3954200 3959250
3897018 3967886 4009677 4026988
3667698 3929698 3884694 3836863
3816786 3870691 3801877 3870794
3676162 3883058 3832399 3818670
3865797 3777988 3910018 3865150
3712170 3914515 3887676 3768202
3801062 3884992 3940024 3883077
3931300 3899050 3919804 3807667
3835308 3970898 3990676 3986426
3834206 3781829 3775911 3714422
3770793 3882597 3856931 3934885
3779548 3728980 3792960 3675186
3585809 3961721 3701651 3868785
3879679 3905448 3834352 3793673
3771171 3945125 3839654 4039094
4063358 4093323 4031124 3956735
3972980 3978173 4020612 3925015
3797901 3809584 3846039 3736117
3758376 3805993 3791692 3812428
3873183 3916751 3802446 3629389
3683253 3700619 3882077 3815440
3947216 4080633 3980939 3870268
3838696 3908839 3976050 3936757
4106621 3913905 3966863 4039422
4034908 3907090 4034707 3885643
3833709 3659555 3740025 3814164
3833429 3780863 3789475 3822274
3843242 3704444 3705016 3808397
3916483 3754757 3722832 3737158
3969579 3830725 3943928 3898200
4037956 3936921 3861667 3897409
4038152 4078178 3887033 4139790
3928570 3972975 4150680 4098651
3796880 3883060 3686538 3805068
3729206 3845691 3962966 3917766
3812326 3770311 3755960 3905571
3821533 3884277 3920415 3843932
4006750 3970667 3843835 4061289
3949403 3989915 4099860 4035428
3997238 4015031 4053125 3930994
4106150 3885977 4044156 3885011
3798524 3708479 3848300 3787165
3924211 3743428 3865996 3722298
3768429 3822264 3768963 3741114
3797168 3722009 3839347 3693282
3869924 3842276 3915318 3793920
3921495 3878796 3989082 3877542
3848274 4155604 4061197 4051813
4106198 3999808 4169063 4213242
3724762 3958608 3829245 3904526
3755358 3863037 3884006 3951799
3735525 3946358 3872933 3890586
3786227 3876413 3856555 3996364
3873965 4086312 3988387 3943104
3934213 4011697 4089563 4078510
4134158 3912884 3949731 3886803
4028808 4043018 3947051 4169468
3935770 3739908 3839438 3679363
3655250 3955167 3934422 3898960
3833092 3747651 3756771 3719504
3732232 3886425 3834532 3911063
4028241 3894885 3964805 3967051
3853249 3997932 3934644 4073385
