3794500 3742162 3798535 3694765
3865127 3802560 3714197 3742533
3860256 3770856 3887190 3754212
3961185 3965010 3833948 3893240
3978662 3932612 4015622 3949085
4013434 4022556 3901236 3993563
4056888 4049206 3968216 3914305
4039663 4066107 3950623 3992691
3781614 3770836 3677784 3907789
3774449 3913360 3678320 3922040
3914253 3954916 3756317 3882513
3871811 4011425 3639582 4045719
3944533 4052722 3904431 4092678
3963135 4195121 3863192 4162661
4011763 4106397 3859032 4027362
3984282 4154003 3777853 4169889
3687860 3819456 3743250 3699081
3729993 3754434 3776817 3808650
3789097 3898022 3829423 3784787
3891654 3916762 3931785 3764557
3929345 3954967 4001828 3898803
4006628 4036850 4009753 3927020
3887547 4103909 4042640 3946732
4044693 4032512 4059925 4117628
3847606 3728027 3755754 3828981
3825647 3572043 3986706 3761434
3968151 3842679 3888664 3828765
3800797 3678345 3918456 3852597
4037861 3966346 4009508 3975556
3974147 3854126 4072659 4044479
4073241 3948702 4080851 3991802
4092547 3976783 4127016 3980455
3854234 3829949 3776497 3747552
3781415 3844832 3719495 3741998
3918340 3906299 3906182 3890401
3871797 3914180 3793930 3812115
4132913 4012884 3987826 3968559
3980033 4101146 3986025 3921612
4143140 4045257 3987071 4068398
4040804 4117751 4020465 3920078
3747084 3650652 3881549 3883212
3866596 3789788 3721329 3827036
3939599 3817843 3917319 3944079
3834103 3800740 3692965 3978086
3976672 3973201 4040851 4007457
4071536 4044721 3919557 4063717
4010083 3861037 4112756 4123807
4072752 4031471 3963098 4082889
3919059 3836023 3925833 3790677
3940369 3868887 3872723 3863057
4000880 3880783 3964166 3885145
3993208 3945673 3981265 3882091
3859319 3793651 3849436 3841454
3902002 3869212 3770529 3837871
3936685 3854139 3956071 3897250
3955539 3926157 3891647 3952820
3852654 3975102 3843582 3919930
3920093 4012484 3686056 4065239
3948349 3967114 3858922 4015976
3973511 4177968 3801446 4134867
3741123 3935945 3709325 3893507
3809822 3966662 3555627 4023516
3990786 3925073 3855443 4003250
3882485 4040380 3788674 4105663
3843616 3959548 3839472 3774165
3914195 3978162 3852882 3836839
3841203 3994984 3982855 3927932
3930570 4000815 3934125 3933874
3685008 3846564 3742028 3671024
3821710 3917379 3779736 3748636
3883960 3944852 3885042 3893914
3962767 4003935 4002327 3956871
3968556 3803606 3870779 3850169
3852975 3781920 4033395 3841820
4071800 3883126 4034149 3918566
4013982 3831672 4051202 3921777
3859545 3792676 3813770 3875674
3864649 3741805 3888252 3838640
3997732 3955205 3935748 3963125
3910791 3815774 4071144 3890754
3976601 3947838 3879269 3895508
3886477 4002757 3884277 3883360
4005539 3990630 3908487 3959043
3952827 4068019 3825305 3883912
3923125 3783383 3839762 3831785
3820318 3956880 3781423 3727676
4077370 3921262 3885299 3961982
3952451 4016304 3904507 3888509
3897124 3863719 3971213 3990655
3992520 3864683 3744183 3913885
3983522 3879468 4009623 4008729
4024902 3908374 3855612 4039593
3904201 3755376 3878285 3869415
3811524 3756645 3767073 3857915
3912297 3881011 3977908 3967197
4062523 3855586 3893278 4076820
3844722 3796082 3910201 3861783
3922236 3863245 3848761 3757939
3910182 3834263 3885592 3825190
3895556 3896929 3808859 3828324
3904815 3900888 3908580 3890855
3953499 3898520 3897161 3842147
3779107 3808689 3831771 3785088
3970329 3802871 3771656 3760174
3921157 3867902 3732260 3964077
3859165 4053904 3694337 3999051
3864621 3825975 3882450 3912060
3937063 4033833 3762943 4052631
3886443 3957972 3841759 3900882
3866076 4078431 3773243 4005365
3780201 3916601 3817861 4014694
3811776 3996876 3723409 3913890
3843797 3831206 3917555 3710152
3829892 3946326 3900417 3867684
3802267 3873512 3880546 3811799
3897284 3939732 3945160 3841900
3862656 3903765 3871502 3865631
3839256 3962950 3932743 3896864
3784145 3806534 3766951 3725672
3772012 3885169 3769012 3882485
3957678 3806335 3860211 3832851
3896474 3818028 3994653 3840668
3921983 3847808 3843256 3906694
3908349 3775581 3969792 3936526
3974514 3904379 3875262 3869794
3939619 3760969 4024479 3899336
3900080 3760312 3868263 3751811
3826464 3611158 3959213 3820369
3962246 3892625 3813418 3919517
3907225 3873272 3822413 3804312
4035960 3914993 3829285 3926064
3923334 3893371 3872359 3820357
3948269 3955190 3790655 3906176
3955694 3962277 3917794 3816273
3870566 3856141 3771946 3728150
3835603 3828841 3777007 3783491
3872556 3820249 3941784 3931452
3869536 3855099 3800093 3983265
3850481 3781904 3973776 3909739
3904824 3924682 3810008 4026852
3860697 3827395 3934896 3912762
3981283 3865220 3765087 3979210
3842558 3830524 3875435 3821720
3776313 3758003 3649417 3918729
3749913 3729695 3862712 3771737
3905065 3747638 3750167 3818171
3905324 3875965 3966714 3933694
4045522 3935233 3868918 3939698
3864582 3946438 3924614 3851332
4021696 3936324 3967759 3917019
3896401 3832791 3913912 3884609
3979305 3867599 3915128 3924135
3768168 3874311 3683819 3894524
3719500 4008841 3616600 3937319
4000340 4019990 3869410 3993724
3896806 4049352 3786576 4153142
3876916 4011114 3865799 4039615
3988760 4066601 3783882 4109420
3935148 3958618 3929477 4048520
3870845 4088750 3787691 3999992
3720900 3860104 3719046 3694848
3737803 3722529 3828610 3827106
3863472 3978189 3934626 3838257
3998471 4001207 3941349 4054048
3854535 3977496 3907553 3841278
3940121 3896063 3906878 3936952
3924997 3910980 3890285 3781307
3917945 3900307 3970851 3911921
3844592 3773129 3804666 3823445
3754664 3679977 3772379 3813882
3998965 3944317 4003338 3971626
3955219 3798015 4055197 3990515
4060770 3879738 3926977 3925907
4033146 3872311 4139053 3902538
3938004 3949103 3906155 3843366
3952902 3750933 3968776 3843627
3812011 3826556 3744830 3803715
3884749 3844057 3772968 3677791
3959614 3964397 3923313 3976108
3988504 4020546 3944635 3913532
4000037 3950736 3900056 3927072
3949511 3973688 3918436 3915210
3999569 3910338 3787352 3940220
3891966 3959385 3936874 3896698
3779801 3731276 3860919 3823524
3767098 3728222 3692353 3851744
3954605 3814484 4115777 4026530
3995946 3958642 3788567 4040967
3932056 3924012 3975979 3949369
4036015 3891240 3798580 4011730
3909316 3898021 3959482 3993209
3938318 3869311 3777104 4016373
3792496 3706286 3835695 3815143
3936208 3830678 3857516 3893197
3874328 3827087 3894091 3842733
3937649 3876399 3873314 3823004
3858172 3810824 3779611 3790344
3932164 3886673 3818658 3906618
3901332 3865924 3901861 3933640
3990016 3886160 3885221 4009114
3841565 3829503 3828152 3927281
3804478 3949418 3671735 3980405
3894272 3889304 3854639 3950475
3947225 4058949 3695283 3980758
3859982 3899563 3707115 3921471
3769665 4028754 3662558 3967893
3915403 3995627 3847045 4001843
3847810 4036192 3738287 4065819
3794569 3778605 3741420 3689854
3783417 3856679 3916582 3801174
3794594 3872008 3871465 3747262
3869097 3919230 3908410 3950460
3681587 3898179 3719582 3699671
3771724 3921865 3889087 3865858
3874880 3946252 3877583 3795491
3902785 4021606 3981744 3903367
3953013 3742342 3847098 3841967
3839943 3649182 3936459 3773194
3975039 3919002 3899148 3954319
3847584 3748844 3921963 3889132
3883203 3787549 3871758 3798517
3874379 3724009 3928260 3807712
3930834 3783840 3910412 4001119
3887411 3741128 4082671 3864495
3924765 3811649 3738189 3797287
3869751 3959536 3803154 3812761
3952667 3909545 3831922 3922471
3928854 3927811 3886951 3778939
3948692 3865018 3864200 3854585
3831365 3916619 3813587 3687472
3999600 3884526 3861843 3944155
3957403 4031271 4000697 3863372
3822586 3810089 3883071 3920498
3909654 3895605 3712587 3865556
3840422 3793776 3978439 3967622
3957308 3828350 3824365 3933845
3896514 3777714 3928864 3936894
3854309 3814759 3741459 3991200
3895543 3824822 4001986 4041756
3909900 3923757 3818046 4071000
3912894 3868923 3913557 3824527
3978424 3936765 3844832 3886698
3919494 3872132 3984355 3862276
3988870 3963189 3892931 3868169
3906498 3914501 3954971 3950096
3916398 3927198 3952739 3949215
3877184 3887999 3826134 3764112
3884758 3886403 3825321 3825813
3893331 3822457 3869255 4017546
3912457 4088835 3737458 4115797
3854725 3938577 3926167 3991626
3878968 4101111 3793682 4016505
4027346 3981464 3924417 3932327
3869029 4092516 3862019 4104287
3853196 3769570 3776494 3903490
3752616 3983201 3721846 4048166
3792330 3969947 3823899 3818705
3818747 3943292 3979311 3904889
3906738 3950823 3937791 3811071
3916328 3918512 3952711 3931669
3820482 3963712 3968892 3891674
3973961 4030262 3999529 3953437
3760853 3834260 3886519 3797259
3777940 3895251 3787058 3884110
3952914 3894418 3847612 3938472
3958380 3776139 4079187 3970947
3989481 3858862 3982004 3967111
3919919 3782785 3915736 3930577
3952398 3907882 3945478 3990973
3961046 3817311 4028460 3875833
3929870 3874701 3848956 3814439
3859635 3694072 3985163 3774820
3968916 3931308 3844861 3939237
3958079 3936832 3883895 3879560
4002591 3922413 3903742 3920725
3959949 4049118 3893027 3863451
4021062 4002147 3962320 3947462
4025565 4048611 3945763 3993171
3901893 3862567 3865922 3913672
3944670 3946168 3921049 3849842
3940865 3889512 3979395 3956561
3903748 3835137 3800410 3928787
3917085 3911478 4045180 3996433
4015699 3913852 3823234 4066583
3924893 3853917 4040285 4028340
3960892 3922682 3817158 4055299
3891495 3799911 3904715 3900283
3839850 3836473 3727065 4018213
3720445 3689507 3762153 3714736
3910435 3804459 3703053 3727439
3797277 3700576 3863136 3822132
3872715 3824708 3782193 3715972
3883514 3823982 3875447 3848808
3844428 3924367 3811285 3779904
3947841 3808917 3882408 3877622
4047896 3845406 3861453 3861180
3797456 3800420 3738127 3848185
3746095 3896602 3518762 3943820
3819374 3845119 3716866 3840704
3767388 3996351 3667687 3893834
3780211 3850786 3787210 3869266
3943639 3969523 3747959 3983046
3982143 3927860 3749514 3943127
3900150 4079496 3675911 4012131
3642139 3779498 3766345 3695424
3768222 3739202 3733232 3834732
3689889 3771576 3699769 3725645
3784835 3752459 3720172 3795498
3746288 3834062 3764904 3738685
3882641 3916686 3812076 3960260
3724817 3900246 3871138 3820379
3876222 3817329 3920815 3909008
3872189 3749604 3800610 3654394
3782667 3596212 3836732 3707221
3766730 3770152 3795417 3726772
3800482 3578664 3840773 3695100
3873629 3865441 3829796 3784750
3886750 3721097 3917999 3856913
3947261 3866692 3870654 3853385
3833622 3769634 3932884 3778369
3801033 3781479 3708508 3688321
3758416 3919109 3711715 3773691
3790370 3813567 3743650 3776173
3753580 3881124 3806757 3626695
3896903 3898937 3773790 3913908
3901253 3917827 3853445 3806770
3982608 3916613 3871803 3916450
3914534 3964458 3839522 3758549
3769104 3716988 3867526 3756468
3832583 3727591 3668671 3862654
3799754 3727900 3766038 3810382
3800384 3743544 3745289 3806189
3904434 3750605 3859362 3851584
3856927 3882594 3787106 3892510
3900532 3839289 3944080 3976243
3998844 3883979 3794600 3952465
3841283 3790905 3814914 3795686
3945447 3858637 3774090 3911154
3966979 3878846 3928700 3838193
3935687 3963620 3892828 3921609
3890165 3811001 3899517 3767390
3950562 3846701 3861496 3795429
3598802 3727940 3790856 3691279
3834013 3729535 3683405 3670510
3838161 3833241 3806223 3837044
3753157 3951153 3675411 3997103
3908593 3797265 3818115 3980037
3843767 4106119 3777988 4052590
3957236 3833353 3807821 3934650
3806646 3954851 3698560 4039908
3746116 3689171 3724080 3807217
3723140 3900996 3565597 3819903
3747730 3837903 3719537 3776274
3816057 3772685 3843980 3777616
3805643 3899677 3838548 3767364
3947864 3873563 3947775 3899032
3774276 3889651 3813438 3753245
3824054 3884502 3952061 3897873
3651608 3713679 3675568 3716572
3730251 3775496 3869351 3753418
3883206 3707579 3806909 3851656
3846599 3682975 3898039 3782417
3943369 3891119 3893738 3854257
3842197 3757284 4006758 3960808
3820925 3883339 3824416 3854597
3893716 3831628 4015457 3877033
3724878 3706758 3755096 3698698
3739104 3635905 3823528 3635523
3897985 3843862 3783226 3855737
3852058 3894561 3819358 3651583
4004534 3859137 3864589 3926038
3933208 3951672 3840917 3876413
3978355 3928079 3825114 3957529
3861744 3882232 3879269 3787620
3766236 3705251 3678277 3779978
3722458 3911893 3665661 3642218
3878863 3722717 3870412 3777945
3845759 3794603 3819409 3888907
3840162 3732166 3958438 3898964
3889126 3846319 3789618 4034717
3849832 3814341 3917015 3992250
3988298 3790957 3870233 3911651
3684130 3711763 3763093 3782180
3819877 3732024 3639500 3825462
3955305 3920206 3935313 3890845
3973169 3967541 3807396 3889984
3981049 3926553 4025637 3964169
4110147 4063131 3998326 4016900
3866968 3822209 3853895 3869822
3852922 3825765 3831522 3869305
3868852 3778056 3863542 3801215
3922589 3828934 3758336 3832779
3941884 3971056 3799444 3903926
3848437 3996839 3772688 3991350
4028207 4041746 3972135 4046880
3914739 4116190 3919982 4186707
3853407 3860580 3749578 3867861
3918735 3978617 3685538 4032054
3879897 3832678 3812263 3861008
3803626 3954857 3727857 4063051
3880076 3875563 3907352 3869338
3835301 3939394 3983918 3866831
3881257 4015430 3916675 3897169
3992511 4034250 3997537 3965015
3783592 3885613 3848485 3794301
3820697 3840312 3944005 3922477
3847107 3856549 3686042 3781661
3884467 3873051 3923878 3819958
3951707 3955325 3917251 3992173
3973786 3838776 4009389 3874192
4017886 4030872 4005198 4040246
3945888 3906655 4105970 3988697
3885790 3828262 3878653 3867557
3902209 3772912 3993750 3865703
3954350 3825234 3824941 3865899
3867484 3760594 3910500 3853145
3964982 3854108 3916320 3945623
3900659 3970011 3866719 3839379
4080365 3969530 3907702 3996805
4037675 4067510 4012248 3926027
3979147 3990944 3800820 3891568
3981308 3914890 3844758 3768957
3886989 3856182 3845395 3842958
3868701 4024577 3840016 3868112
3879755 3883618 3959303 3969595
3897548 3821759 3878826 3976680
3951999 3903027 3987063 4115883
4008686 3963844 3929089 4132162
3860411 3793808 3941427 3943819
3893680 3831007 3792187 3921259
3793297 3816215 3856371 3862823
3889900 3812418 3716997 3937545
3815070 3806045 3815548 3829766
3879424 3829290 3852650 3860158
3897318 3760964 3940003 3764285
4002245 3838548 3795048 3815157
3887644 3767993 3826884 3871226
3832647 3829793 3735632 3899998
4004572 3974611 3996823 3964350
4092359 3991067 3962439 3953774
3874141 3879597 3790378 3920032
3806075 3959051 3769583 3972700
3877305 3816290 3832639 3909211
3857626 4000140 3688017 4038674
3917453 3869114 3725581 3878715
3819114 4052292 3609181 3973349
3984127 3949189 3880756 4098688
3970699 4191022 3781373 4070693
3768668 3880004 3829570 3739107
3822408 3887101 3896195 3841114
3749103 3800956 3835691 3821950
3770404 3979621 3910885 3869013
3759876 3855384 3749041 3708943
3825437 3882355 3834199 3842854
3934370 3979727 4003784 3920119
3973407 3942938 3994472 3957019
3864952 3817453 3932776 3855910
3830909 3764167 3975371 3900886
3938641 3798954 3896549 3870487
3840436 3697172 3928193 3823019
3892741 3801228 3825630 3858789
3841337 3678847 3930579 3828962
4040428 3983143 3908270 3966525
3996347 3837624 4055045 3968554
3934676 3900710 3846353 3921668
3957024 3906604 3836393 3798255
3975178 3862691 3853063 3911588
3881768 3918317 3848986 3842076
3929936 3815041 3776914 3790720
3843901 3913129 3799660 3782715
4016215 3991515 3833722 3863201
4091700 4107116 4023711 3900231
3840663 3701517 3953596 3876345
3879028 3829191 3719146 3896597
3871876 3789457 3856735 3932067
3875787 3867768 3843754 3969323
3752699 3692324 3849654 3968137
3851372 3866587 3767348 3935744
3900939 3913475 4036259 3996099
3994045 3933371 3865673 3981463
3901229 3848212 3945617 3884460
4040267 3945933 3827123 3913884
3860835 3863730 3880815 3771812
3878655 3796116 3836951 3844497
3852405 3675475 3793705 3687134
3835683 3795388 3761118 3796464
3734225 3737281 3712712 3651322
3790078 3649516 3723915 3697593
3978985 4032401 3849598 3980254
3929225 4099633 3786248 4090690
3772854 3848743 3698636 3924536
3785062 3989226 3771233 3914350
3757110 3764417 3704959 3846936
3744582 3952524 3682962 3939955
3740039 3819303 3716351 3806719
3696123 3933602 3576523 3849317
3959705 3915019 3923032 3850994
3932855 4029200 3916866 3920045
3785519 3872255 3785193 3761458
3787915 3887524 3915286 3888269
3645973 3861543 3802011 3681395
3769746 3813665 3840645 3770200
3691631 3790765 3694857 3681682
3710242 3769921 3861725 3696708
3966262 3938604 3918806 4009710
3924310 3870231 4096567 3866966
3896595 3851615 3840904 3918344
3887702 3708666 3981093 3773535
3760587 3701994 3828431 3822412
3786632 3709176 3856642 3719212
3748987 3673597 3768745 3767929
3750398 3587817 3864965 3709339
4044055 3988408 3920522 3923704
4007712 4100483 3909074 3903403
3890733 3914221 3774332 3889956
3924690 3870882 3775831 3737623
3850427 3746501 3754079 3807768
3838747 3865439 3786804 3721137
3788224 3747466 3662196 3664937
3777965 3799929 3692051 3651670
3912614 3871366 4024913 4027439
3978489 3971089 3884735 4064463
3903080 3782556 3896035 3909180
3841495 3798585 3800850 3897542
3764640 3743259 3843845 3918720
3850552 3748328 3652794 3794253
3680942 3701989 3789129 3744358
3777312 3730526 3672221 3764494
3916665 3835336 3828807 3878832
4020300 3832686 3838411 3870428
3997139 3892980 4014503 3799208
3992438 3928559 3954946 3961641
3874761 3873357 3857874 3847130
3915419 3897171 3856869 3854198
3785876 3778746 3892614 3787024
3917326 3795712 3788341 3783840
3870349 3949124 3808230 3896994
3797754 4081546 3766629 4038403
3974740 4011717 3876405 4067472
3943868 4196490 3820313 4140372
3846116 3885115 3888733 3887138
3851246 4050073 3717495 4013414
3840490 3774095 3820092 3921010
3879225 4068573 3709727 3963280
3773217 3927922 3769494 3767918
3822001 3955482 3911662 3844664
3898264 3936794 3920898 3955635
3951075 4012000 3991150 3999617
3706051 3866832 3896513 3829744
3869823 3834115 3944004 3902550
3783604 3902564 3738282 3760946
3799508 3890754 3844801 3875878
3884620 3799128 3874490 3857543
3811329 3666137 3957672 3857940
4000445 4010088 3952486 4003437
3928169 3853332 4000039 3995996
3961096 3883563 3863742 3852690
3839291 3760007 4015166 3852417
3997070 3797869 3825498 3747601
3788261 3759947 3977605 3873732
3945447 3853530 3844078 3901720
3861616 3974461 3834601 3756815
3983418 3983793 3916131 3992285
3898660 4002654 3970604 3879190
3944707 3853870 3845672 3903098
3948967 3980966 3829284 3841715
3893466 3884301 3829137 3903467
3835825 3919769 3841700 3761900
3801752 3826917 3904166 3946595
3930508 3925919 3737785 3912763
4066131 3920838 4002346 4062390
3994670 3990715 3798458 4088315
3918093 3773083 4025876 3858261
3902103 3805443 3722780 3985365
3774635 3774538 3870477 3856122
3841341 3775374 3770689 3941711
3979780 4013022 3992156 3991322
3939816 3985685 4003191 3909906
3768439 3770550 3723853 3763205
3606212 3709325 3740230 3730199
4018960 4025881 3959426 4058359
3887047 3930619 3949502 3971121
3803375 3852859 3801789 3793890
3736237 3846283 3760230 3807887
3946850 4144182 4149214 4024151
4013048 3969203 4060928 4098644
3753899 3802884 3828655 3688367
3711775 3630684 3825354 3823886
4004290 4113288 4089863 3857246
4019845 3881588 4066079 4043949
3782761 3900330 3990550 3796325
3889325 3742624 3928365 3860898
4105391 4056804 3836141 4052753
4117567 3956729 3889996 3854919
3873503 3945107 3649293 3808106
3841088 3812215 3771616 3707180
4091793 4121135 3838621 3966684
4086790 4062387 3926781 3901655
3833497 3851024 3784470 3864352
3888473 3829680 3829859 3736640
4052123 3934157 3983540 3946665
3957557 4072842 4055165 4097363
3796076 3671717 3835187 3779990
3800600 3935266 3831795 3856071
4092670 3866165 4021636 4011867
3920197 4116393 4113868 4040546
3859587 3775416 3931254 3894689
3779278 3908662 3916556 3916502
3967388 4030062 3875923 3949596
4144504 4064722 4057350 3920887
3665814 3807987 3639769 3768743
3827858 3828367 3807319 3588606
3906124 4062216 3907294 4017136
4139226 4101351 4163055 3910971
3720853 3922851 3833371 3744461
3957664 3887122 3986351 3761691
3977570 4088693 4074875 4054653
3999517 4043644 4061145 3830182
3766568 3867417 3841946 3825123
3807477 3863468 3818180 3666633
4020974 4106213 4078668 4054437
3969062 4139000 4140460 3840561
3776165 3901857 3844773 3871090
3819469 3966767 3910401 3694394
3854943 3757008 3657917 3793275
3670433 3788006 3718854 3716132
3817833 3876604 3763453 3933813
3888843 3941741 3873758 3919294
3932891 3946911 3867441 3851216
3765845 3856909 3770473 3912015
3783834 3761120 3684276 3760789
3647096 3722629 3685326 3653796
3750236 3837521 3836841 3660466
3737694 3664903 3838410 3814568
3884511 3974046 3998397 3805173
3823224 3843382 3995560 3961532
3896698 4015601 4025087 3922922
3883532 3765877 3922994 4000493
3760432 3730108 3839718 3664570
3768235 3630285 3871405 3899400
3818317 3812148 3691450 3755380
3861874 3858907 3722129 3678001
3897112 4053783 3894703 3909846
3996099 3903643 3837003 3882576
3869902 4022115 3739375 3922665
3917994 3895892 3819097 3859999
3705569 3883499 3615545 3794149
3832668 3706419 3706347 3630402
3788074 3623867 3842053 3810707
3693630 3866467 3789789 3837687
3950169 3799343 3981731 3886879
3858458 3996628 3957968 4008420
3918138 3820054 3966104 3939445
3888277 3967994 3912575 3999582
3723325 3654841 3855496 3794326
3650625 3825745 3890812 3876559
3675200 3893593 3793350 3771299
3829251 3833834 3822160 3670083
3807110 3964125 3861836 3870428
4022389 3977846 3927917 3799218
3856326 3847395 3869510 3809405
4032019 3924451 3997180 3733811
3588720 3809729 3693971 3686932
3856847 3801172 3795907 3627925
3774654 3769563 3880914 3744830
3780023 3793374 3819621 3611467
3920706 3978821 3909811 3934797
3936051 4051790 3911940 3818290
3924297 3997164 3986265 3925252
3966519 3978215 4015248 3681138
3770524 3875612 3855581 3790764
3824329 3851964 3768146 3602194
3867929 3968919 3774197 3913829
3891660 3882722 3871887 3733196
3891720 3865242 3752072 3849695
3688241 3741239 3696850 3725895
3788196 3829909 3702326 3796792
3672386 3821924 3780486 3695794
3983278 3955387 3882256 4039951
4012394 3996290 3950283 4002411
3885280 4011797 4010889 3858622
3893819 3768227 3932721 3932303
3738351 3834025 3909108 3730454
3825158 3691942 3826539 3845557
3720168 3893763 3867747 3881015
3775681 3707230 3853342 3870353
3898208 4060546 4099193 3946539
4099392 3993484 4064603 4000004
3865606 4010674 3868985 3893344
3971711 3915944 3857282 3857909
3852995 3901273 3714589 3746566
3820303 3709419 3739813 3725525
3892051 3929228 3726402 3871937
3872542 3824177 3729600 3720295
4089343 4068718 3882769 3996986
4169049 4048500 3979617 3955186
3973013 3837948 3900387 3930559
3770415 3995793 3941255 3958568
3815249 3732057 3885008 3812343
3734025 3864532 3810054 3906611
3918354 3768187 3911782 3890315
3801285 3972555 3891970 3906666
4164644 3879378 4143240 3983018
4021398 4013596 4147894 4092168
3840510 3882366 3864076 3787317
4036383 3926108 3912456 3787223
3631797 3850087 3749004 3754020
3922154 3867297 3895270 3576360
3716350 3870648 3775863 3694336
3861842 3885273 3899283 3714298
3953165 4103628 3985720 4047701
4102448 4138296 4112294 3895030
3798000 3982457 3949492 3972790
3848613 3970122 4003236 3691163
3764358 3978671 3885803 3802192
3788469 3862941 3829477 3671117
3826306 3904709 3860040 3843761
3883334 3954280 3859948 3703242
4036939 4171781 4062644 4060815
3994983 4184183 4058982 3915974
3840887 3848760 3777617 3904149
3862497 3781164 3719363 3816499
3874596 3906813 3852089 3958678
3814474 3863179 3876982 3848945
3772794 3885380 3835349 3928108
3771406 3847446 3763419 3786211
3808422 3845400 3790274 3943966
3790311 3841589 3822479 3839869
3825405 3938136 3987630 3826070
3845181 3714352 3948663 3826458
3848444 3897402 4036091 3859552
3862317 3802139 3999138 3977995
3760686 3867480 3894804 3772280
3836717 3715958 3971568 3868182
3740335 3861648 3904752 3723267
3816731 3751438 3897902 3879675
3846921 3914601 3630823 3914507
3891781 3897484 3836587 3727171
3961334 3941116 3754144 3947586
3953052 3910780 3838996 3789743
3888408 3901618 3748868 3794479
3918324 3901895 3825648 3758967
3923682 3884811 3796511 3870623
3922774 3794330 3787419 3744999
3959301 3707727 3875437 3839846
3785531 3960418 3936280 3945217
3857153 3793879 3887433 3917343
3838193 4010470 3970417 3927197
3862266 3725201 3946048 3890738
3826818 3881525 3960450 3900462
3934900 3782235 3904125 3878229
3802052 3957869 3884740 3898573
3825554 3862030 3714308 3780928
4002545 3917715 3938776 3684717
3831430 3954652 3787850 3889776
3967649 4026070 3952029 3763315
3754880 3945529 3774832 3823037
3959649 3881585 3944679 3770313
3736548 3928273 3863995 3776810
3886320 3877861 3884049 3625590
3851942 3917240 3878945 3868989
3795286 3968587 3949946 3730020
3864612 3984940 4015469 3861752
3983886 3973533 3984652 3805523
3813267 3916520 3965673 3846267
3847162 3988365 3885245 3734043
3858601 3897719 3878334 3867001
3840143 3949947 3912542 3632750
3746976 3850362 3796339 3930142
3832476 3846366 3794713 3772984
3819489 3841136 3741990 3875215
3782545 3743793 3764873 3771015
3836636 3895549 3859666 3903119
3765698 3927056 3857349 3859711
3960380 3939286 3899725 4011773
3864672 3835788 3958085 3878673
3857446 3923590 3874366 3845333
3858650 3698427 3993210 3949355
3778662 3976330 3938325 3817388
3873587 3809989 3943469 3924675
3801158 3965435 3950514 3861685
3960128 3806801 3992258 3982385
3968080 3953209 3976171 3975564
3940990 3834864 4102244 4039026
3870849 3968827 3781335 3898154
3876092 3937127 3934686 3741077
3828018 3874819 3821573 3824290
3908199 3908263 3791922 3764372
3940147 3935959 3820327 3880411
3963967 3885100 3870557 3787252
4020649 3992549 3880729 3920207
4038084 3981233 3903722 3852965
3862575 3745194 3932432 3978784
3874643 3949196 3927921 3957575
3865909 3764602 3869005 3849215
3774603 3953677 3909425 3953399
3949591 3833224 3950641 3860276
3843614 3965517 3956830 3975294
3961134 3897693 3931796 3968116
3914755 4086612 3940483 4079009
3719278 3937630 3793347 3827275
3875701 3969788 3912555 3673950
3715024 3914262 3834277 3891719
3979328 3908790 3949446 3733865
3800680 4027310 3878545 3889583
4020457 3923601 4043679 3713759
3778151 4029751 3917912 3964529
4154035 4019769 3992460 3804905
3846856 3928507 3902185 3822211
3895299 3957625 3898601 3715655
3811671 3951788 3898562 3913593
3925403 4012797 3935293 3720192
3838730 3961481 3973122 3907835
3946502 4011560 3962858 3820682
4002498 4014535 3973756 3984440
3986209 4113568 4077113 3826478
3970100 3876658 3893989 4000806
3821394 3978305 3951915 3905743
3902579 3922800 3820460 3894289
3886900 3818171 3887209 3834834
3756124 3836865 3687755 3800266
3664476 3711466 3702813 3714169
3786219 3736028 3728295 3808331
3807860 3808657 3743446 3698855
3870796 4026047 4064355 3819320
3997155 3852284 4060158 3953763
3930453 4022346 3999949 3844910
3974764 3777203 4029470 4039851
3661354 3852923 3890488 3731307
3782752 3672915 3898255 3840254
3691584 3864993 3896925 3693791
3816100 3641558 3897068 3891935
3958060 3976683 3883906 3975914
3909440 3877320 3871503 3854496
3961041 3994398 3839156 3922232
3903355 3889582 3902931 3737868
3797247 3898853 3716597 3845768
3899552 3756976 3677447 3729550
3927985 3885513 3669129 3804391
3831116 3827842 3737202 3692217
3966301 3881328 3941934 3973148
3918490 4079770 3953215 3978365
3986984 3897145 4024985 3883653
3923443 3945257 3976622 3994191
3883018 3662258 3879087 3752139
3804034 3866062 3819272 3830251
3870839 3703237 3798905 3803468
3829301 3916868 3860762 3885207
3803235 4018984 3879450 3845813
4000473 3976134 4039576 3767269
3798571 3996221 3826437 3909584
4028742 4018574 3959364 3810783
3673122 3796798 3767021 3687917
3862245 3933981 3834026 3646085
3784006 3880663 3682703 3735195
3927578 3890521 3832366 3650906
3930809 4014558 3965536 3919675
3974213 4100931 4034430 3751587
3958250 3923283 3949282 3970402
4021313 4022647 3922858 3826172
3736774 3866690 3817612 3756135
3801958 3908338 3848753 3645802
3848991 3867238 3919877 3810158
3903675 3926546 3882654 3689465
3812948 3888761 3762732 3907400
3757567 3783812 3798726 3882976
3781110 3936236 3816022 3919016
3818001 3797621 3772205 3856408
3732153 3800811 3730250 3804582
3729284 3790910 3743753 3704039
3844930 3956687 3804937 3952756
3789936 3868375 3930219 3775108
3849110 3886426 3969693 3765798
3897562 3738456 3973578 3945375
3796849 4021843 3950089 3902408
3905361 3702954 4001060 3944844
3716139 3938704 3894925 3749518
3784563 3691712 3919432 3800171
3858279 3912659 3896366 3840360
3930077 3866871 3911101 3992661
3899445 3973400 3775857 3894154
3883662 3854389 3789743 3707699
3964696 4063125 3789772 3901201
3954085 3892456 3739339 3817689
3845593 3874904 3762424 3866482
3873264 3864274 3788926 3684817
3907888 4013397 3838756 3912760
3938532 3861611 3944979 3882122
3804662 3731370 3859095 3833205
3818294 3978824 3888392 3884695
3950183 3789200 3970718 3922322
3892868 4026539 3877484 3967466
3830922 3784094 3874242 3816718
3769965 3905504 3887729 3907803
3956597 3814554 4006997 3872403
3892207 3967659 3973258 4019706
3723297 3877790 3822000 3825368
4017396 3963041 3952129 3759123
3825301 4063678 3905369 3879575
3933098 4032226 3974055 3808748
3805426 3826134 3713903 3749925
3867323 3802707 3849675 3673848
3895104 4046488 3862553 3856947
3976253 3924869 3995358 3794841
3916260 3978803 4026796 3908963
3897015 3913367 3889144 3772044
3926819 3983502 3975086 3890979
3958293 4038142 4069170 3801937
3765695 3896829 3899063 3831741
3865842 3933676 3882202 3643203
3836553 4023862 3995196 3869559
3977046 4075944 3919912 3800451
3723385 3878577 3808777 3849683
3825540 3862234 3753232 3835111
3885403 3932653 3804083 3942080
3818840 3884866 3927717 3808327
3847400 4011843 3940540 4011548
3884002 3865829 3923717 3863328
3862417 3864583 3797067 4000739
3786174 3881426 3883617 3844900
3759074 3920881 3921189 3779581
3836452 3743730 3987503 3836157
3858838 3961515 3980956 3803268
3901699 3867804 4016948 3902127
3867046 4046353 3978266 3900180
3968830 3875838 3995852 3877626
3755948 3913435 4042653 3783684
3915030 3767500 3936200 3933404
3918898 3838131 3775059 3864106
3915135 3905241 3814664 3848442
3939196 4021048 3771496 3958195
3960554 3840209 3878433 3755595
3924370 3997163 3838838 3989219
4022601 3910981 3903562 3862341
3931531 3817638 3836214 3899442
3974688 3855719 3858998 3774982
3882139 3812896 3928366 3838699
3802872 4006684 3935582 3942935
3914704 3876082 3938282 3906373
3909618 3995193 3950833 3971570
3909588 3818117 3979717 3939143
3878617 3964583 3903434 3888075
3822195 3861010 3941256 3941166
3867203 4054484 3923464 3962505
3776798 3934724 3820407 3747719
3974420 3920577 3958939 3813534
3806795 4022077 3902542 3787768
4005644 3979878 3968360 3786121
3892307 4008735 3908043 3899360
3994435 4002278 3999675 3876481
3713976 3973275 3857126 3895238
3982441 4018493 3968459 3776597
3879887 3976606 3917695 3880661
3814503 3912207 3893096 3723305
3993908 4087016 3974022 3970038
3977106 4062151 4067441 3779092
3976188 3985708 4019912 3935850
3997457 3986325 3994112 3789349
3837275 3905765 4017519 3859971
3895467 3894339 3974341 3724338
3900229 4072137 3885848 4001998
3899069 3927064 3900650 3819331
3882794 3957232 3951293 4069971
3872833 3968938 3904551 3965825
3927320 3890718 3896031 3972861
3925603 3876013 3924668 3876668
3815944 3908493 3788046 3857706
3761529 3849829 3846461 3757201
3903855 4047204 4043624 3913980
4027453 3834926 4122164 4071673
3922542 4032358 4003058 3892886
3937595 3886776 4055831 4054661
3867370 3974837 4010478 3780128
3911075 3806512 4118364 3937837
3793181 3896534 3914273 3867551
3853937 3664799 3974082 3891855
3993873 4016446 3841978 3915788
4040192 3934591 3843045 3922701
4115866 4062349 3896039 4085598
4077726 4059919 4018854 3914527
3962493 4020938 3860586 3977269
4013255 3997219 3943597 3960687
3929458 3953394 3760346 3884604
3956316 3886963 3794212 3789719
3960728 3832177 3942338 3933239
3958589 4047406 3963520 4000324
4046056 3868391 3975093 3989750
3921310 4140177 4049006 4061458
3996249 3848675 3951471 3920724
3945074 4082606 3995489 3969887
3940482 3781307 4027954 3845062
3792033 3972803 3915812 3920577
3893614 4001041 3835702 3950556
4077086 3935964 3967985 3863766
3882420 3973919 3960599 3939861
4091988 4027468 4156501 3912985
3875235 3981587 3887147 3933912
4065559 4068731 3983472 3874927
3758009 4014621 3793038 3810255
4005631 3876957 3940236 3740159
4031454 4007044 3955415 3995651
3951646 4076107 4015477 3758703
3928698 4044037 4065660 4011888
4006763 4102932 4052986 3779981
3900416 3984814 3940905 4007382
3952028 3983027 4024421 3847621
3844313 3953940 3898475 3837621
3947569 3893803 3929567 3673287
3677794 3756538 3591952 3702750
3593519 3670125 3632887 3688059
3785133 3875377 3702106 3873005
3774473 3821858 3790132 3729948
3745832 3814350 3719559 3828445
3716467 3785641 3793403 3615393
3977866 3973696 3927708 4112142
3921472 3982856 3950521 3861063
3635305 3734210 3810665 3631000
3685568 3660159 3799431 3715082
3737434 3854703 3901491 3824378
3837607 3702059 3975217 3892706
3715337 3884556 3831631 3702360
3891729 3731301 3753573 3916006
3849195 3985797 4092619 3886464
4015289 3844436 4055654 4067327
3753931 3787501 3636467 3724721
3791958 3705668 3650728 3590886
3830165 3909254 3730697 3843285
3851110 3856120 3817655 3752566
3898541 3897477 3645754 3869484
3886177 3848445 3751330 3745976
4064830 4045759 3834590 4008268
4082813 4052317 3991436 3996384
3794639 3640826 3803164 3748367
3675671 3825491 3727886 3784906
3867153 3785922 3894512 3803245
3766721 3873227 3821417 3886990
3856432 3774033 3861097 3873395
3773013 3966280 3864754 3899023
4054817 3902910 4018834 3963740
4048545 4065155 4043142 4029611
3593625 3731996 3740095 3693616
3763826 3802152 3782479 3638423
3762409 3863482 3920459 3758533
3946633 3895194 3918264 3665705
3765015 3807611 3761846 3779945
3913734 3869419 3820580 3633257
3935745 4047993 3909633 4038123
4069325 4044841 4063844 3882510
3665224 3787579 3769321 3799643
3754178 3820001 3700782 3478316
3855086 3924521 3900973 3824514
3853560 3943742 3909374 3589432
3857959 3811112 3899224 3877765
3829872 4026381 3860863 3651048
3964788 4011825 4062873 4086502
4004931 4031477 4025620 3781621
3812606 3850081 3765015 3986060
3777257 3832729 3885510 3867441
3732095 3818035 3774280 3860108
3721888 3840671 3759389 3767977
4002137 3934259 3866406 3835945
3837711 3947693 3912028 3851356
3681672 3711048 3606825 3716066
3609142 3672119 3672452 3635648
3817977 3976476 4028426 3830222
3914302 3721967 3971430 3944755
3755605 3904184 3877658 3753421
3846865 3776811 3919743 3899380
3825473 3963871 4032393 3903844
3945733 3862462 4012821 3874949
3577800 3799327 3768166 3674884
3737883 3625548 3746620 3772808
3910553 3958308 3797511 3979945
3888569 3868482 3760977 3798770
3899989 3938831 3747197 3918108
3881860 3829549 3741842 3698012
3977684 3962187 3784458 3904935
3971270 3881391 3792799 3825018
3762502 3758610 3596076 3774148
3731558 3703397 3687736 3581303
3966741 3799646 3980683 3922629
3886265 3999707 3891092 3955158
3837747 3792482 3880223 3787756
3788574 3971938 3829476 3876908
3916471 3771541 3914333 3918179
3942218 3990893 3995125 4051213
3753657 3649068 3787181 3760045
3668277 3844004 3688082 3761585
3771600 3824928 3844210 3889767
3959358 3998035 3904767 3796494
3662304 3938046 3726309 3777461
3905017 3868060 3802451 3747415
3864741 4079806 3886213 3908504
4057823 3985332 3996908 3774743
3588442 3810609 3711338 3626657
3803841 3732060 3660974 3631445
3888990 3908410 3887134 3934109
4033818 3946310 3891887 3695452
3806983 3883693 3844851 3828038
3904858 3835059 3870281 3769113
3925771 4023086 3996973 3934493
3884986 3960448 4022204 3764512
3757450 3799159 3745454 3744168
3682785 3750962 3775416 3474455
3851185 3809559 3759546 3864959
3844576 3943695 3847917 3766458
3994359 3962986 3932630 3990179
3837693 3903413 3874473 3849555
3813620 3738120 3831834 3861029
3785865 3831074 3795463 3772463
3781556 3891421 3689795 3909500
3783548 3799225 3754727 3796834
3910807 3968321 3981661 3826467
3909903 3761488 3977810 3953645
3833156 4038020 3952234 3855276
3879967 3868648 4045252 3917107
3704786 3888634 3996574 3767103
3845765 3716222 3959165 3872813
3772807 3922910 3932187 3757722
3814677 3667453 3981951 3949955
3871189 3943095 3738948 3931488
3947070 3874604 3870558 3749305
4033559 4004643 3834426 3979231
4016518 3962890 3853386 3897950
3784383 3839759 3700577 3834977
3873634 3871909 3751787 3676646
3841854 3924644 3751482 3818281
3880010 3868161 3798239 3853357
3867104 3851643 3982911 3907402
3874185 3988871 4007247 4025944
3990151 3830870 4104600 4050454
3911957 4063681 3958300 4052446
3854619 3676762 3894428 3878817
3789982 3865162 3923988 3912628
3831068 3698551 3922343 3840511
3810233 3959874 3911015 3969816
3822385 3994960 3797805 3907899
4000339 3986530 3939093 3725178
3798635 4009124 3896057 3887318
4063004 4057350 3970454 3916299
3674582 3874448 3762677 3831893
3864694 3916263 3834510 3681936
3750536 3821825 3831582 3813091
3945632 3931699 3878596 3674950
3813432 3937525 3983567 3834167
3923559 3991121 4080495 3724950
4024908 3944442 4012826 4002122
3993874 4011142 4079934 3819325
3810584 3871263 3888977 3849576
3821825 3952879 3793280 3566360
3874042 3962813 3949415 3853447
3763112 3908026 3920833 3704278
3915851 3699415 3753539 3844711
3794738 3738084 3789998 3777765
4012767 3740956 3974002 3903297
3886796 3779087 3890390 3838765
3926310 3785657 3872192 3838628
3840700 3800894 3900955 3767552
3975534 3571540 3820447 3763339
3729426 3712908 3707606 3699733
3988925 3960772 3854623 3922984
3826772 3761678 3851833 3854380
4060223 3964667 3825335 3960968
3831176 3879485 3976283 3885940
4024376 3988249 3883888 3910070
3849120 3791147 3984538 3903741
3866658 3966542 3851139 3910296
3729596 3878890 3862180 3913055
3733736 3834647 3862646 3721700
3879114 3859760 3739956 3879038
3747300 3801355 3951583 3844971
3993949 4056936 3844705 3907960
3815838 3718169 3939575 3853362
3972330 4003780 3760941 3924588
3805881 3762440 3895343 3694027
3924002 3950458 3807778 3931206
3987766 3927787 3758187 3847957
3866672 3810232 3814674 3912669
4026945 4033689 3829959 3921544
3838245 3773233 3949146 4026491
3958635 4001494 3865830 3921225
3959139 3773104 3827156 4060053
3876315 3961003 3730486 3878080
3770096 3688127 3824491 3949095
3914053 3872746 3858639 3893790
3787625 3918328 3895609 3735927
3948976 3849255 3948529 3882522
3839703 4006320 3986024 3935253
3929747 3833690 3885996 3902433
3813611 3871470 3900583 3877843
3927288 3875942 3889358 3835561
3853334 3972045 3796436 3883002
3826583 3771047 3818904 3780076
3816708 3868541 3928335 4014429
3807303 3848279 3910892 3848104
3876204 3931070 3934458 4049222
3814426 3797697 3900707 3837752
3875286 3924714 3850790 3983056
3826812 3743443 3808337 3796797
3876208 3886492 3858956 3951799
3798802 3562828 3660951 3733732
3688636 3609066 3693370 3618780
4053580 3712204 3879940 3890824
3927283 3809509 3819168 3774970
3938429 3732178 3952131 3967064
3898749 3807209 3831495 3792261
3989862 3733592 3814282 3828892
3852921 3829928 3775810 3696990
3843766 3840993 3684917 3792619
3673453 3653991 3811663 3705329
4045990 3970540 3848840 3948442
3816235 3817766 3965356 3934974
4089439 4015137 3868768 3955760
3860985 3849792 3940610 3914533
3988300 3967851 3861343 3934156
3776667 3759932 3965757 3846990
3637837 3618483 3746034 3630498
3861852 3810787 3675033 3781979
3754634 3746862 3955729 3821596
4084935 4056409 3817307 4029403
3792590 3791606 3884711 3792454
3939014 3989830 3887449 3875994
3805927 3750001 3896206 3853435
3928607 4003156 3777900 3950772
3849324 3783205 3649275 3762160
3701198 3669343 3723142 3857647
3985593 3937657 3809152 3857777
3846830 3791945 3959711 4023425
4017180 3998946 3787981 3938132
3994687 3795212 3865999 4050263
4004193 3911944 3779607 3926638
3926511 3855629 3883024 4074073
3748264 3706877 3786537 3805010
3680127 3798121 3756496 3776990
3954528 3896704 3865262 3868128
3912985 3905009 3926732 3905384
3994211 3870508 3894218 3896202
3938322 3956533 3959355 3896823
3966220 3862755 3962963 3868499
3842649 3917604 3890313 3944147
3703921 3677391 3725607 3730711
3774315 3705248 3832663 3869032
3852489 3874198 3807679 3881508
3920680 3931098 3925810 3972458
3900546 3885066 3876663 3917462
3935425 3950200 3845122 4106986
3833973 3745027 3815266 3787578
3849139 3891593 3933038 3973057
3943731 3779418 3868829 3861048
3852477 3862099 3823680 3766673
4044827 3727957 3910610 3862816
3899044 3824550 3899843 3877330
4160826 3824006 3961992 3916778
3868278 3822480 3958648 3845468
3818446 3602149 3759598 3724035
3740549 3649986 3721775 3691462
3939669 4048380 3756024 3944369
3798728 3768140 3874589 3914076
4097506 4046453 3847352 3966653
3881745 3807969 3991265 3977009
4067751 4140394 3944840 4074909
3859663 3879134 4067742 3937151
3941862 3810120 3737625 3843093
3619188 3673003 3852393 3816623
3749979 3722319 3868696 3707127
3911308 3957592 3853087 3890665
3911207 3816291 3886199 3842594
4026635 4068987 3879019 3952729
3808921 3809867 3964179 3890983
4074065 4091781 3895838 4035778
3654781 3732045 3838278 3659645
3832143 3899176 3771786 3737766
3957216 3923884 3887146 3913768
3882141 3833581 3862748 4006543
3955527 4042515 3782304 3966602
3979507 3878399 3974570 4044271
4012572 4036003 3904973 3971227
3953887 3884421 3995583 4055525
3823030 3860546 3707258 3765753
3804902 3735199 3743969 3884207
3969527 3877004 3864426 3891480
3911551 3907718 3910789 3941303
4030310 3954411 3966545 3939589
3847084 3947698 4022423 3955419
4014975 3904582 3956853 3980007
3960173 3998674 3999567 4023442
3770838 3731348 3800177 3738750
3702591 3856688 3751362 3817887
3767202 3815451 3885662 3876171
3905113 3851454 3911973 4017866
3847074 3833399 3863566 3866740
3971031 3963436 3830042 4067875
3940852 3872520 3956418 3898598
3995819 3964075 3990374 4147493
3769636 3630141 3735639 3720221
3782534 3811934 3805775 4080447
4006076 3739933 3933228 3855633
3843394 3755763 3815528 3798007
4192912 3910364 4065191 3996210
4063568 3987875 3935003 3963680
3937574 3784599 3948426 3863847
3901340 3887832 3858995 3839746
3955673 3722850 3831245 3887747
3772668 3756994 3820333 3705254
3992254 4123419 3845454 3914876
3808077 3787497 3899768 3889056
4266965 4185651 4019014 4167311
3999949 3929805 4062191 4174456
4174639 4069350 3961892 3995680
3947852 3922103 3944815 4000638
3888378 4041404 3780230 3961247
3772648 3781641 3871157 3843551
3799389 3772813 3938833 3876880
3843330 3987115 3875007 3939116
4028349 4009745 4154928 3991549
4156221 4248576 4085707 4124209
3926215 3883347 4013922 3904036
4019888 3997426 3887001 4023088
3713625 3767848 3856712 3824235
3872711 3968892 3867742 3880584
3989870 3887148 3834138 3954784
3953449 3843447 3939327 3979437
4235831 4146921 4062567 4099041
4180747 3967884 4144185 4143549
4004582 4012699 3916023 4100654
3988640 3928798 3861147 4123897
4000226 3877503 3771032 3849908
3813949 3825940 3782105 3968131
4018784 3877132 3953328 3999869
3873254 3950965 3939672 3821107
4171768 4066026 4148746 4094344
4068984 4187280 4124202 4076377
4014924 3968354 3998056 3964506
3967856 4034879 3988510 3977932
3859114 3762404 3912299 3844789
3886018 3943042 3900415 3800895
3803909 3818418 3788895 3864159
3888325 3968917 3907345 4064787
4075751 3973956 4041436 4056202
4106129 4017099 4173863 4251374
3949755 3906358 3952069 3917479
3984632 3959334 4031274 4037638
3777879 3771747 3824637 3764363
3888930 3898792 3948123 3962055
4019101 3818260 3929172 3959000
3812975 3863521 3915664 3804101
3982353 3786101 3875190 3812059
3809803 3738612 3877743 3843962
3831978 3595625 3709893 3785262
3712300 3642414 3727319 3620990
3974875 3806122 3948158 3888879
3910542 3886861 3913245 3786075
4180470 4087597 3955614 4024687
3868288 3895512 3998709 4014142
4102077 4026241 3825475 3972823
3799806 3818693 3957493 3895533
3924428 3938480 3721035 3850313
3702074 3717874 3826044 3710315
4082582 4067398 3970811 3961221
3875446 3818095 3983489 4030635
3861849 3903472 4027762 3966425
4123380 4175988 3966219 4161523
3758330 3772763 3940812 3816647
3932346 4038543 3850104 3910239
3667456 3595829 3825684 3673701
3853475 3922283 3700055 3867408
3846337 3825893 3893813 3851570
4035605 4081749 3833256 3939894
4051899 4021438 3894636 4064586
4077451 3915232 3931063 4129644
4061839 3967797 3808238 3975755
3919808 3840243 3956457 3974812
3828458 3769906 3730335 3732366
3808855 3795136 3679891 3875638
4044105 3913155 3844249 3899211
3951026 3864011 3929172 3949870
4065498 3951543 4062294 3978120
3969824 4108077 4000895 3977872
3884651 3868020 3863586 3853677
3804663 3903115 3910153 3946995
3811845 3719309 3779909 3719932
3814099 3851081 3825611 3801754
4001782 3895702 3959273 3888151
3899644 3909149 3917616 3990079
3895116 3921117 3998882 3968057
4020682 4066868 4014232 4104969
3841572 3786792 3882850 3836388
3951777 3923591 3957353 4016716
3751453 3680924 3793478 3764793
3813485 3778448 3801315 3879953
3844616 3814003 3961680 3871493
3965440 3975797 3916727 4047998
4089038 3752686 3939732 3929957
3911102 3895235 3943540 3755325
3946688 3634111 3783926 3728112
3740421 3719116 3757887 3663484
4018367 3810270 3930161 3902020
3890889 3919020 3871400 3808685
3958417 3668559 3840331 3784471
3757125 3711789 3722179 3735408
4130071 4083594 3913832 3985650
3922312 3841991 4029204 3972472
3958676 3893147 3770273 3791719
3696260 3706030 3873338 3713987
4097206 4098127 3916078 3993685
3906035 3835117 3969797 4050464
3918600 3910434 3740597 3843813
3718520 3726328 3931741 3682623
3875028 3864091 4011876 3886542
4014172 4094652 3862245 4008819
3714699 3692988 3891834 3733868
3826986 3937439 3767532 3839674
3854820 3927314 4042605 3879776
4005813 4053037 3948912 4014590
3748936 3597756 3900940 3677193
3897219 3890798 3752776 3782214
4110077 4017691 3910099 4013069
3902248 3937655 3909044 4035662
3894940 3836382 3728823 3845306
3803714 3810093 3767145 3889771
4044204 4097541 3855528 3955605
4033709 3817654 4017936 4087783
3862015 3872750 3726442 3817335
3884958 3708292 3815398 3906962
4030790 3922159 3911708 3986697
3982044 4059180 3940278 3918228
3948281 3753685 3880392 3743592
3786708 3809233 3797079 3803846
4000458 4010091 4041237 3979437
3965596 4039946 3967788 4010019
3968924 3752248 3872740 3864015
3747504 3812929 3741723 3803750
3940473 3919084 3909468 3914052
4020462 3970019 4092745 4095670
3760518 3750353 3748466 3709804
3795737 3809463 3700909 3908940
3887659 3877449 4023587 3856317
4099873 3987602 4073318 4138312
3765190 3757005 3717094 3678618
3821736 3741610 3840054 3923834
3990756 3645256 3904766 3929874
3778860 3798753 3891562 3735087
4025084 3794107 3881002 3896067
3886319 3863658 3861551 3814788
3980247 3718408 3929888 3843297
3907877 3819841 3877753 3786237
3990171 3611593 3884488 3823804
3752390 3801705 3837066 3694232
4089087 3934297 3827393 3989101
3772468 3857111 3903342 3884007
4025499 4034989 3862720 4044346
3806462 3848232 4000440 3977058
4008969 4016212 3863075 3956318
3880540 3848432 3981214 3857699
3977634 3973053 3822146 3930600
3785200 3788351 3932558 3859317
3771957 3793493 3922819 3774673
3988768 3994190 3840924 3896201
3763452 3873562 3942045 3895460
4025823 4030135 3895959 3924316
3761864 3808412 3915575 3843950
3961161 4061094 3892149 3979309
3698924 3817989 3871577 3810045
3874857 3937826 3819066 3893731
3987797 3949216 3790528 3915934
3826040 3811723 3853906 4072421
4028997 3976823 3860922 3919136
3900292 3913856 3915150 3968981
4073029 3983268 3861874 3937673
3941271 3833436 3918123 4036299
4010533 3946065 3815423 3819097
3962584 3677793 3834717 3994860
3893252 3864085 3903124 3849371
3886323 3983144 3905069 3932047
3975567 3941269 4028684 3909714
3923987 3967892 3991148 3980375
3932159 3931622 4027045 3867092
3907124 3924119 3962126 3885165
3977644 3859092 3893184 3892192
3813229 3878496 3877038 3881068
3849701 3821321 3935840 3792312
3956883 3897403 3963974 4068634
3838917 3849865 3891940 3856590
3979205 3933468 3944493 4152311
3817902 3816948 3891379 3792696
3908525 3991152 4018235 4007366
3896406 3761712 3822835 3849258
3933933 3876131 3834067 4003751
3979149 3765919 3862259 3949225
3857710 3795478 3870865 3834580
3842614 3581333 3793979 3796121
3666198 3673677 3700744 3639194
3948205 3568437 3819394 3819453
3703521 3816280 3763682 3563063
4024569 3740565 3921276 3972606
3946236 3840492 3887601 3847602
4101782 4008513 3954785 3961547
3814756 3790289 3932007 3796794
3913376 3933555 3743896 3799261
3660748 3675197 3772587 3733018
3960884 3907729 3855757 3909725
3726226 3791028 3842660 3805077
4079891 4055181 3885303 3990030
3803971 3866865 3949891 3977028
3848241 3867066 4010584 3877391
4009784 4067875 3839030 3910851
3622275 3635506 3798178 3721303
3769859 3900822 3722193 3801942
3778073 3696972 3832567 3721205
3936326 3868174 3826202 3829999
3906791 3826354 3986514 3864066
4056274 4018305 3922051 3924847
4004738 3910959 3877756 3937632
3906039 3885102 3994309 4045441
3858968 3795082 3679867 3791705
3738145 3647062 3789880 3884347
3917380 3919475 3736345 3772058
3850445 3788642 3867706 3843452
3983660 4061933 3830833 3937285
3948390 3967276 3992452 4023721
3970529 3884189 3926853 3937556
3885631 3907639 3911378 3991096
3797252 3768426 3748232 3772332
3704470 3811844 3683120 3752290
3880446 3758960 3909818 3806149
3721771 3877397 3817737 3763469
3992017 3953279 4043422 3987049
3922368 4016792 4037581 4008862
3864001 3871448 3873038 3867639
3950068 3948515 3970528 4074681
3676755 3627882 3679735 3780849
3790561 3904764 3815609 3890748
3796297 3710440 3821547 3759354
3885409 3862674 3853204 3943066
3974302 3906544 3876682 3887512
3989071 3952666 3943649 4118673
4027899 3756625 3857149 3911161
3810908 3803692 3800968 3710468
4117172 3760735 3943650 4041449
3949322 3880379 3939336 3828797
3984569 3810248 3855286 3865726
3825962 3807193 3875189 3725051
4065446 3661317 3889717 3919967
3807735 3819665 3817464 3864783
4008942 3969142 3900803 3991515
3772799 3819521 3946826 3912078
4115466 4041567 3928365 4016881
3925596 4020468 4083382 4000173
4123559 3951201 3970613 3936591
3799410 3814628 3923822 3860090
4000695 3992671 3860496 3920024
3838656 3787248 3919883 3935551
3841812 3789978 3946422 3816089
3922659 4065626 3862820 3855576
3860354 3946316 4020608 3876377
4083538 4097986 3902978 4025804
3763689 3862551 3924709 3848801
4017113 4012178 3871131 3932957
3763197 3772909 3900936 3863887
3938697 4074994 3767168 3875770
3988757 3944420 3864370 4023947
4022477 3861700 3816696 3981117
4136783 4166176 3931770 4041132
4060260 3941510 3964721 4129402
4022284 3885767 3769990 3910339
3922165 3865232 3910976 3971327
3990212 3901159 3847792 3984938
3881892 3825608 3797894 4087094
3961356 3865168 3960895 3895980
3855788 3968580 4033121 3898859
4039132 3941200 4069331 3974891
3911189 3997209 4054333 3950769
3960055 3848961 3886159 3878065
3815844 3934650 3908642 3894965
3890303 3865822 3976081 3893214
3831763 3867261 3882775 3841334
3884823 3774704 3868469 3949574
3894225 3936877 3974009 4035871
3994078 3926826 3952329 4013310
4006991 4022784 4068488 4193238
3856165 3804761 3812254 3845313
3958770 3967235 3946039 4041846
3722518 3782827 3876068 3934116
3780956 3914135 3901796 4010931
4158471 3796565 3959743 3969078
3903716 3815637 3977050 3858797
3951089 3768472 3880595 3873421
3914284 3831332 3922637 3815969
3912539 3696042 3714252 3842203
3746834 3714031 3665735 3739619
4040199 3804818 3937105 3843058
3820965 3790789 3883923 3768061
4026844 4069768 3895794 4045534
3804030 3929542 4055716 3920530
4121272 4095854 3893830 3894744
3839798 3919195 3922560 3915337
4066892 3911385 3774318 3844798
3727801 3632041 3795754 3751169
4076750 4082052 3906323 3994637
3851609 3875196 3952291 3935281
3820744 3845650 3975031 3870414
4086789 4085426 3914548 3952737
3755335 3774266 3983338 3891343
4020666 4074026 3834624 3882716
3740301 3695158 3825127 3746956
3869494 3889132 3734770 3859052
3828288 3869500 4017704 3787380
3971775 4012413 3857093 3981263
4006048 4078693 3942258 4051075
3938060 3887321 3971575 4097270
3912690 4008700 3820605 3938474
3944490 3863773 3926977 4061187
3854603 3901090 3726936 3779946
3767616 3743681 3837117 3859048
3986570 3969295 3835320 3995131
3867995 3829267 3967661 4015047
3968960 3943964 4058394 3940976
3882617 4009713 3930900 3881101
3995634 3902156 3939531 3878114
3923374 4000761 3966331 3992568
3848822 3834023 3833733 3766889
3777317 3861168 3826799 3842444
3975546 3991304 3990841 3926922
3904629 3993460 3925399 4023311
3883821 3933393 3976950 3993537
3980903 4007977 4050289 4126287
3878909 3844393 3954265 3816525
3972563 3932237 3976037 4084607
3794843 3712220 3747176 3723742
3818646 3768663 3851560 3917540
3901597 3920991 3863120 3776301
3995236 3889209 3890852 4029686
3839512 3613443 3884786 3845532
3720212 3681849 3799653 3608519
3905219 3763036 3888804 3847514
3810710 3712660 3802215 3722075
4071909 3828354 3945425 3832492
3974305 3920901 3848937 3827837
4092319 3787939 3911112 3874396
3914724 3789121 3821443 3775546
3944800 3877666 3765318 3793014
3738819 3754672 3857567 3830488
3972277 3953512 3874493 3889395
3790079 3748639 3839829 3783412
4135975 4101113 4020641 4022688
3942559 3942759 4056731 3898611
4068911 4065371 3837712 3964417
3839993 3871540 3921022 3951828
3652971 3693024 3824059 3683172
3844098 3977667 3748223 3835670
3737079 3710244 3899349 3734219
3950837 4010105 3803994 3848747
3838456 3875780 3989180 3901320
3979849 4086042 3933575 3958104
3821227 3787180 3996203 3847743
3922994 3981117 3854826 3923063
3897269 3849891 3753741 3851573
3806274 3767473 3820508 3934348
3975453 3913853 3803423 3886319
3849433 3758734 3805438 3972328
4030460 4024352 3858419 3935443
3954497 3785847 3975504 4012392
4007407 4024222 3857439 3880654
3947601 3891112 3859802 4056035
3864162 3786393 3859660 3787668
3803596 3853299 3796434 3823572
3911660 3847880 3902057 3878701
3820770 3869843 3928998 3893115
4045672 3875770 3972035 3924799
3879764 4005231 4034061 3961127
3977484 3841453 3844210 3930065
3897764 3940327 3976798 3885232
3804850 3723724 3717818 3770961
3794958 3805065 3805842 3993354
3814756 3849297 3856574 3773240
3869005 3903688 3864247 4081418
3852809 3845905 3930386 3970182
3981001 3918297 4034740 4088465
3928467 3809674 3878901 3816287
4004126 3938765 3956290 4132081
4184730 3824317 3946103 4019840
3885149 3945969 4007144 3864971
4030584 3806151 3935702 3853906
3918593 3900119 3872435 3809897
4008145 3777664 3861476 3921496
3820628 3775796 3890080 3766315
4001214 3845462 3903803 3835499
3808747 3744210 3865825 3747972
4194003 4149910 4004634 4100212
3847167 3859706 4045274 3885165
4173746 4027929 3955839 3979446
3874044 3829861 4033595 3944617
4052640 3971815 3831952 3954399
3780422 3891241 3936360 3860597
4056933 4114843 3893767 3958528
3843019 3846637 3947149 3933484
3764057 3909690 4021121 3915436
4142823 4124222 4004604 4063548
3877576 3886525 4028105 3840491
4048739 4016009 3923388 3946449
3803872 3811847 3994992 3756091
3895603 4037636 3782053 3901023
3838906 3767340 3963363 3816851
3899117 3969977 3835127 3978861
4121763 4014212 3930508 4131048
4064884 3948890 3976221 4097142
4018615 3966565 3788748 3940049
3953269 3889646 3993911 4093732
3978073 3915579 3895219 3859571
3982107 3794655 3843428 4001563
3984884 3971925 3921665 3866442
4045221 3869565 3888027 4004763
3948710 4019057 4062676 4064105
3943200 4125740 4066945 4031237
4002422 3836130 3945886 3902282
3850444 3972772 3978660 4010476
3916407 3836808 3849489 3939215
3843016 3934980 3841027 3932131
3927522 3846398 3969245 3886434
3896187 3960484 3908288 3927317
3971448 3938829 3952786 3947126
4064431 4030418 4078130 4199667
3840936 3891786 3949430 3854219
3948065 3946797 3977916 4030165
3881028 3906995 3859758 3913888
3953999 3919295 3978123 4055091
3892493 3848565 3923182 3813065
3924496 3922897 3947532 4048130
3797984 3856175 3756665 3801340
3847910 3804707 3887731 3821089
3753170 3788238 3750821 3772398
3761943 3898535 3969131 3708131
3761829 3894873 3857566 3764922
3674127 3806003 3807900 3778091
3770617 3876110 3839116 3798307
3787744 3811629 3921950 3813157
3820659 3794672 3695803 3850683
3812491 3669754 3853266 3871518
3704320 3809378 3668783 3774616
3751800 3735891 3929989 3867552
3660886 3653082 3639813 3758156
3764045 3679719 3755984 3802386
3712119 3755935 3712084 3855814
3784318 3694389 3884088 3870515
3697297 3862531 3814985 3822717
3887765 3931241 3704503 3840880
3750718 3862961 3706292 3813504
3831996 3792941 3708997 3905286
3763370 3815850 3696432 3861714
3860572 3834506 3659254 3890419
3759009 3824588 3761497 3819405
3905537 3873886 3758197 3822741
3909069 3825997 3912678 3822702
3740335 3897943 3689523 3674525
3833340 3840914 3866374 3880838
3655243 3891484 3712688 3701286
3760117 3814157 3931605 3802262
3644672 3862511 3744586 3625959
3823572 3835462 3881808 3752957
3705928 3978488 3739392 3690557
3881340 3889870 3891119 3834096
3776427 3743946 3899753 3793830
3816832 3796358 3855082 3723812
3814520 3807592 3939821 3859145
3798722 3793081 3816875 3818311
3743921 3668418 3980147 3757645
3879851 3778929 3882887 3723688
3776300 3889505 3951718 3728259
3690778 3982762 3975007 3779603
3749703 4030984 3849234 3858053
3681410 3906304 3971133 3687296
3715330 3942736 3847072 3703908
3624480 3911415 3876477 3661140
3739595 3881505 3800002 3677850
3681086 3866775 3903762 3694583
3823615 3976089 3773670 3736002
3717298 3869436 3800516 3732360
3862124 3863919 3985145 3817275
3764603 3930411 3846561 3829508
3815654 3906448 3994476 3876614
3829273 3859198 3904136 3821657
3845258 3975386 4012240 3917747
3787390 3865837 3811878 3860997
3849318 3852210 3992158 3838120
3742895 3791789 3790842 3820999
3866384 3780329 3867120 3908729
3827104 3798215 3819605 3858985
3918638 3821558 3866936 3928487
3900577 3890821 3822486 3890759
3929617 3852224 3974385 3920515
3801531 3899294 3848128 3826629
3917568 3730149 3919620 3881502
3875062 3874158 3786579 3843955
3874592 3875991 3781506 3811221
3838193 3952183 3890362 3916516
3902111 3935667 3758418 3884980
3830510 3928665 4004184 3872328
4044469 3893048 3716778 3906342
3846724 3899451 3837722 3802132
3892038 3817189 3734968 3886670
3850329 3861848 3928841 3886024
3711445 3903917 3767974 3773401
3820902 3938589 4001740 3936762
3836761 4008513 3843419 3794098
3918627 3988858 4053869 4005463
3723894 3981137 3840735 3919933
3841673 3863322 3931533 3861743
3746702 3943610 3747362 3756458
3900485 3882315 3938551 3828682
3863544 3726880 3975970 3827011
3937187 3870930 3951987 3890551
3902898 3885072 4055001 3854463
3977542 3829809 3993070 3888351
3867612 3900968 4012091 3880338
3906507 3862390 3916850 3859057
3833378 3916079 3943292 3775949
3761393 3929113 3892732 3726753
3864022 3939118 3778742 3819252
3808937 4028883 3994293 3855203
3766929 4084256 3890480 3841630
3773205 4052508 4046116 3734194
3809800 4181558 3884731 3895067
3685881 3982243 3951776 3842086
3838294 4036186 3866683 3815132
3894897 4038789 3924684 3909236
3872918 3877930 4116597 3910154
3870443 3946653 3954242 3864629
3891812 4054310 4008517 3972120
3888813 3954513 3849792 3903966
3966621 4001372 4143869 3920228
3853586 3940947 3980580 3806526
3904296 4016316 3969251 3889601
3948698 3934460 3881565 4010077
3936594 3863660 3953131 3970613
3905952 3899842 3853123 3925463
4028990 3798536 4027526 3980121
3981000 3948479 3915724 3953060
4032223 3878761 4032386 3935485
3932334 3915891 3850202 3892080
3906260 3841178 3990824 3900601
3903695 4036398 3899560 4029943
4014735 4088238 3815675 4025206
3964186 4051573 3998428 3925504
4014970 4108312 3851410 4093751
3878594 3919277 3938687 3976518
3932889 4018434 3884120 3989414
3874427 3974888 3918625 3903101
4016250 3959681 3730406 3964940
3908789 4008886 4121373 4070305
3846065 3982996 3872331 3852660
4044898 4063068 4103134 3992614
3895979 4054503 3937574 3839882
3987257 4023215 4110927 3995750
3791990 4021122 3857554 3946111
3979517 4050023 3980488 3901804
3824693 3888909 3868315 3891425
3990459 3955043 4042959 3939604
3874124 3922984 4067532 3875170
3979089 3924879 4117683 3945538
3956603 3961207 4177822 3976287
4021454 3945465 4038896 3852095
3898197 3923268 4077121 3919414
3974608 3892652 3997164 3822155
3883078 3916926 4080825 3881640
3896239 4157459 3981207 3823926
3930565 4084617 3939396 3975791
3915365 4143756 4052949 3948128
3904956 4102500 3950247 3990344
3851772 4107580 4052793 3901597
3937083 4121276 3990305 3947709
3777789 4032027 4079536 3817508
3863902 4131731 3883944 3894279
3642948 3798631 3719607 3701249
3840709 3802798 3891488 3764826
3793189 3837729 3856545 3858747
3896958 3892259 3939577 3815010
3884843 3906487 3866680 3902339
3883269 3878809 3989636 3874853
3811102 3848554 3779277 3817097
3894254 3911269 3972883 3810053
3783551 3684828 3749822 3731340
3780989 3675370 3860176 3836447
3834572 3850503 3757009 3890032
3895608 3791676 3958709 3916384
3842298 3916447 3956043 3905703
3916600 3819635 3999071 4021262
3764000 3865214 3805378 3846979
3898123 3785745 3930546 3897257
3727459 3878938 3774316 3779476
3838641 3898357 3736016 3734350
3844293 3968460 3802325 3918255
3944707 3879914 3749892 3900710
3917782 3989320 3875879 3896486
4032313 3974334 3836198 3988383
3791307 3891180 3883624 3790661
3937221 3819802 3717229 3905527
3766550 3838014 3900182 3801689
3686259 3881506 3681722 3779790
3994386 3865972 3980743 3894578
3744716 3927920 3787747 3800572
3947659 3949086 4110992 3908252
3826923 4034370 3885643 3832002
3918462 3972697 3979180 3937188
3770167 3978429 3787434 3860699
3878118 3824267 3894368 3769194
3805805 3726912 3927811 3815794
3899808 3866738 3986476 3916323
3917247 3846493 4072801 3895411
3988319 3955236 3963460 3895544
3882498 4001683 4059578 3900643
3926147 3865825 3873451 3871742
3843657 3830884 4057470 3858696
3753028 3945714 3888670 3703608
3802819 3994108 3781748 3930294
3796342 4027524 3966351 3747423
3839686 4041033 3859564 3923870
3852849 4040695 4073530 3780865
3835223 4049393 3946497 3861018
3745784 3978424 4015477 3767083
3834544 4063487 3841930 3869204
3758901 3840349 3857917 3754601
3848472 3781827 3944495 3800296
3820485 3903301 3837309 3827460
3904066 3853965 3905530 3827231
3715597 3891743 3827709 3754122
3801464 3804926 3910760 3818972
3733509 3854852 3705118 3724806
3678564 3780254 3863023 3729639
3810902 3800934 3776541 3769004
3896100 3747382 3859112 3937422
3778126 3821103 3802572 3748802
3794249 3744627 3887432 3839931
3778872 3754276 3675308 3783483
3816804 3687393 3851716 3871994
3659375 3721237 3734854 3730221
3733328 3550786 3824002 3865270
3800430 3918801 3803846 3738267
3833629 3942309 3701689 3877964
3838972 3981063 3806515 3844141
3901009 3939278 3757647 3918236
3882487 3874492 3854833 3790736
3898731 3865078 3668772 3927130
3712599 3824421 3746275 3803517
3866985 3853874 3734493 3867964
3859015 3894305 3894933 3781152
3710227 3936733 3740480 3781493
3880496 3929760 3991685 3874345
3722721 3919119 3772115 3777017
3916757 3955724 3991440 3821657
3726885 3875525 3652741 3723276
3854895 3830640 3901834 3752681
3658024 3830404 3603971 3728726
3917756 3772800 3868088 3827136
3836014 3860281 3937165 3760412
3900391 3815693 3929189 3868922
3849719 3750582 4058949 3803488
3834167 3810326 3925900 3793057
3756864 3793724 3916571 3755332
3748936 3748663 3772509 3831086
3772490 3767327 3990730 3781267
3709030 3939973 3939618 3729505
3833707 4014078 3931011 3844419
3776717 4015698 3901688 3768652
3790738 4053864 3896699 3865335
3852200 4015207 3943701 3729768
3815444 3988405 3869098 3896147
3576137 3962390 3814108 3738248
3792002 3949595 3804805 3818346
3763751 3796781 3741752 3830067
3808683 3865547 3826263 3762611
3790977 3855757 3850160 3840528
3812247 3940883 3918630 3884606
3927878 4052046 4009705 3993867
4012184 4051301 4030638 3963556
3690782 3775752 3721723 3729525
3726767 3853021 3844022 3729903
3765603 3739186 3646657 3812293
3784279 3717543 3854566 3863785
3790634 3864702 3777421 3834367
3882411 3740156 3913130 3912080
3927032 4033659 3984097 3979255
3951930 3856551 4120840 3999556
3646595 3787363 3683442 3710317
3766804 3638541 3790489 3777929
3731905 3875671 3756498 3757555
3825610 3860083 3639219 3801284
3853280 3856742 3819809 3888473
3939095 3931950 3759452 3915454
4028194 4079222 4038871 3936752
4091743 4124381 3958502 4049876
3715571 3781785 3722969 3724587
3803930 3816707 3650823 3821981
3868301 3898614 3924384 3827379
3662731 3849342 3657865 3780125
3920822 3874943 3940674 3928898
3829024 3908594 3698181 3756004
4010666 4112167 4202059 4076863
3951001 4056312 3968719 4027852
3713517 3798294 3869168 3826420
3654893 3889761 3672271 3733708
3860198 3807641 3938745 3796100
3777916 3842711 3972444 3832275
3859794 3826750 3893016 3788300
3729319 3828757 3987777 3819650
4133895 4005310 4093827 4002601
3940502 4111363 4130618 3996591
3741195 3737674 3867650 3728773
3728185 3764845 3902828 3745132
3755834 3865006 3938070 3625144
3801059 3935961 3745986 3793549
3775473 3970746 4084768 3817317
3763700 4034531 3926441 3811742
3895491 4064177 4125070 3983142
3930399 4243331 4071256 3917516
3632600 3879710 3862458 3627596
3733100 3957815 3806781 3665107
3714928 3828204 3836570 3796963
3806727 3867816 3925515 3807309
3665951 3765383 3742656 3745306
3758306 3690088 3799293 3752241
3831002 3876693 3867101 3899280
3868541 3977163 4057661 3914263
3843234 3920531 3825202 3840797
3840882 3858275 3899913 3865662
3746667 3857047 3788108 3766977
3778954 3747600 3867193 3859160
3686981 3705849 3748291 3783140
3745041 3709469 3730744 3778490
3832716 3888384 3867948 3862453
3879123 3852948 3955804 3966128
3823692 3806668 3769090 3872946
3854755 3765455 3912828 3904171
3865357 3880488 3784287 3892370
3864057 3877834 3722938 3936875
3751937 3823974 3678442 3736476
3759720 3809207 3644479 3849686
3880334 3951876 3884523 3929223
3894271 3976400 3865241 4015491
3888251 3934551 3842040 3811701
3947879 3931706 3737420 3906474
3901324 3811435 3965095 3881933
3661681 3941743 3731737 3747992
3751720 3698213 3906547 3777239
3717292 3833172 3617070 3671728
3895866 3924335 4080600 3911481
3818899 4003800 3747787 3846480
3862838 3995874 3903425 3932511
3797793 4012472 3766499 3814388
3870722 3817473 3937088 3831566
3813424 3840822 4022724 3772106
3800892 3755277 3869615 3677499
3769521 3734114 3935557 3765716
3938904 3923537 3979512 3924402
3804672 3875300 4046071 3844618
3852294 3862374 3937970 3843128
3927011 3801442 4069958 3900473
3773071 3974298 3874573 3741721
3817032 3974878 3844513 3845984
3601926 3853303 3783732 3673995
3714572 3868775 3769033 3698502
3827447 4021059 3997574 3822066
3834064 4063034 3902285 3888618
3718791 3963352 3881083 3800736
3748516 4082123 3909258 3840575
3704014 3667827 3714107 3682910
3658579 3720888 3740241 3720385
3860304 3890972 3886391 3806323
3866506 3914657 3985253 3881744
3852643 3856512 3976599 3838578
3945267 3967327 4045153 3862024
3643495 3703062 3716669 3742668
3771860 3705028 3872375 3709863
3634667 3750834 3596826 3734958
3754317 3641316 3734238 3725427
3847914 3880379 3821072 3923520
3886303 3806750 3936273 3950567
3954656 3863671 3873754 3956078
3935287 3867015 3941336 3979548
3711628 3710399 3746703 3693249
3782622 3663635 3822096 3809003
3621302 3812066 3667187 3612401
3764740 3743293 3643542 3836059
3809913 3939467 3862271 3853346
3932921 3932150 3813980 3923732
3904892 4084078 3840315 3914785
3966592 4062758 3878280 4059703
3738056 3850323 3668158 3669759
3781820 3819561 3557242 3749324
3691542 3797640 3840841 3759440
3630432 3802957 3618174 3721609
3901052 3942024 4045541 3910109
3741724 4007240 3828618 3867029
4022459 3969015 3977918 3956085
3847908 3976430 3858800 3886063
3757320 3806011 3800763 3817610
3664126 3890472 3670662 3644369
3740187 3747229 3733180 3744051
3685633 3682605 3870670 3747308
3893569 3858257 3941665 3942031
3874878 3843939 4006941 3800912
4065493 3950020 4052037 3840030
3965658 4007541 4101827 3979935
3727653 3766115 3830544 3714287
3760555 3674645 3932226 3701650
3715365 3842567 3897623 3604129
3632435 3826294 3745466 3685874
3784837 4027095 4028643 3744338
3832454 4050858 3867591 3918581
3889818 4012570 3995540 3793522
3897683 4195849 3923605 3938188
3671126 3936130 3905568 3645298
3720144 3901451 3718818 3710524
3752614 3951641 3854772 3824956
3796702 3919210 3993000 3841591
3845134 3867124 3924437 3838651
3946251 3913923 3987126 3891243
3812081 3973571 3889461 3907340
3889501 3979802 4036710 3909168
3740069 3807349 3815273 3804400
3765369 3878180 3886906 3732382
3799673 3878009 3810829 3795536
3826999 3812349 3915823 3925217
3930868 3905634 3807414 3875627
3888468 3798095 4014717 4001241
3828490 3841129 3915709 3946995
3929539 3842143 4010029 3926323
3799121 3818154 3856701 3783534
3879744 3782397 3822586 3856733
3834357 3889807 3829949 3873901
3969116 3922702 3811282 3947077
3839062 3971105 3862735 3950469
3908218 3995512 3835354 3961789
3870002 3940359 3874971 3908960
4048714 4030520 3747830 3904696
3870357 3900116 3807477 3739199
3868686 3952695 3732021 3859917
3906049 3929669 3984805 3897644
3716312 3894341 3799523 3826077
3944506 3954525 3903523 3994219
3804129 3986012 3781516 3824855
3937595 3968672 4025947 3977660
3885182 4041900 3822046 3849350
3849367 3970955 3915842 3900971
3739530 3991585 3708348 3768307
3825028 3868518 3872721 3821975
3885119 3855489 4052526 3805990
4035525 3942081 3987932 3874763
4053320 3858490 4085071 3901458
3968580 3947068 4051066 3927232
3921221 3840398 4092329 3954552
3793920 3858859 3869660 3828178
3885392 3835598 3932889 3752536
3858862 3987199 3977739 3777160
3799763 4016896 3877540 3975823
3878312 4149526 4022765 3851489
3899459 4074890 3961518 3927698
3784568 4098045 4003474 3824279
3872443 4170317 3901181 3863930
3746274 4001644 3967621 3794444
3834341 4047751 3835055 3837558
3691511 3911469 3816235 3696464
3817008 3776523 3977437 3792890
3867562 3787179 3829666 3740549
3851600 3758072 3948386 3861371
3823505 3860366 3893302 3838363
3848200 3974419 4036681 3832880
3690761 3783765 3707184 3801368
3743383 3729522 3843875 3767797
3778793 3778210 3768520 3821930
3845093 3772348 3975544 3868757
3756424 3820082 3772807 3836642
3870842 3727141 3950404 3917212
3788375 3763228 3803751 3811083
3865424 3740366 3965214 3950729
3770266 3726174 3679267 3779075
3725941 3771221 3801323 3818456
3769453 3830340 3814338 3819504
3869780 3926088 3798136 3868402
3743924 3897255 3770008 3844249
3956369 3862104 3797137 3910122
3863849 3999502 3830040 3889127
3897963 3941888 3713760 3963284
3738300 3848072 3747344 3808777
3781523 3924744 3751949 3886594
3847065 3860784 4013015 3882343
3787803 3930349 3742814 3751949
3847318 3902878 4053241 3881268
3735389 3909912 3749398 3771764
3908509 3831449 3972419 3861673
3720999 3915865 3803833 3846798
3819974 3894236 3886667 3863264
3656576 3815512 3728036 3665113
3964370 3752495 3874163 3728519
3768164 3740394 4050933 3811938
3880163 3865309 3888570 3753043
3820997 3777960 3996667 3807827
3930161 3784112 3984940 3892395
3874055 3783169 3958017 3899398
3865166 3747559 3821779 3749623
3782655 3719722 3939324 3827390
3751959 3952210 3809544 3662772
3751447 4072675 3762811 3829689
3776812 3959023 3981562 3752179
3775620 3982667 3830079 3831058
3699300 4058745 3935354 3795134
3798541 4022204 3823104 3915843
3610755 3884164 3861135 3730393
3679127 3978190 3865968 3777829
3752724 3825372 3777412 3798623
3815526 3829053 3921517 3790474
3790782 3909735 3906966 3904898
3904817 3865649 3987473 3915551
3657458 3823521 3754296 3760819
3881449 3859305 3870610 3845726
3822798 3916830 3873948 3991176
3858638 3899067 4025899 3844672
3720489 3784805 3723078 3840797
3890460 3742170 3903077 3935251
3892266 3867681 3791606 3950442
3902191 3805793 3894252 3988339
3684189 3798828 3724353 3781939
3869020 3830098 3744405 3881787
3804019 3861114 3706581 3873334
3852923 3811462 3944810 3911444
3843777 3909644 3696319 3745275
3826217 3928725 3694368 3919257
3788179 3953343 3873244 3953638
3935795 4000492 3839419 3924072
3699249 3834994 3786462 3744710
3852506 3835901 3677470 3895927
3830844 3947535 3897606 3921114
3928984 3963443 3724467 3962600
3845199 3830456 3997244 3860098
3730538 3953827 3788285 3721507
3933586 3933668 3965937 3992553
3723153 4004065 3913129 3894022
3783449 3827172 3862993 3865686
3714743 3882584 3676011 3692733
3802710 3975545 4009011 3887997
3782429 3959799 3803890 3781688
3902455 3837248 3993870 3848895
3813161 3813287 4021920 3873963
3929547 3847682 4016094 3879763
3897202 3900953 4028849 3840366
3831877 3745124 3865902 3796144
3743407 3771469 4029132 3743141
3971382 3892934 3977544 3885242
3834330 3829980 4019521 3808954
3762514 3947236 3896053 3731496
3836240 4049167 3812528 3863987
3828741 4007106 4050581 3808697
3855786 4147695 4002950 3930523
3715157 3924474 3930030 3646069
3748978 3972308 3787951 3815899
3835746 4008048 3951668 3852216
3792139 4066928 3893192 3872415
3797661 3845232 3803048 3873961
3822542 3820258 3896255 3871422
3862175 3988659 3972461 4000455
4001691 4001685 4111403 3946919
3721648 3841040 3843125 3779309
3880547 3856144 3858452 3857664
3807432 3879271 3800008 3784054
3757218 3828040 3862753 3760672
3840253 3810940 3736591 3847295
3916393 3780239 3963794 3966463
3939577 3924438 3866655 3970295
3964770 3850167 4088721 4070772
3721100 3858189 3721230 3798363
3826681 3789479 3852523 3855545
3770988 3749553 3773142 3825242
3865354 3762814 3854067 3884924
3811335 3960779 3830423 3850518
3960148 3955278 3765131 3930139
3972840 4053672 4013605 3901915
4039298 4100577 3857194 3992429
3856673 3883477 3838781 3843995
3875827 3888118 3729635 3941513
3845812 3934635 3753199 3812678
3875713 3922472 3726957 3786386
3872226 3914784 3970169 3854568
3781304 4025061 3843682 3747346
4028687 4053578 4090819 3964860
3794501 4077295 3888262 3893288
3808176 3839021 3986337 3848001
3754022 3896171 3815707 3762066
3874756 3882270 4000798 3921328
3810077 3935532 3727115 3775058
3942401 3834829 3987787 3851772
3809443 3789820 4053464 3844769
4027744 3986057 4100264 3886108
3907133 3932659 4067062 3804358
3848588 3787716 3976109 3791286
3814266 3805592 3937085 3883359
3857952 3854088 3961251 3812323
3850197 3786046 3962077 3813628
3780339 3900463 4003408 3852175
3855167 4117989 3883342 3801735
3758012 4042677 4059590 3933746
3868920 4109466 4022011 3971059
3755052 3981008 3965965 3761768
3759115 3970528 3826427 3877611
3778503 3958599 3951274 3701544
3809689 4117895 3778658 3783876
