3811089 3751496 3772527 3607354
3750246 3729331 3772348 3838363
3866827 3880861 3841383 3748195
3779753 3878966 3870194 3945188
4008352 4019344 4000807 3740924
3910438 3982023 4019618 4061174
4021955 4077400 3977604 3869990
3893125 3981036 3998802 4133808
3695899 3885470 3668072 3668366
3838286 3727580 3794218 3836906
3822561 3955365 3749042 3804518
3981887 3819296 3802937 3888099
3879157 4037398 3882126 3891056
4016001 3949131 3988682 4062485
3931171 4107928 3963723 3962883
4094865 3972309 3998518 4140004
3779276 3809060 3612672 3748838
3697881 3704248 3842049 3741760
3869861 3703773 3819463 3862160
3746305 3819800 3934608 3847697
4053941 3901729 3845330 4008382
3894614 3960235 3989065 3945568
4034480 3945420 3961828 3964992
3965314 3941227 4026709 4022800
3833568 3876363 3737920 3654232
3804900 3748494 3780524 3856003
3832023 3875439 3785907 3735906
3851851 3809542 3852409 3898567
3918968 4058912 3922486 3877894
4016825 4079288 4004535 4022794
4025411 4079338 3955887 3864400
4015158 4003555 4015930 4135527
3834959 3802795 3919368 3774763
3686325 3736614 3563617 3734031
3999021 3890912 3983308 3882019
3842493 3762115 3695758 3924230
4017957 3957769 4112244 4037467
3939377 3882948 3881952 3963832
4049601 3996965 4138819 4074138
3965194 3915825 3859880 3996619
3763348 3850635 3798027 3750872
3660084 3824137 3588884 3735091
3917358 4020114 3852609 3929459
3735101 3972471 3690808 3732305
3978266 4033444 3948828 4011879
3848650 4070234 3889344 3823338
3958330 4007412 3991960 4110622
3905133 4054965 3870114 3916910
3911138 3856468 3865708 3753311
3862635 3923530 3811600 3994758
3983295 3986288 4051706 3760952
3975140 3951272 4006908 4033341
3822526 3850490 3841316 3656234
3770612 3788733 3819978 3892925
3957766 3994446 4014383 3726043
3893493 3926240 3937818 4080574
3799362 3932224 3840832 3795722
3970196 3960160 3888297 3966939
3856312 4042489 3897440 3840159
3998736 3805976 3907124 4079644
3742990 3917365 3715220 3754666
3966375 3833569 3739689 3946063
3842055 3975224 3882086 3855024
4024572 3824432 3896500 3995743
3953177 3818140 3759855 3886461
3820499 3876604 3942524 3851965
3941398 3877805 3856223 3886600
3855593 3927556 3893293 3893668
3770383 3708147 3679808 3862899
3717985 3821577 3893055 3758307
3882978 3876969 3847151 3953899
3879134 3915593 3994336 3882316
3961395 3916699 3840762 3745999
3881690 3765530 3782653 3987162
3996425 3994035 3878933 3800652
4046962 3840444 3967452 4044653
3818216 3874254 3797325 3614107
3821987 3729629 3842290 3933260
3913707 4055246 3950264 3784936
3952150 3943528 3886866 4036085
3920123 3867620 3922622 3890984
3872042 3783479 3756833 3866165
4017632 3900636 4021734 3935297
3868157 3942300 3865097 3941708
3774044 3775959 3927274 3836889
3813202 3720956 3709930 3760843
3935371 3848679 4033873 3912314
3917676 3846879 3859947 3979157
3876817 3971765 3913271 3897134
3699773 3998043 3689966 3814162
3910009 4034560 3952528 4060416
3925208 4058743 3829023 3862569
3802800 3900845 3841055 3826319
3743294 3923457 3646116 3732210
3914016 4043369 3940939 3946439
3886663 4068344 3726563 3835694
3841939 3908616 3909102 3718826
3803896 3775664 3877530 3924779
3839535 3962535 3869068 3749429
3772011 3913311 3892744 3937463
3796678 3940401 3845287 3706920
3775914 3865100 3856135 3977053
3869715 3872381 3825346 3682605
3717059 3833010 3794194 3848514
3872890 3986290 3777750 3836764
3978639 3797143 3832601 3989820
3833425 3913266 3735522 3829577
3955950 3875480 3897694 3978686
3893037 3903346 3818706 3781630
3984562 3872045 3864503 4019152
3749561 3791986 3647626 3771952
3927231 3768901 3768058 3885484
3862655 3797885 3846187 3866173
3726098 3832732 3914981 3888608
3879991 3801498 3822682 3935748
3832846 3758241 3888634 3891941
3831612 3721224 3768837 3838224
3825139 3841985 3952198 3876877
3828282 3726181 3719810 3821372
3689634 3795876 3892152 3790283
3815928 3862350 3786214 3649230
3858620 3759820 3849717 4029344
3908586 3963564 3847978 3712612
3976418 3865439 3857198 4037924
3981351 3919105 3794766 3767693
3903895 3866708 3899968 3913984
3858944 3796256 3791256 3678298
3807497 3765926 3821677 3912866
3955133 3826211 4061688 3903576
3886083 3791411 3791455 3933880
3880913 3911277 3993746 3918582
3755849 3790182 3783065 3856516
4005091 3875997 3993290 3928908
3871787 3814989 3741222 3896529
3792941 3834684 3891094 3880196
3700529 3726153 3632499 3880399
3808267 3965819 3844250 3928793
3726321 4030105 3687610 3806591
3841985 3982213 3916565 3850188
3847206 3937899 3671887 3716579
3926794 3902080 3819104 3907837
3822149 3994504 3764234 3815693
3882740 3974558 3799939 3823261
3632765 3901493 3641046 3818123
3693591 3780299 3755155 3603844
3618723 3787234 3803002 3860136
4013243 3953187 3980166 3810533
3805579 3878706 3932835 4052730
3893811 3965775 3933917 3704940
3865741 3909927 3986024 4004890
3939382 3983392 3845916 3815181
3676138 3858682 3910187 3925684
3694083 3826467 3702430 3702203
3848560 3741020 3747097 3865922
3880632 4010893 3848741 3923987
4044088 3964474 3900336 3942314
3920441 3954241 3753344 3894574
3997346 3881106 3889150 3995492
3881272 3965608 3710183 3931258
3953627 3877547 3866120 3998961
3736448 3658477 3742256 3765786
3716769 3627948 3747681 3850633
3984273 3792727 3876692 3955021
3843445 3872920 4017268 3907860
3879547 3878051 3789663 3931903
3842133 3922254 3953626 3874180
3905511 3865547 3859420 3877220
3851654 3849184 3871454 3903061
3841262 3867183 3775173 3629701
3749027 3676877 3810689 3803311
4008408 4012538 3878359 3886945
3946864 3930506 3983086 4075075
3960745 3933997 3892353 3746109
3987993 3926047 3928898 4050667
3920300 3968302 3872421 3726288
3860654 3878996 3922607 3913413
3822076 3742600 3897808 3771316
3770667 3698001 3705702 3797899
4024167 3853060 4032132 3981220
3923739 3898786 3724953 3918173
4045530 3902271 4066641 3951776
3922199 3739436 3768570 3995845
4000045 3856532 4039429 3940118
3874234 3810035 3793989 3941343
3714084 3886125 3803716 3838931
3736750 3864790 3653942 3670458
3968695 4060683 3957448 4076193
3819889 4027974 3714611 3934038
3958116 4009876 3875156 4042351
3879602 4011045 3680928 3872045
3872321 3934767 3825737 3973852
3813906 3986927 3754247 3795889
3841589 3764019 3857430 3737819
3810660 3723726 3898146 3868576
3889285 3875521 3874447 3758470
3868131 3887678 3919472 3973197
3885555 3847889 3831782 3674378
3734375 3810333 3876137 3871402
3887254 3952090 3944248 3739041
3844275 3880701 3967090 3952494
3718516 3852453 3729875 3814460
3863898 3830698 3710912 3855139
3799039 3979442 3814024 3831743
3956683 3898319 3881039 3955045
3722594 3861233 3736556 3817296
3899306 3830510 3902487 3927424
3874306 3959316 3824093 3867219
3976645 3892434 3775439 4005767
3783724 3662679 3641856 3705438
3720754 3732477 3884510 3794199
3868847 3687809 3759374 3874404
3685655 3806696 3929086 3911538
3840741 3696794 3721641 3894185
3714070 3850704 3870753 3831414
3944455 3880575 3817833 3940371
3768181 3906262 3949069 3872877
3830385 3908568 3757938 3695080
3764203 3759297 3764675 3856582
3882811 3981562 3815870 3790009
3895661 3811305 3920065 3978850
3895960 3900289 3821195 3747617
3865973 3837780 3920376 3869665
3961516 3963428 3913975 3806498
3890415 3866244 3933512 3997891
3840439 3818559 3926357 3776641
3747209 3786230 3662482 3748474
3950908 3852521 3953627 3931820
3775624 3819385 3712989 3857485
3786789 3836168 3982045 3903798
3777563 3784613 3727883 3851191
3937263 3916647 4036808 3990282
3916836 3827880 3787416 3888317
3773790 3930482 3862554 3802095
3716406 3867864 3638965 3698420
3862844 3966460 3844908 3919621
3873809 3897945 3698289 3818289
3855123 3942839 3913625 3866368
3733197 3937363 3696404 3829357
3957111 4010030 3873963 3990948
3752719 3950100 3746750 3809087
3886887 3936951 3938171 3724686
3781269 3838036 3891096 3934241
3936077 3904370 4022446 3811565
3838701 3921181 3940010 4024633
3981829 4027724 4035853 3858905
3848797 3926643 3956142 3981747
3842865 3860262 3843071 3726440
3724510 3893417 3873280 3892112
3857055 3998616 3869155 3820311
4022460 3901990 3836726 3934688
3919419 4023240 3885954 3959217
4034955 3845819 3862207 4004998
3883292 4012068 3824124 3725382
4057453 3925920 3929076 4032801
3818223 3899553 3830094 3795763
3989133 3802129 3813645 3840651
3916826 3726394 3775148 3942899
3799583 3873233 3938390 3889477
3866765 3787990 3864198 3906776
3812719 3825028 3975911 3905349
3932517 3830050 3857083 3931372
3866428 3850401 4066355 4010206
3847846 3832652 3829154 3915867
3814806 3797978 3782883 3818778
3937011 4035421 3825796 3709022
3864999 3851020 3858682 3874272
3923312 3941198 3962229 3772153
3856586 3916643 3920001 4003051
3951435 4022434 3968739 3843707
3960945 4021150 3912821 4058132
3879421 3880826 3825313 3625310
3868992 3712467 3830512 3933658
3945247 3888561 3957869 3953253
3886298 3866767 3707766 3849001
4048019 3831180 4012362 3957625
3836170 3876313 3796251 3953967
3961919 3915261 4036884 3985612
3891011 3939783 3853138 3984553
3830584 3798388 3914960 3901117
3794152 3773207 3781799 3943137
3875885 4063033 3925603 3976104
3794976 3947722 3727810 3797169
4049194 3995770 3889038 3905160
3889575 3990625 3766955 3745050
3948154 4107929 3997894 4069956
3784927 4037691 3802117 3934859
3857980 3958379 3918047 3926315
3808289 3912698 3699329 3752560
3738947 3872920 3733135 3640568
3654073 3810487 3763143 3758719
3824848 3793829 3783305 3570027
3757912 3732058 3773725 3765752
3865430 3948598 3855116 3677989
3751459 3777581 3884106 3763912
3870509 3899449 3859815 3793449
3771100 3854416 3850861 3963961
3690690 3741243 3668916 3734467
3914457 3714818 3807145 3819280
3707547 3842627 3692537 3670217
3824397 3810587 3768951 3877195
3765646 3913379 3759404 3773938
3983563 3873123 3900389 3886942
3705748 4003269 3757154 3822043
3905554 3914822 3841350 3964340
3732363 3640415 3726764 3788233
3673089 3741785 3836652 3770152
3789351 3699038 3603807 3740434
3702261 3726804 3777862 3778753
3897791 3730035 3778376 3872588
3760224 3825306 3834131 3745560
3856616 3827367 3740556 3842898
3814376 3776492 3919533 3861525
3855718 3871679 3664510 3648907
3792657 3706306 3732449 3811905
3884704 3799986 3713683 3591062
3716312 3672514 3788426 3859284
3896263 3974225 3884782 3756701
3865044 3848888 3839898 3903968
3877976 3992048 3841276 3773963
3862915 3870589 3945967 3983251
3872924 3773277 3857602 3773263
3719875 3646989 3710220 3736779
3768391 3715944 3882070 3788321
3739192 3665944 3633266 3764453
3852773 3847042 3948594 3884965
3869255 3768607 3679394 3856009
3997314 3795475 3938032 3884288
3746454 3804423 3745636 3847141
3681704 3791874 3757348 3809918
3672093 3806380 3653130 3641503
3725067 3888086 3742657 3817973
3678341 3839378 3603546 3700202
3802413 3930691 3809123 3909311
3738097 3946607 3729766 3808784
3885483 4025124 3802823 3939654
3760144 4038620 3709424 3781949
3815624 3817990 3805800 3665171
3705965 3821013 3937396 3880498
3948938 3921793 3847518 3783754
3778533 3833564 3883825 3999796
3950570 3886948 3835670 3707994
3822640 3868042 3890315 3893991
3793156 3748258 3735681 3555502
3723597 3696305 3800418 3737646
3736622 3905498 3672105 3733185
3900005 3759745 3835376 3861342
3840861 4046762 3787993 3771357
3988789 3859957 3872442 3956891
3816131 3939208 3807826 3818913
3907222 3872986 3874056 3896144
3598004 3853395 3714556 3731624
3820893 3684869 3707026 3714074
3828070 3737936 3798159 3824431
3774536 3768447 3862091 3751917
3909498 3816097 3792493 3950857
3799625 3830441 3925855 3888579
3851313 3805963 3730822 3826176
3775117 3888897 3868508 3844273
3747208 3672556 3637878 3701425
3644371 3766645 3791652 3698217
3848383 3837273 3785277 3703911
3792190 3835597 3860372 3869615
3935950 4034770 3901520 3736707
3851820 3869447 3857994 3923983
3918768 3972192 3769092 3797476
3867634 3900446 3893962 3905888
3746445 3737267 3684103 3539407
3636357 3711033 3686824 3786985
3947741 3794829 3939657 3802821
3763798 3771470 3705070 3808844
3952486 3921268 4007399 3944469
3854560 3849737 3737861 3896683
3917976 3827668 4015251 3869527
3834209 3715880 3779111 3868351
3800795 3762355 3728420 3724333
3705512 3688938 3589343 3711235
3795897 3844700 3801668 3837242
3719122 3890162 3682365 3715285
3817405 4024471 3847180 3900418
3790261 3993729 3650684 3819400
3869010 3999554 3822875 3894829
3737936 3844221 3701880 3802834
3697705 3914382 3692147 3701735
3591354 3835683 3590569 3651775
3923299 3874832 3807446 3797236
3819130 3921004 3875830 3959008
3984211 4048936 3966924 3872739
3865255 3975604 4047366 4033241
3868872 4015546 3969605 3739003
3763138 3829723 3870577 3901515
3926020 3825599 3824199 3675560
3758175 3794211 3892811 3843270
3822708 4016382 3751607 3923807
3982893 3805150 3845076 4038593
3917275 4114184 3942216 3937147
4177259 3899801 3922360 4044442
3854644 3899089 3773545 3804218
3915796 3916212 3823955 3940374
3774515 3918709 3728555 3858939
3885553 3791140 3852755 3871995
3863860 3831592 3826013 3933877
3739955 3845883 3992280 3854885
4073992 3970058 3979671 3979841
3988414 3983558 4083296 3957105
3823284 3790161 3783156 3899976
3842026 3843436 3912773 3822138
3869293 3774548 3713369 3827233
3702187 3729405 3811751 3904573
4006399 3982092 3806314 3803116
3780735 3878744 3889574 3956769
4049626 4118184 3981418 3839342
4013549 3970450 4074092 4047398
3862276 3895109 3847689 3700544
3881790 3811519 3883470 3946747
3830340 3919525 3806962 3724309
3781931 3739395 3801811 3959645
4027498 3935582 3973858 3924085
3884152 3811034 3782549 3959352
4080820 3972050 4064038 4089844
3878939 3921258 3930579 4048994
3921767 3824114 4004312 3860217
3826653 3733453 3725484 3865361
3870278 3762756 3907725 3826717
3811324 3710002 3712325 3865385
3889035 4029172 3883404 3949522
3787309 3963742 3767332 3850366
4025845 4095275 3919853 3975975
4006506 4104694 3827132 3859829
3804790 3922145 3853710 3910196
3766245 3983253 3783251 3815747
3825266 3893403 3793239 3873766
3737241 3885615 3653677 3689394
3830879 3858432 3761286 3684777
3765579 3879957 3842783 3882321
3830842 3874917 3834047 3748067
3830823 3815422 3947451 3888772
3843419 3880000 3873943 3722476
3648244 3789213 3768230 3861287
3958932 4027836 4005803 3835542
3906042 3858842 3931193 4018705
3837362 3965658 3702998 3738667
3898432 3765601 3803249 3918053
3790555 3976634 3753747 3788158
3890459 3856766 3840725 3895565
3844012 3874705 3756813 3746083
3819367 3846439 3823965 3984150
3938930 4036243 3886059 3904083
4011440 4003778 3904980 4042498
3946590 3715242 3812727 3856446
3789835 3738010 3891136 3814143
3832421 3801726 3732396 3898173
3741569 3890923 3850190 3830774
3798462 3740152 3723315 3809149
3715984 3745643 3796793 3815188
3900596 3856232 3882996 4007881
3882285 3879214 4005083 4006870
3889275 3875030 3762101 3770726
3735909 3843455 3892219 3960748
3862277 3923369 3791853 3739784
3864297 3806474 3832949 3927199
3836847 3817242 3795483 3631510
3788463 3800491 3858845 3925403
4022154 4082842 3989606 3801054
3943925 3870976 3943072 4073459
3875761 3845158 3932781 3828546
3814825 3801036 3731820 3868344
3970881 3826870 4023104 3911942
3773467 3748391 3808059 3890887
3915385 3698818 3951448 3783771
3762578 3764429 3706808 3834610
4053980 3889255 4029419 3941062
3934342 3900853 3819105 3944010
3882333 3919655 3860407 3794732
3757006 3988653 3707925 3851428
3899555 3931677 3834091 3889325
3762333 3947024 3758594 3754700
3782736 3797390 3721850 3875118
3741279 3908631 3616405 3643206
3934340 4136814 4007052 4023108
3873366 4134030 3811287 3904181
3956867 3982322 3928914 3854531
3825047 3870165 3929306 3997884
3897348 3916010 3816999 3690321
3693307 3780762 3877621 3855833
3809156 3719537 3719719 3593325
3680531 3790922 3785584 3907616
3782277 3715224 3661627 3622106
3714923 3744960 3731429 3742151
3907928 4009560 3823898 3944403
4065657 3898217 3828385 4031229
3782652 3879017 3798949 3718117
3959300 3800387 3691807 3917745
3678137 3816051 3742091 3638208
3874802 3730568 3685793 3852106
3669023 3890591 3656607 3671662
3846892 3730924 3719336 3812622
3898884 3930503 3784442 3960866
3822494 3860595 4002507 3891563
3772936 3739008 3769223 3828307
3779803 3749798 3810899 3765114
3785763 3694484 3664007 3815046
3716334 3693793 3895807 3712031
3704144 3613886 3705922 3706635
3613431 3646187 3748148 3759664
4055656 3934941 3902927 3765459
3930375 3909307 3967802 4017801
3823459 3874372 3850598 3700582
3795918 3790897 3779936 3886386
3805932 3859210 3703725 3678577
3797449 3768319 3777899 3869352
3795404 3838338 3731012 3591552
3795929 3781758 3806188 3825695
4023064 3914626 4039930 3956639
3806262 3933559 3810411 3976853
3886709 3774034 3951343 3862917
3774663 3748369 3722470 3857254
3792202 3699871 3893951 3805730
3664848 3719264 3588961 3779260
3800978 3719560 3836613 3766094
3733621 3582072 3666664 3729241
3946878 4011728 3889609 3986556
3823565 4064265 3863268 3865571
3813499 3918927 3848201 3900316
3725851 3935469 3692680 3748969
3779103 3944235 3771370 3792191
3668459 3920157 3666462 3736476
3748733 3812598 3755744 3760808
3589836 3794368 3551883 3616796
3864218 3858235 3880159 3755817
3793261 3794820 3894257 3914092
3976616 3931735 3939531 3850666
3866099 3906945 3988768 4019286
3898953 3876920 3912982 3748450
3789173 3928266 3762470 3918619
3836797 3896246 3825207 3668866
3719488 3827052 3873964 3834915
3782349 3853794 3737709 3763895
4007609 3803277 3782385 3929957
3932542 4151619 3914344 3820168
4055081 3932768 3849358 4019094
3853070 3943448 3744018 3809707
4029194 3835830 3832665 4028823
3756381 3879134 3742294 3737627
3829009 3770152 3838978 3878569
3803801 3698231 3752500 3785974
3766686 3749548 3900231 3853292
3962218 3850604 3885760 3877275
3878252 3886101 3977560 3856978
3837464 3737326 3825849 3901294
3789125 3827179 3931565 3909756
3802529 3772276 3785897 3810056
3805767 3791774 3798801 3807105
3880715 3929770 3800441 3706316
3826477 3854798 3870229 3928005
3972982 4017208 3954201 3804622
3921169 4002057 3963931 3980531
3908303 3883107 3835348 3745826
3818951 3867140 3909870 3921986
3875520 3871617 3789458 3676170
3768558 3770189 3905512 3897404
3887429 3834491 3901962 3871817
3821073 3759311 3741344 3800175
3966700 3947779 4081165 4027795
3875592 3943848 3846201 4065877
3921277 3868810 3976469 3866007
3812018 3797611 3762906 3832089
3949956 3814976 4058618 3843460
3775501 3753848 3720594 3872896
3809320 3940903 3765524 3857264
3795115 3926033 3642747 3655851
4000208 4062979 3883127 4010958
3874276 3976384 3757677 3921451
3827471 4050682 3836579 3912775
3745010 3946689 3752019 3738987
3723231 3969207 3821959 3863774
3724778 4003688 3701532 3790256
4151163 3967236 3937594 4133263
3982242 4057269 3899026 4038462
3904981 3853656 3772097 3773460
3758862 3750761 3641124 3788683
4098229 4096649 4074693 4059079
3964038 3994870 3923840 4054889
3897616 3884701 3738365 3920783
3807048 3846333 3764634 3862795
4172983 3899706 3878173 4030339
3841482 3956171 3951769 3955398
3890063 3736198 3678135 3753878
3591497 3679759 3791265 3766325
4133992 3942179 3978966 3974296
4003894 3996057 3924859 3899347
3907470 3767615 3796464 3811527
3754784 3872343 3875535 3738884
4016609 4139571 4079385 4013056
4048324 4148683 3964898 3969350
3758142 3972022 3764387 3783601
3843961 3936393 3720214 3735989
4034554 4114339 4021245 4128629
4088508 4104041 3961193 3944639
3884676 3864492 3900308 3936143
3930747 4030001 3732648 3789035
4045728 4108769 3909480 4041713
3961416 4032394 3866907 3813822
3813899 3797275 3748978 3793530
3682026 3798463 3653137 3660428
3997015 4065827 4026431 3975479
3897421 4047940 3924843 3783654
3850984 3936740 3760180 3844430
3787035 3864077 3792984 3761769
3919780 4021582 3923852 3878188
4092677 4082907 4032468 3889686
3707389 3759322 3805837 3676897
3786441 3831131 3865936 3737398
3951776 4082781 4034603 3819014
4080900 4039954 4018365 3959559
3764692 3846333 3899525 3751947
3917132 3822191 3820564 3843893
3982156 4046006 4067761 3953253
4030681 4015243 4057681 4130147
3754205 3801093 3716671 3688530
3816163 3787672 3840974 3893066
3932659 4063910 4078620 3978076
4015013 3997001 4157413 4184503
3717819 3930323 3902153 3817983
3898747 3822271 3893381 3949162
3833108 3719097 3744252 3747974
3718467 3771794 3709194 3802994
4001614 3979782 3903922 3887664
3913894 3923505 3823624 3869897
4057791 3926258 3932464 3955038
3867000 3959052 3878288 3930390
3806457 3805758 3690035 3831771
3715653 3800339 3721146 3818639
3884010 3705486 3638388 3699358
3662637 3770779 3745522 3728813
4009750 3920047 3815118 3930259
3778266 3880128 3947557 3843822
4031917 3802487 3867176 3800532
3735335 3864881 3912167 3854327
3935940 3665737 3697872 3705961
3693558 3645197 3736711 3684628
3747550 3871560 3863754 3822880
3872236 3840097 3780220 3754590
3898075 4018028 3965613 3966027
3965057 4088512 3858879 3881541
3944786 4067262 3948493 3915213
3974841 4082161 3846082 3808681
3720986 3809680 3765749 3792500
3893344 3929797 3698448 3692221
3853078 3817330 3692498 3741182
3704469 3786676 3745827 3584576
3955423 4022694 3873367 3901116
3830198 3961102 3882021 3782388
3980071 3969539 3850682 3917693
3885250 3909998 3837672 3720589
3814030 3881907 3681322 3784566
3746232 3719940 3700153 3602554
3736407 3755587 3729396 3693955
3816847 3845611 3769908 3759886
3791818 3841485 3904281 3866363
3939324 3977012 3919072 3843343
3789569 3795251 3897683 3777035
3952216 3957418 3953856 3897294
3677338 3781488 3749594 3646257
3846670 3763460 3717578 3673592
3728315 3830671 3801983 3818234
3742850 3738370 3867481 3902699
3976513 4007903 3944611 3911800
3920230 3880181 3918358 3955319
3877104 4002844 3895098 3913840
3971363 3921036 3986845 4093528
3769540 3815186 3712105 3727985
3705216 3789283 3759733 3902338
3987529 3879992 3806692 3912448
3798647 3979072 3859606 3860004
3888873 3800118 3825849 3795802
3754983 3824743 3714978 3747307
3941204 3836038 3732301 3899731
3796523 3855480 3746017 3771397
4200027 3979713 3968399 4100452
4039034 4012055 4019562 4031996
3973382 3756945 3810673 3819665
3814638 3821005 3809190 3852858
3901609 3657198 3723556 3737242
3668963 3716282 3706748 3759684
3921197 3742995 3750571 3852235
3776716 3830701 3775231 3807139
4120917 3981747 3963590 3960552
3892945 3988694 3941490 4014895
3935298 3992825 3859032 4017317
3938582 4050585 3909198 3858548
3870059 3889973 3782227 3884461
3819064 3893810 3744344 3842794
3816803 3964669 3941763 3920743
3869195 3953809 3816017 3861014
4066498 4078904 4044622 4074755
4139408 4147494 3976247 4007283
3958459 4007197 3857205 3982684
3805133 3905636 3765469 3777382
3793142 3914098 3738419 3846176
3737179 3809472 3732867 3626594
3868457 3967242 3797322 3806951
3738128 3830136 3675793 3721340
4079661 4154672 3968809 4034706
3971372 4036452 3944307 3855428
3722566 3843943 3868720 3821390
4029933 3889663 3901849 3836009
3745484 3668659 3802482 3731432
3856900 3860340 3802428 3689480
3690482 3661123 3776620 3782910
3938729 3817485 3851574 3774637
3883425 4006315 4084435 3983745
4155523 3974440 4116058 3986225
3918093 3948318 3902248 3846546
3850067 3882826 3970346 3972700
3767235 3825077 3755626 3727842
3788065 3792266 3834698 3924542
3745935 3870782 3864978 3762149
3875497 3812646 3807595 3983737
4001289 4093233 4150714 3982496
4051910 3970841 4032490 4174065
3955479 3906419 3774400 3853657
3863438 3822918 3855446 3808148
4038072 3912357 3867602 3922597
3821392 3917969 3846469 3924913
3895494 3810392 3758228 3864021
3823591 3881699 3814498 3853492
3985228 3891209 3788501 3938491
3740614 3895135 3852724 3801777
3970724 3714710 3763667 3844175
3722171 3801735 3824253 3720054
4081857 3790572 3760146 3992451
3758534 3868284 3832418 3816262
3992245 3804936 3827813 3803113
3753902 3811763 3838927 3738977
3937405 3778175 3833886 3876093
3717456 3814293 3889086 3789308
3801554 3981760 3892740 3829058
3981412 4004767 3816204 3830829
3896887 4037416 3946959 3893948
3972984 4017249 3848563 3907701
3887009 3982255 3877644 3959463
3972310 3944708 3797065 3813417
3841436 3943513 3891327 3894138
3977673 4034848 3776096 3798745
3916744 3966764 3853412 3837802
3733778 3826161 3664577 3726015
3915862 3988469 3877883 3853284
3824558 3902607 3806129 3717717
3872563 3985210 3780639 3916775
3737127 3839701 3650802 3789591
3899693 3905089 3708492 3862454
3770075 3854817 3815214 3675605
3775007 3765377 3749223 3741667
3886178 3845232 3813632 3806671
3740461 3845426 3980756 3847666
3997002 3885009 3932236 3810137
3732711 3827836 3834809 3755472
3904092 3900347 3778225 3724559
3701881 3935389 3934219 3715760
3934318 3921585 3896488 3758636
3778498 3932988 3901073 3853313
3890866 3842699 3877673 3891765
3837687 3966647 3937297 3768559
3846154 3846447 3913033 3979234
3802328 3945740 3824650 3760334
3907982 3794189 3864644 3976707
3757866 3918417 3791122 3871215
3927545 3871251 3782100 3963912
3952119 3883856 3863299 3965462
3824538 3865086 3813710 3899105
4021648 3928826 3835569 3908963
3904304 3908535 3852241 3798193
4030022 3958233 3866451 3996666
3912507 3847840 3844401 3929209
4047922 3919901 3845549 4023834
3949412 3991270 3964575 3954613
3937195 3861177 3763008 3834303
3729096 3791757 3774890 3770807
3914381 3783786 3739424 3825404
3775569 3779716 3890308 3818477
4068703 3882850 3794826 3839551
3765644 3860174 3858404 3739211
4022794 3896666 3882330 3950078
3834921 3870014 3911987 3825815
3900770 4008303 3943975 3971493
3860152 4009374 3890521 3850682
3879282 3956594 3918293 3860000
3908467 3984744 3786996 3807482
3897942 4091756 3933393 3969462
3991246 4027927 3827056 3861433
3960385 3980922 3954791 3980210
4029450 4094171 3922099 3857843
3879491 3924698 3760228 3860660
3841389 3911878 3764321 3751509
3942136 3933486 3797523 3833515
3825681 3972818 3812852 3680432
3948999 4021564 3845762 3863710
3825800 3938197 3842687 3745697
3913494 4015375 3871584 4002371
3864675 3987331 3780692 3841116
3871929 3788315 3808512 3776001
3851958 3941675 3810690 3795578
3802037 3806482 3925490 3805558
3943799 3837001 3900348 3784283
3785817 3935924 3860665 3850298
4005131 3908699 3879293 3791527
3879597 3965660 3920749 3919966
4019799 3990185 4007711 3879350
3810688 3948166 3896055 3898195
3928337 3846334 3967958 3932242
3781009 3907928 3803782 3797290
3798388 3833532 3864454 3981055
3863249 3888765 3857393 3782101
3909648 3861444 3917270 4069526
3958416 4012453 3957119 3932332
3961215 3882336 3871657 4073732
4076339 3890138 3799974 3932455
3873709 3884848 3931232 3908049
4086061 4019746 3877109 3961586
3855414 3951797 3797830 3837514
3901058 3857225 3706737 3857038
3793675 3815657 3667710 3741434
3913758 3855401 3729056 3919202
3719182 3814455 3721996 3735134
4095712 3895287 3816881 3938284
3807677 3919633 4009943 3806569
3998584 3891378 3812846 3883100
3861349 3913825 3875654 3880430
3883126 3722911 3678836 3768205
3684197 3767433 3759092 3657173
3878601 3778265 3681849 3802024
3694973 3875746 3851007 3731372
4013963 4013215 4010087 4015792
3947674 4170423 3870093 3906312
3845934 4054619 3850633 3968572
4033086 4061061 3922842 3846074
3734635 3842257 3792185 3874303
3861427 3948412 3736152 3734994
3773816 3870144 3824708 3795265
3765179 3955654 3833342 3710668
4004161 4096403 3893652 3959066
3842428 3894453 3784731 3865654
3907429 4029932 3801726 3860440
3873149 3993745 3795278 3753393
3855504 3965459 3665050 3724959
3801316 3826884 3683116 3630487
3868456 3912622 3805114 3765529
3663414 3829142 3734525 3649991
3894097 3955374 3984741 3854506
3956824 3970216 3935786 3863100
3840034 3887805 4002775 3813326
3950399 3916610 3881955 3945611
3693412 3742870 3766451 3704639
3889893 3842418 3798138 3753169
3720646 3785268 3785934 3693359
3917785 3746867 3795812 3695047
3931632 3946921 4008040 3907156
4006707 3902166 3979051 3953563
3896857 3913791 3936281 3852577
3942991 3845991 3993871 4047547
3782743 3865968 3756745 3750685
3747788 3828540 3825043 3895147
3797254 3801114 3808326 3744133
3707573 3734680 3886077 3919108
3997576 3946707 3847190 3947655
3832801 3972524 3860800 3779281
4046888 3910725 3877887 3944092
3802828 3863351 3879759 3880778
3927179 3854464 3736379 3876575
3842870 3761065 3735545 3816084
4006313 3977126 3794047 3905517
3909451 3956053 3900172 3863503
3931242 3782018 3837506 3852552
3707942 3803487 3808538 3859183
3998976 3802308 3729104 3919041
3749691 3861108 3928075 3806682
3947325 3729001 3808343 3913387
3702609 3780078 3800026 3780739
4046417 3926252 3811233 3881177
3770378 3876645 3930183 3938576
3834376 3924442 3874334 3921762
3962654 4058409 3787442 3820379
3936374 4021496 3906383 3901098
4015705 4077478 3863931 3942202
3798721 3933839 3903766 3838574
3909560 4015132 3653211 3774170
3904325 4014902 3912913 3965203
4043310 4020920 3813328 3824585
3941830 3959618 3744373 3962165
3834398 3924700 3766068 3671425
3933348 3971780 3857281 3897599
3783270 3925399 3809901 3757031
3894960 3827975 3795596 3855927
3820516 3828402 3760858 3705868
3984750 4088073 3779593 3888748
3866895 3965815 3824538 3726520
3763751 3821115 3915742 3850625
3938542 3870037 3922952 3837840
3844698 3840470 3878504 3771370
3949305 3923938 3907228 3857652
3715348 3819701 3746405 3748575
3904532 3803484 3802885 3781683
3787119 3913267 3959798 3784331
3964974 3889396 3855699 3926456
3898516 3881606 3942653 3798760
3831563 3860487 3826928 3946807
3776186 3877978 3973702 3901514
3923354 3918216 3960995 4000530
3839863 3910437 3762779 3748889
3831450 3831271 3819232 3939194
3856562 3966755 3975775 3866977
3980020 3907661 4004446 4036637
3959910 3790696 3780196 3856739
3758895 3856806 3813823 3897225
4059607 3909824 3897201 3963596
3890487 3952314 3913669 3874623
3950889 3958392 3893920 3978054
3930265 3949416 3951376 3973025
3958786 3904775 3845476 3957339
3847879 3861645 3816950 3971979
3969712 3747821 3723834 3783825
3751357 3782108 3795287 3739767
4021607 3826756 3826932 3937927
3773733 3856248 3889794 3910468
4091102 3888234 3813706 3898237
3828655 3900088 3871134 3880625
4172553 3797380 3849314 3915417
3808617 3929259 3835095 3803077
3861838 3983696 3918605 3937830
3900989 3944214 3809266 3795536
3937750 4001903 3999059 3954221
3981576 4103602 3946211 3934874
3932554 4056129 4076181 3998176
4048511 4121009 3900406 3797195
3899624 4001831 3871190 3968441
3932664 4016844 3999667 3845717
3921079 3944780 3781553 3906317
3773620 3860088 3720799 3692465
3936470 4064173 3861059 3837821
3818804 3987560 3854855 3718952
4040619 4070157 3862763 3962127
3861707 3960352 3834533 3856087
3950193 3957597 3829888 3856902
3801993 3879806 3782768 3733320
3651370 3816438 3809708 3728571
3957056 3895319 3858961 3773483
3793076 3877359 3888220 3773819
3949834 4011824 3889917 3807383
3816921 4008597 3994010 3849863
3982530 3948341 3901932 3868919
3764766 3911984 3879455 3749876
3972817 3954914 3886440 3830480
3784766 3902039 3927341 3841482
3836213 3743940 3959123 3885488
3850812 3956154 3943361 3833516
3929901 3874875 3859282 4019960
3837892 3940055 3953821 3915328
3963959 3846161 3959557 4053553
3783997 3929804 3839499 3770622
3940485 3851666 4018609 4046554
4094359 4054953 3934323 4002911
3880625 4003700 3916433 3962757
4094175 3956218 3910586 3969572
4010896 4007035 3932926 3928313
4092364 4050267 3884415 4051336
3896212 3919510 3926234 3922530
3996291 3842018 3759282 3912959
3833041 3846149 3858034 3901039
4078515 3902225 3868959 3936107
3809408 3814777 3956415 3919400
4125842 3877950 3973503 4051401
3833894 3955197 3973858 3899612
4001780 3843956 3898308 3932461
3854598 3998179 3905463 3939117
3876461 3725552 3799856 3944337
3762864 3798949 3860868 3760892
3919012 4028456 3944826 4002344
3917444 4121331 3906796 3913416
4051873 4110801 3995742 4040026
4032210 4111121 3959944 3972308
4039173 4064477 4002060 4002629
4040797 4103520 3961260 3911134
3838471 3970738 3915647 3950083
3901172 3963480 3852929 3825780
3950312 4000717 3948600 3964026
3883328 3959081 3871629 3787414
4021259 4014581 3935795 3932485
3915199 4065022 3835506 3827140
3993656 4098396 3895754 3800154
3878259 3935374 3850178 3813537
3957223 3970536 3855512 3857967
3802258 3890164 3772605 3740577
3896454 3765145 3974625 3920787
4065689 4002354 3893402 3893089
3927597 3917363 3891771 3802939
4109803 3941973 4010669 3898367
3871507 3908035 3983155 3805500
3975379 3995632 3927697 3848193
3705471 3922533 3836807 3761204
3928200 3859310 3936999 3820179
3906461 3996143 3972699 3934848
4063940 3913257 3962524 4183406
3923222 4096722 4023231 3959816
3896755 3931765 3971454 4166679
3916673 4012750 4037260 3963071
3898568 3902261 4043387 3980648
3849731 3895753 3907063 3800795
3875181 3839517 3870747 3957498
3709157 3746238 3670237 3788991
3610093 3711073 3644845 3715374
3917226 3805244 3755729 3882122
3801498 3889061 3738589 3827612
4004683 3895998 3864321 3875524
3833292 3846392 3739330 3779116
4144569 4021544 4000340 4081661
3980065 4037790 3902816 4024530
3768362 3648096 3649156 3713267
3572763 3739822 3612994 3678077
3913117 3781129 3677783 3844449
3766493 3771400 3819955 3786986
3833800 3730457 3770178 3742669
3675601 3800141 3827704 3754784
4134810 3844151 3855598 3974409
3911003 3876449 3954209 3926519
3718549 3772460 3715981 3727339
3811592 3846296 3698023 3663297
3907429 3976956 3897382 3793111
3908361 3948289 3818231 3796282
3817524 3821078 3856731 3872604
3922328 3955554 3787112 3767316
4016660 4133951 4011734 4097891
4106447 4115093 3901257 3936139
3790904 3848686 3661557 3623403
3594427 3788065 3552497 3575243
3915733 3922559 3740073 3823530
3700125 3863741 3797519 3679080
3853579 3886016 3757107 3806033
3718714 3859575 3635153 3681345
4097273 4151824 3931130 3942121
3889458 3946204 3893902 3807308
3592732 3697046 3693677 3631416
3767257 3774011 3746326 3658359
3723444 3829709 3810365 3715832
3876736 3924962 3830980 3772287
3729429 3823684 3836953 3723674
3827616 3795182 3869288 3723274
3933051 3973171 3998773 3899065
4131426 4029103 3994497 3943483
3683178 3819180 3680729 3691582
3652923 3678141 3697393 3870249
3755820 3868434 3783090 3797499
3830346 3788593 3841208 3882213
3755862 3895151 3804517 3837934
3802601 3708575 3886056 3994012
3917920 4054312 4001100 3929363
3993832 4017179 4079784 4220865
3977120 3891997 3920207 3926699
3908436 3952511 3823218 3959747
3935216 3872367 3743913 3885532
3838657 3856866 3867649 3803171
3993853 3964143 3831263 3972951
3870175 4001243 3867841 3883838
3814366 3701563 3599751 3781834
3642793 3728516 3636457 3827575
4062932 3754643 3827710 3915905
3740435 3838438 3878759 3821986
3903694 3775946 3762088 3780867
3742362 3785656 3830104 3719270
3981459 3873661 3848149 3872632
3799933 3824304 3893845 3836018
3829882 3565992 3597027 3663965
3581116 3619930 3702169 3579949
3851422 4019827 3990266 3985126
3965043 4057463 3775821 3904072
3831739 3945008 3847071 3946801
3908218 4003754 3781547 3783294
3858258 4062153 3906462 3941989
3940013 4132101 3741456 3916721
3691309 3859455 3779036 3664174
3791977 3831836 3675427 3592172
3922364 4016083 3853147 3903426
3909896 3949236 3796551 3721380
3831063 4012437 3736741 3767678
3782959 3847430 3708075 3717108
3958284 3971274 3837240 3815421
3776411 3951589 3844595 3805322
3763836 3769615 3621185 3663908
3556027 3677696 3549506 3532025
3744843 3879108 3876360 3790107
4075588 3918511 3901725 3828392
3740132 3777995 3782006 3794595
3923836 3879206 3810334 3797777
3797347 3854683 3927848 3788299
3984037 3919376 3914132 3812869
3618064 3655454 3689686 3559509
3769530 3666558 3747420 3674063
3857530 3977249 3810692 3819094
3912011 3833964 3945008 4004646
3780581 3821779 3882293 3816608
3744066 3804343 3857077 3893240
3814473 3979903 3974084 3878690
3950275 3927862 3999262 4057545
3626009 3726092 3761429 3673093
3712942 3680053 3715344 3818230
4079314 3993703 3944725 3954658
3877270 3894800 3775949 3886816
4046046 3934875 3869609 3992100
3902398 4023182 3912192 3909629
4018699 3849737 3733344 3854703
3851495 3784297 3751364 3819807
3955461 3890076 3722296 3821586
3811387 3841639 3869277 3888346
3952625 3868306 3860663 3906274
3728466 3794741 3865760 3843412
4139324 3775633 3836409 3924934
3862682 3950750 3914752 3846169
3921501 3727570 3760139 3794750
3671055 3779732 3733925 3746473
3933430 3815303 3727237 3845480
3742641 3795907 3689124 3753055
3906194 4023965 3966375 3923204
3905623 4077727 3836269 3809530
3917088 3977816 4017329 3900780
3983638 4123458 3903752 3828735
3791283 3924826 3831745 3895772
3856555 3896772 3814195 3784192
3852853 3987441 3778163 3986206
3914039 4026604 3793673 3833938
3921681 3992020 3858788 3854515
3851895 3941029 3745635 3676582
3975890 4040162 3856078 3918082
3880292 3929747 3839985 3802082
3866825 3935817 3721372 3818615
3771432 3794259 3678189 3653435
3860014 3965759 3816660 3824469
3775853 3823444 3739717 3708907
3802510 3865286 3784817 3792500
3955470 3992460 3948008 3751902
3832865 3903317 3904001 3902894
4046093 4008102 3908833 3896040
3701276 3786070 3875854 3751694
3838024 3801781 3813918 3720456
3794853 3797685 3953890 3712128
3946367 3895049 3867738 3812638
3840147 3890540 3867330 3842596
3928304 3858066 3889346 4006139
3871213 3957590 3942334 3901095
3903548 3874404 3961330 4027552
3791964 3859353 3855118 3849945
3850988 3830415 3874779 3943499
3874471 3870988 3860737 3776816
3850946 3903706 3845620 4032227
3733215 3955004 3871773 3848890
3892917 3861423 3739492 3776180
3856059 4068018 3950973 3970778
4037871 3921926 3899910 3857760
3724422 3982286 3858854 3933153
3875480 3941762 3776649 3827388
3734034 3976286 3811947 3861326
3897692 3863992 3828878 3791622
3893747 3894595 4012769 3867878
3976141 3758860 3820710 3837129
3930730 3962944 4026488 3922533
3922669 3891602 3906010 3951337
3872855 4004355 4007070 3895438
3808171 3862871 3823405 3913979
3907083 3925139 4010166 3801246
3887645 3795252 3817810 3913856
3844627 3796746 3857343 3927743
3833040 3940481 3845467 3660169
3956903 3739867 3937453 3920929
3870045 4058502 3974860 3699583
3913267 3716312 3935367 3890733
3729276 4042352 3906182 3835541
3884721 3715026 3927643 3872338
3825103 3975108 3910107 3675224
3774454 3868247 3754416 3848363
3736443 3915232 3952051 3997581
3903998 3926227 3925434 3856633
3794703 4004323 3929439 4028223
3827686 3891349 3894564 3814513
3760264 3921533 3858046 4039471
3924219 3855087 3766162 3720180
3770533 3960537 3853031 3989252
3892017 3837938 3898338 3776685
4026220 3852333 3850895 3847814
4011221 3893631 3911643 3948200
3988980 4024884 3801860 3938100
3953353 3943953 3895819 3866248
4022587 3949765 3855756 3926943
3981616 3866182 3901078 3910431
3950563 3923190 3809738 3837136
3743801 3839454 3754985 3851842
3937002 3717453 3978044 3872904
3778557 3871291 3812859 3918712
3977050 3855201 4096476 3931647
3830656 3821055 3840044 3894772
4096859 3782026 3972419 3877518
3775278 3832708 3672980 3897100
4021847 3671439 3997080 3794242
3586958 3847959 3763525 3687103
3837143 3728729 3670402 3646587
3845551 3966228 3882390 3929883
3939779 3966693 3848231 3731186
3826143 3954672 3915915 3915082
3987977 3953023 3896797 3790713
3767091 3922905 3885760 3876968
3867681 3887565 3759654 3770792
3684704 3804934 3864761 3731068
3763189 3666583 3719728 3779690
3940484 3968882 4045085 3921180
3925427 3830581 3866377 3950148
3900927 3902445 4031238 3863925
3946348 3884187 3894496 3887891
3930893 3963451 3933847 3859073
3822683 3874885 3847073 3891905
3700241 3647968 3741420 3739649
3673772 3852550 3732207 3567787
3919395 3835305 3896539 3950007
3900962 4016617 3875702 3748358
3951889 3826151 3923435 4023433
3853769 4059313 3926150 3790612
3893739 3771322 3929538 3894849
3894153 3993961 3926068 3698583
3731089 3744595 3673364 3590820
3693981 3750380 3796841 3823551
3870821 3856971 3843818 3857917
3822842 3947661 3974353 4020731
3858067 3884647 3824827 3760877
3806126 3950530 3888150 4022101
3945689 3929857 3837966 3843591
3773951 3903504 3893091 4062713
3870283 3728703 3792201 3664803
3937390 3788606 3675088 3726843
3957929 3932084 3915851 3907088
3970419 3938882 3811964 3910820
4022812 3934252 4010647 3919091
3995346 3934904 3846056 3897710
3951660 3891094 3910441 3907958
4043978 3961596 3836770 3923409
3604494 3661973 3642519 3738329
3814191 3556133 3878357 3690157
3897033 3915615 3823916 3919990
3956360 3747986 3989870 3876221
3804457 3894793 3781414 3961296
3998566 3754786 4000245 3881508
3814542 3825720 3779466 3865396
3977077 3722134 3987118 3831828
3729388 4006269 3971803 3877553
3899401 3979224 3758930 3838726
3787989 4064419 4011669 3953560
4024703 3938082 3948086 3867613
3796785 4064559 4002532 3919863
4033630 3948243 3888163 3930329
3660892 3810396 3846656 3728041
3772639 3725527 3796792 3702185
3912715 3898620 4030841 3906360
3940905 3887144 3873243 3939761
3966968 4017315 4110460 3900304
3914375 3943308 3947991 3899313
4004354 3991326 4166507 3921968
3938331 3997131 3935253 3984887
3751816 3839464 3925897 3718076
3817880 3777999 3747409 3762149
3938604 3771683 3962170 3863936
3867355 4040530 3936531 3764550
3958866 3804629 3947943 3840589
3895113 4119047 3968799 3725449
4053033 3856984 3949074 3911574
3944260 4199228 4024287 3891780
3821738 3568581 3843849 3724087
3709812 3839974 3840877 3620646
3841945 4024537 3822798 3726193
3851916 3886843 3928358 4074567
3845451 3867668 3923664 3862432
3891576 4010753 3952041 4137960
4013920 3910047 3863291 3930983
3861732 4035644 3959264 4085561
3747452 3817436 3717442 3688219
3642953 3906028 3865121 3884089
3915913 3899732 3841552 3862861
3929439 3946235 3812361 3947669
4018665 3900644 3982236 3940461
4044784 3987291 3875125 3884362
4052166 4027103 3980130 4010786
4087168 4071144 3912587 3994612
3799276 3840504 3789290 3755210
3860373 3912469 3755973 3730461
3759217 3888461 3793363 3893809
4013716 3740710 4023753 3896882
3891233 3946959 3884101 3977324
4058087 3793362 4003719 3923734
3870115 3964228 3892777 3940991
3992325 3834100 4063782 3964716
3696443 3744162 3650205 3810314
3863587 3605819 3856525 3756551
3787520 4056976 3863412 3849677
3962471 3961731 3812984 3852131
3980359 4201889 4097920 4108770
4190738 4086849 4116678 4003399
3848812 4032968 4050901 3955401
3956406 3957036 3880400 3860086
3745267 3974217 3868720 3835808
3827248 3833484 3738694 3739004
3931124 3891434 4055862 3920130
3884530 3894598 3923089 3827681
4179340 4212611 4196826 4057509
4135280 4067978 4129503 4119456
3987679 4076258 4108861 3881501
3945614 3890519 3982839 3964632
3834981 3955742 3989024 3816607
3892867 3766849 3885106 3856518
3860522 3746395 3969234 3905344
3854242 3997004 3958401 3815846
4118336 3979573 4129805 4169414
4041753 4264326 4155593 3956491
4016822 3848366 3992934 4016143
3903859 4159491 4051204 3759268
3874264 3718970 3873853 3815699
3796150 4075198 3881157 3731572
3924786 3907262 3858290 3788053
3870431 3986495 3934631 4039562
3979795 4031293 4086087 4036099
4105983 4191237 4185335 4232681
3927813 3952012 3920076 3878766
3875531 4025517 4004832 4105674
3887920 3896546 3801128 3855967
3746915 3897119 3908922 3966462
3952656 3931948 3975732 3918644
4050569 3934440 3898527 3921228
4246338 4163891 4143123 4105026
4223907 4118219 4028405 4129907
4031534 3995145 4034787 3921028
4101836 3947304 3942654 3958946
3912748 3843014 3892637 3767350
3922178 3913845 3807376 3755758
3757149 3818300 3698672 3863549
3971068 3700733 4024137 3842166
4029459 4163392 3983211 4111397
4193747 3984917 4211306 3991796
3783542 3939809 3891076 3963052
4073530 3841716 4076979 3981294
3764581 3755892 3774073 3896713
3903006 3709667 3912388 3823594
3923533 4152200 3978086 3975271
4065322 3937766 3953947 3931259
3761846 4041557 3944487 3914394
3973850 3873829 3858125 3793233
3696305 3914926 3805461 3756358
3812309 3820947 3731023 3639505
3821552 4041296 3944787 3902801
3975105 3986780 3867116 3887413
3960398 4096631 4126770 3942145
4046330 4020922 4028405 3962029
3861035 3836356 4094225 3924539
3978487 3833505 3930891 3946254
3799110 3837386 3884806 3780528
3765422 3787094 3816255 3802105
4007515 3967308 4081169 3901982
3976747 3891481 3925092 3931094
3942360 3911946 4009819 3963598
3954525 4106369 3988386 3866226
3934816 3831532 3933297 3926057
3823883 4009013 3874136 3732233
3759362 3750830 3799607 3884806
3724443 3927866 3819139 3592137
3938875 3724304 3959715 4009361
3914103 4072202 3921110 3790280
3911772 3968170 3999323 3948731
3870309 4028606 4022013 4237954
3816790 3907845 3827680 3843817
3871373 3970283 3991385 3942898
3726427 3788294 3669493 3674875
3665308 3808437 3876896 3976332
3867188 3925901 3860385 3872441
3778746 4002016 3987736 4084673
3987999 4030174 4011671 4050447
4005768 4070825 3845115 3938208
3975768 3923816 3904794 3824972
4002653 3859328 3883524 3984393
3930541 3729930 3852365 3729028
3950674 3896724 3703751 3696431
4043412 3978598 4066742 3926932
3981223 4029859 3805710 3949538
3867118 3980090 3877829 3924591
4047149 3812594 4158595 4064274
3821179 3805911 3802768 3959427
3985484 3799583 4019271 3857056
3708247 3737776 3675477 3729376
3939980 3697588 3878598 3847599
3899721 3897068 3780155 4017628
4000753 3854370 4047835 3949497
3873256 4081574 3999539 3972174
3973303 3965376 3840540 3875836
3704576 3881172 3772396 3804584
3829441 3864265 3752968 3704671
3851263 4093404 3970859 3924598
4025254 3986794 3925283 3838269
3630025 3927136 3824852 3861224
3840126 3893306 3746837 3756060
4077411 4038066 4086518 3896465
3948661 3934669 3964549 3978623
3795840 3889500 3915175 3813003
3813141 3693515 3770770 3809010
3992532 3985983 4161504 3949696
3986783 3950868 3953216 3949917
3854728 3936282 3996641 3788155
3804416 3777134 3778095 3839996
3910263 3763544 3931426 3927606
3955521 4114510 3979908 3797961
3803530 3648061 3827560 3858698
3792607 3862677 3830641 3688580
3965575 3885533 4025837 3975346
3938385 4159650 4049481 3772137
3833047 3671471 3865302 3839488
3773763 3926712 3865099 3762378
3937371 3946257 3938289 3922312
3896927 4008656 3922303 4056143
3735207 3745635 3742886 3747004
3624114 3924288 3793859 3961762
3954346 3972598 3948043 3847608
3870032 4042818 3976771 4136422
3808551 3772175 3808764 3718977
3682046 3879266 3829938 3846576
4079233 3938904 4062229 3940761
4011334 3952233 3953620 3948138
3916058 3846457 3822301 3853949
3879431 3830577 3745431 3797160
4046592 3994745 4056628 4022920
4054808 4042958 3952590 3959744
3872908 3769301 3853935 3805567
3932531 3802743 3705436 3818593
3842988 3959938 3838493 3914882
4072941 3787470 4155231 4008176
3719350 3709295 3681571 3781175
3940487 3648515 3898880 3868765
3929935 3959251 3917748 3915625
4034843 3793921 4072255 3966607
3669257 3759525 3771134 3747145
3937002 3716721 3958516 3763367
3756644 3963790 3906724 3869945
3925257 3867939 3826500 3766385
3739619 4001164 3977027 3907016
4000098 3976197 3795776 3881467
3865283 3993285 3935153 3909528
3976019 3891176 3850119 3815211
3803028 3976180 3853661 3867002
3891466 3918194 3819783 3802879
4004435 3918510 3998665 3889178
3918335 3875126 3850585 3878195
3953890 4007963 4111220 3943828
3935177 3873019 3935278 3915368
3874595 3880646 4045478 3844382
3903353 3878840 3932460 3923015
3922223 3927407 4010515 3831406
3922730 3830978 3862002 3993212
3995526 3813995 3908613 3879504
3818871 4036643 3972772 3717995
3897274 3809691 3989349 3875993
3899994 3986178 3961254 3749366
3864335 3794761 3880964 3894046
3861864 4083994 3889354 3800384
3888662 3729212 3856101 3900569
3830912 4009711 3824803 3767775
3864215 3900127 3852477 3796026
3793506 3910628 3948243 4060817
3894019 3907707 3878527 3861729
3867755 4052174 3961808 4010980
3937942 3846953 3803349 3775673
3828846 4037596 3891702 3986389
3851393 3828723 3855941 3822969
3674783 3917843 3907822 4071536
3889222 3946470 4001984 3873624
4003329 3994569 3807720 3927148
3954227 3936590 4042626 3927254
4032376 4058261 3907508 3930798
4068632 3938076 4009377 3878727
4003087 3955257 3867030 3970969
4024677 3852004 3971115 3888372
3998708 3947500 3860319 3900078
3821040 3853208 3728964 3758784
3955264 3694792 3983723 3888209
3871240 3906610 3800676 3887478
3993778 3784393 3987840 3880758
3833870 3840442 3900695 3940003
3979359 3779577 3937076 3873253
3819420 3917056 3736855 3863275
3992375 3744867 3961710 3878643
3817588 4021619 3931984 3926995
3914923 3876585 3837674 3802585
3657917 3832410 3730126 3758080
3806066 3730136 3658842 3651486
3702111 3921009 3797417 3783561
3788315 3821626 3758742 3770321
3739043 4080936 4010899 3914379
3998562 4000191 3949727 3886775
3956413 3955303 4052556 3915595
3977516 3918863 3933839 3934406
3792366 3758926 3860029 3764036
3839310 3679921 3754222 3789741
3880018 3854234 3926860 3792780
3880446 3863945 3780229 3833594
3936227 3931350 4140922 4003646
3966183 3923927 3894246 3990985
3862357 3805978 3951229 3944488
3866094 4005654 3847100 3837700
3725078 3615659 3766032 3822963
3724539 3903381 3791926 3637083
3813663 3746311 3843179 3735114
3737244 3919414 3845088 3677492
4016880 3783557 4016443 3936718
3922252 4190593 3981604 3784179
3963081 3908421 3897743 3888195
3849622 3946434 3985078 4105928
3735036 3721760 3678570 3654907
3636689 3871240 3791588 3924998
3799299 3754705 3792513 3685298
3677495 3941477 3887191 3951702
3979229 4023657 3941532 3863242
3869282 4041621 4047878 4085085
4065200 3899725 4001344 3925864
4022398 3969180 3855053 3967455
3857302 3765821 3792434 3802341
3868019 3818032 3732163 3723658
3931022 3777879 3914316 3762850
4014084 3865779 3741129 3784707
4058431 3968219 4044992 4002759
4128131 4036443 3860532 3974584
3919430 3909664 3823120 3907130
4034787 3737973 3906193 3874013
3620879 3673402 3731638 3720551
3856916 3665299 3842750 3720478
3789078 3819521 3781645 3749588
3870935 3675664 3875220 3803330
3868511 3939870 3826099 3983342
4050823 3907903 4045684 3948937
3821190 4024969 3939963 3880365
3900216 3958436 3797653 3846003
3840476 4065529 3982672 3994792
4081640 4044956 4004692 3863091
3756315 4079642 3906702 3829315
3938974 3925071 3800477 3862240
3755204 3946479 3967740 3921615
4001687 3894077 3839912 3826695
3940054 3921086 3983605 3834196
3828730 3875190 3961370 3949695
4054298 4153861 4144388 3916376
4013724 3988414 4004165 4064889
3926152 3947181 4072845 3893139
3925593 3857717 3858798 4045048
3932152 3931182 4032645 3878506
3939356 3868425 3852747 3910777
3942142 3861597 4043416 3936256
3859773 4005550 3982772 3765060
3995873 3845585 3999809 3993573
4017991 4138431 4068905 3851220
3854676 3784866 3949764 3911443
3903569 3994411 3877678 3752730
4003035 3754831 3928731 3942271
3841905 4080443 3868669 3827704
3871242 3939888 3927486 3851753
3859220 3969670 3932258 4041472
3945292 4087436 4030732 3873175
3907944 4076743 4037876 4165573
3909761 3903159 3850785 3840609
3876543 3997094 3898703 4054880
3891014 3904019 3904670 3802985
3837504 3917357 3911029 4065161
4001092 3913646 4041169 3913253
4016663 3994313 3804949 3922102
4120581 3989714 4092763 4001224
4140548 4104740 3990544 4008401
4048097 3913188 4000162 3986629
3968493 3998447 3828317 3939538
3912152 3920255 3942035 3808355
3980853 4057779 3875641 3947555
3844279 3967488 3814004 3927446
4013238 3840850 4083369 3795463
3956421 3916088 3968572 4074026
4100191 3804847 4147808 3990566
3819571 3916034 3827269 3934046
4056715 3812436 4032760 3929312
3805706 3802659 3803255 3919221
4024288 3748851 4035899 3872323
3820101 4045772 4005699 3987885
4033644 4011659 3952443 3887515
3763166 4118984 3972033 3980223
3954976 3930673 3817047 3902206
3678686 3831411 3873500 3774206
3835352 3768229 3735198 3731392
3874651 4004609 4001615 3868268
3916155 3978259 3891366 3901599
3976462 3952139 4070528 3984614
4001864 3959239 3918673 4031509
3950913 3992379 4133335 3867270
3951185 3946525 3961200 3922850
3843055 3841720 3864277 3781130
3856810 3713506 3770490 3778032
3945014 3965322 4079854 3864078
3919083 3846802 3891321 3968422
3875001 3783753 3902858 3988297
3993912 4087956 4087251 3815911
3998243 3850696 3851699 3922853
3909029 4085087 3900520 3713956
3736489 3734034 3823017 3845201
3749011 3990006 3809618 3673299
3917719 3785850 4001732 4028083
3911227 4142049 3915219 3824045
3935451 3942634 3936932 3889099
3982756 4050093 3965869 4179468
3881237 3925494 3868037 3852151
3835865 3983579 3919063 4142596
3868179 3785389 3881737 3691636
3689136 3918501 3833544 3871167
4011917 3962739 3936725 3875018
3919575 4042452 4007591 4076304
4050148 3989784 4011000 3993625
4095499 4048523 3896271 3937074
3976723 3906307 3996827 3958403
4056463 4033994 3904713 3979689
3843687 3832565 3893356 3829994
3896435 3891416 3732624 3853271
4074835 3946747 3965541 3937470
3984197 4035720 3869875 3936936
3809990 3961991 3886763 3948019
4035145 3773156 4094937 3965595
3836419 3873937 3870045 3951572
4056289 3825249 3996588 3966488
3753478 3794147 3690303 3762304
3865570 3669710 3829622 3752452
3822549 3942401 3783957 3968178
4019241 3780843 4110021 3883131
3641126 3964433 3858498 3755197
3873679 3860503 3711957 3674258
3709271 3934951 3856507 3836327
3894587 3854433 3753004 3753976
3775326 4084453 3955088 3989966
4077753 3953395 3870342 3832483
3754716 3963938 3899810 3921534
3886482 3940416 3799956 3813434
3792718 3776985 3964896 3832432
3865755 3793217 3814430 3824999
3856888 3872830 4063268 3858458
3897290 3826467 3926093 3918298
3937365 3973249 4137657 3965205
3946751 3960922 3948838 3904441
3857073 3964628 4097257 3862455
3875506 3892275 3899178 3929271
3810010 3681938 3973014 3760081
3771647 3937286 3881982 3643411
3870334 3732007 3912764 3841075
3777442 4005273 3909291 3654038
3977426 3902528 4027411 3936048
3827763 4122545 3896713 3776405
3910744 3870798 3923221 3934189
3853901 4042772 3927997 3716581
3722679 3835040 3754675 3734036
3746711 3828826 3823022 3897832
3709380 3863508 3790859 3758103
3686673 3882186 3883994 3975380
3842314 3943701 3973861 3954332
3949973 4009118 3966079 4073677
3925105 3911586 3818511 3844065
3880471 3898448 3938895 4061663
3905425 3787771 3850361 3816191
3917534 3936958 3699536 3792463
3966061 3853673 3912004 3813077
3982045 3928904 3783453 3892862
4067194 3974223 4002736 3892839
4097308 4016997 3838293 3916881
3935966 3932103 3982539 3898500
4056605 3960267 3906041 3929077
3733493 3798769 3716482 3791211
3878569 3681621 3892348 3787798
3757574 3819591 3738446 3835312
3916179 3779867 4004932 3820984
3910922 3943231 3818365 3933965
4075939 3848970 4092756 3930592
3829894 3929563 3791399 3899043
3992080 3738042 4015877 3938376
3891821 4083788 4013449 4011509
4015424 3977424 3975842 3973460
3831971 4070457 3998319 3895982
4021172 3948031 3854442 3780316
3779139 4075298 3865025 3909650
3882612 3893454 3946899 3750414
3774869 4013635 3946610 3860089
3875181 3875799 3875598 3807017
4149688 4064376 4167926 4057222
3965002 3979168 3990073 4081977
4049637 3939187 4158702 3921164
3973547 3879582 3911669 3982937
3895328 3937001 4073525 3892635
3914696 3790575 3921281 3841598
3987955 3987189 4110104 3823287
3859318 3760769 3870122 3960717
4028796 3852041 3992540 4015064
3955855 4140100 4095948 3854581
3942383 3896099 4014702 3910627
3923298 4035054 3927295 3777446
3956228 3882475 3930520 3898493
3891205 4001529 3890305 3719651
3890370 3834287 3909293 3938787
3879666 4082575 4003280 3803739
3953351 4093799 3975820 3929432
3949346 4072366 4031703 4203813
3894361 3987650 3868927 3892753
3902152 4025729 3986124 4094242
3897921 3896966 3841824 3820592
3820079 3933048 3920144 4086276
3860281 3945940 3844129 3809680
3828519 3992567 3914080 4002755
4126587 4018469 4075059 4023997
4134762 4065934 3923721 4044712
4022430 3882173 3982425 3962709
3990342 3986780 3904971 3943311
3915144 3936809 3970412 3923614
4019720 3973262 3828993 3849313
4085275 3901102 3964659 3888968
4039558 4009016 3785765 3920203
3866582 3953193 3911279 3958250
4102945 3892924 4095416 4036829
3888557 3870123 3861181 3892084
4056651 3789264 4035137 3886708
3751655 3846291 3729299 3908315
3941890 3722255 3970729 3894837
3809166 3854372 3782124 3856618
4031801 3822173 4042236 3871700
3868968 3908076 4014288 3789134
3792399 3776777 3879562 3847904
3851726 3882503 3858633 3703756
3735579 3863940 3815806 3741441
3771495 3803862 3750037 3772247
3768134 3789365 3703782 3877062
3781660 3856671 3862655 3714492
3792251 3831500 3730631 3773333
3879548 3690545 3732021 3823991
3873860 3839058 3866795 3740618
3761803 3794169 3789932 3866909
3829900 3890720 3787298 3891876
3819139 3718770 3765028 3770811
3754741 3789873 3799808 3645436
3816889 3696688 3770200 3863800
3810404 3881225 3770268 3773772
3817982 3832058 3822798 3916909
3825257 3832925 3986702 3893332
3817280 3843590 3823967 3903781
3734596 3899394 3982932 3875231
3787225 3848545 3749794 3816513
3723457 3789234 3969607 3859629
3800021 3791834 3791325 3815437
3830246 3893682 3975531 3825089
3772913 3806136 3834917 3819287
3889627 3779262 3865465 3718866
3828722 3742092 3832321 3776111
3791532 3817557 3863712 3720484
3766173 3798688 3848308 3756446
3846099 3757304 3871902 3741519
3856546 3818828 3898540 3779749
3801568 3744673 3861319 3759407
3719119 3946101 3947322 3867106
3751500 3907680 3843208 3944591
3725671 3920850 3822641 3841124
3871258 3881795 3886608 3966836
3636642 3855100 3811498 3806170
3783044 3803797 3910346 3881956
3682699 3985361 3891079 3834752
3785194 3878932 3915857 3965443
3910074 3875373 3880474 3832760
3764726 4000886 3861870 3931691
3844412 3807886 3819492 3751629
3720278 3921709 3813012 3957724
3822533 3790359 3770127 3713082
3700405 3774592 3748983 3930770
3788490 3765896 3815789 3734582
3723465 3953916 3906196 4000389
3880639 3859780 3857084 3748805
3784271 3851318 3834487 3777500
3953101 3974590 3982739 3866569
3818925 3831219 3873233 3888725
3998461 3996056 4077555 3792388
3909210 3855062 3853097 3904682
3858148 3916020 3840936 3802178
3805694 3832722 3768884 3906849
3901971 3720342 3748532 3927300
3854174 3820375 3791680 3849107
3928095 3891751 3863903 3895439
3954663 3885860 3824671 3878954
4029280 3893417 3884984 3912355
3950990 3926245 3948433 3817581
3997920 3758852 3807044 3927237
3902596 3923927 3896975 3847529
3812616 3819683 3804552 3856989
3845203 3832084 3968080 3902296
3908073 3930211 3873264 3972717
3879551 3935537 4100546 4032384
3921813 3983889 3846258 3959641
3806935 3970599 4035485 3941439
3853808 3892596 3775398 3966286
3855778 3872189 4027810 3904508
3800704 3829468 3880596 3832406
3828160 3773815 3870227 3780266
3869554 3831269 3872172 3835423
3906422 3841021 3882118 3845302
3879287 3838721 3914430 3923391
3914917 3840226 3926513 3822595
3886068 3851061 3869440 3875520
3956752 3732942 3898945 3774824
3758327 3940838 3798226 3903580
3802983 3972386 3865950 3984938
3708721 3977749 3998214 3950719
3913197 3959293 3988534 4048118
3822010 4027056 3947593 3977214
3946168 4051351 4003324 4058117
3676783 3967156 3913667 3858524
3902320 3927100 3956386 3897458
3899642 3809318 3828260 3690940
3711930 3955997 3868209 3994937
4005623 3869896 3934529 3835525
3719306 4003551 3941551 3965448
3894036 3869278 3935795 3811646
3857825 4097949 3959771 3993670
3944808 3835066 3802956 3814221
3784483 3948768 3884917 3964709
3906847 4056317 4012213 3884344
3866741 3904271 3970735 3956598
4056419 4022911 4023157 3853164
3916300 3964556 4021889 3996446
3969863 4045006 4049184 3801008
3873832 3917464 3997509 3984432
3963325 4029984 3970430 3773198
3891153 3876445 3930999 3893771
4016134 3803863 3919560 3953628
3961324 3908919 3922972 3890485
4027377 3937808 3867642 4077365
3931875 3969606 3968028 3959444
4030308 3779314 3875070 3895052
3930630 3937267 3919352 3965329
4022784 3788888 3909699 3913150
3946570 3981796 3917183 3926070
4021496 3941201 3913872 4005664
3940971 3964614 4151788 4008542
3986855 3950909 3926907 4049739
3916251 4000280 4121001 4095906
3949488 3983255 3880025 3964102
3930383 3947814 4138369 4027801
3935560 3927969 3902340 4042357
3889584 4030360 4089560 3980386
4008163 3919167 3963246 3948945
4004542 3888844 3990432 3885118
3952465 3911610 3916739 3952673
3990126 3865688 4012790 3876451
3996802 3929041 3946176 3978511
4015529 3894451 3973537 3917903
4003488 3896792 3990043 3922015
3955706 3826711 3988283 3978875
3807849 4073284 4019561 4020733
4016212 4137946 4034684 4098433
3854084 4098444 4048401 3939477
3967807 4067942 3987752 4080647
3823495 4007029 3918230 3961095
4046411 4052715 4017736 4083232
3800753 4071598 4021766 3974186
3860899 4033394 4066348 4049845
4046902 3923659 3966359 3870233
3925449 4012188 3983040 4082890
4009942 4022002 3963266 3875474
3846630 4120573 4057065 4161464
3960631 3894602 3926178 3874424
3852716 4124673 3989317 4175579
4016130 3957620 4030165 3816608
3833097 4068714 4032690 4081748
3854605 3894632 3855643 3721548
3674650 3746668 3710332 3815437
3878046 3884443 3905487 3786033
3839837 3829130 3892451 3849872
3976109 3986012 3955484 3782520
3939134 3977967 4022586 3864818
3865475 4035496 3896624 3857078
3809233 3869705 3878234 3902409
3826027 3748092 3730893 3792248
3861093 3752149 3753490 3782965
3891630 3784597 3825501 3984586
3968231 3867169 3844177 3877476
3928528 3954869 3844525 4034079
3954732 3887007 3869265 3915356
3869764 3695926 3811076 3853915
3946492 3861734 3870238 3814251
3791527 3856559 3824447 3800315
3792332 3870356 4002828 3878559
3850976 3897967 3880110 3953905
3846553 3896322 4132773 3988546
3941738 3922787 3992418 3987338
3925306 3964377 3995428 4028811
3902928 3835655 3855200 4002637
3920806 3894500 3935976 3966445
3867021 3801636 3763170 3768286
3861449 3684228 3887837 3664908
3917248 3923101 3980234 3782106
3988961 3848393 3893461 3760506
3843645 3926022 3902259 3931675
3921208 3792585 3915099 3807406
3798597 3780588 3883404 3860833
3974313 3768613 3934324 3766883
3676618 3952235 3889141 3809760
3836503 3869593 3884390 4001070
3837575 4021406 3930187 3901350
3916437 3963440 3995912 3994201
3914952 4033470 3991047 3933836
4001673 4018442 4031891 4138962
3814703 3998962 3959161 3933861
3820610 4033850 3967725 4070950
3832031 3836088 3839381 3671619
3690912 3914729 3873572 3936556
3911072 3801067 3913705 3814330
3821205 4036059 3820444 4009149
3952958 3927315 3930800 3876656
3831776 4014724 4006145 4061033
3934156 3783423 3871525 3787748
3748583 3993631 3955549 4006518
3813387 3880538 3867783 3641392
3775469 3858262 3898026 3791071
3918216 3965087 3906468 3806204
3827720 3789946 3872695 3822282
3842284 3933284 3894775 3846364
3739816 3829366 3819693 3762287
3843710 3809896 3783512 3664855
3736003 3833533 3768150 3798209
3839658 3734570 3759517 3843275
3772955 3908789 3744987 3744901
3847140 3757836 3862329 3938252
3972303 3877972 3844635 3785815
3941273 3744000 3793717 3861062
3838532 3783312 3727074 3757003
3838319 3630741 3680419 3862804
3864667 3730983 3771284 3735586
3876547 3830473 3875902 3893165
3904822 3860023 3973997 3945378
3887619 3903812 3838879 4007274
3815215 3851430 3992249 3929902
3876966 3876581 3794451 3945587
3823863 3821763 3929579 3953405
3818378 3853592 3809145 3853228
3769795 3891938 3929575 3880562
3893481 3747958 3927487 3821453
3873674 3813754 3805528 3831544
3840163 3862072 3922319 3831475
3931881 3814156 3889628 3777051
3793661 3821884 3874230 3811847
3878770 3765469 3834792 3793758
3822677 3787128 3816982 3784132
3807323 3778933 3784429 3679297
3771123 3940280 3909467 3866387
3881579 3839821 3970728 3988534
3765730 4032724 3952062 3964146
3929728 3939439 3933555 3973809
3783198 3930399 3848988 3788681
3933587 3882964 3872217 3994940
3687896 3862414 3897901 3766378
3788546 3801696 3908574 3948425
3912657 3843639 3856520 3720675
3763576 4032325 3909748 3967478
3932272 3851334 3869132 3746764
3798438 3976164 3942714 4021036
3945323 3826129 3837779 3715634
3739216 3875561 3857459 3971196
3845536 3748689 3796781 3670306
3694535 3881086 3825418 3969123
3808170 3838401 3896081 3780106
3751114 3896614 3870099 3861143
3834301 3870353 3949763 3778974
3834021 3815276 3866655 3909692
4138479 4107634 4040850 3922959
3913445 4013970 4072725 4041801
3713915 3825958 3791274 3684734
3707444 3831602 3838797 3802518
3804252 3749233 3786848 3834914
3872550 3745090 3748155 3777389
3940154 3730380 3824795 3896535
3873661 3790531 3898012 3761835
4050079 3923751 4015572 4088375
4118304 4015815 4053244 3996959
3778219 3686991 3648165 3858484
3761526 3753025 3734294 3712546
3842452 3874397 3805885 3862460
3838649 3885027 4012986 3864859
3810076 3879864 3832571 3909985
3845207 3876061 4055918 3968358
4076481 3951157 3947170 4118171
3967569 4060274 4244502 4104223
3829772 3832061 3734505 3807917
3768197 3744061 3933227 3830141
3844874 3738507 3837192 3782797
3815456 3795109 3836121 3684673
3801550 3824839 3945525 3827981
3918989 3752279 3861070 3806084
4038101 4003895 4121516 4002575
4054079 3880902 4054709 4028443
3790384 3763974 3833167 3721543
3744289 3695638 3752463 3580394
3712302 3895010 3879121 3943565
3846763 3831967 3886733 3906940
3749576 3941438 3906458 3879641
3870574 3905970 3918345 4030384
3897279 4144336 4109465 4108255
4080950 4113025 4096638 4178745
3675221 3910604 3840119 3834781
3814570 3816257 3845299 3902856
3835252 3833032 3808687 3698200
3766206 3888625 3873899 3951887
3940720 3895353 3860439 3755365
3754827 3956246 3889312 4124028
4053145 3954964 4113723 3960870
3908880 4135934 4068405 4123938
3848924 3691520 3768322 3672045
3688264 3767604 3734506 3907520
3877501 3914773 3874498 3723920
3846174 3818917 3845736 3846241
3777308 3879770 3814820 3677657
3749427 3879114 3812721 3833460
3971831 3973712 3966814 3782978
3825246 3888085 3891495 3916103
3896664 3894658 3887008 3741157
3832690 3857868 3972060 3853039
3863219 3713537 3781324 3762811
3929597 3834523 3824431 3890962
3902738 3742567 3748044 3752852
3809110 3732551 3661000 3786655
3984307 3816479 3881172 3952817
3939694 3963971 3813396 3918792
3904390 3791780 3846338 3953692
3852459 3827096 3779808 3854276
3932785 3845726 3849743 3889594
3806849 3856583 4051346 3878106
3733178 3705948 3713528 3786166
3689602 3828737 3890892 3745188
3926159 3981709 3925758 4000290
3845347 3959998 4091788 3996846
3919382 3903393 3904212 3962254
3773070 3880135 4016748 3949244
3810971 3882847 3855568 3836408
3795014 3769672 3889998 3707708
3717071 3715980 3752465 3747911
3833689 3623812 3818152 3666997
3944405 3931723 3919748 3950265
3959593 3818527 3910963 3855838
3824827 3846608 3966889 3823012
3925211 3772197 3918099 3816182
3751141 3872600 3910809 3922371
3785734 3923720 4007907 4007212
3638923 3897164 3749430 3759393
3759379 3908250 3769628 3905750
3844998 4040593 4033039 3928941
3929983 3970500 3909168 4109979
3817872 3969714 3914374 3971113
3823632 3913736 3917490 4009111
3943021 3827200 3846598 3783179
3778893 3907242 3893783 4012822
3838725 3704157 3747351 3649395
3680313 3826926 3797759 3973020
3988117 3888324 3875284 3852069
3882634 3980135 3883303 4089443
3909255 3828927 3935239 3766767
3771750 3978761 3914582 4000043
3709540 3769101 3737159 3608609
3605964 3786165 3688015 3671681
3968329 3986339 3954182 3788896
3914210 3901163 3831014 3857364
4018367 4050098 3953989 3979665
3891229 3971075 3942138 3984634
3785904 3769163 3813634 3678104
3693262 3770392 3838709 3812999
3788194 3653576 3682304 3745355
3714720 3746783 3668549 3735802
3883636 3746683 3797313 3873209
3909555 3866093 3886021 3847861
3982104 3899624 3937758 4029852
3985260 3979805 3880159 4013886
3816076 3672764 3759724 3787576
3754604 3697456 3737578 3718479
3718269 3739727 3747836 3787250
3750387 3744013 3917920 3745897
3936689 3932295 3876742 3966647
3840280 3933062 3961980 4004911
3968203 3998759 3958610 4089090
3903698 3941751 4103558 4122206
3783260 3790886 3764903 3775917
3735299 3774881 3955710 3897816
3705135 3769849 3859615 3749540
3722471 3632929 3756349 3676306
3929830 3887191 3865419 3955282
3928524 3911502 3878645 3796539
3920472 3966974 3934745 4015502
4032350 3869659 3929059 3888207
3733042 3809754 3747357 3678409
3854771 3651583 3791406 3712436
3578947 3785379 3846668 3763607
3732976 3794304 3858065 3868323
3841300 4104038 3932313 3970210
3959870 3960144 4001631 4052105
3940253 4015602 4033192 3995469
3958502 4069984 4029819 4119057
3604291 3803543 3799831 3707160
3812378 3878054 3851036 3919328
3728641 3694363 3774933 3613622
3664819 3842142 3761400 3911840
3853312 3898331 3946988 3762731
3874347 3993955 3937776 4078545
3993622 3866819 4043065 3883014
3847950 4001283 3977978 4106753
3838920 3775810 3806882 3725151
3681631 3790505 3792001 3918477
3996375 3885531 3892805 3852293
3769286 3920056 3890247 3819033
3925771 4058487 4017918 3917905
3902115 3907833 3870413 3867284
3979615 4015242 4046194 3834572
3944787 3942793 3939651 3880657
3944680 3886925 3884755 3813504
3774693 3804333 3934818 3824719
3971302 3825563 3893443 3978977
3906852 3814561 3939414 3821661
4006153 3864991 3943891 3976653
3952918 3867665 4016900 3860493
3942266 3828985 3831307 3981544
4023441 3976160 3902709 3999101
3908344 3783094 3822285 3882838
3835716 3853026 3782778 3799771
3942015 3858491 3867356 3970308
3843556 3916197 4010731 3929156
3899249 3916830 3900861 4015059
3886477 3896057 4067779 3980957
3990087 3963176 3828021 4043103
3965100 3924197 4064288 3992297
3900791 3882516 3846417 3990705
3846387 3908873 4022759 3944582
3879579 3827993 3922289 3830204
3826219 3843685 3891058 3857634
3909689 3917889 4020902 3892037
3994242 3890289 3966142 3843141
3899519 3948791 3995364 3936099
4029633 3844168 3954736 3777261
3870906 3808346 3851967 3863977
3906975 3728281 3882293 3730864
3729502 4043733 3943743 3912147
3914301 3937334 3935251 3986796
3716130 4092859 4018222 4051974
3838863 3989284 4046147 4099381
3858944 4070590 4010486 3999870
3946674 4003780 4132673 4084319
3725259 3946714 3990195 3950630
3909841 3936140 3944286 4033431
3864780 3914254 3864770 3815266
3798292 3916107 3931026 3920563
3964380 3929410 4017629 3814530
3891108 3997040 3974668 4182879
3941896 3897287 3988440 3779496
3838274 3958734 3830393 4153966
3898368 3802004 3880968 3782063
3751108 3946026 3886625 4010518
3855758 3856060 3903400 3709844
3765711 3794245 3884607 3828866
3894076 3944485 3833460 3851564
3822732 3821698 3846731 3692809
3917028 3924976 3929803 3793542
3790078 3967398 3810556 3826741
3856914 3860725 3862262 3699840
3743442 3796871 3791415 3799475
3898970 3782404 3765083 3938883
3878354 3799700 3773099 3827581
3941665 3821886 3783937 3810198
3889831 3873970 3799846 3772684
3921257 3764651 3860451 3855037
3952888 3969693 3936452 3875991
3802459 3705273 3802155 3748709
3884910 3854531 3789988 3736251
3777090 3811522 3781363 3861716
3790176 3839343 3982189 3940806
3845231 3811197 3812390 3867871
3823133 3913548 4020585 3861805
3948609 3846969 3876902 3996575
3916047 3893145 4001754 3939314
3754398 3733051 3778147 3853982
3718154 3817584 3925453 3817946
3922635 3808925 3846677 3801626
3869683 3735358 3867237 3717288
3830454 3906876 3852338 3791996
3946901 3816913 3833655 3720674
3863921 3869731 3956085 3811075
3928273 3856355 3886992 3767403
3760684 3875568 3783018 3727306
3833927 3723691 3861839 3743451
3821311 3941234 3903968 3817049
3870943 3905798 3967125 3932850
3730656 4008341 3896105 3890047
3950229 3870921 3952306 4007561
3826710 3994934 3814157 3950214
3894629 4006967 3980969 4013639
3678518 3904898 3877626 3825509
3782157 3854179 3915288 3955109
3864963 3796014 3803910 3727179
3711437 3994285 3837079 4001747
3845037 3784171 3872474 3783548
3781838 3897412 3820137 3970673
3899205 3810781 3900412 3741266
3787774 3973432 3856898 3986787
3877392 3775165 3834225 3714486
3718625 3882484 3794653 3884824
3892385 3898172 3920021 3747875
3786085 3813214 3826487 3741395
3920390 4053012 4011585 3820857
3835051 3925141 3984659 3894690
3781707 3893887 3832536 3674656
3800322 3799167 3869923 3886254
3889299 3939270 3971616 3816841
3865565 3956620 3894004 3964356
3841081 3832123 3755258 3885038
3851777 3839994 3754587 3847790
3993157 3844510 3915163 3966486
3974382 3943509 3959621 3939060
3872755 3724353 3713677 3875706
3807364 3780246 3782347 3792405
3927250 3843728 3917668 3840276
3817164 3861381 3872914 3877063
3817616 3828643 3812674 3904430
3808866 3905480 4030216 3866940
3902854 3931874 3892907 3998263
3820973 3929879 4046560 3949922
3808273 3827564 3803248 3791799
3831022 3869018 4062444 3861242
3843864 3899014 3830403 3974719
3943608 3952284 3972934 3986211
3808910 3841665 3831140 3811867
3868555 3802962 3883162 3722470
3886559 3921688 4009042 3878317
4020248 3843673 3991436 3808934
3770978 3827173 3759029 3797738
3805546 3728203 3907425 3669218
3841797 3869373 3929092 3851500
3998535 3723499 3967999 3815108
3806384 3971689 3891784 3920655
3875569 4010843 3930436 3970641
3783162 3997840 4025028 3995014
3914951 4034986 4034010 4015665
3699356 3988097 3816567 3844851
3828946 3936098 3897664 4046721
3784621 3956657 3973517 3965727
3884495 3929440 3934160 3989020
3995993 3811964 3816296 3793848
3803567 3935345 3846172 3944027
3925858 3900221 3988368 3862333
3877996 4088565 3933762 4112310
3813193 3777110 3816038 3701766
3673038 3954336 3796078 3960277
3919323 3883353 3948217 3677085
3799769 3917477 3874157 3994549
3888677 3954923 3894766 3862181
3818893 3864890 3897096 3879594
4007993 4034351 3989487 3888858
3873016 3947505 3941243 3973630
3809463 3852316 3844217 3813382
3794662 3860418 3941675 3792568
3874582 3861058 3883190 3806975
3809267 3863596 3848137 3824018
3871336 3788422 3853971 3833427
3843451 3928259 3890275 3906264
4019849 3887841 3904875 4032476
3987793 3956285 3968567 3960618
3928993 3766584 3829770 3846931
3790818 3807573 3804436 3827591
3965007 3808279 3754096 3978190
3860802 3811983 3895410 3843839
3929770 3895973 3830211 3913413
3868941 3862731 4024251 3978085
4009769 4036738 3936811 4035267
4006533 4019178 4144856 4073606
3799631 3839951 3800295 3913627
3773689 3896066 3973091 3927789
3870441 3838590 3733449 3844304
3773709 3907172 4020831 3908343
3894487 3871749 3862458 3831668
3945806 3792174 3917405 3729305
3977190 3850511 4001120 3969178
4112811 3853147 4007663 3863809
3853460 3815025 3868720 3802390
3882443 3740899 3867502 3768851
3861260 3917650 3808475 3846779
3927871 3747661 3902645 3728316
3795382 3981560 3906842 3916721
3937676 3969909 3929816 3951649
3871615 4119189 4014871 4046303
4006160 4031625 4106458 4114558
3804861 3909072 3912917 3890279
3887622 3873896 3921787 3968576
3782686 3898166 3955707 3883625
3831627 3854906 3875427 3981519
3893376 3865538 3954653 3814854
3816041 3983911 3881163 3976145
4008677 3939789 3969827 3866232
3818110 4186267 4021609 4053124
3845900 3842311 3797065 3667038
3790573 3938371 3873868 3964397
3892044 3768021 3856312 3700802
3871118 3961798 3786224 4019705
