3753348 3907606 3977116 3783176
3641340 3616578 3670470 3846732
3828852 3932371 3983880 3766078
3697263 3718956 3743880 3805013
3925635 3998830 4095375 3903907
3834930 3873430 3862601 3971336
3805742 3943559 4046091 3865022
3733149 3787758 3830444 3904108
3816836 3799695 3752477 3764748
3878667 3784620 3951326 4032811
3879797 3781638 3888604 3707488
3787402 3731384 3938340 3958934
3846582 3915293 3865792 3959894
3929841 3883096 4050825 4022489
3855416 3814015 3918411 3884322
3835797 3726188 3985287 3950611
3782037 3838259 3654805 3892743
3840536 3823661 3915393 3885329
3922058 3838341 3693483 3922603
3834058 3842549 3880661 3826354
3950671 3959133 3930560 4081630
3952328 3960409 4009304 4041651
3911575 3884813 3718214 3906864
3913266 3824719 3962033 3877881
3763932 3872636 3967277 3803797
3711679 3842714 3894733 3862539
3820410 3984161 3889917 3746883
3756484 3763431 3828906 3915784
3951254 4090136 4051284 3941141
3872447 3992797 3987456 3924510
3796693 3841866 3914542 3804207
3827859 3873407 3862250 3864919
3778365 3897855 3804383 3759672
3856107 3863362 3826065 3848070
3733856 3919851 3851314 3821260
3795181 3864773 3808131 3890570
3915972 3956328 3882581 3831094
3992413 3982200 3993165 4054015
3798588 3926316 3812360 3769073
3830064 3961907 3892956 3877801
3764127 3711732 3891961 3789155
3842489 3789916 4046937 3838166
3779408 3839511 3835782 3843521
3833561 3724444 3907325 3800091
4028701 3842071 4014839 3914232
4081573 3904244 4173466 3909650
3871810 3810667 3815344 3928435
3919152 3871521 4008574 3876495
3873883 3961646 4009538 3777079
3739487 3732995 3837145 3944585
3929175 3980426 4047031 3734095
3804706 3809385 3832571 3966606
3944312 3915147 4143421 3843242
3724904 3795697 3788814 4035733
3700456 3860318 3940374 3660060
3601663 3630350 3707290 3835179
3839531 3953385 3877719 3954211
3867297 3770106 4022085 4068689
3892171 3825853 3815237 3831418
3979828 3779454 4016045 3989147
3837764 3891857 3846865 3921743
3905848 3801342 4125900 3980358
3735210 3808626 3753284 3764653
3782463 3577657 3882979 3851283
3896404 3943199 3749605 3998339
3894713 3946510 3934246 3966243
3939314 3940516 3778597 3899038
3970175 3956540 3890707 3873630
3883039 3910014 3848536 3948618
3975883 3882020 3990245 3955836
3827406 3806508 3655750 3908110
3773868 3874351 3940140 3873636
3954402 4003889 3957587 3802930
3796205 3914455 3957399 3939927
3882727 3899015 4003561 3850744
3773300 3942040 3958250 3997357
3836019 4072255 3980429 3826394
3850077 3915145 4006333 3895598
3783996 3858220 3887032 3651023
3707214 3812984 3853390 3834599
3900940 4023304 3902857 3848335
3919647 3941774 3936272 3915106
3828060 3964803 3827207 3898058
3828143 3900914 3933438 3911184
3844674 4004295 3885449 3796229
3936187 3994131 3994606 3938945
3720039 3893881 3795657 3747611
3783897 3843227 3786388 3800454
3868358 3837320 3949952 3914821
3988176 3863275 4114951 3849505
3945210 3864505 3891660 3938698
3956616 3843812 4095399 3808077
3974319 3872606 3978967 3942124
4017195 3814584 4098609 3867288
3849843 3768766 3765957 3764326
3794114 3782786 3951356 3789806
3798852 3858730 4077341 3759641
3769689 3843293 3846503 3978113
3985596 4064736 4085632 3827465
3839874 3897082 3854035 3963850
3957131 3983783 4152263 3905437
3772146 3874798 3885092 3934247
3794627 3851913 4023450 3694567
3709707 3794033 3804549 3899086
3787879 3884982 3772401 3852524
3808703 3813675 4030911 4053815
3960045 3896100 3903728 3898775
3906158 3852776 4105394 4081083
3812076 3951001 3874474 3977734
3868407 3919977 4145243 4180027
3782188 3751886 3788265 3757652
3847858 3791247 4008324 3940689
3869734 3956478 3799344 3909472
3858238 3908566 3924216 3904724
3923685 4021553 3838314 4038661
3930674 3983806 4018259 4035826
4013349 3962251 3816064 3992128
3941690 3968611 4055579 3950595
3775800 3877601 3724711 3902229
3909572 3808675 3931425 3859068
3874265 3972056 3901331 3762766
3813297 3914344 3901221 3874936
3929301 3975383 3993255 3880051
3852954 4027178 4044722 3982719
3967861 4057724 4079701 3876240
3864835 4013472 4053768 3981471
3802408 3881007 3967628 3664610
3732707 3870624 3976472 3931067
3757307 3957024 3858481 3835283
3926186 3908751 3898690 3909051
3875750 3972772 3865668 3866939
3918945 3985948 3959140 3927230
3812633 3921719 3976447 3827799
4034105 3957756 3979734 4006385
3738951 3929063 3860840 3729497
3842561 3916173 3790662 3776043
3940415 3813393 3915380 3860828
3893143 3880159 4093071 3824110
3982695 3870647 3921686 4038085
3946113 3901166 4125250 3832815
3997017 3890801 3993630 3940318
4006293 3879731 4109014 3893518
3940796 3792027 3876709 3781397
3846554 3790219 4033114 3819112
3925742 4051446 4202908 3864130
3812062 3789062 3840927 3997684
3982058 4088305 4097424 3851398
3895669 3855363 3923474 4014924
3687435 3773606 3956009 3578969
3629160 3690191 3659339 3767020
3836655 3992953 3973453 3779735
3674612 3700203 3709385 3988132
3991990 3967492 3945267 3941157
3979612 3832867 4106077 4054565
3916379 3867097 3933922 3873525
3917113 3811774 4037297 4037611
3776058 3683970 3815737 3723594
3808674 3685933 3867331 3912455
3685422 3731338 3799264 3740258
3921266 3821119 3993328 3926259
3879529 4010734 3909749 4054689
4031608 3948702 4097737 4042604
3948325 3977732 3839261 4010286
3971266 3940480 4015892 3953241
3797061 3753197 3682483 3830875
3753911 3829426 3856605 3857969
3860133 3808603 3718560 3825412
3790998 3780727 3910980 3823501
3930955 3996319 4099206 3976534
3897280 3997468 3998597 4040618
3863933 4036791 4031451 3956725
3869599 3944401 3953944 3982511
3768666 3876310 3810186 3717626
3624609 3784784 3835917 3795202
3847904 3867868 3904420 3700852
3694185 3873057 3876370 3804149
3889160 3988653 3960607 3879499
3988217 3950127 3966106 3940269
3919034 3956264 3985268 3885701
3938465 4003036 3911217 4029250
3719122 3856915 3731871 3696105
3791408 3839350 3876751 3805140
3798827 3795146 3759156 3762284
3782900 3868641 3771095 3933110
4002953 3895267 3942863 3889309
3997735 3903574 4113757 3884481
4049151 3951221 3988085 3922910
3952995 3882935 4137451 3869187
3758501 3779657 3770081 3746353
3802670 3741855 3896434 3806088
3842542 3782363 3806655 3820368
3867717 3819261 4022720 3819583
3811930 3884861 4016940 3705948
3703469 3726771 3791673 3875648
3728828 3812053 3920867 3806227
3645608 3628262 3751824 3788249
3848889 3851236 4099372 3766604
3757802 3760401 3816757 3957042
3893395 3955145 4068946 3803178
3801148 3875609 3833854 3937063
3854942 3837204 3865557 3816520
3916721 3810730 3973636 3952276
3752850 3769695 3748984 3751649
3775839 3717641 3883602 3887838
3877991 3932306 3846617 3859071
3894175 3761306 4086333 3996944
3885247 3833840 4006352 3887458
3882611 3823371 4020312 4128434
3851808 3921981 3635970 3926460
3845296 3887621 3902755 3873030
3790544 3799145 3632871 3882907
3666598 3775711 3874148 3850417
3918181 3984704 3754155 3942134
3887180 3830484 4002608 3998720
3891281 3925850 3731142 3967081
3935895 3955763 4011880 3946185
3875093 3933958 3858149 3782545
3747578 3806573 3904011 3848863
3730144 3840471 3786061 3639321
3692406 3780621 3836826 3784720
3949675 4043008 3960395 3840388
3820938 3940585 3917997 3937060
3923410 3975809 3950440 3820019
3835545 3888143 3932580 3934451
3751477 3866382 3788877 3786939
3830491 3848123 3857041 3853674
3714966 3727547 3813569 3819265
3750997 3794284 3753961 3807124
3876936 4022003 3902178 3853649
3935757 3988148 3884032 3990502
3861572 3977508 3853630 3838986
3943377 3873888 3929216 3925522
3878121 3881245 3834599 3860273
3909499 3787485 4015827 3797127
3825816 3773385 3733968 3774733
3856446 3727049 3967246 3706767
3960732 3830005 3913990 3859424
3954260 3927377 4017589 3861957
3985232 3863632 3838586 3871908
3963590 3783135 4098608 3801768
3880427 3853909 3996884 3706215
3778313 3721700 3742591 3879873
3915411 3948443 4055853 3813920
3804917 3910012 3810637 3984516
3742225 3941106 4046438 3750856
3701418 3714523 3729114 3866080
3923775 3994198 3964668 3840480
3804904 3805775 3806822 3914288
3798267 3803670 3856209 3864993
3812222 3832360 3985130 3983026
3917946 3906184 3919095 3887460
4032273 3827280 4050466 4054953
3804362 3735446 3746722 3804567
3861264 3749223 4003127 4015588
3791639 3901911 3850332 3891384
3883653 3776438 4081042 4019719
3813333 3871336 3658983 3853979
3888927 3871357 3917222 3953750
3951308 4000552 3861674 3982671
3991447 3973205 4015694 4036056
3769812 3825800 3665545 3885242
3840058 3866066 3875553 3858171
3930729 3943429 3684725 3915489
3867604 3905854 4068358 3942462
3895749 3917652 3917534 3764642
3755311 3854850 3828358 3834721
3936763 4080159 4029443 3892924
3840256 3963098 3975333 4020836
3793652 3897981 3866103 3739771
3710675 3782166 3826605 3813949
3904826 3938261 4095143 3869937
3798851 3876391 4009998 4044052
3782391 3877557 3877543 3766634
3920127 3897329 3856202 3894707
3857268 4013288 3942352 3909200
4000141 4020650 3909244 3970292
3784006 3804858 3759523 3762337
3836085 3865122 3814247 3793775
3803459 4037095 3850252 3867766
3922227 3890189 3927180 3920807
3865543 3823253 3868119 3822667
4010527 3692983 4011556 3750104
4009779 3861652 3968748 3884951
4008931 3814779 4061809 3868538
3855138 3828672 3781289 3848254
3835986 3760410 3978185 3724483
3937597 3852886 3937830 3954633
3967892 3833238 4093814 3802658
3797973 3909430 4044366 3842708
3771158 3786935 3749770 3865795
3825286 3884685 4051576 3834193
3769810 3830563 3869565 3969747
3804172 3928112 3968525 3797833
3629447 3686153 3748529 3900790
3705389 3794194 3887496 3682087
3596630 3675446 3695597 3808905
3830262 3841738 3836035 3850722
3889939 3739486 3976904 4003315
3922298 3840199 3892458 3840459
3823553 3767244 4064053 3968353
3854004 3828749 3850059 3875219
3911840 3773888 3993393 3935166
3724357 3595763 3698359 3729866
3717846 3631611 3851227 3874264
3872530 3883324 3775024 3910381
3887822 3933916 4015833 3954521
3935695 3851876 3647132 3862841
3879185 3838569 3950163 3935570
3917815 3875288 3664956 3898740
3916778 3916966 3906628 3888283
3775454 3769948 3616386 3853387
3794565 3773460 3786565 3748739
3868511 3852312 3916641 3812264
3771181 3903585 3918168 3740776
3927407 3954100 3991358 3820417
3798617 3882712 3921608 3875214
3920929 3845006 3932826 3740974
3824297 3846447 3923974 3850150
3721918 3805915 3784425 3634367
3728720 3688522 3813952 3816804
3793613 3921089 3825304 3866415
3959652 3929022 3924727 3932538
3762526 3928045 3845190 3868917
3844996 3834727 3940243 3920382
3767941 3800610 3884485 3813672
3883454 3941967 3794943 3865346
3623107 3746539 3766552 3744137
3752944 3749822 3725471 3824231
3804816 3778002 3832153 3834706
3870624 3803346 4036447 3830764
3825709 3911742 3838949 3857772
3894402 3833562 4120740 3799190
3863101 3833117 3821231 3862380
3841777 3794275 3947488 3786312
3760722 3772318 3766950 3746787
3751727 3730432 3920327 3687508
3845539 3941235 4030537 3754637
3672519 3716365 3741590 3945301
3797500 3979573 4038531 3819105
3836714 3761641 3818973 3907680
4059359 4082976 4224837 3858462
3906355 3990870 4038653 4016623
3774908 3829395 4085108 3729883
3728920 3762659 3774911 3778844
3826144 3848253 3880944 3863299
3904659 3733750 4000302 4061249
3771081 3804590 3941496 3888121
3857024 3788296 4077488 4043040
4040337 3958989 3998067 4001571
4060632 3943085 4204615 4145364
3773191 3847539 3816341 3843454
3854765 3820622 3993221 3950652
3894150 3966756 3745741 3992142
3892536 3900275 3945294 3929165
3913553 4025365 3818558 3842614
3914521 3925881 3950493 3890823
4130322 4011063 3964328 4062164
4059226 4088157 4045855 4136907
3929145 3957200 3728321 3906590
3854029 3898364 4006714 3897566
3897261 3944145 4007327 3767285
3765500 3861293 3932962 3925295
3897136 3956622 3940069 3911143
3873998 3898661 3955118 3914513
4088035 4098144 4136832 3941128
3946026 4004173 4042291 3971494
3847720 3879067 3958521 3761795
3663781 3807371 3907750 3858483
3807276 3967472 3835510 3835137
3884982 3916897 3884651 3942473
3798761 3986844 3828068 3757708
3884395 3906730 3791776 3963401
3948731 3985171 4022772 3979775
4059374 4121760 4028949 4032220
3746101 3926768 3873244 3882543
3923453 3903841 3823432 3768687
3846034 3776652 3886961 3887922
3912661 3832649 4041085 3849552
3870004 3770991 3860190 3869913
3830419 3835132 4014659 3824691
4118998 3887322 4048213 4053700
4047856 4066261 4200636 3958100
3899389 3824343 3794144 3901045
3874093 3752833 4011235 3811430
3985802 4058264 4166958 3854925
3878112 3864216 3917319 3973024
3826829 3879729 4053848 3838339
3795165 3812448 3853761 3920126
3879268 3986304 3983749 3831607
3739840 3754042 3819846 4032802
3788335 3874077 3881732 3703941
3643298 3775758 3738475 3834865
3942380 3949329 3927948 3934756
4048122 3887025 4054356 4111910
3792303 3868941 3907898 3943966
3863190 3767142 4069706 3985277
3798286 3907020 3847516 3783647
3805806 3833889 4003140 3978444
3792946 3753685 3807691 3831435
3785694 3668562 3932905 3971758
4020480 3965184 3879412 4119567
3993311 3978250 4066545 3992279
3893203 3897263 3809032 3982158
3958669 3822706 3973988 3933657
3865442 3891726 3752861 3944508
3945003 3845846 3986847 4004734
3796665 3792044 3722689 3818645
3909957 3838856 3809394 3865534
4009930 4093601 4059469 3923598
3925398 3904821 4019881 3909711
3798086 3946109 3990787 3806813
3792506 3809934 3910217 3831023
3825308 3986905 4004846 3797152
3872671 3897333 3976852 3976937
3824128 3895527 3833894 3739387
3740752 3711440 3826932 3849996
3863839 4026406 3968326 3928793
4010138 3962262 4015794 4039658
3823892 3884317 3906194 3808012
3932656 3940783 3956762 3901232
3866695 3985722 3906313 3721674
3877503 3972691 3827592 3965015
3704788 3913038 3704672 3649428
3763680 3861868 3800408 3841049
4018401 3896409 3977628 3908630
3984679 3977878 4110363 3945074
3883242 3884290 3885869 3922664
3936487 3798636 4094754 3946443
3933718 3795152 3931709 3875893
3944308 3792594 4046874 3769414
3872466 3729684 3750245 3738490
3878888 3707931 3978806 3746239
4099924 4082659 4235300 3934939
3822947 3916555 3874881 4016626
3946514 4109791 4166545 3876209
3841050 3971424 3990565 4009239
3935268 4058004 4034082 3855464
3704171 3818101 3756594 3984743
3930732 4096119 4153970 3954025
3801256 3873679 3958209 3981598
3949264 3969501 3983688 3959484
3980418 3942159 4164893 4075432
3932067 3914257 4004966 3922749
4076123 3941445 4132704 4075317
3856479 3810034 3879846 3891732
3888688 3886086 4070002 4046676
3906938 3880915 3976539 3957583
3988039 3872114 4078163 4081880
4023361 4015777 3949185 3987142
3985471 4108815 4060967 3968709
3980624 4103453 3910811 3934384
3955383 4009377 4085252 4062835
3924634 3985937 3777339 3961821
3868056 3997081 4035124 3949831
3906903 4051041 3817768 3987217
4010180 3942173 4000568 4016868
3916939 4045465 4169640 3884951
3905150 4008198 4083645 4002413
4011599 4103285 4101095 4055819
3934693 3955853 4062143 4070294
3898134 3905150 3975093 3896252
3780042 3832305 3978030 3941445
3961010 4060083 4030159 3883473
4010654 3977982 4015581 3912777
4005014 4024198 3973133 3988265
4027889 4114785 3997638 4127267
3910623 4023471 3921946 3934597
4000596 4034472 3963070 4038284
3808512 3912105 3957504 3803959
3900782 4014640 3907275 3944578
3877777 3928507 3906079 3833388
4006344 4007362 3944861 3968537
4097368 3930629 3985100 4009119
4018454 3967630 4239118 3928941
3974482 3918916 3986821 3949055
4076883 3940605 4179322 3909611
3923591 3895148 3909653 3967389
3935147 3910589 4139338 3860882
4029347 3893939 3935052 3967236
3991027 3928357 4115701 3876674
3874555 3972996 4053035 3792214
3789402 3908211 3838785 4001300
3959117 3985589 4109819 3902658
3866731 3911525 3861640 4066719
3884221 4036624 4072310 3800385
3839134 3771904 3800715 3995982
3759832 3868977 3967798 3762003
3687274 3658150 3752190 3805554
3901357 3918351 3824022 3957319
3924324 3776616 4068446 4005831
4001010 3914691 3988769 3994769
4050828 3892860 4170024 4079102
3855557 3929590 3927683 3875081
3896935 3831378 4090084 4115568
3859458 3817049 3790932 3835028
3799920 3728561 3928005 3893847
3962142 3857647 3793973 3949050
3931546 3965966 3963851 3973184
4007685 4115441 3883277 4036286
3999750 3957082 4117557 3972102
3958579 3900649 3853797 4024472
3934748 3990058 4041717 3989148
3829633 3914617 3746246 3859750
3871685 3850530 3975062 3903549
3946028 3970232 3990291 3840701
3942394 3975989 3975608 4049410
3982404 4017739 4136053 3953367
3941083 4097227 3914121 3978738
3942800 3979213 4126241 3915589
3884155 3910369 3967408 3917717
3838031 4041747 3857559 3757331
3714742 3940300 3924670 3869094
3814328 3926860 3907523 3857738
3935561 3949603 3924977 3930422
3888792 3978559 3989890 3918081
3984132 4073162 3982756 4025682
3891387 4003026 3916527 3966574
3957556 4049330 3933323 3995571
3848797 3926136 3840210 3769268
3804594 3924143 3919143 3818155
3928754 3837480 3940228 3852257
4007075 3853045 4113175 3853166
3972193 3888882 3983535 4026638
4033711 3942112 4086534 3953631
3946059 3910627 4002169 3993533
3996110 3840910 4167746 3865297
3801177 3842843 3853540 3873156
3900166 3764315 4053661 3789752
3824850 3937933 3991536 3737965
3730530 3741057 3777331 3880730
3909090 3899046 4015129 3769240
3801611 3747159 3788819 3932763
3952536 3954723 4039583 3834472
3769520 3939839 3851981 3893332
3876093 3944666 4025758 3893467
3752841 3752851 3801707 3865747
3759283 3820810 3790611 3832088
3796984 3759539 3982727 3979358
3759514 3849474 3865148 3934951
3898460 3729869 3941251 4013265
3848325 3830515 3913403 3988589
3956390 3821568 4111224 4027985
3742422 3775303 3875258 3901874
3768700 3753060 4022053 3966340
3842862 3872403 3758583 3910559
3859913 3885669 3945222 3851550
3894836 3900885 3821925 3925826
3861958 3918773 3975129 3957073
3930476 3945830 3798373 3944150
3928344 3909949 4015003 3953167
3854899 3929818 3749926 3900380
3835207 3917690 3909076 3909072
3903074 3999432 3939012 3749796
3734319 3833913 3933871 3874543
3879946 3862787 3960993 3753519
3846028 3804189 3978306 3860874
3911144 3999733 3985579 3838336
3829405 3892878 3994707 4011564
3841528 4022777 3963208 3800057
3786210 3846884 3923317 3906956
3851832 3930662 3743238 3786616
3867130 3878132 3877583 3875165
3767094 3982748 3813839 3786048
3898960 3915492 3914621 3959025
3864476 4045594 3907285 3900814
3922981 4032808 3906104 3958726
3749761 3979116 3904954 3829231
3943128 3972723 3938734 3968662
3799649 3847465 3900460 3821432
3971269 3787196 4080406 3771722
3984399 3734484 3870746 3885884
3913138 3815209 3993676 3827485
3882863 3889573 3899793 3901867
3950628 3848403 4181157 3869121
3892515 3822894 3910090 3842943
3945510 3751406 3971175 3818455
3927702 3980152 3988596 3851621
4087998 4106076 4046417 4002357
3755630 3800256 3752132 3596513
3731599 3988547 3925997 3875056
3824985 3910313 3913876 3797198
3815138 4101697 4008110 3847160
3695419 3717322 3760178 3582195
3759678 3907606 3829888 3822966
3957336 3924125 4185261 4220756
3965927 4035043 4019550 3979532
3773236 3732775 3912248 3966809
3824990 3815166 3861665 3733571
3866412 3803646 4018934 4058718
3845460 3878554 3894331 3753548
3723742 3707966 3875992 3949467
3779276 3768114 3863888 3726259
4066752 4023121 4269752 4020600
3969531 3974844 4017082 4070237
3835183 3796302 3890540 3786067
3759679 3927446 3763261 3790472
3958732 3892802 4043434 3843798
3856369 3936538 3866396 3922218
3862750 3789453 3874647 3750460
3704927 3865274 3784051 3907273
3969184 4164319 4114011 3832114
4116542 4098285 4099155 3986813
3786887 3799145 3785479 3573649
3957251 3825773 3872284 3794737
3800031 3955877 3991436 3697554
4032058 3891017 3950160 3848020
3831171 3892667 3857761 3666038
3952783 3759706 3857188 3732670
4066545 4061286 3993523 3805126
4105603 4106890 4070631 4004873
3893656 3768936 3760225 3685622
3866453 3898868 3895960 3809695
3931495 3967420 3851089 3776057
3945856 4005636 3826341 3859812
3795906 3785707 3789014 3732388
3818139 3887499 3791750 3813531
4157882 3987217 4096521 4075428
3984414 4044444 3971801 4074008
4028020 3772542 3911338 3880102
3846496 3870914 3721967 3751950
4011234 3911839 3953873 3865584
3827121 3823834 3862788 3877216
3878465 3753124 3849410 3820290
3783760 3730421 3726381 3653139
3863162 3943169 3862157 3819470
3860795 4060555 3983886 3970413
3752968 3882741 3814678 3666457
3828944 4015460 3852339 3843822
3858297 3829661 3914573 3743128
3965889 4122312 4017077 3905345
3684019 3770451 3838171 3673820
3819918 3954028 3854606 3778606
3889187 3831495 4028398 4015931
3897873 3985511 3894909 3933544
3735626 3785158 3865424 3947000
3828848 3858384 3866050 3786715
3882016 3834365 4033570 4130405
3871016 3939373 3994477 3709072
3820622 3689495 3937276 3929874
3801167 3810813 3856338 3683571
3959449 3884642 4043757 3887166
3884871 3963480 3910461 4002265
3920632 3824184 3896836 3817753
3672890 3805729 3774089 3829313
3883427 3889240 3991378 3886149
3879441 3937878 3934567 3912546
3870194 3689382 3923910 3760134
3770878 3819390 3777124 3767542
3910946 3995235 4061331 3799866
4145114 3903718 4124637 3894414
3795735 3941679 3941732 3680110
3867830 3781356 3981779 3806237
3987277 4055538 4099696 3746734
4016016 3999149 3926734 3928896
3811365 3932749 3937943 3641532
3916378 3827828 3801875 3725814
3939081 3997272 3794030 3804980
3952214 3989050 4033490 3926697
3828734 3832013 3782251 3672726
3894550 3873604 3801330 3883026
4005444 3975485 3828787 3793239
3930553 3990976 3902954 4050708
3857441 3851476 3765123 3628463
3806609 3968907 3767188 3812780
4036723 3938188 4022176 3935768
3944684 3881526 3914124 3943983
3967743 3867408 3922850 3870464
3774877 3855119 3855073 3807651
4158681 3875179 4000943 3931064
3936630 3946255 3859382 3860986
3965132 3789283 3856333 3869335
3813880 3804061 3810319 3818989
3718047 3725232 3844251 3657044
3772358 3999819 3904960 3849408
3717191 3948474 3874445 3773292
3899119 4055902 3907101 3806441
3914853 3948764 3950824 3806115
3972361 4051778 3969863 3910616
3838294 3884215 3911211 3771005
3860757 4024566 3997071 3912951
3775573 3673552 3960468 3934652
3809542 3890698 3896269 3673230
3852841 3738716 3996015 4062773
3760490 3894770 3862039 3895184
4017159 3798564 4008383 4107844
3927048 3944517 4046540 3911756
3842121 3833840 4040507 4062930
3956094 3959466 3968907 3761493
3919549 3854396 3862823 3805100
3671016 3849764 3797316 3869176
3969527 3840687 4015119 3846479
3838711 3908968 3842938 3849508
4034978 3926555 4055381 3894016
3962192 4027013 3882824 4008515
3889430 3954206 4016591 3920855
3845145 3941915 3878381 3894324
3799020 3862610 3903760 3703922
3963460 3892730 3974913 3865555
3876534 3967816 4030440 3798006
4088629 3947605 3936491 3906220
3966305 4078837 4049214 3863598
4105514 4005522 4011705 3853947
3894823 3949298 3963952 3720997
4053659 3891033 3993134 3852595
3956047 3795296 3766832 3710665
3851922 3892260 3771885 3859294
4001127 3911772 3835301 3797099
3966517 3941537 3876791 3912920
4029349 3946662 3844995 3826202
4043953 4082243 3876170 3965331
3946594 3931968 3815546 3726761
3952212 4068639 3897588 3867151
3987959 3757905 3900866 3834830
3723268 3872810 3837370 3827338
4009642 3878252 3967254 3944109
3898028 3814291 3838911 3912770
4130407 3911068 4085332 3987829
3861784 3938053 3925412 3968999
4053287 3869938 4008801 3932019
3815377 3882390 3831345 3931013
3849350 3890961 3916321 3788723
3854231 4109500 3988145 4006044
3801485 3830687 3801803 3606475
3766975 3993208 3874187 3866590
3727657 3973304 3904388 3711092
3909009 4059358 3983837 3834451
3787390 3810877 3812220 3602856
3824171 3923808 3860632 3846355
3922365 3814659 4140049 4074151
3944574 4040775 3974824 3790954
3782442 3731352 3906231 3968525
3806677 3781543 3847240 3634660
3869893 3720477 3999828 4046781
3862753 3905242 3867273 3704684
3782246 3761658 3876888 3946076
3814224 3877837 3826937 3654206
3941178 3867594 4007416 3872429
3896072 3921459 4019846 3976009
3849381 3815684 3934040 3703654
3763631 3822034 3845020 3892045
3885741 3842500 4021522 3861724
3904768 3953110 3883644 3965117
3817790 3862263 3945771 3731941
3770904 3856319 3793728 3898159
3976608 3980396 4122657 3808615
4032066 3989557 4019650 3851316
3748584 3784106 3879715 3707274
3920712 3886408 3959104 3807781
3872249 3965188 3971442 3757333
4013222 3911007 3985951 3859634
3822162 3832405 4021297 3654915
3911789 3929048 3946909 3859895
4005959 4007570 3885324 3911619
3993019 4063361 3928687 3903126
3912056 3752838 3690717 3723432
3835065 3869104 3820890 3763632
3856183 3937263 3880146 3796284
3898838 3969975 3901220 3896961
3911694 3769470 3685165 3728762
3832908 3934636 3786327 3850899
4138049 3899259 4033614 3987202
3929082 3917193 3907878 3982520
3966973 3769489 3936503 3827842
3891075 3801476 3821056 3782832
4026476 3903954 3996711 3876404
3847427 3881630 3907759 3843135
3931625 3801486 3849261 3805465
3757307 3804421 3784748 3821537
3719106 3898398 3827804 3643743
3745575 3999698 3942123 3851062
3823981 3910957 3860127 3630659
3833777 4013609 3951702 3910993
3915636 3979541 3927615 3700684
3838955 4127679 4022103 3894091
3967546 4099735 4055579 3820924
4071048 4223922 4112930 4102344
3832212 3679715 3974299 4019593
3854008 3907741 3890536 3642382
3934038 3714375 3961041 3977327
3802070 3865997 3851259 3818384
4027177 3815422 3971112 4060414
3898942 3925855 3951227 3823413
4077292 3935404 4140855 4293900
4087816 4096313 4163488 3925130
3849085 3802953 3885384 3790125
3784689 3889482 3872915 3781606
3868883 3927012 3981359 3779128
3765879 3870726 3850016 3903550
3969930 3915001 4008428 3891128
3902544 3919380 3873252 3898490
4091576 4155837 4125378 4023767
3984377 4076561 4079555 4116729
3889310 3919396 3868223 3649277
3943729 3886693 3919310 3774622
3784412 3901604 4048597 3675339
3902892 3869795 3997624 3921770
3842392 3946554 3981831 3832436
3976653 3936265 4037388 3865618
4056357 4100692 4171152 3924571
4213659 4050032 4113120 4048421
3825409 3870402 3803751 3718273
3866208 3931827 3788224 3860145
3942974 3841407 3794667 3665607
3993196 3967769 3820379 3925114
3936660 3933392 3932510 3825206
3931428 4054457 3846007 3981284
4135501 4154135 3979738 3899997
4145518 4148590 4034403 4104588
3965669 3877114 3900041 3855273
3904772 3812381 3799014 3809877
3993830 3878284 3989734 3899285
3853759 3884932 3841064 3745231
4032971 3975255 3979388 3901384
3855060 3915465 3906550 3849940
4233207 4053390 4141073 4105184
4029700 4072916 4074023 4079259
3936495 4126671 4045733 3833147
3967216 4157758 4084611 3975591
3872655 3952872 3866084 3818247
3956328 4087373 4060163 3956565
3905009 4044566 3993820 3880502
3980706 4123426 4022211 3993982
3762158 3846929 3706867 3711359
3732794 3911352 3784725 3817368
3948560 3857756 4118655 4156916
4082420 4052751 4082520 3964411
3963453 3861544 4034975 4222517
3940446 3920426 3974154 3826204
3826146 3822466 4131868 4173721
3978829 4024150 4031095 3909680
3735596 3746243 3951518 3904026
3752554 3787231 3856651 3687711
4003601 4051432 4143936 4077652
3902173 4035354 4014744 4117891
3926890 3992003 3993945 3904778
3855457 4004902 3983119 4002757
4006957 3901298 4106884 3990109
3895424 3997150 3947669 4050578
3962385 3835392 3936118 3805077
3730791 3855211 3767869 3866342
3898593 4075433 4135352 3848144
4043187 4022098 4171830 3958007
3954369 4024318 4003867 3743371
4095379 4003578 3940035 3940847
3955032 4076364 4067705 3788725
4057391 4015724 3990309 4009829
3725458 3832071 3902388 3676702
3948537 3909755 3861400 3701509
4131008 4096311 3973750 3895754
3997120 4186080 3972977 3947446
4004301 3958798 3897449 3863941
3995478 4162287 3983651 3946070
4101856 4101063 3951700 3841377
4020906 4034650 3979590 3973807
3819247 3838896 3750356 3580634
3899869 3950436 3844966 3843007
4101693 3954674 4085121 4038474
4015871 4009870 3961458 3999673
4126566 3957702 4023839 4018164
3948523 3851990 3906268 3945277
4183330 3960454 4017329 4066108
3920493 3939033 3947626 3986926
3943424 3757530 3844257 3863145
3817156 3796361 3732512 3829981
3685988 3811554 3796623 3597630
3786932 3986026 3854880 3893660
3815798 3884787 3800752 3738014
3765685 3976260 3951363 3901880
3919293 3854740 3835156 3753982
3866829 4049155 3943946 3898136
3957615 3981243 3956517 3887768
3994675 4126411 4067356 4013024
3784125 3620421 3908709 4033160
3744304 3859311 3800557 3695014
3849049 3789167 3954558 4042714
3896407 3837849 3955619 3753436
3816339 3778008 3944589 4096607
3864408 3902428 3902985 3735306
3940718 3919974 4093675 4324443
4003110 4071414 4077999 3859742
3854239 3850569 3886339 3783810
3734760 3796450 3836465 3830971
3886836 3808956 3862011 3874166
3839189 3891810 3801343 3863190
3874565 3892430 3994932 3914935
3811805 3945859 3857508 3891140
4056900 4077841 4152937 4005419
3951713 4003007 4008179 4154503
3785908 3817401 3903811 3634825
3934002 3764394 3794806 3829030
3807683 3921562 3989868 3727241
3944994 3928879 3967891 3784154
3861760 3880650 4021081 3706380
3953403 3972390 3920076 3848066
4040690 4107665 4082782 3819292
4145758 4044616 4149645 4060236
3796062 3739575 3752410 3646300
3829717 3932711 3737269 3761900
3939151 3856204 3831385 3714176
3862485 3958968 3897187 3850392
3939665 3980421 3756625 3741361
3982701 4007337 3927668 3889588
4104754 4110257 3945507 3898330
4056265 4090225 3994869 4077049
3895789 3796247 3842188 3834031
3733738 3766669 3796841 3863394
3999013 3817431 3906141 3821661
3781824 3855137 3804985 3790450
4085506 3827165 3985875 3953719
3825470 3885844 3845433 3889626
4210455 4073116 4121954 4078000
3948940 4058543 4015496 3953303
3802318 3947872 3852768 3702298
3822455 4022987 3995113 3839016
3798298 3953573 3808923 3704081
3884983 3985439 3989280 3890774
3719084 3880472 3848470 3639034
3764388 3910541 3798414 3841696
3739284 3784473 3695975 3543360
3729503 3858868 3799533 3764656
3823557 3833169 3994499 4074396
3882261 3943671 3881689 3803165
3828489 3792029 3982132 4028030
3904682 3934424 3895630 3745285
3806553 3778596 3874410 3956543
3752472 3892752 3802057 3717928
3742709 3684673 3870873 3854730
3797553 3734738 3761708 3679760
3940975 3923651 3976970 3821548
3801997 3917257 3844365 3932465
3908443 3843948 3944658 3876872
3799022 3881882 3922375 3907900
3781572 3837611 3791289 3832628
3728338 3872263 3752959 3809745
3804493 3716320 3818152 3738793
3644723 3793384 3651994 3810881
3867757 3879882 4036151 3701979
4030161 3894624 3860425 3831531
3807925 3934168 3922848 3614999
3932915 3896467 3917973 3838610
3825932 3846078 3870980 3662196
3939042 3849133 3888264 3721357
3687305 3877384 3892555 3564333
3783745 3793813 3839336 3707628
3953290 3960727 3882717 3768942
3859233 3989060 3866555 3892683
3889798 3918423 3849052 3790748
4050096 4023011 3861267 3894283
3844601 3755137 3644479 3661876
3799418 3839340 3801540 3856170
3779664 3838830 3737890 3610430
3797018 3863271 3826191 3751458
4031509 3845305 3883149 3889067
3876392 3921965 3853741 3831845
4031263 3773861 4045579 3955650
3884783 3877078 3833944 3896946
3953043 3772063 3944610 3836608
3706086 3809626 3760886 3784572
3914416 3756707 3825810 3753343
3736943 3773453 3728340 3770753
3790451 3922303 3823232 3667724
3844804 3959092 3918049 3877802
3692114 3934726 3838083 3720476
3812047 3965353 3808402 3840696
3721963 3882516 3749818 3618617
3828781 3909792 3851906 3845146
3752375 3864992 3807791 3624674
3738952 3994639 3898767 3887763
3851285 3764899 3964071 4043413
3825067 3832718 3850435 3712953
3794584 3734663 3990152 3945063
3797036 3802979 3875520 3757704
3850173 3686267 3844181 4053481
3874127 3946657 3907959 3732926
3811965 3635569 3928417 3994778
3871445 4042601 3869362 3717550
3857850 3799411 3959453 3771749
3765138 3890064 3821804 3867012
3936607 3810854 3807557 3795083
3680620 3873697 3868387 3884852
3857440 3827886 3901834 3714037
3718498 3847090 3841610 3899395
3754938 3962682 3871279 3790303
3775529 3908504 3882127 3886366
3893352 3890628 3979728 3688533
4053000 3917210 3948513 3794689
3849875 3877303 3963821 3704616
3889538 3885224 3867693 3750554
3853958 3889335 3978601 3651657
3952384 3821369 3954160 3810234
3890260 3943644 3936263 3590269
3967889 3967871 3908892 3862692
3825562 3888896 3771490 3707248
3886173 3961769 3828579 3839730
3862070 3819667 3814734 3694700
3914607 3907811 3861620 3814853
3873642 3870535 3762682 3713476
3794341 3912927 3762086 3901810
3925768 3827880 3766970 3825171
3873564 3968248 3818324 3835428
4057369 3841235 3928832 3887299
3753705 3822734 3854716 3788541
3991959 3852945 3917960 3908143
3745785 3923188 3792579 3824472
3973629 3814455 3927499 3970306
3731734 3876068 3853509 3829217
4003402 3857887 3873411 3922721
3846346 3894606 3770779 3925666
3906011 3985585 3914172 3798400
3900258 4090948 4003825 3985593
3934126 4022762 4051021 3845669
3992965 4092254 4051933 4027067
3773899 3896132 3886573 3710939
3831057 4039713 3963353 3911117
3734894 3880881 3789239 3595779
3797914 3905654 3916832 3860706
3940718 3857599 4077528 4132907
3940501 3953024 4018173 3744726
3993333 3812130 4121598 4106737
3954522 4032994 3934571 3910308
3972789 3769868 4078656 4015942
3851751 3919477 3875232 3835990
3789131 3728634 3897693 4020645
3836518 3879073 3894484 3768587
3900606 3968294 4026061 3930943
3894132 3992633 3940029 4001126
4016225 3949533 4038122 3984872
3874880 4022680 3943560 4069238
3935395 3888232 4008667 3896430
3860501 3957828 3984952 3887220
3860729 3862480 3847876 3800755
3767780 3838837 3830578 3926304
3991415 4013538 4051507 3748871
4109810 3955621 3968851 3919015
3911270 4051510 4043431 3768598
4099205 4009003 4068908 3944749
3855664 4044453 4001427 3734498
3991709 3964505 4043095 3920957
3823006 3852663 3887782 3574821
3924400 3896899 3888850 3861323
3995337 3934588 3933564 3748898
4006770 4031145 3957156 3973001
4056296 4007974 3990442 3839237
3968823 4121491 3935834 4052595
3943972 3932838 3877533 3750988
3937188 3994907 3921399 3867214
3832971 3803222 3809495 3726923
3908198 3938795 3746306 3919470
4089360 3978384 3975975 4067506
3883844 3907692 3919110 3905469
4091329 3910622 4069785 4039325
3936209 3964864 3960750 4012369
3969758 3907959 3953994 3917212
3934510 3891739 3877032 3921925
3913918 3814904 3858388 3865877
3763316 3779829 3800671 3788295
3727358 3784569 3790165 3573202
3701964 3873765 3828265 3789414
3734185 3824704 3789035 3702729
3820096 4014790 3949269 3867074
3761019 3791091 3862063 3743495
3853182 4041439 3975233 3879688
3839685 3912277 3819884 3727489
3843618 4020172 3847590 3898288
3710522 3721244 3832194 3886595
3821808 3763040 3817991 3648865
3873270 3810137 4025881 4002540
3873986 3852402 3803637 3691364
3854780 3808574 4011483 4044800
3861361 3912999 3945219 3807328
3869944 3809594 4051416 4016956
3932314 3940105 3956982 3823835
3714340 3790364 3829561 3762948
3746183 3852414 3779366 3828227
3846422 3882558 3989397 3806913
3774395 3923002 3792067 3901124
3970064 3948319 3967829 3883946
3874184 3922177 3885037 3890127
3862700 3972508 3983773 3793614
3819077 3952519 3962351 3965276
3793552 3788160 3857606 3575357
3899438 3746379 3795741 3654249
3831212 3803650 3950066 3692896
3972177 3917564 3884294 3800748
3881782 3919328 4003008 3625514
4035785 3883848 3980239 3897859
3839407 3902246 4072039 3718751
3991804 3965138 3997269 3868120
3783524 3777410 3690258 3654174
3850854 3884034 3758750 3887221
3890161 3858185 3811649 3806903
3973829 3912072 3885239 3889286
3948497 3964177 3825450 3708980
3925269 3936268 3892512 3927839
3910831 3949794 3913418 3708550
3909515 3905590 3894205 3887220
3947224 3719041 3896739 3892309
3761263 3782798 3718603 3847630
4053285 3830653 4020555 3829418
3748775 3806420 3835277 3863731
4089542 3904440 3960748 3920706
3861372 3837251 3835487 3875962
4057381 3950599 3953167 3968283
3856442 3862285 3851693 3962351
3600727 3707286 3618692 3559058
3631320 3710646 3776653 3656105
3777324 3900219 3829849 3666555
3941554 3996635 3943184 3794301
3771559 3728290 3800306 3607785
3739987 3936485 3866459 3848824
3848980 3931169 3876782 3710848
3881467 4081220 4067350 3959907
3669398 3550175 3800532 3822139
3673853 3727074 3707115 3550513
3834751 3718589 3965018 3967158
3847085 3849393 3926700 3824232
3822441 3672458 3927988 3954669
3806541 3822214 3865959 3674922
3894011 3803710 4006112 4054773
3924400 3936224 3929353 3855495
3711149 3776599 3766425 3682965
3574396 3675721 3756483 3713043
3902209 3856111 3954222 3797875
3853836 3797750 3835585 3878609
3841983 3773404 3890989 3784887
3757702 3731289 3732774 3805420
4042357 3912990 3938055 3914412
3741925 3904314 3886567 3979001
3657274 3713045 3828523 3582424
3837455 3665343 3735001 3670271
3815303 3853449 3946837 3693174
3903870 3878298 3972560 3843724
3770055 3855712 3849235 3607020
3962798 3885151 3873480 3834746
3891580 3948090 4001944 3769870
4011701 3955240 4006961 3907500
3727350 3753443 3682014 3568908
3692810 3796578 3706862 3743846
3969720 3859965 3817427 3662788
3902534 3957830 3873391 3828353
3790188 3805754 3658478 3656226
3829893 3915034 3714082 3819983
3990863 3868699 3857936 3764730
3983708 4046339 3857865 3927113
3843289 3598172 3688136 3732987
3631479 3699637 3667922 3655221
3917330 3836110 3912301 3944035
3796351 3815587 3826664 3816199
4071384 3829493 3881978 3899425
3785330 3743838 3832424 3864553
4131772 3879318 3978476 3946369
3844067 3906268 3855403 3920771
4107184 4091139 3939214 3972917
4073061 4099666 3945081 3810465
3936342 4074985 3829922 3801645
3958755 3905182 3930667 3698298
4018501 4008800 3858854 3932798
4101435 4103579 3946815 3787074
4084293 4148192 3945939 3919592
4097229 4008283 3928588 3856561
3867270 4083342 4042661 3843193
3955011 3839386 3694474 3998985
3837142 3960351 3916633 3743426
3866495 3672307 3752969 3854935
3928578 4063440 3864713 3879700
3847126 3791304 3720589 3915491
3937544 4106528 3946967 3859046
3968064 3766580 3792731 3907985
3867616 3810400 4070106 4015137
4129689 4014703 3942150 3936168
3727991 3723256 4067816 3812136
4056464 3864575 3782141 3866150
3771862 3787953 4095366 3913023
4028986 4063217 3825777 3958457
3824791 3747414 4174690 4027602
4138636 3964265 3887297 3971823
3902251 3954802 3905114 3929476
3997638 4018090 3903322 3934477
3811170 3803361 3810114 3942077
3951108 3919767 3774917 3844501
3879307 3865093 3979623 3889863
3981824 3982393 3742807 3949659
3921146 3910932 3875674 3910930
3996192 4071561 3870779 3896636
3917787 4006164 3932391 3928136
3869531 3971482 4000228 3819019
3903507 3927788 3731082 3811002
3735764 3851959 3849535 3718352
3931339 3939225 3903275 3948919
3813495 3947874 3984292 3847189
3927040 4000080 3891318 3874919
3783301 3959256 3960820 3936422
3821675 4018786 4012742 3997039
4063262 3903452 3927757 3889856
3703335 3888661 3933469 3830210
3826957 3733973 3930628 3755027
3773952 3945660 4037878 3964053
3976266 3956282 3953179 3914790
3757736 4018307 3941200 3823808
3960740 3939814 3882838 4030135
4056725 4054560 3972227 3936480
4200397 4041479 3936818 3785372
3911918 3972642 3662535 3820869
3952671 3946366 3824093 3688422
3948932 3945901 3799523 3886227
4011800 3899819 3857871 3791741
4091697 4162585 3898881 3980500
4083267 4101714 3948063 3855185
3963397 4134564 3923220 3779842
3955770 3822055 3756435 3950037
3816417 3858319 3790254 3746857
3827061 3644258 3622257 3818975
3906862 4050774 3927733 3735765
3776144 3684040 3713892 3924395
3913386 4143716 4041452 3907356
3986354 3886710 3828504 3906810
3881680 3793068 4184878 4085348
4125864 4046430 3922630 3886150
3694076 3683477 3956040 3844907
3887118 3902091 3746870 3764762
3754408 3692234 4083157 3932720
3989713 3878207 3835180 3844116
3848169 3813331 4196888 3893810
4063697 4004386 3869587 3894802
3943132 3959804 3941501 3858913
4080115 4072604 3935256 3988204
3814075 3774613 3800913 3707130
3862774 3876650 3765744 3808414
3754625 3772900 3863513 3755938
3945499 3913015 3736454 3907023
3970284 3972636 3928238 4012660
4003422 4056065 3802691 3882828
3978658 4113591 3909545 3900182
3848837 3951172 4030059 3984450
3752383 3894054 3728617 3732781
3673447 3865283 3775275 3753626
3901767 4053261 3770547 3822129
3776884 3937548 3879473 3826390
3947252 4167458 3835263 3901004
3818259 3958441 4005325 3896085
3830776 4068184 4079266 3989541
4047603 4033718 3979434 3974733
3683912 3826277 3919449 3743281
3886274 3782869 3789923 3829622
3709578 3892537 3891479 3938888
3835305 3855374 3872541 3821308
3814321 4020945 4015926 3962376
4005347 3935046 3960575 3969809
3890545 3902713 3830360 3803306
4083084 3939057 3764129 3693183
3924531 3967988 3827174 3825037
4030928 3823326 3861191 3690109
3865773 3919722 3772939 3805286
3942800 3941078 3776650 3710569
4035951 4111087 3780258 3841056
4026728 3933755 3885689 3786275
3765725 3940836 3908912 3754709
3809794 3729838 3603084 3840781
3797624 4000590 3832785 3735684
3722042 3673050 3660571 3814862
3876352 3994458 3868050 3642662
3747355 3656351 3619361 3822815
3951343 3958593 3990987 3785368
3919918 3767940 3729059 3903006
3754040 3758482 3957275 3831109
3927260 3763627 3769296 3803329
3677059 3622730 3905465 3810333
3890128 3825367 3739152 3743053
3723185 3785751 4019790 3836485
4035913 3815700 3766062 3809649
3760743 3775145 4092905 3904353
4020260 4027528 3804965 3898210
3752408 3781319 3849514 3761270
3906671 3909197 3732189 3764820
3787706 3741553 3708786 3733871
3895433 3789859 3687796 3755304
3845310 3842664 3869866 3813047
3896094 3935075 3785250 3830499
3929723 3889130 3842902 3858905
3951834 3975907 3808600 3885608
3841105 4015609 3724044 3844071
3663081 3799959 3850467 3808949
3810350 3818524 3606737 3763279
3685935 3840115 3822902 3739603
3842391 3931797 3663477 3759113
3756222 3872021 3754813 3700831
3802886 3919182 3890997 3837572
3794493 3922969 3898183 3809461
3761014 3849246 3925251 3789505
3828679 3917599 3762238 3801342
3656976 3821720 3926128 3720958
3877155 3731402 3767393 3779939
3673396 3919132 3885578 3895068
3856580 3886184 3857211 3811401
3821205 3973454 3970831 3889228
3993343 3957034 3857606 3842055
4040825 4097423 3879713 3967610
4048875 3969857 3826976 3802953
4121756 4170853 4006168 3969638
4201445 4134809 3954409 3857192
4026519 4084937 3878977 3908325
4067124 4024526 3828172 3747174
3768417 3989187 3682991 3644435
3805471 3857752 3693028 3698707
3923502 4062974 3928300 3795889
3936957 3796779 3798893 3964234
3999825 4178735 4056934 3849717
3965045 3883968 3816432 4055069
3943976 4008354 3913260 3806105
3855344 3722491 3707182 3909223
3757583 3862689 3849443 3697872
3771605 3613709 3568923 3781170
3774216 3752673 4069404 3906347
4062637 3938790 3784382 3880777
3901959 3867098 4197413 4058056
4181520 4046197 3938094 3896842
3808096 3776614 4084571 3905766
4075334 3916297 3792412 3891119
3547992 3627208 3893051 3785212
3826013 3771837 3674074 3692389
3818221 3886604 3874517 3872748
4002897 4019746 3909676 3854621
3948079 3969530 4011563 3889135
4123279 4136593 3925819 3925304
3848175 3837508 3896418 3904674
4028525 4032508 3809629 3895149
3790813 3779203 3697437 3706871
3826200 3732980 3696063 3688650
3923340 3987845 3886845 3836386
3764108 3838957 3969144 3858383
3961567 4224009 3936595 3933569
3938105 4056555 3978277 3903132
3888894 4084203 3853214 3987460
3848498 3949207 3977108 3841342
3769158 3905858 3669330 3717833
3618172 3741858 3843699 3632979
3844795 3931518 3956921 3908063
3934446 3979017 3902810 3926452
3825796 4139375 4112024 4062925
4073377 3970877 4021219 3985615
3832265 3974252 3933135 3912291
3994074 3894159 3919460 3945510
3637565 3730299 3838360 3846741
3870347 3756832 3698426 3700195
4061569 4172068 3927147 4080081
4118743 4053035 3970888 3875233
4033918 4038202 3930609 3957958
4106146 4037311 3921109 3835111
4112459 4108709 3935546 3932929
4077816 4073765 4032222 3859069
3933105 3999916 3779285 3818017
4030837 3927788 3803982 3753386
3915173 4092008 4006560 3892731
4015458 3920262 3926295 4040155
3920844 4066769 4013352 3874139
3968050 3863016 3804542 3942092
4004072 4164604 3976191 3893392
3958427 3801370 3866731 3934960
3808974 3828111 3814008 3722298
3820700 3795923 3685538 3859243
3808371 3888336 4143674 4042443
4141167 4158271 3923075 4030239
3813586 3899788 4088934 3975595
4094618 4015368 3864665 3854245
3838657 3870390 4080650 4045940
4158039 4009485 3982335 3952906
3675730 3711516 3974381 3875462
3900869 3944121 3758831 3795707
3921127 3962969 3957907 3946700
4057117 4047060 3929578 3928410
3875033 3914310 3860992 3892795
4038963 4022207 3820517 3842924
3974747 3945207 3986276 3902567
4056054 4007185 3817423 3987683
3805959 3906472 3784780 3712259
3848763 3840897 3735328 3843650
3963555 4132940 4018727 4002271
3912288 4026826 3983541 3935673
3957623 4002763 3894180 3842624
3795641 3851351 3940299 3813593
3987417 4087458 3850400 3972644
3889915 4026358 4002201 3911609
3886736 3873109 3812073 3839538
3692456 3838185 3861299 3805489
3912066 4013448 4064278 4029638
4091320 3976149 4058416 3981896
3841837 4040893 3964028 3943204
4025863 3969237 3916650 3985379
3841492 4015374 4012200 3954219
3979226 3901131 3918387 3969046
3747052 3891510 3978034 3817599
3891588 3854642 3772200 3859759
3970600 4107280 3943895 3887740
4100927 4001401 3856386 3823732
3952296 4057361 3853787 3802648
4051722 3893585 3817351 3765308
3946954 4093980 3820719 3829628
4015083 4011402 3855636 3717447
4122899 4154343 3999447 3987754
4163914 4099789 3975451 3884878
3893116 4097774 3948840 3839662
3784302 3684061 3713867 3890855
3873214 3978407 3840167 3788482
3821995 3681095 3668049 3903301
3871114 4069308 3926652 3799593
3842260 3698735 3725832 3905885
4019636 4150117 4071223 3945950
4102105 3782445 3897278 3940385
3818268 3691790 4114064 3980720
4110718 3988239 3794525 3868751
3805083 3723060 4028381 3855206
3995360 3920524 3813169 3826455
3752273 3756731 4008528 3881817
4002323 3840685 3841518 3804787
3889819 3865861 4178961 4005787
4112712 4047733 3926121 4045861
3854605 3815314 3861559 3777532
4013995 3907537 3777128 3840741
3837050 3871486 3845206 3782730
3910028 3880661 3755186 3798365
3870098 3809678 3851996 3841039
4057616 3910318 3692239 3846367
3888119 4027690 4071726 3959686
4061226 4073445 3910892 4034537
3935726 3961530 3883222 3906026
3773319 3953388 3921982 3853629
3844660 4035711 3814216 3793944
3713383 3850490 3879031 3779101
3925146 3979487 3724245 3881993
3814449 3831675 3867214 3812890
4036093 4163072 3963181 4021816
3865806 4016990 4053634 3986856
3822003 3955796 3994723 3907478
3938321 3872620 3853941 3958707
3748435 4031034 3896448 3865569
3871524 3884884 3833720 3846429
3742398 3905627 3986057 3889618
4000370 3885446 3873888 3863894
3940197 4072172 4081894 4017196
4046043 4140119 4090593 4025803
4063811 4151487 3777382 3951286
4099403 4042758 3952558 3734923
4055476 4032420 3819643 3920812
4080634 4047163 3918531 3837481
3907552 4081543 3790357 3758934
4032256 3875123 3751914 3713311
3978231 4008792 3816128 3854789
3963566 3976481 3812920 3689261
3982692 3975751 3906909 3761454
3921605 3819955 3730575 3902051
3969475 4060998 3978944 3820095
3969580 3738576 3676675 3922870
3845668 3948964 3800750 3705482
3730169 3678610 3717873 3737715
3874373 3982760 3877041 3780476
3783645 3756706 3676229 3829329
3726215 3811693 4091150 3987354
4036556 3931999 3844973 3993017
3826888 3725205 4190000 3968050
4106289 3986339 3817971 3896160
3656602 3641163 3941918 3885573
3961235 3920430 3736114 3808116
3778322 3748768 4015654 3870121
3960836 3953640 3737114 3822733
3905140 3971443 3865670 3884488
4014542 3987094 3847027 3884514
3930222 3941606 3868695 3823534
4082527 3961580 3811334 3837210
3758885 3760583 3766621 3804642
3848836 3862463 3753650 3767318
3856742 3747424 3794373 3868252
3975153 3887106 3777116 3768214
3915055 4042403 3825363 3845456
3882102 3923902 3918653 3822627
3922980 4003254 3891803 3908788
3849341 4034335 3985279 3862446
3821439 3833626 3728671 3808272
3749379 3837242 3814013 3629124
3834849 3989067 3803649 3747989
3786440 3917723 3893408 3772449
3759952 3929066 3915118 3911077
3957573 3899100 3934028 3949825
3850845 4047688 4000702 4071479
3990337 3908253 3923708 3956841
3650875 3843650 3887942 3757668
3856555 3677681 3853897 3781870
3782705 3901792 3943228 3838415
3935142 3854730 3842264 3889099
4024339 4161913 3818705 3854625
4131446 4053625 3944285 3806598
3872558 3941438 3797963 3860232
3949786 3954421 3729523 3717284
3904200 3958619 3751970 3746804
3992703 3932564 3813515 3618917
4064001 4118714 3971667 3999606
4170904 4125766 3927930 3855192
3928100 4018449 3994996 3890592
4013615 3699686 3736501 3942985
3862607 3937204 3885976 3798829
3850610 3697702 3686733 3826517
3849344 3848729 3821764 3745425
3870599 3662225 3591791 3716333
3941919 4088906 4014688 3905228
4010798 3742025 3829353 3969560
3779281 3832157 4061106 4041653
4129156 3965845 3843238 3994872
3745241 3648096 3968047 3851717
3917041 3866104 3762488 3822914
3656557 3675387 3961582 3881363
3935244 3831847 3739128 3784832
3856588 3766843 4127617 4056969
4000009 4038215 3878239 3971393
3885488 4050200 3964082 3909900
4011521 4055236 3824968 3907757
3753588 3743265 3837582 3784151
3884148 3862617 3686629 3718355
3735564 3865329 3765265 3741827
3938051 3837607 3784483 3734391
3934656 3844243 3902896 3857012
4006113 4049784 3942090 3925953
3933515 4137016 3918906 3877487
3799967 4005101 4032418 3895002
3791708 3972789 3715911 3749350
3665132 3804726 3825740 3697256
3885602 3947031 3723586 3741655
3703788 3827096 3801909 3753045
3989477 3985135 3905262 3893462
3927881 3948908 3917235 3886106
3840547 4046348 3990141 3913089
4060806 3923492 3922677 3922768
3696032 3806898 3923240 3832316
3914830 3774523 3797388 3755529
3633094 3897567 3874292 3724397
3838807 3873381 3751931 3772525
3917497 4057354 4037281 3970760
4014941 4038101 3988387 3888771
4062956 4228529 3913266 3963563
4144805 3995497 3847133 3839859
3850668 3915924 3710821 3784294
3923347 3846278 3760155 3613149
3981485 4115884 3786513 3876699
4066722 3997950 3910389 3704140
3853784 3848084 3694703 3737395
3965224 3843198 3770167 3715014
4012115 3969208 3981878 3808840
3992039 3821072 3722868 3952052
3779884 3913334 3735292 3770264
3812237 3663369 3648996 3761699
3890560 3973375 3828514 3782473
3849847 3806372 3747510 3866531
3804083 3874724 3867915 3756466
3804423 3615581 3650174 3782119
3799228 3832827 4106696 4003842
4012923 4029871 3851462 3940111
3670732 3654697 3938839 3792470
3888580 3851902 3649856 3815993
3795542 3790986 4015921 3976428
3963810 4000232 3865998 3815813
3682170 3730123 3956439 3799036
3921347 3866433 3716850 3771055
3894272 3922620 3913160 3806647
4076550 3953812 3817928 4039558
3782223 3720115 3689292 3753477
3870957 3849699 3817515 3734819
3882149 3798201 3760000 3828150
4058533 3915872 3756341 3894067
3814220 3738138 3762083 3736409
3887468 3871677 3709186 3795092
3983502 4032493 3873951 3829099
3849890 3930624 3997086 3911751
3772368 3817516 3646918 3726301
3658959 3779187 3870958 3749975
3838901 4002106 3848240 3825788
3876349 3978158 3871344 3833404
3777221 3862683 3732388 3737805
3663639 3718763 3854662 3673650
3794858 3925707 4008141 3924632
3990594 4018295 3893382 3991684
3740303 3881358 3895121 3782215
3874459 3766898 3818747 3774304
3728495 3959177 3913819 3884341
4005527 3910645 3913873 3906203
3642096 3862173 3784112 3769773
3778592 3795377 3844609 3843445
3975879 3916883 3746790 3777494
3980307 3830390 3749556 3664821
3942915 4133961 3896998 3943706
4046266 4030459 3845835 3776042
4033919 4150121 3920052 3932936
4076393 4010706 3926305 3795699
4097611 4155957 3992179 3939664
4137833 4059650 3934292 3803046
3841090 3947636 3826147 3721253
3867930 3603798 3703910 3769859
3938702 4039911 3913225 3833914
3964860 3784017 3734834 3853845
3976391 4093825 3960733 3863493
3900771 3780304 3731527 3898664
3978071 4149543 4018298 3907441
3999554 3836437 3829148 3953770
3700103 3724425 3911054 3864141
3975717 3806660 3770496 3842439
3820064 3775574 4098884 3993784
4052793 3988642 3829492 3849802
3829656 3778849 4130276 3949449
4077649 3997727 3859313 4054511
3911009 3834397 4103529 4006182
4072509 3975209 3825549 4039217
3744589 3828987 3818707 3775210
3831599 3869988 3728307 3696757
3902310 3840369 3920109 3816680
4021179 3956723 3875663 3932367
3801655 3932682 3898710 3840660
4068352 3936062 3862568 3956958
3874328 3926315 3927342 3946550
3984779 4043865 3829843 4034275
3872974 3976672 3757770 3738264
3687359 3818673 3895641 3837323
3993845 3970923 3806202 3891561
3794995 3863826 3941781 3843219
3959433 4090421 3792637 3872307
3816392 3955440 3979081 3829440
3956410 4094906 3941763 4000152
3806750 3950793 3976216 3967171
3676913 3878336 3793219 3832896
3868912 3791053 3866223 3798354
3810599 3947450 3983165 3933291
3928681 3917422 3938089 3871573
3756205 3988176 3993220 3935405
3964127 4007845 4021846 3965736
3900436 4009654 4014514 3981970
3959106 3993478 3970951 4004537
3969660 4047878 3770543 3802629
3998772 3896733 3840161 3664735
4073331 4127455 3869885 3900718
4044840 3978982 3854326 3770428
3998943 3995604 3807441 3902534
4053496 4012339 3881297 3754911
4083518 4175117 3945379 3895937
4144558 4083975 3914895 3898967
3857308 3919829 3820278 3759500
3772587 3721448 3736099 3797635
3920343 4028731 3970770 3808399
3771306 3784840 3827289 3949769
3930959 4012109 3891443 3828041
3838960 3658335 3669314 3864845
3932109 4101061 3934894 3857347
3895304 3780768 3794775 3866106
3724518 3704968 4009978 3825401
3949842 3890343 3827022 3864234
3825619 3764538 4107399 3948824
4052478 3981084 3890460 3766400
3791750 3705249 4159938 3809091
4024921 3954571 3802098 3885373
3818787 3882018 4123220 3944034
4089780 4004800 3914097 3937119
3779971 3765278 3835404 3818157
3891486 3906875 3770953 3893735
3855753 3830000 3846824 3814845
3949538 3991465 3760516 3801219
3953001 3892541 3903604 3793744
3928043 3948977 3781145 3879274
3924636 3906532 4029423 3918850
4034496 3992679 3825161 3937111
3762116 3941338 3766244 3816243
3718816 3798749 3878513 3829095
3924305 4047661 3824826 3915485
3807665 4002745 3973894 3818696
3889640 3961644 3805177 3909077
3765671 3876815 3911697 3851367
3946638 3970662 3866703 3967117
3884793 4007791 4023633 3820438
3649683 3855988 3951982 3815947
3933844 3845847 3850674 3840094
3720207 3981242 4014910 3811890
3959694 3901201 3926703 3990009
3856147 4021082 4054364 3967727
3978496 3909224 3918835 3882053
3810938 3988629 4024709 3923879
4050256 3926121 4015531 4015805
3924065 3958531 3870852 3761720
3973046 3933484 3799967 3677247
3993002 4063027 3875324 3831447
3954592 4000427 3808364 3778887
4073978 4135468 3939402 3959143
4128411 4078157 3891855 3848918
3934317 3953072 3855997 3872642
3923724 3983708 3792505 3787028
3839135 4036147 3876549 3787901
3818305 3715327 3649431 3785369
3926737 3912064 3931824 3852391
3886420 3771055 3791522 3842903
4058398 4105692 3975302 3884546
4006225 3803057 3845455 3852091
3799531 4000801 3884917 3794641
3900913 3682467 3636659 3774177
3720484 3769515 3991643 3906210
3972865 3922839 3783775 3789117
3699738 3817317 4085749 3944146
4034376 3951092 3832646 3738364
3866308 3834197 4166216 4000373
4047734 4031026 3901609 3943101
3685821 3711306 4007086 3901770
3990745 3847315 3790764 3894875
3851800 3767043 3808463 3828373
3942488 3845900 3777362 3757775
3882168 3854051 3882383 3874784
3967380 3901161 3766379 3772695
3918614 3909404 3918708 3931729
4074659 4043887 3798554 3976562
3851999 3917371 3762256 3788046
3946318 3907809 3728979 3812464
3889487 3976480 3695482 3863825
3723079 3898849 3904564 3794492
3901960 4031136 3853111 3902571
3759465 3874084 3896389 3868690
3907874 4060461 3877571 3974598
3902440 3973148 3994403 3864629
3836381 3987517 3724192 3808585
3712190 3863594 3919125 3754568
3713101 3965450 3911347 3891528
3903330 3899239 3855497 3790895
3728668 3979270 3962477 3841413
4009406 3901978 3828279 3854929
3851317 4034544 4043802 3939763
4015848 3987640 3944853 4032612
3664011 3958979 3968277 3820441
3951305 3854030 3868191 3867076
3828604 4006000 3953537 3946215
4070534 4020225 4021922 3977223
3791280 3942730 3850000 3920773
3901333 3809348 3891928 3814781
3674033 3776167 3686993 3700806
3824900 3852560 3766333 3749434
3671031 3895925 3778662 3832920
3936193 3833426 3851245 3805719
4003807 3882601 3962453 4014034
3929239 3994124 3972995 3854802
3872431 3745967 3775459 3874688
3929933 3910280 3860457 3762068
3739877 3566325 3686213 3834362
3717103 3823883 3723212 3636933
3805046 3672783 3841076 3932260
3781822 3868218 3736752 3705230
3884947 3955699 4000699 3854514
3919652 3746181 4036232 3872136
3816147 3707918 3926656 3780671
3740922 3692255 3924804 3761418
3693842 3703098 3735737 3704660
3675886 3549080 3761668 3651218
3704844 3781685 3805981 3763865
3800237 3664587 3787055 3744968
3956378 3947741 3814321 3917264
4069996 3775293 3782570 3924943
3880674 3861939 3831810 3903032
3930498 3752468 3708928 3793890
3751628 3710618 3627698 3779411
3860658 3590459 3650525 3609578
3862938 3772179 3675963 3891630
3854441 3638880 3671252 3809492
3988302 4087633 4029018 4089115
4014030 3972465 3867430 4054931
3899293 3893030 3920005 3910476
3867026 3939489 3735331 3918607
3701884 3813705 3687880 3871496
3791681 3784458 3701989 3767748
3793839 3842584 3820792 3780785
3834487 3777297 3774863 3883021
3985388 3955194 4032420 4005574
3973285 3984534 4028804 3916727
3890657 3898911 3865219 3759097
3743882 3915433 3917205 3808515
3729720 3765701 3795481 3655911
3683499 3743933 3689959 3676881
3875761 3849419 3782376 3743881
3763404 3886310 3777916 3801588
3749623 3953544 3699891 3813034
3929405 3905391 3807684 3754488
3755415 3975808 3734566 3874440
3887632 3888422 3830749 3936165
3788850 3944511 3853179 3887599
4023041 3946638 3953980 3921999
3937230 4033297 3952167 4001897
4099464 3976082 4022997 3970239
3809982 3710451 3671509 3820421
3866539 3935613 3743993 3791441
3850086 3725420 3787621 3911982
3843334 3924240 3802765 3850887
3903854 3778015 3829865 3881851
3991380 4035355 3981869 3878858
4004117 3888727 3895541 4089384
4019123 4002050 3940601 3944155
3693869 3781366 3857175 3697386
3718773 3604350 3860418 3718621
3808862 3819100 3886138 3834910
3839361 3652069 3846989 3778411
3861176 3890169 3948790 3829528
3774216 3704214 3970550 3730845
3956851 3956113 4130614 3885760
3855760 3857993 3978392 3908280
3790674 3867228 3721028 3835404
3955655 3682891 3684433 3660690
3833988 3814743 3738310 3951166
3921521 3662093 3685595 3857361
3934612 3837654 3810184 4011049
4018197 3805504 3724942 3883623
3950995 3951705 3915040 4011255
4094776 3902647 3891933 3904834
3809853 3793787 3760653 3869182
3864916 3830254 3720112 3857143
3861912 3877801 3890274 3973661
3859102 3782856 3784258 3888986
3863243 3903180 4033280 4031480
4002216 3948609 3797930 3919523
3937996 3982808 3973595 4117921
4112932 3904997 3897807 4047561
3824543 3806645 3849323 3742910
3776080 3812679 3741217 3793923
3910143 3851021 3854082 3784749
3838154 3908151 3763101 3817015
3928389 3937173 3885417 3818906
3964009 4025445 3967569 3825445
3983271 4039785 3984446 3846353
4017154 4049295 4022040 3912922
3726940 3896819 3810238 3818651
3953014 3861482 3851786 3831405
3877667 3965630 3831600 3934436
4014291 3927473 3944285 3893332
3677570 3825910 3713894 3742852
3842209 3778659 3691603 3707644
3742322 3961004 3785884 3925556
3895020 3889778 3856623 3784964
3973181 3733697 3724623 3962445
3912464 3872547 3831245 3817496
3944261 3812452 3858625 4013785
3951065 3992653 3901023 3823763
3731662 3713542 3652946 3785495
3865453 3842425 3719740 3762552
3875428 3732793 3759888 3960688
3890163 3925184 3827705 3787058
3762065 3891800 3926661 3745673
3848948 3715954 3910099 3763578
3785657 3906989 3984905 3874159
3846677 3730983 4011600 3817810
3707122 3791167 3772951 3715097
3745455 3568853 3714803 3628753
3764012 3770956 3957641 3838591
3777216 3655605 3775864 3689848
3854681 3797873 3743718 3824405
3930145 3671005 3711220 3791966
3842506 3878252 3941377 3933898
4040361 3748175 3832156 3772636
3723100 3761222 3574780 3867967
3883051 3550077 3621095 3699502
3772932 3910278 3777045 3916390
3849888 3705373 3621923 3748951
3845836 3951079 3887625 3890320
3921176 3842349 3781681 3972866
3910861 3973289 3919161 4000557
3931371 3934997 3889217 3913702
3761606 3790174 3764170 3905013
3846397 3762304 3653729 3880245
3860368 3852898 3871261 3948461
3888293 3917304 3787486 3904917
3914929 3994772 3879689 3791266
3762843 3874163 3896600 3782523
3919852 3932850 3988798 3875065
3837025 3976839 3841546 3906453
3846259 3738512 3721068 3670933
3729911 3830778 3766943 3774185
3847882 3785416 3862155 3694723
3751893 3914172 3888289 3785968
3691945 3866801 3738512 3759177
3833193 3891536 3798147 3763451
3547852 3725237 3699098 3695583
3811959 3735452 3738035 3753616
3707671 3965743 3803799 3797093
3908912 3844959 3766748 3892656
3722298 3854251 3756709 3752108
3930550 3802292 3827032 3824784
3848581 3664164 3767428 3923193
3795295 3833739 3817775 3786231
3707611 3628112 3677563 3722880
3786348 3769201 3789251 3741634
3796822 3761332 3712567 3897175
3776510 3921541 3786657 3719502
3748907 3570532 3743977 3912454
3786754 3829658 3808770 3774202
3711350 3809138 3810581 3704527
3722606 3635802 3770726 3683233
3612326 3672364 3821859 3680338
3710560 3578892 3743912 3642649
3786406 3778531 3836268 3757813
3755531 3555863 3878436 3721026
3755348 3808778 3878072 3836553
3699143 3570323 3819892 3679254
3868076 3760266 3688623 3844210
3826196 3763395 3688717 3742943
3769827 3698570 3592153 3788364
3811403 3602784 3543607 3657275
3786424 3713788 3750968 3930401
3882600 3760876 3692987 3738308
3821494 3739548 3679254 3897028
3930788 3673708 3623363 3642535
3891935 3818853 3784760 3920716
3929605 3736797 3745760 3804115
3698311 3720769 3804864 3826366
3857768 3617822 3652058 3729338
3833337 3860884 3920149 3940474
3876883 3803909 3824679 3876223
3791172 3856414 3848239 3911298
3861517 3771353 3815395 3853144
3784721 3832976 3858412 3730376
3829069 3852776 3919644 3636802
3754548 3715226 3671182 3584921
3746583 3818941 3771411 3691493
3810381 3839795 3818231 3654206
3872609 3848009 3794047 3770904
3836510 3920520 3786615 3757380
3745099 3809392 3822116 3828725
3854153 3971914 3860914 3901164
4015848 3949788 3876243 3896138
3794454 3944178 3885033 3831602
3911573 3863608 3886037 3937150
3663933 3924815 3808390 3764767
3970564 3876779 3917726 3830649
3778763 3958649 3869066 3846247
3958787 3834668 3820034 3878848
3899191 3777995 3758443 3963105
3948613 3996317 3915747 3874541
3838314 3655456 3790632 3846739
3891533 3932051 3756072 3893068
3869380 3679886 3792872 3914881
3806249 3920646 3758382 3829288
3821524 3712599 3841626 3906463
3897634 3920943 3840107 3835671
3833536 3934924 3947168 3877151
3862483 3802456 3934404 3884926
3764435 3815033 3913333 3808308
3829167 3686853 3876034 3731797
3710700 3778874 3895751 3794769
3760087 3639265 3809430 3728743
3782696 3939628 3969921 3894838
3890664 3751153 3937642 3726902
3948456 3848239 3734239 3986855
3952860 3768751 3768223 3858518
3936511 3815512 3719286 3980071
3956037 3759128 3717843 3825321
3834754 3777714 3755681 3867513
3932548 3716088 3677586 3818919
3908513 3770681 3823292 3934742
3869765 3671500 3769312 3790118
4033313 3900553 3998122 4052366
3955554 3913164 3810211 3963719
3824834 3876519 3898582 3919581
3951852 3884890 3823011 3962353
3858856 3856282 3833245 3920176
3946243 3874339 3760070 3856388
3908862 3848721 3917317 4072082
3885109 3963664 3853917 3942433
3875033 3892239 3964313 3865999
3860166 3922079 3932910 3823873
3906823 3922755 3829856 3751638
3854398 3891826 3933454 3848059
3826978 3890975 3903762 3725983
3822031 3852433 3899838 3856408
3866563 3927093 3809269 3752648
3910636 3885533 3878476 3855330
3836576 4016562 3892519 3909220
4075597 3886212 3931720 3962243
3714163 3853510 3744625 3808181
3927925 3821823 3831428 3861779
3759344 3927069 3896578 3960119
3983396 3894236 3946382 3986542
3530024 3788173 3615276 3608021
3763641 3668775 3741482 3662817
3926707 3851624 3882495 4006190
3965983 4024204 3898952 3945533
3837830 3712008 3790370 3825682
3923629 3778742 3750206 3791043
3980970 3821342 3872383 4001896
3967232 3952178 3939303 3897448
3743252 3579517 3637820 3745046
3792123 3741634 3708608 3646527
3790676 3988010 4022457 3957476
3869765 3723483 3990216 3825960
3646153 3761269 3867668 3863595
3677491 3657647 3803010 3714770
3902525 3889557 4020566 3820261
3888434 3782376 3987674 3757455
3664640 3677292 3740176 3725877
3555292 3489422 3749790 3594580
3940885 3896283 3794275 3997982
4050554 3839095 3767819 3821078
3764542 3791398 3692077 3921371
3933751 3732078 3693756 3772210
3862133 3867775 3838772 3966671
3996035 3764297 3841800 3897359
3719167 3731822 3635710 3738689
3725322 3532918 3487826 3599023
3881237 3921178 3925315 4059616
3961559 3952987 3886192 3988707
3820105 3842964 3725784 4004696
3864416 3792968 3747719 3865114
3955020 3886572 3866169 4070417
3942675 3926662 3847966 3935714
3690265 3673936 3726319 3832590
3716520 3662884 3621164 3740511
3994073 3983866 3916541 3869842
3994414 4002534 3942502 3847994
3868363 3843593 3775314 3729135
3807605 3868196 3839736 3788135
3940515 3892119 3989005 3848235
3854668 3918066 3928483 3829186
3701278 3729713 3703770 3575493
3578235 3750837 3618311 3693044
3909281 4028912 3890556 3970672
4090717 3983570 4072087 3933694
3848659 4038156 3955419 4027609
4057010 4031613 3951679 3980939
3917168 4089757 3912063 3968174
4008703 3946624 3986900 4035786
3642223 3773194 3624643 3672172
3753657 3688470 3656324 3622601
3914448 3897092 3941259 3961897
3989452 4119094 3901483 3945342
4003394 3895868 3909909 4068814
4020201 4021886 3959513 3901930
3990626 3790071 3940516 4084549
3997563 4021965 3902398 3867509
3704845 3510829 3674972 3682383
3685500 3768463 3603071 3615181
3882348 3937779 3976648 3832613
3795848 3804187 3943077 3771474
3865210 3940275 4102899 3898622
3883107 3763878 4068979 3814682
3915482 3943253 4003441 3927404
3910727 3750853 4083752 3884148
3636330 3674059 3660400 3552110
3568039 3504789 3698685 3574346
3974941 3968810 3877005 3982847
4049544 3889186 3841061 3944050
3989717 3893128 3863952 4105125
4016621 3898316 3794026 3899699
3975923 3848367 3918088 4039795
4118632 3772973 3836370 3824995
3716493 3603568 3507287 3675555
3695339 3531108 3524380 3598388
3913214 4001936 4056740 4053445
4083034 3971293 3969349 3955748
3998979 3940879 3989277 4107372
4043963 3975848 3895453 3930006
4002580 4013878 3927308 4108851
4010093 3994699 3980410 3927716
3624511 3764670 3747952 3760364
3725940 3652126 3618806 3690413
4062400 3965789 3978822 3877533
3950412 4046939 4011670 3986543
3990325 4050966 4013772 3933054
3992969 4098508 3950901 3901938
3959649 4034131 4063172 3928264
3916253 4088558 3985758 3917570
3704385 3707487 3703262 3604880
3661866 3665769 3693321 3693049
3958779 4173445 3993334 4122363
4162701 4079144 4196468 4172195
3825261 3927740 3910657 3922668
3922611 3922226 3935237 3919729
4095638 4162092 4026836 4029052
4128404 4148481 4138559 4076367
3799708 4002354 3769999 3879010
3883680 3965279 3853509 3824879
4078182 4030915 4104378 4117953
4067404 4165825 4089264 4018217
3908558 3809958 3818262 3972578
3944420 3911776 3798588 3861270
4079911 3951844 3928049 4142287
4090087 4094104 4133152 4059214
3910663 3805728 3824030 3992524
3879348 3891729 3911235 3874066
4114761 4078392 4114323 4032009
4060989 3819311 4143749 3960733
3779358 3831620 3912633 3869916
3826809 3653364 3920158 3769269
4060296 4030836 4099485 3992590
4042051 3871238 4062217 3947210
3792229 3895464 3932901 3881054
3848037 3617585 3909426 3746761
4158230 4037453 3964536 4101122
4127389 3953449 3935315 4036323
3898771 3877166 3808214 3979081
3986961 3682656 3761765 3843193
4119839 4028820 3952303 4011133
4155550 3879975 3821619 4014943
3878930 3752596 3783750 3953608
4017756 3684943 3678213 3831033
4011935 4117574 4102293 4155840
4131604 4090402 4076439 4101132
3853448 3861515 3981801 3977982
3911609 3852636 3886451 3899208
4029065 4069647 4090750 4140763
4146839 4100944 3969242 4082970
3899962 3868825 3841002 3947292
3955843 3828570 3847294 3938428
4104734 4117684 4027731 3945347
4153010 4073257 4096670 4000473
3887175 3867052 3911698 3758065
3840451 4013849 3903182 3766977
4063308 4009613 4059172 4003740
4045954 4135881 4102516 4082260
3907020 3923547 3936005 3824066
3871495 3989078 3901338 3826178
3799271 4032411 3957242 3922849
4055098 3941547 3955449 3976566
3800876 3940710 3785008 3851531
3949395 3897152 3944267 3853344
3888797 3977256 3879670 3961555
4106379 4000102 3937901 3877706
3755660 3916920 3766529 3849749
3970477 3828596 3739869 3888068
3952731 3759732 3847032 3971551
3880467 3974226 3972087 3972615
3841592 3884785 3725160 3868751
3986914 3949855 3862248 3833387
3946435 3811039 3835559 3960567
3973311 3994661 3907221 3885255
3843290 3631761 3811319 3827846
3834437 3916673 3857111 3777843
3838208 3875089 4005094 3927969
3870386 3774627 3979970 3754065
3841792 3920283 3919585 3797874
3744937 3740430 3830845 3733021
3854949 3948631 4019000 3938696
3930645 3775579 3912249 3839113
3719821 3785630 3903455 3809550
3836545 3695086 3827246 3692573
3938202 3885615 3846020 3965887
3992142 3838709 3857643 3887474
3855855 3865126 3755905 3946627
3897162 3722895 3672439 3902546
3896310 3926012 3902918 4000393
3935624 3863677 3807044 4024329
3843747 3748373 3755801 3830480
3832804 3719990 3702543 3788832
3924880 3887548 3980462 4057516
4016339 3897917 3863621 3930163
3849703 3926586 3941173 3917923
3980261 3892780 3837713 3928693
3952655 3903760 3994055 3963867
4005682 3906818 3887651 3971844
3878030 3987572 3885364 3945783
3853142 3817681 3744460 3912414
3983985 3970195 3947524 3769489
3925344 4002301 3920917 3803945
3932313 3883124 3853232 3821572
3821539 3915048 3918460 3767220
4066012 4027473 3927129 3905332
3896436 3952872 3912136 3931186
3888703 3929102 3726245 3784483
3806217 3916354 3801003 3839839
3708670 3800481 3762084 3747446
3833189 3860772 3824525 3808959
3789140 3989559 3856734 3841188
4005932 3901521 3949370 3927513
3794756 3914639 3886566 3866489
4003511 3897182 3904981 3925373
3810605 3900486 3800754 3770719
3925283 3863962 3807605 3830998
3793582 3676709 3634451 3772643
3779814 3822157 3783181 3678162
3877428 3756716 3840317 3927297
3886463 3981670 3891990 3869442
3945541 3836157 3815876 3983104
3923519 3978043 3864413 3936144
3806711 3744818 3696320 3890861
3854658 3884814 3750039 3765491
3692514 3775632 3875217 3679722
3724041 3616778 3817586 3707653
3825026 3866684 3870837 3836415
3838429 3650949 3870107 3768576
3769037 3918996 3930730 3821981
3883212 3683271 3867071 3793021
3773795 3855421 3928605 3771880
3697245 3676245 3872973 3780741
3792731 3731672 3703292 3743921
3832013 3671928 3661200 3697970
3929338 3809919 3767465 3968497
3910851 3761935 3849997 3862784
3903446 3934142 3793844 4029600
4053779 3799362 3827622 3901473
3887121 3789119 3753295 3902147
3939207 3714326 3696702 3809367
3788806 3739589 3739044 3861968
3883397 3746630 3725499 3816097
3914721 3905478 3922909 3977179
3980912 3901400 3831866 4000745
3899528 3965705 3967525 3949742
3929691 3932580 3812918 4067284
3871687 3835288 3797079 3940439
3851732 3771866 3809137 3858799
3737426 3882516 3802767 3701185
3727511 3850337 3786576 3662718
3910510 3973789 3971167 3893017
3886487 3910976 3986406 3812812
3962423 3964813 3915378 3830386
3847363 3928423 3895873 3896998
3823148 3899698 3768974 3793566
3798201 3861358 3843563 3794400
3708344 3925825 3875095 3823749
3953714 3819102 3842085 3844562
3710749 3888544 3818610 3802637
3911728 3809907 3876789 3848384
3737057 3774235 3656364 3737346
3799258 3740432 3825913 3779332
3791113 3948391 3766309 3877438
3870995 3833303 3844214 3755298
3855350 3708193 3801577 3909317
3907856 3935833 3842785 3804404
3827456 3670100 3672397 3865462
3826501 3871748 3790217 3762252
3748973 3702573 3637942 3760059
3727456 3802299 3706097 3632475
3819832 3702642 3724180 3861537
3844064 3973828 3749411 3738037
3722172 3871242 3859537 3703204
3806614 3660089 3895536 3738451
3686997 3875530 3865305 3784763
3766954 3589380 3845103 3722206
3664753 3761488 3830226 3703374
3692497 3520445 3748089 3613863
3775873 3791349 3881121 3801987
3764496 3670381 3801992 3749808
3862641 3783322 3783092 3889769
3964343 3790663 3736177 3766397
3828765 3787667 3623184 3796684
3915887 3674626 3761570 3840371
3688336 3658497 3615880 3765148
3759018 3626161 3615859 3735307
3869301 3806014 3761739 3884844
3814262 3674274 3658438 3837528
3872976 3879747 3879948 3922142
3828631 3830927 3817976 3882230
3730905 3886017 3823851 3941892
3812014 3775767 3768624 3889167
3692352 3805379 3755676 3817094
3818532 3742573 3711809 3754608
3770068 3800379 3845747 3954637
3911937 3801839 3749489 3800112
3911657 3929748 3936548 3875181
3816001 3856273 3915353 3799316
3854206 3981043 3810934 3733646
3777348 3883689 3826971 3783770
3746927 3780858 3688071 3690628
3758699 3722199 3740819 3752631
3831313 3905152 3797061 3733407
3762945 3898992 3809695 3737348
3829174 3879213 3771330 3787556
3955449 3833837 3825764 3826924
3795044 3924658 3875020 3807357
4025045 3842798 3888965 3840183
3705084 3732151 3729549 3773554
3869074 3806676 3794833 3769557
3867767 4000380 3889873 3951030
4034700 3920790 3908979 3932478
3829341 3742321 3756249 3908934
3967868 4026917 3845728 3791721
3900655 3794290 3827403 3956080
3891532 3989883 3779155 3824878
3795748 3693206 3726590 3766100
3729536 3835667 3798806 3790475
3937423 3770676 3880579 3978576
3928202 4000788 3866213 3870249
3822360 3917471 3942028 3773630
3737500 3638647 3893319 3737355
3759351 3858377 3884413 3807058
3815300 3711048 3900088 3749683
3705021 3772389 3855499 3672715
3738389 3609387 3801226 3653387
3898429 3879013 4015411 3841000
3849306 3702334 3822776 3906091
3928921 3848309 3736953 3936891
3870130 3748412 3679099 3810680
3822819 3851836 3826516 3965300
3965327 3634129 3794118 3831863
3805381 3818559 3662331 3714349
3855501 3599886 3575284 3687177
3933686 3853762 3803761 3900942
4024255 3750025 3838991 3785273
3870452 3892902 3883743 3966201
3956865 3953270 3832195 3860742
3876270 3922596 3920715 3849492
3878356 3836775 3851095 3972866
3724166 3817412 3756344 3784995
3723902 3780121 3661673 3844023
3875292 3932717 3872430 4037341
4015897 3854588 3933832 3944031
3841679 3915236 3793660 3769635
3792325 3888630 3846123 3829336
3798003 3960881 3892990 3848239
3864463 3914451 3933796 3774380
3771601 3783695 3823144 3651067
3838010 3867384 3738942 3684980
3933855 3949742 3946325 3887630
3868326 3961468 4011518 3866827
