3625407 3739129 3747385 3711016
3691657 3741115 3823903 3747234
3825374 3844357 3836999 3822297
3759690 3870140 3856802 3804467
3880455 3870126 3937733 3974427
3880623 3951842 3990105 3933510
3960308 3976425 4053845 3982948
3918131 4013922 4023389 3965632
3794011 3682255 3918274 3848403
3767332 3717938 3850419 3781377
3960737 3783242 3954003 3973313
3799247 3836992 3938482 3823256
4080401 3943145 4111652 4093006
4001568 3932423 4093705 4017556
4021794 3986171 4137256 4100719
4036120 3942743 4099621 3965345
3730534 3746261 3636770 3819764
3907110 3677126 3801046 3775180
3848447 3928613 3790834 3867285
3903695 3817272 3890285 3889775
3939957 4050097 3848849 4060115
4012048 3905222 4025603 3997056
3919094 4011262 3805655 4001553
4080526 3892575 4042225 4063400
3802849 3671448 3761566 3654188
3660886 3680689 3750613 3783768
3907972 3797957 3892413 3726182
3744890 3815978 3788213 3869863
4043642 3921406 3971422 3866448
3903203 3931777 3962729 3946258
4040881 3966343 4047461 3941016
3826827 4019962 3970241 4044189
3780240 3820159 3851601 3908337
3735374 3752501 3770842 3890345
3882613 3876142 3824378 3892832
3860020 3895139 3824158 3893628
3982669 3949117 3989228 4055458
3989011 4044279 3984687 3977575
4085024 4042737 4006191 4063417
3976618 4041439 4023330 4067763
3777720 3819445 3789708 3887100
3907078 3856906 3829522 3685050
3838118 3892931 3831178 3891937
4017855 3813710 3828864 3808378
4029362 4089564 4035960 3961530
4030683 3966283 3951860 3846348
3970183 4089778 4007160 4001851
4111185 3997219 4017319 3953759
3809968 3822593 3856108 3840309
3846086 3782864 3805991 3844531
3800746 3977241 3956633 4009613
3897811 3976936 3952636 3874980
3745160 3764406 3787111 3749915
3699990 3705293 3807073 3783954
3864001 3844466 3971088 3881539
3872408 3914804 3909627 3936045
3960950 3847449 4033660 3918364
3817076 3863135 3951863 3923495
4025407 3907108 4103862 4094753
3907204 3871390 3974396 3901207
3850399 3730938 3984561 3915653
3768394 3763321 3835104 3812998
3967700 3901408 4063884 4006549
3853405 3943923 3941270 3912052
3847283 3930710 3743566 3856960
3947328 3826277 3914524 3903610
3973529 3997785 3846536 3978572
3992499 3859163 3968618 4023852
3652204 3896962 3731829 3887688
3930764 3737174 3836255 3799784
3917412 3990635 3839821 3953072
4069433 3858836 4041626 3980233
3962603 3720678 3865785 3768487
3776300 3796233 3858149 3927779
4048467 3845044 3878448 3883791
3829652 3883883 3876698 4030265
3885818 3691028 3837459 3673259
3730871 3736170 3731797 3825546
3994120 3817104 3961764 3925446
3840444 3831923 3924911 3989264
3864218 3969515 3889313 3934118
3856939 3876555 3855632 3940912
4046258 4060689 3947600 4026063
3908617 3920113 3905125 3991408
3888999 3896230 3772444 3858385
3782893 3898289 3757371 3883719
3989216 3997671 3950834 4001556
3910905 3867256 3939527 4044475
3901776 3923020 3931952 3916883
4039248 3872310 3937504 3750834
3941480 4001655 3958183 3930637
4084350 4013660 3934692 3879351
3857567 3864580 3904376 3790476
3952703 3854466 3797654 3803626
3978797 4005548 3995799 3954503
4017753 3941840 3878238 3832479
3828607 3860428 3831336 3883938
3791336 3760824 3946825 3820167
3829470 3858286 3925452 3874218
3805773 3833524 3953225 3803313
3850192 3820332 3898037 3887590
3800635 3861037 3933236 3943092
3698972 3702119 3739536 3760023
3691417 3748497 3831863 3773500
3923692 3706443 4029817 3868298
3859008 3753680 3903517 3833296
3892779 3842495 3983563 3931877
3822144 3829144 3923200 3852341
3927185 3790351 4110018 3917538
3835261 3864171 3912655 3880002
3834500 3736919 3922601 3839900
3824642 3759065 3850958 3801073
3797317 3848130 3740039 3907105
3974719 3655545 3925001 3899834
3910034 3842529 3792913 3881326
3938978 3755928 3871742 3871873
3851998 3959196 3732470 3837021
3874664 3772111 3876004 3888418
3824289 3888027 3660013 3830478
3845608 3810034 3869731 3845856
3903280 3795291 3946182 3748852
3688427 3849314 3688716 3907984
3933397 3808099 3882145 3785596
3706034 3872165 3824773 3958875
3909001 3865081 3852542 3801182
3766149 3771406 3775382 3921719
3725043 3766854 3764299 3607809
3665640 3755901 3758445 3919570
3874093 3928032 3796347 3872071
3905019 3786111 3850256 3877041
3935111 3903389 3937355 3928868
3827839 3784480 3846688 3941153
3848398 3930571 3899324 3917209
3895194 3811512 3878960 3950781
3832895 3877750 3845157 3886590
3803074 3736785 3846974 3843814
3876176 3923848 3944721 3914151
3961251 3908597 3831043 3757492
3810391 3992915 3882184 3908409
3934316 3849567 3865666 3715894
3851117 3951599 3893384 3904418
3994511 3858252 3896576 3782603
3813702 3842806 3770965 3849187
3941896 3764617 3942656 3771509
3649906 3741143 3744824 3721084
3712489 3737446 3831467 3752505
3878448 3916144 3900972 3876612
3930647 3947525 3973109 3964180
3888895 3841498 3939544 3899210
3817277 3957177 3907852 3851936
3853952 3844433 3890389 3872671
3778486 3868296 3920592 3836890
3829713 3705459 3866257 3789232
3710456 3761434 3881951 3782987
3967746 3847698 4113539 3989395
3878040 3959734 4026493 3945200
3962256 3883934 3999604 3964643
3861679 3808674 4002624 3995072
3972982 3847023 4052039 3912265
3810174 3817515 3972090 3853204
3735111 3756101 3691422 3788663
3844997 3685197 3740459 3791801
3848591 3936233 3859712 4028390
4037338 3879040 3984852 3965995
3838938 3938331 3823636 3964566
4103754 3780751 3967314 3913044
3920125 3906327 3780402 3859125
4017583 3707765 3841785 3928428
3782298 3618205 3788078 3654289
3668538 3765049 3716901 3791592
4013538 3783966 3947815 3810524
3776975 3995691 3924867 3960945
3938687 3865034 3892614 3880671
3863598 3837854 3877199 3918665
3913880 3768410 3805704 3815192
3777229 3885096 3918139 3854961
3822009 3819864 3764492 3838055
3770598 3673248 3755790 3795281
4020932 3984872 3940335 4000058
3886723 3940426 3951769 3961142
3942665 4007031 3946006 4027796
3954779 3893249 3927620 4036329
3953321 3915399 3967101 3915255
3837468 3934260 3958609 3952590
3764678 3903474 3801990 3791801
3860644 3793709 3825016 3731418
3985270 3979071 3928193 3939745
4046472 3844319 3952258 3823969
4011681 3968153 3961034 3915560
4065141 3893302 3900623 3927586
3864478 3996531 3890606 3896498
3954269 3831203 3958857 3870776
3695790 3843326 3875583 3851328
3657351 3703103 3868130 3858589
3812201 3794736 3917925 3877006
3879233 3841609 3861367 3865823
3840792 3762630 3812995 3824607
3738477 3777130 3863239 3826043
3910524 3840202 3854454 3875006
3850830 3771682 3866262 3953200
3773544 3742749 3904453 3865552
3792595 3741103 3941906 3825356
3948595 3809653 3987905 3983851
3877049 3793343 3978453 3892020
3953721 3797299 3978265 3927514
3899564 3797968 3990751 3846541
3984837 3739505 4094336 3936622
3855780 3849301 3993034 3919582
3830908 3797336 3733469 3792763
3917925 3801583 3813442 3868244
3812641 3947214 3773438 3901371
4025338 3787099 3964162 3928032
3766998 3909696 3712418 3869217
3979024 3705220 3881908 3863688
3903649 3995928 3736242 3875955
3990812 3796027 3918073 3931655
3825114 3745984 3809332 3643747
3682861 3780444 3808732 3853073
3869381 3827404 3861236 3778001
3808292 3853904 3874761 3930921
3851240 3728729 3808689 3740141
3700482 3824641 3816131 3815471
3986860 3846738 3949699 3846538
3682780 3895521 3889015 3910033
3861322 3854767 3848872 3798185
3771262 3735367 3865642 3839244
3823644 3950790 3962019 3935867
3824159 3823126 3823206 3976271
3858883 3935956 3880977 3903789
3762312 3826165 3855690 3860685
3937392 4020054 3988207 4049374
3916949 3882080 4003651 3920967
3871366 3949225 3909730 3897685
3869962 3770672 3798637 3740484
3884369 3979719 3931321 3918798
3971341 3922870 3873921 3784756
3907773 3855847 3816910 3929036
3895412 3814311 3890232 3756171
3926992 4067761 4032561 3899249
4026149 3835624 3819658 3879983
3756227 3844654 3809042 3851350
3823124 3804833 3917421 3853974
3795766 3861395 3949930 3925371
3823892 3830559 3898903 3885810
3904733 3897577 3854784 3947021
3916844 3899909 3992753 3854672
3713122 3880385 3778729 3695301
3810918 3774950 3915071 3810645
3910155 3846074 4018380 3949150
3857628 3832685 3954309 3852640
3951109 3825837 4019216 3977898
3790912 3885008 3965064 3964570
3916389 3790454 4027770 4008401
3816322 3897792 4026111 3919270
3900354 3743054 3958067 3918248
3819694 3758254 3842139 3781053
3845172 3867829 3811757 3860868
4005597 3809560 3928371 3899292
3900443 3886702 3788149 3907010
4059516 3849570 3954691 3941427
3920542 3988685 3831605 3945909
4028529 3822972 4034418 3930249
3831838 3846292 3708183 3833024
3938676 3766751 3800753 3861577
3883590 3783538 3822325 3725641
3776570 3861401 3845540 3985238
3923211 3814573 3955496 3834479
3732030 3938169 3893354 3954517
3933180 3872656 3891342 3881016
3865985 3866686 3827314 3983355
3804235 3713050 3767228 3724359
3713815 3857466 3805636 3885945
3887250 3940224 3945628 3925081
3847753 3854812 3971650 3914459
3905695 4043137 3946383 4010448
3934903 3875964 4007831 3911118
3975648 4028215 3981087 3953023
3927501 3946338 3929019 4009549
3922928 3954636 3949701 3875646
3820684 3830313 3887321 3959034
3913191 3989983 3915607 3957580
3965243 3913490 3893908 3825506
3907719 3986591 3879605 3916134
4094796 3877860 3918114 3868929
3917066 3966620 4010349 4030232
4081476 3959457 3888987 3826351
3918320 3949628 3839093 3831096
3926449 3895808 3823457 3743328
3679256 3699915 3747962 3686699
3679500 3679271 3772051 3726522
3687645 3709824 3755462 3810937
3738473 3627433 3820323 3721887
3747593 3864840 3814484 3848485
3761181 3784272 3929626 3829767
3821243 3799437 3973593 3881346
3867582 3829108 3860352 3765218
3752998 3672242 3881281 3858589
3729945 3672824 3855800 3833783
3757738 3622864 3962617 3775183
3710578 3684640 3830865 3750357
3837232 3828835 4041794 3914704
3782543 3784261 3907793 3827781
3876965 3815018 4059658 3961330
3829318 3832140 4053995 3916737
3634451 3743376 3593212 3798306
3815220 3634860 3807963 3701835
3742294 3837178 3639915 3755916
3854158 3650889 3824040 3835902
3806529 3877371 3697391 3913282
3947846 3736881 3831571 3897447
3859525 3934382 3747678 3910553
3964664 3836695 3943026 3806942
3768395 3668274 3754692 3606906
3657726 3750480 3726417 3871617
3755033 3688751 3813523 3638313
3639137 3721339 3715323 3819253
3937295 3839065 3862290 3765968
3694164 3764092 3776400 3931366
3921691 3776469 3968720 3761318
3718518 3904504 3796994 3840419
3813048 3880128 3794345 3857171
3723417 3725234 3671279 3862065
3799932 3763206 3807936 3891515
3777907 3712264 3805424 3832704
3900566 3923022 3870098 3985006
3840706 3855027 3879029 3977202
3894941 3924432 3845684 3988757
3821290 3789105 3907082 3935336
3716588 3808648 3883576 3790666
3865384 3788283 3793994 3716888
3682772 3878816 3780714 3777655
3856714 3787952 3778372 3711668
3792706 3800594 3875918 3922247
3960319 3801293 3815952 3753714
3850726 4017248 3895500 3941205
3956821 3892509 3875845 3834259
3740396 3790560 3842002 3786109
3679712 3788267 3808789 3804810
3677190 3893965 3833182 3863024
3858695 3824290 3874684 3900232
3861322 3794048 3913666 3767219
3776412 3902046 3822212 3863084
3730622 3667586 3746241 3715599
3646742 3625890 3775220 3701990
3838408 3669294 3948851 3884709
3744807 3722463 3962573 3828510
3887014 3856213 4051403 4036268
3839024 3807140 3940689 3878539
3903867 3755094 4009210 3921916
3792503 3839323 3881486 3863277
3764952 3718287 3802692 3789773
3677677 3681143 3731251 3729380
3873162 3862299 3689302 3841108
3908654 3684513 3798512 3842659
3897607 3915025 3730825 3939346
3925133 3747786 3909432 3954710
3838716 3898981 3707385 3849299
3946356 3876610 3825616 3858756
3672197 3711219 3633187 3741576
3808617 3619413 3818365 3740102
3833906 3712806 3840527 3718767
3690482 3796601 3791741 3831184
3856075 3835098 3792289 3767163
3724267 3936761 3793651 3983604
3898539 3852018 3875336 3750578
3744801 3840442 3891088 3901594
3803254 3700080 3712002 3676969
3661524 3708229 3726168 3775239
3879411 3870888 3936474 3900059
3772043 3790416 3803888 3876268
3934579 3965864 3976686 4011909
3901740 3812751 3843901 3881609
3850651 3952906 3858688 3882283
3866660 3843468 3840596 3868189
3821293 3826334 3776009 3784093
3642369 3632194 3759735 3792568
3815655 3877095 3853516 3795445
3936500 3848931 3767979 3709596
3897773 3996735 4004774 3857087
4006092 3879039 3847056 3803221
3918351 3931918 3908547 3869442
4016298 3877763 3822508 3788349
3698691 3807880 3719697 3741591
3783776 3736380 3754829 3711375
3845497 3842888 3928568 3941353
3838335 3856755 3939826 3860094
3921962 3956406 3989204 3992632
3955232 3953360 3974850 4008539
3866534 3848540 3889116 3865755
3782763 3886334 3853951 3827881
3650161 3747467 3820441 3810150
3700019 3687655 3882100 3823888
3959237 3836246 4009870 3996965
3848145 3763359 3997014 3870121
4019484 3896908 4226721 4132234
3930266 3917740 4083842 4029768
3959691 3690421 4040967 3940046
3855442 3797577 3995154 3897269
3889039 3699838 3945112 3849435
3731676 3742921 3935463 3845417
3906734 3868441 3710322 3878028
3983550 3818703 3929897 3884264
3964917 4017383 3831020 3945980
4119870 3888837 3958021 3948507
3883857 3959662 3695994 3941377
3939156 3806079 3878562 3888679
3775477 3852913 3674966 3787118
3964636 3718957 3866358 3919046
3984432 3898797 3813688 3762959
3769398 3875088 3998848 3933564
3992562 3912066 4001808 3914217
3859157 3989868 3975304 4005249
3864084 3788463 3867171 3750715
3791137 3845599 3808922 3910441
3894153 3688758 3808370 3663853
3702870 3782343 3809484 3825707
3892046 3964798 3887647 3990047
3876657 3915994 3940191 3892481
3933240 4031651 4056962 4069302
3965203 3902535 4015178 4077641
3898923 3923010 3899774 3957724
3825198 3840681 3754529 3929318
3864195 3889424 3765902 3899718
3722369 3773924 3803987 3865806
3954877 3932461 3952206 3884109
4022753 3850403 3942110 3710687
3997787 4020662 3989767 4048105
4144835 4034934 3953539 3930687
3842456 3910853 3911686 3863185
3992986 3820709 3855732 3797152
3828273 3946455 3861543 3816687
3890188 3803366 3794423 3788269
3799016 3811985 3878775 3782137
3758686 3753064 3879200 3758141
3795523 3820558 3794196 3868720
3687172 3796240 3841918 3907038
3744430 3786795 3794060 3787510
3751037 3762199 3866649 3768904
3901298 3914929 3998354 3992388
3859230 3899031 4037504 3973661
3891489 3744681 3959104 3924161
3740026 3863314 3952949 3838070
3890323 3742068 4021433 3965601
3840495 3864004 3920705 3821860
3816043 3704378 3968494 3969606
3731625 3792035 3953992 3813709
4038992 3848558 4091179 4029595
3934253 3954940 4012861 3927604
3814965 3892234 3662807 3850969
3968202 3702440 3833388 3830201
3801506 3922885 3739003 3839984
3994513 3776467 3899634 3887709
3729446 3912139 3718805 3798311
3890146 3674998 3888954 3855845
3949917 3991295 3815798 3958378
4080046 3855255 4040382 3929420
3894180 3745581 3803047 3693775
3615079 3769541 3757023 3841256
3946338 3874068 3918265 3744054
3736685 3775584 3766358 3871126
3840464 3747706 3861634 3719652
3705744 3775208 3824736 3826607
4032684 3915800 3966507 3894637
3817283 3849788 3929519 4002705
3836588 3908561 3857467 3862869
3753030 3719771 3859018 3905111
3833733 4001564 3856162 3913580
3864179 3857253 3822386 3905654
3885670 3895244 3795729 3887568
3854961 3846251 3738790 3843548
3980542 3978029 4030217 4098575
4034116 3842261 3958858 3928435
3872706 3862259 3812379 3826746
3918616 3922486 3933354 3764192
3870536 3862348 3970019 3920950
3953370 3891565 3814248 3859324
3929619 3848911 3926484 3843887
3888729 3817683 3738081 3743656
4071911 4037292 3988565 3970644
4051805 3976141 3993277 3900994
3849071 3874051 4018990 3885184
3836996 3874007 4018333 3893733
3734720 3769776 3697068 3795292
3768521 3833649 3879931 3786158
3767190 3730992 3671522 3738873
3717613 3699643 3861420 3714682
3594627 3647498 3686755 3758485
3690916 3633162 3726699 3751558
3944271 3748117 4062062 3959614
3877452 3920659 4116226 3942661
3845307 3714133 3962161 3888952
3813169 3719275 3915832 3709335
3743536 3735982 3958190 3980406
3773105 3760134 3822256 3713300
3696935 3681909 3892682 3786334
3658423 3680795 3854443 3667405
3893785 3996434 3811369 3873753
3991671 3825732 4022511 3966814
3846054 3879040 3690113 3812176
3951782 3731311 3930030 3790628
3746284 3817537 3709798 3802514
3804685 3659264 3827564 3775950
3674718 3764321 3629724 3727890
3819192 3652781 3825826 3720176
3957131 3849393 3876329 3813649
3745168 3905951 3927174 3996957
3815414 3796668 3806274 3761566
3687393 3799957 3820637 3873134
3795318 3718773 3715332 3639088
3611132 3707966 3712886 3776608
3716384 3646485 3799100 3584403
3550778 3657057 3638471 3715413
3972731 4001862 3908664 4031947
3905343 3827004 3906353 4067448
3865727 3936259 3814728 3893024
3812610 3776530 3847921 3886474
3692450 3843722 3796993 3744573
3826566 3740405 3768695 3700892
3773177 3838452 3811849 3803272
3740585 3662840 3763905 3814183
3892593 4099377 4010614 4024261
4014765 3877115 3926623 3878804
3797576 3883561 3842938 3917545
3873683 3806580 3833495 3751978
3832240 3836934 3794285 3782228
3922481 3783222 3817772 3703703
3760204 3794522 3746578 3757730
3784144 3722138 3693642 3675150
3741932 3758932 3875312 3868955
3800929 3698904 3892492 3849830
3826940 3920682 3954201 3889260
3949607 3880676 3963325 3931956
3741003 3808118 3854021 3887075
3744099 3770956 3892018 3848326
3740058 3806758 3887972 3887337
3732285 3750131 3855012 3842462
3904738 3811273 3996111 3882392
3768442 3775662 3924311 3822674
4080036 3864786 4091653 4065082
3859973 3885776 3923486 3926412
3963104 3855665 3953446 3873534
3822617 3798336 3952550 3887176
3871949 3634793 3957107 3928671
3751891 3728737 3933212 3785033
3815457 3852993 3772635 3872435
3849157 3803334 3817607 3834707
3902977 4017974 3863224 3960095
4082451 3925087 4004890 3988616
3778601 3866538 3764869 3934963
4007551 3775913 3863192 3934036
3807590 3875827 3696906 3882356
3903615 3749049 3809218 3822969
3847594 3844269 3848755 3730553
3697861 3878151 3801464 3882118
4043797 3897777 3921043 3822624
3835445 3939357 3994200 4066140
3776681 3803613 3879647 3829841
3696694 3879588 3777005 3817801
3902036 3719467 3797626 3711985
3689532 3722842 3692949 3829244
3862159 3940472 3851693 3963967
3864807 3781832 3880648 3920463
3900031 4116174 4012282 4016109
3931797 3868839 4034709 3993061
3922359 3989962 3893206 3946729
3822494 3792489 3816594 3900107
3829592 3860950 3829966 3933936
3817032 3801701 3869125 3848982
3950490 3902281 3888501 3910527
3980293 3807489 3805431 3747557
3880653 4081208 3935217 3963336
4008755 3948876 3886988 3902682
3849103 3882120 3916283 3939316
3964074 3877637 3916941 3822683
3830416 3831159 3861879 3793585
3902847 3828581 3837112 3680777
4122477 4228026 4081971 3981829
4055150 3957652 4080140 3978815
3740839 3921133 3766033 3762922
3705044 3666176 3723190 3751723
4106467 4119370 4114858 3992475
4052739 3966621 4001644 4096416
3918161 3997457 3859180 3933341
3897979 3887904 3807757 3863306
4151429 3906108 3931279 4041701
4003769 4043082 3996020 3932598
3827743 3750011 3716133 3826893
3680967 3861599 3747707 3656934
4149615 3963104 3936791 4034127
3992449 4082339 4008663 3947332
3955327 3741496 3719256 3856394
3757880 3932797 3812166 3805440
4130417 4162898 4062365 3947780
3951524 3945872 3998175 3962020
3796556 3927195 3812774 3682213
3686906 3689530 3700174 3674784
4109445 4133602 4103241 3990661
3935272 3893994 3990023 3907262
3897705 3982070 3962593 3802940
3884616 3772869 3853504 3823466
3827284 4130116 4017245 4106069
4139545 3941920 4052148 4047290
3735732 3843709 3652214 3883920
3905599 3614435 3866990 3779430
3894211 4194643 3920108 4137080
4071837 3852164 4031702 4157132
3783473 3947607 3826319 3943444
3947014 3824672 3775263 3955605
4016293 4090310 4063548 3935994
3923503 3980242 3995544 3962241
3881770 3789853 3799493 3749805
3664352 3773664 3800916 3823936
4043227 4042112 4085433 4026352
3917853 3968588 4025129 4008492
3843512 3824629 3892566 3784764
3815953 3821203 3752927 3871744
3900570 4064875 3979716 3958278
4126024 4035797 4098249 3960254
3596752 3808384 3794025 3745417
3804612 3877549 3845700 3705159
3892370 4061494 4021444 3997198
4078327 4109893 4126654 3934479
3750741 3957589 3944986 3813786
3967296 3863098 3946556 3860274
3790409 3883249 3923299 3807875
3779495 3655496 3785042 3762632
3950310 4083286 3953292 3868182
3910461 3837193 3914251 3899116
3975795 4055437 3928801 3857801
3933487 3843168 3837660 3965076
3796568 4006237 3858455 3754019
3750256 3699200 3764564 3789815
3837365 3762493 3722361 3784325
3739127 3846447 3744338 3766913
3989520 3789361 3928785 3946013
3894002 3995061 3819914 3892359
3993360 3837025 3858049 3963745
3881398 3937634 3875198 3895228
3941289 3684669 3680931 3811941
3706252 3914439 3701046 3640599
3860494 3855021 3801498 3684694
3682126 3730958 3723480 3740450
3953403 3994929 3909444 3848359
3844082 3888287 3873812 3876680
4000365 3997553 3953583 3885836
3820077 3879405 3935103 3834723
3752751 3812967 3781986 3766576
3660311 3659134 3736912 3681855
3721996 3883816 3656948 3858533
3872599 3725280 3821319 3805786
3908897 4073208 3878400 3992283
4032945 3754894 3870451 3941345
3755449 4048959 3864575 4022941
4016647 3810098 3882712 3878079
3698263 3830218 3681777 3891768
3866299 3590742 3726664 3786363
3879489 3684542 3789367 3621576
3699573 3738068 3827856 3766078
3951607 3902555 3995074 3822418
3863378 3967197 3852671 3910379
3862454 3917783 3968538 3860414
3863914 3897816 3863384 3990039
3715928 3757707 3791122 3733210
3675199 3697253 3811830 3758253
3666695 3812057 3766698 3726297
3859950 3794609 3910705 3736089
3834890 3956850 3930989 3852482
4020065 3963576 4015873 3861756
3741901 3943631 3927782 3858349
3943264 4024077 3955915 3793844
3672850 3781801 3739382 3703580
3777134 3760326 3772018 3734881
3945037 4025575 3964184 3845962
3881236 3889735 3937461 3932076
3837001 3925296 3778014 3840609
3823933 3749628 3765145 3851856
3855883 3935133 3848744 3874391
3788021 3709763 3903214 3787992
4042735 4147739 4088182 3996609
4100662 3984053 3994567 3992879
3993609 3727300 3788184 3829072
3894351 4003110 3856166 3834489
3857768 3708167 3741584 3761677
3786584 3893639 3717799 3701797
3949406 3781409 3858058 3858205
3865321 3969667 3777735 3805727
4122676 3893182 3996224 3980450
3976666 4172168 3978443 3906468
3953045 3989617 4029037 3777603
3799154 3796265 3815196 3844542
3875571 3873417 3822867 3804510
3800136 3640718 3764493 3795764
3920143 3895932 3950494 3758009
3785093 3722939 3892202 3781087
4137269 4048653 4014562 4039616
4013093 3900609 3989995 4020801
3847039 3934962 3920953 3958191
3977038 3754770 3868452 4008929
3607693 3868920 3722676 3857482
3830159 3695762 3767489 3860393
3670260 3896404 3791574 3912823
3952730 3705001 3823629 3929015
3910866 4103600 3933398 4109313
4096772 3914341 4029309 4136532
3899196 3859082 3955196 3796922
3883330 3815819 3872424 3936893
3747931 3746230 3845530 3741980
3682121 3747928 3834789 3772575
3861750 3895964 3863885 3848195
3806391 3813714 3866491 3856472
4018929 4041987 3981150 3989472
3898595 3953883 4069065 3997668
3826201 3999467 3890593 3897728
3982822 3952463 4005305 3836284
3701900 3748156 3798715 3785726
3839408 3870126 3803154 3707458
3814250 3857802 3826407 3856472
3881576 3818968 3965728 3770385
3986764 4028557 3997078 4064454
4149130 4129472 4101242 4016810
3854843 3993229 3830397 3864019
3836530 3770804 3782369 3912294
3961619 4002970 3905148 3881906
3927731 3863848 3825955 3889319
3888020 4008265 3953435 3827531
3942525 3867093 3859391 3922013
3938853 3958451 3849163 3873512
3872421 3727629 3822107 3921066
3941395 3719274 3836863 3856869
3805157 3955379 3756130 3808034
4004199 3769719 3819750 3839459
3874828 3994872 3907373 3920531
3987276 3750410 3788172 3945910
3815052 3952450 3822839 3722041
3958961 3728317 3785187 3888592
3854699 3858497 3817880 3873869
3897405 3961913 3913971 3861048
3765695 3778573 3881886 3826634
3900077 4025612 3961452 3872685
3846356 3825705 3848944 3882601
3859358 3935760 3872319 3809220
3852735 3752024 3846939 3836021
3889759 3947071 3946758 3818577
3793041 3794360 3844111 3779873
3789454 3996389 3747185 3893782
3921789 3694160 3831957 3975051
3824205 3968693 3810858 3933132
4064111 3846792 4014075 3961778
3852116 4002973 3732973 3971981
3909177 3742467 3873155 3954931
3761995 3909475 3812262 3922733
3983662 3779408 3889326 3972809
3873730 3882073 3942248 3762494
3803274 3910305 3862345 3912347
3903175 3902853 3954924 3811159
3730557 3894240 3999128 3831635
3844434 3954693 3921348 3828301
3804339 3800962 3860124 3847605
3796961 3892914 3978925 3708754
3826595 3865102 3864271 3902679
3781844 3863951 3805242 3803217
3861752 3950136 3913948 3767401
3837698 3865229 3978480 3783685
4014143 3917391 3962880 3828422
3772257 3824669 3904555 3782144
3930434 3945578 3906839 3801852
3777607 3851700 3877183 3764289
3931579 3896294 3907629 3815413
3947888 3955295 3874098 3873580
3915843 3796009 3815619 3885313
3845682 3967049 3938515 3883420
3804171 3814719 3783496 3860846
3929421 4039385 3873308 3877436
3990863 3799454 3870029 3957133
4043769 4072032 3985467 3958856
4043715 3857303 3908004 3941043
3994934 3844597 3794229 3902824
3735770 3895246 3853988 3781741
3899561 3850752 3786162 3845278
3818444 3929262 3816664 3851265
3967329 3795160 3847581 3914484
3924126 3935458 3877647 3903424
4071515 3929823 3993873 3952328
3904647 3982848 3895629 3855473
3931319 3927369 3951678 3821634
3758730 3813159 3795527 3766293
3891687 3998925 3936750 3858945
3835793 3758540 3897142 3811593
3876081 3971088 3915399 3892667
3777551 3724626 3878537 3825335
4023696 4105333 4000104 3947070
3874070 3907858 3930014 3906653
3848743 3970307 3791046 3962709
3940762 3717024 3842637 3975884
3748156 3835503 3897135 3906123
3888844 3721368 3894075 3883646
3830326 4082733 3811524 3886409
3994605 3850511 3940380 3973020
3897860 4024991 3941000 4110494
4060689 3762465 3975513 4095426
3836851 3821670 3884670 3800043
3769630 3814116 3922005 3847470
3758075 3880608 3861538 3785438
3795361 3753886 3839812 3827232
3935484 3921158 3962054 3787797
3832603 3839121 3950667 3863465
4020969 3928037 4014801 3990196
3829350 3936015 3909967 3947802
3708618 3847846 3944084 3857699
3954489 4010445 3963294 3825562
3837982 3906337 3893496 3797440
3938824 3965260 3869190 3739003
3798928 3944409 3832216 3799058
3936928 3946822 3952129 3859527
3868069 4048229 3937621 3852426
4090735 3989096 4026334 3882491
4065213 4074666 4005844 3897278
3922940 3899066 3886350 3940055
4052198 4052998 3965962 3870660
3970177 3828430 3808779 4014679
3853901 3915309 3897413 3781422
3761924 3705790 3838284 3807933
3848817 3974229 3821473 3788761
3744130 3685313 3813604 3902014
4069644 3908549 3906497 3976034
3922210 4058490 3899559 3856493
4052861 3846675 3907235 3911372
3852419 4099201 3958510 3909611
3978065 3680804 3768491 3805337
3736324 3785148 3767149 3785208
3927113 3634933 3777680 3800209
3770886 3846736 3776559 3735186
4060235 4061911 3986281 3904026
3848176 3822018 3924283 3906521
3927871 3996756 3847758 3891702
3928591 3814599 3927080 3833756
3824397 3824342 3850308 3790375
3669778 3739722 3739019 3726030
3836815 3936874 3920901 3711026
3738317 3655036 3787157 3715197
3854251 4079288 3874206 4004603
4048087 3776370 3916305 4034889
3748273 3968554 3928475 4034751
4012467 3786332 3948367 3969187
3720014 3842611 3723865 3852288
3928644 3712733 3783203 3824112
3652392 3884634 3911435 3947770
3976940 3700694 3826431 3955945
3967101 3933322 4054222 3797698
3847352 3893276 4008036 3996291
3936722 3894319 3975543 3872797
3779870 3877324 3930759 3898855
3751545 3747224 3809343 3765795
3646112 3740931 3751569 3780041
3773513 3891714 3866453 3742296
3806826 3740044 3845306 3871923
3842510 3977675 3794067 3879414
3968259 3982763 4015758 3935917
3782313 3987977 3898628 3929231
4014685 3998968 3935725 3788485
3735814 3721098 3820530 3709800
3786253 3845102 3874849 3763831
3734315 3842662 3801069 3772516
3861655 3900566 3846595 3709061
3954115 3971208 3824770 3846433
3867199 3746225 3862433 3819458
3973688 4076656 3963677 3911095
3914370 3843479 3866891 3904317
3911604 3977855 3850265 3830177
3850262 3639885 3825774 3848120
3962673 4069238 3887464 3913910
3958251 3765511 3910233 3996582
3945075 3720653 3838011 3902218
3849523 3967873 3912824 3731373
4014873 3831919 3849730 3930158
3904695 3998636 3782571 3846195
3965226 3720813 3808715 3837332
3770869 3916073 3812560 3697694
4009807 3754032 3890557 3934100
3890435 3997300 3860847 3808892
3911374 3983084 3930300 3905237
3849665 3747519 3805318 3788380
3933464 4041456 3969051 3845574
3786745 3853729 3963382 3844747
3820398 3971841 3834538 3776667
3678295 3826509 3903884 3736692
3977158 3998537 4012282 4008440
3873040 3813264 3928256 3845267
3749188 4022653 3828779 3928972
3971693 3737850 3928352 3813883
3913654 4024006 3810190 3973709
3959692 3771734 3937831 4084339
3695764 3865675 3758993 3892408
3948639 3749329 3831755 3898198
3836859 4029904 3849773 3974509
4008679 3825115 3949521 4039082
3881316 3807768 3998949 3827611
3832226 3794422 3822262 3845568
3907063 3921455 4027131 3870792
3814503 3862743 3992081 3873768
3815228 3838321 3858263 3739161
3799746 3806853 3782810 3851468
3932535 3897039 4012807 3777172
3829431 3915925 3991752 3912175
3790946 3899288 3969731 3830328
3888117 3880627 3929442 3752487
3893714 3868814 3958112 3846525
3987677 3945270 3988130 3887528
3731547 3785825 3828881 3777395
3815881 3898482 3866718 3745374
3882078 3965571 3906179 3844168
4022346 4021903 4007547 3864831
3858402 4000688 3951380 3837458
3926656 3682356 3802907 3877089
3956821 4044188 3939369 3879409
3886271 3820018 3790825 3929830
4034143 4065918 3948686 3939234
3989669 3837300 3992507 3980493
3907810 4051319 3865432 3883875
3948606 3816642 3877756 3901464
3877291 3765706 3834907 3915588
3877425 3862031 3857177 3814181
4021641 3802640 3809869 3947232
3943347 4057857 3866238 3804639
3967274 3835549 3852232 3926855
3939839 3981486 3851978 3816225
3946901 3844710 3813117 3898989
3828288 3964579 3876426 3779346
3852682 3990178 3889658 3925652
3802963 3718944 3820581 3835997
3969576 4022057 4015546 3801059
3804354 3810789 3926324 3840501
3955814 4043104 3954472 3923108
3875938 3872788 3979808 3828442
3866458 4059857 3960988 3884823
3809626 3757732 3865727 3816663
3775944 4026408 3875626 4046551
3949587 3701938 3799831 3894024
3819541 3979244 3931637 3979743
4073517 3776359 3946808 4002148
3845152 4086157 3876990 3997023
4038263 3782289 3935277 4035643
3786028 3959364 3833945 3949161
3917714 3805879 3929606 3915877
3842099 3789891 3913573 3765068
3821752 3802366 3862618 3876160
3948666 3889973 3961459 3780157
3787488 3865768 3903995 3888779
3908912 3915313 4085776 3873398
3805569 3905749 4012655 3941759
3848481 3951269 3969025 3783604
3785902 3821549 3907189 3963851
3763042 3948442 3801342 3763493
3919279 3944657 3909162 3724289
3723629 3995265 3941872 3882789
3867364 4006453 3973026 3899360
3828484 3931104 3920287 3955917
4037133 3978633 4059658 3915484
3764343 3948992 3872197 3839032
3955699 3930786 3899968 3867791
3916053 4133706 4113622 3994856
3934878 3921355 3997237 4031798
3983909 4026757 4041052 3926183
3979966 3925695 3846262 3991472
4010570 4108805 4074575 3923551
3971614 3833952 3952339 4007540
3850490 4008430 3945457 3864524
3898845 3740401 3831167 3892772
4126777 3864226 3939705 4002121
3920350 4045333 3962159 3883639
4079426 3877319 4017984 4017738
4002680 4099303 3952462 3934624
4064219 3811814 3923483 3949740
3902261 4036413 3799862 3868411
3951701 3802642 3855687 3917620
3864064 3945854 3875771 3822788
4037359 4026595 4062296 3910232
3910081 3825204 3913136 3973396
3962920 4053037 4068561 3935165
3949181 3939297 3909778 3901052
3945232 4012480 4097066 3907549
3902174 3768929 3986063 3927317
3861713 3954121 3757009 3820373
3826104 3739710 3840225 3736696
3780150 4039514 3986497 4044001
4066324 3876772 3955756 4079004
3887523 4126843 3902509 4051173
4129016 3901428 3999724 4088951
3807785 4066501 3863035 3992429
4016109 3836590 4020244 4089549
3768330 3985847 3829065 3921969
3909319 3697418 3879941 3925816
4042427 3933541 4051281 3874604
3945910 3959030 3914517 3976856
4011683 3990515 4064601 3950750
3936664 3974388 3965763 3926725
3913755 4027812 4020919 3918234
3900823 3956080 3918026 3955593
3849097 3839506 3904601 3773278
3777948 3851296 3842337 3840296
3938156 3996451 3911043 3771505
4054458 4001023 3994251 3881061
3849550 3989550 4014808 3959961
4059872 4029079 4093814 3904027
3875633 4054808 3934948 3837317
3977432 3929251 4006464 3942978
3734804 3883938 3875270 3814021
3933972 3933501 3888284 3842534
3815230 3832005 3767240 3762517
3713219 3655257 3680427 3745976
3866988 3904039 3934386 3801465
3865607 3762107 3732318 3913299
3801832 3894964 3894412 3825932
3817657 3700308 3797903 3810036
3952233 4098723 4043559 3908475
4077217 3905396 3875366 4058202
3853914 3678105 3715941 3721234
3652293 3831930 3666894 3640147
3903345 3750101 3797907 3879934
3796565 3918776 3817868 3757092
3851161 3735024 3780768 3875298
3790954 3859563 3741971 3748282
4037142 3919640 3858415 4053268
3950916 4065836 3890512 3931231
3761982 3765401 3837576 3675340
3702614 3612155 3717515 3660182
3828102 3980745 3941025 3829662
3811535 3793664 3845670 3738499
3865581 3875204 3808570 3763323
3755140 3717673 3767030 3755702
4090025 4120387 4037017 3954434
3969238 3938208 4004572 3942691
3618340 3792607 3610078 3802917
3804494 3625014 3746971 3741687
3655104 3952214 3701590 3935044
3964935 3703602 3858874 3878749
3749117 3835270 3789278 3930570
3860283 3628311 3869836 3858480
3911235 4123943 3936313 4078564
4087625 3899063 4001346 4117915
3649482 3638379 3769930 3714863
3567258 3755775 3691167 3726907
3804250 3812474 3883752 3702628
3775937 3804773 3830058 3754930
3757188 3835087 3886538 3771418
3724932 3799686 3794984 3804391
4015776 4034848 4108205 3909680
3905671 3947460 4022252 3948691
3614259 3749194 3734429 3715055
3709833 3802660 3766907 3679709
3767362 3856758 3872116 3733649
3880667 3957667 3902348 3800711
3730822 3917567 3964399 3713987
3913262 3820838 3934839 3738744
3946472 4009511 4046085 3949548
4105891 4075086 4068954 3978690
3969431 4047827 3951599 3897403
3924834 3685564 3909973 3985041
3906442 3992458 3866754 3803602
3856534 3757002 3739032 3842999
3913331 4010358 4041926 3885343
3965997 3827929 3938476 4008211
3785262 3845478 3791623 3690762
3634084 3611471 3684788 3716140
4063568 3790994 3891136 3960998
3840912 4018472 3850672 3773002
3982433 3797784 3815248 3776006
3790650 3903500 3769230 3716821
3987203 3866528 3918841 3985215
3851448 3994919 3889699 3937627
3750968 3641825 3576747 3737116
3618217 3777298 3633997 3652405
4026470 3972315 3946698 3858014
3851729 3830637 3847550 3841648
3844491 3918708 3940670 3881687
3748226 3755341 3784297 3725643
3977515 4008268 3984318 3858698
3842811 3767897 3879033 3796709
3765366 3785130 3717127 3607973
3575075 3623692 3718380 3626312
3725793 3951653 3858291 3980907
3969155 3825523 3833927 3977989
3768695 3767784 3776537 3879556
3954993 3667447 3825135 3815327
3796884 4011369 3925991 3980176
4008272 3841729 3892444 3920634
3547790 3801312 3629606 3820313
3799104 3637799 3714284 3812001
3897048 3858010 3997878 3833544
3891919 3946291 3889744 3831777
3826788 3784396 3896982 3736516
3689843 3857205 3759534 3793032
3875334 3936288 3857220 3805961
3869149 3875068 3955001 4051117
3671593 3693409 3720591 3653216
3623810 3757491 3721691 3719811
3815471 3879287 3971665 3830854
4034570 3957541 3982883 3856671
3780688 3962030 3903975 3794441
3874008 3900632 3892885 3797618
3810940 3947942 3912322 3894163
4059519 3940548 3968706 3820286
3628542 3755461 3693693 3610985
3740788 3732507 3717886 3632157
3919482 4056436 3878615 3861253
3962282 3750716 3810754 3946606
4006107 4049316 4033952 3910583
3972622 3921082 3957721 3952243
3862550 3903305 3863780 3849731
3866206 3742836 3773194 3875879
3912156 3969659 3895060 3801243
3855156 3784957 3747980 3890541
3888523 3767053 3850019 3833576
3846255 3953927 3869018 3820523
4013055 3879119 3926902 4010734
3892475 3993695 3886368 3867718
3834358 3811474 3780478 3853408
3777893 3887005 3812962 3735021
3903155 3741026 3803047 3923628
3886014 3940840 3833329 3824579
3896076 3940772 3921548 3837422
3811741 3877774 3833674 3787377
3943664 4013606 4052458 3859284
3862227 3775070 3900717 3866157
3935171 3967477 3802201 3761241
3777970 3778563 3889980 3805700
3883566 3952555 3899339 3812955
3748099 3779088 3761718 3746419
3800148 3966706 3934369 3986887
4066529 3763698 3835981 3970246
3815265 4072193 3955205 4088489
4010081 3823045 3959193 3994036
3677148 3937891 3773924 3916784
3967235 3704565 3837735 3867550
3768596 3909363 3711037 3939291
3909323 3714556 3805064 3808614
3871895 3904256 3901293 3865078
3822496 3774408 3957169 3799036
3833995 4002695 4021039 3842219
3855520 3892793 3951939 3913083
3832041 3873543 3840491 3771422
3787282 3776882 3746846 3801281
3771549 3861299 3959456 3754343
3872894 3796634 3808911 3801988
3810369 3990312 3884787 3810691
3982686 3957396 3839816 3802303
3881293 3956618 3939125 3849980
3970850 3981069 3940603 3890897
3793336 3894497 3814027 3816533
3922122 3876748 3926275 3784046
3751643 3908404 3820701 3797853
3867280 3866196 3870997 3790999
3965909 3855715 3781683 3737330
3863353 3952133 3683277 3970286
3954485 3857348 3880826 3900717
3891984 3928630 3843263 3899641
3876706 3778039 3983245 3862865
3872961 3862647 3751437 3953159
3917637 3952685 3872073 3821507
3878157 3844906 3701998 3880571
3887575 3823461 3846526 3895177
3723728 3765509 3732411 3870177
3941561 3891737 3948864 3910682
3878408 3885821 3784069 3947392
3883932 3858502 3791422 3936555
3826693 3753191 3772610 3891726
3892686 3793172 3793848 3873330
3764066 3804048 3690180 3864594
3790731 3964750 3699863 4017872
3799663 3725173 3732664 3767146
3848024 4063164 3795620 4147765
3864228 3933438 3768204 3957698
3900701 4025834 3760713 4105557
3884549 3853056 3755447 3920417
3787526 3934619 3650401 4011540
3835680 3771816 3681599 3845224
3766096 3907295 3870119 3804489
3803581 3820128 3978765 3816481
3892343 3915665 3816325 3860260
3894724 3872570 3968378 3868768
3873707 3851692 3848768 3921150
3934257 3874084 4070370 3896964
3798646 3909856 3801356 3807168
3795976 3818062 3922175 3843700
3856460 3752996 3894437 3749871
3817980 3746345 3805953 3822926
3828375 3726523 4000947 3763491
3893782 3906514 3910883 3813649
3908811 3717276 3956599 3837426
3910990 3905120 3916170 3841648
3824908 3750992 3981038 3773516
3805309 3830162 3751431 3687507
3828977 3811084 3935893 3861096
3754070 4038542 3998237 3894363
3921218 3883191 3961610 3953737
3920813 4058471 4008946 3960854
3888002 3801229 3896081 3914278
3961670 4002628 4034542 3894357
3851720 3771492 3839323 3890372
3879426 4008339 3893211 3837422
3754567 3709566 3750387 3724188
3667410 3749596 3683876 3735603
3981925 3900423 3881013 3908284
3869090 3944533 3783841 4017843
3972956 3794986 3913731 3823084
3892806 3971184 3856169 4011897
4009156 3818126 3924118 3875744
3881477 3904681 3835457 3921572
3709569 3654729 3752666 3797464
3693529 3743012 3490034 3742770
3913063 3861121 3899967 3945501
3813515 3909646 3762468 3868534
3996365 3901186 3948738 3930112
3879643 3836655 3808496 3916566
3938425 3742774 3805202 3937654
3762265 3803257 3781322 3996344
3649629 3797357 3573779 3878941
3586015 3768760 3628805 3679790
3872448 3990013 3704900 4043753
3837985 3863023 3761939 3894882
3890656 4002190 3747327 4160422
3782181 3911118 3745657 3862092
3825348 3978491 3697071 4067071
3895067 3788064 3824722 3930964
3568089 3740381 3678053 3723699
3696592 3695065 3773146 3770565
3799022 3872265 3858666 3911016
3867781 3900251 4028377 3857668
3806576 3894542 3781316 3914977
3894482 3916249 3984957 3961280
3853435 3924840 3849590 3885544
3838497 3831617 3962867 3810206
3707609 3564096 3743255 3654020
3712564 3651644 3728568 3633288
3928370 3756952 3906082 3858747
3909117 3773561 3855367 3809068
3914265 3814617 3870333 3864560
3919804 3888173 3911484 3932325
3879542 3691170 3866006 3849432
3922774 3850869 3934721 3790081
3711562 3649769 3788038 3760816
3701678 3792237 3773439 3733728
3929269 3823804 3906467 3933489
3879572 4018279 4061911 3981190
3846685 3828862 3904626 3967849
3892295 3979183 4007283 4011607
3892383 3796464 3918054 3848786
3851087 4039641 3932335 3898642
3888314 3803996 3882275 3806652
3850089 3886506 3803302 3975573
4063975 3934292 4017089 3955358
3890544 3930969 3752384 3990982
4065526 3941495 4102405 4002551
3974851 3927089 3949412 4047438
3812727 3692639 3833265 3815353
3760127 3720500 3743694 3753241
3912578 3752842 3782922 3946995
3920443 3786023 3741416 3928720
3927074 3877461 3866058 3946231
3828535 3951180 3761172 3926799
4013870 3921244 3964258 4047197
3925806 3982688 3820874 3985300
3802547 3702157 3696164 3791894
3738489 3706261 3569951 3827872
3870787 3948533 3785656 4047934
3892399 3869544 3783080 3818010
3879360 4004753 3716417 4047774
3898467 3952637 3742174 3979345
4002208 3996317 3804046 4155140
3991233 3944741 3808450 3948102
3811106 3894004 3669430 3971444
3803230 3825750 3628462 3676978
3820025 3870775 3823487 3758667
3894736 3792648 3988680 3933612
3850473 3812298 3762485 3935582
3895839 3930377 4082125 3949258
3926113 3924387 3912210 3954717
3928493 3922151 4139413 4006299
3646002 3720097 3670649 3755008
3765551 3705012 3842807 3711835
3879303 3638900 3912870 3856174
3838683 3861950 3923137 3812691
3924110 3757848 3949068 3869426
3924944 3874947 3916729 3809212
3916755 3819281 4034107 3919122
4019856 3902009 3937435 3853150
3687688 3639648 3755717 3670142
3782858 3686828 3822462 3683539
3892494 3789733 3914035 3945162
3903334 3925137 4076648 3904079
3875559 3823314 3964760 4017751
3968295 4056339 4019349 3925151
3973735 3891635 4008467 4056539
3972616 4151710 4073274 4022507
3760077 3712434 3803356 3817353
3766182 3885748 3807454 3728708
4049607 3896097 3926674 3911370
3871403 3933108 3843048 3976727
4185789 4067244 4194329 4105242
4097543 3996092 4072252 4084623
4032215 3938729 4118754 3940571
3872419 4033608 3941000 4074039
3916432 3809113 3911045 3873735
3737721 3835264 3703902 3875058
3919485 3836513 3831273 3939264
3857989 3848480 3803594 3897537
4077566 4084407 4027067 4184023
4033650 4084665 3964773 4072594
4034907 3885639 3889126 3985383
3896848 3989604 3852016 3955289
3857644 3774139 3814300 3852619
3741959 3748760 3773061 3829299
3862766 3936952 3742153 4019237
3840438 3861352 3734287 3856336
4129864 4176587 4021208 4198012
4074226 4064600 3999161 4154001
3920531 4056235 3761079 4121857
3973690 3896344 3860620 3998421
3806868 4053299 3598667 4059633
3740269 3809960 3731592 3904937
3909425 3885712 3815885 3877920
3904531 3897339 3989427 3928503
4022322 4019740 4040158 4148346
4043600 4101574 4128737 4094902
3858773 3930783 3928659 3939860
3968314 3861700 4044145 3973307
3757729 3841712 3806625 3809590
3834603 3803666 3874299 3866100
3827996 3724787 3975344 3819155
3892598 3794110 3829410 3796006
4140333 3950252 4069084 4097228
4133405 4014410 4109563 3978148
3916587 3763276 3885768 3907259
3978403 3892178 3931168 3871676
3768633 3674279 3909563 3721671
3767161 3882130 3821898 3781781
3891097 3874861 3948299 3997569
3860281 4052009 3998750 3873199
4123949 4038543 4162687 4176406
4082438 4268125 4164900 4101460
4037424 3922716 4006541 4040652
3884346 4076011 3997770 3999253
3915837 3776387 3817137 3865875
3897728 3953962 3966326 3806574
4107406 3931859 4099330 4006483
3942164 4030058 3847679 4082289
3934738 3874933 3851012 3896588
3847413 3914322 3883091 4019899
3839906 3802118 3909308 3773189
3750791 3876478 3656681 3908017
4007731 3836898 3894065 3898286
3918930 4001390 3807133 4047984
4036643 3940401 3902891 4082992
3958135 3984946 3790987 4030082
3969306 3778785 3846840 3956173
3889574 3872734 3774621 3914726
3852927 3721890 3786858 3785046
3661300 3738096 3590816 3706363
3928499 3895423 3968583 3972706
3887637 3869739 3766097 3931063
3898026 4100786 3778510 4165292
3970955 3911312 3803056 3971451
3843700 3920366 3712923 4062660
3952532 3905581 3744364 3950152
3748545 3868057 3664249 3911974
3762421 3708909 3708030 3781627
3938793 4039179 3783625 4113624
3931399 3862035 3801419 3979398
3892831 3918513 3862800 4033510
3928628 3940040 4085230 3886998
3908104 3818420 3843204 3872438
3827101 3835164 4035381 3886599
3797419 3788330 3776095 3806522
3730354 3736539 3841594 3754402
3917647 3954256 3889046 3916563
3975339 3921500 4020048 3981528
3925422 3803636 4126965 4018851
3935227 3970188 3977511 3926950
3883308 3732362 3849138 3836884
3887018 3883118 3839797 3710029
3791838 3623270 3857174 3746553
3724104 3711636 3733733 3685088
3882772 3715578 4028502 3835880
3940625 3834698 3891227 3772578
3940295 3935688 4036230 4060956
4007112 4091686 4120625 3999159
3829764 3738303 3888928 3979190
3903711 3936687 4001281 3872250
3744190 3685965 3658795 3931552
3696164 3941027 3942666 3734278
4038914 3909085 3919857 3982494
3953784 4100625 4018693 3964564
4082783 3934148 4047259 3916910
3992574 4054349 3812306 3981256
3848401 3672418 3763020 3790406
3809094 3758572 3656983 3901367
4009830 3890521 3963643 4009130
3949529 4015328 3796231 4116507
3843653 3785886 3834416 3785949
3829194 3785980 3713949 3809528
4063296 3866273 3945643 4021779
3935325 3968024 3780964 3962680
3904523 3759288 3694098 3935117
3700670 3693767 3668539 3772864
4019956 3936925 3962906 4029997
3917910 3938937 3889497 4025706
3855587 3806610 3787113 3796544
3833715 3731770 3679480 3781032
3974864 4086880 3799110 4135296
3929396 3820835 3765626 3922892
3790215 3768960 3604377 3924802
3720628 3742365 3745327 3856982
3909054 4094041 3763646 4077357
3953778 3979088 3852582 3959424
3774769 3851638 3602332 3941436
3707137 3806628 3754210 3773146
3927930 3909412 3811057 3944184
3898232 3901668 3976875 3884584
3765456 3798598 3720551 3726754
3821578 3711170 3957914 3764994
3960883 3946192 3855501 3982345
3926130 4049004 4072284 3948133
3811252 3764761 3706525 3715427
3741193 3773097 3905990 3769067
3910182 3760873 3965083 3862111
3959962 3915448 3939724 3823101
3738594 3712046 3838887 3765204
3875190 3808017 3766411 3712761
3936533 3813875 3964324 3972132
4001428 3942546 3903953 3848626
3750998 3670087 3806951 3795122
3844476 3687035 3770556 3815184
3917185 3859555 3885669 3931923
3883755 4079636 4079663 4066312
3842952 3810725 3771032 3824938
3801539 3921986 3843397 3898066
4007600 3881715 4065239 3984597
3933957 4141096 4056660 3952715
3837692 3629364 3831903 3789996
3731866 3889131 3885483 3810417
3982700 3878658 3916101 3854932
3971441 3902778 3810785 3915611
3952252 3793754 3944542 3892784
3906256 3941352 3879990 3971640
3992861 3880371 3908118 3810984
3929794 3987771 3923226 3939439
3927709 3773756 3924805 3881080
3864187 3909470 3715792 3917644
3991173 3810375 3895562 3929737
3867342 3780731 3675064 3870703
3936324 3888772 3812404 3835123
3852235 3881001 3805050 3939473
4009279 3832685 3871133 3988316
3804116 3857603 3773773 3926112
3838100 3795022 3839070 3863455
3685342 3833344 3803961 3814695
3808384 4016001 3702954 4090573
3901830 3838158 3774879 3877242
3888503 4022062 3748765 4103112
3892486 3858137 3808012 3892408
3925899 4054606 3751031 4105598
3868286 3931254 3781065 3954643
3784830 3974875 3688562 4011078
3812913 3840244 3715405 3788509
3881174 3913625 3792143 3860695
3813376 3820368 3995318 3863192
3881981 3920651 3873276 3918914
3918954 3860119 3982596 3964268
3886422 3942347 3858857 3865140
3971079 3805904 4066915 3875077
3821199 3836817 3777414 3849520
3899922 3769679 3962019 3845608
3885017 3769921 3809848 3758505
3915100 3860777 3875061 3742230
3950600 3808863 3907878 3847256
3964163 3799740 3949096 3792969
3943731 3754701 3906551 3892657
3955541 3827925 3898457 3897776
3823947 3630691 3913396 3778069
3938818 3767111 3778943 3742849
3838608 3827172 3899382 3958266
3846743 3993413 4068846 3898521
3999780 3845020 3842166 3919914
3877543 3989451 4008523 3970466
3923085 3931757 3940152 3952688
3924090 4020246 3973669 3896899
3892823 3787526 3829999 3918848
3875096 3946178 4018061 3923859
3985823 3935087 3905532 3919996
3901105 3998823 3806562 3921151
3851509 3693377 3771975 3853447
3725019 3735408 3652976 3783360
3894955 3772639 3800332 3793586
3791806 3808707 3760753 3828305
4024205 3891994 3958234 3949603
3890176 3923079 3909509 3929746
3968338 3905309 3915289 3995396
3866958 3880167 3739170 3920409
3787017 3720982 3739584 3796234
3715381 3710548 3598685 3795963
3980311 3801882 3755948 3828597
3789049 3774726 3649104 3774534
4024489 3906585 3883734 3969644
3881780 3902267 3804736 3918238
3931341 3984618 3771186 4102567
3888441 3909848 3834042 3896457
3745601 3814831 3621901 3905382
3807370 3707670 3659796 3761812
3790218 3929583 3636848 3958458
3840287 3715765 3717714 3757245
3928037 4061792 3813697 4108438
3919406 3838631 3897579 4015731
3884308 3846500 3869256 3890059
3898623 3884443 4137973 3835170
3799639 3772826 3645896 3676776
3804081 3749566 3865597 3672131
3779854 3803271 3740642 3801720
3853319 3824757 3895182 3826680
3960155 3967845 3842964 4002156
3824403 3906589 4024787 3947777
3858313 3755741 3946423 3819369
3931434 3900056 3890835 3889941
3721504 3636735 3691442 3744634
3718476 3618862 3788997 3681396
3773725 3644989 3897498 3758910
3801911 3721970 3838892 3774972
3928763 3797694 4001606 3917907
3970483 3926740 3917635 3806111
3963357 3796220 3932578 3978594
3995124 4103750 4079887 3896284
3782672 3708331 3706884 3761083
3699357 3996600 3838422 3792062
3810399 3759825 3784769 3840698
3787061 3935447 3969793 3875207
3962613 3895331 3988167 3970257
3950272 4076208 4067072 4078629
3968549 3901327 3874610 3965453
3798754 4006911 3740462 3903455
4029509 3872934 4159865 3983586
4018595 4017328 3957534 4048590
3915928 3932529 3996426 3928052
3899273 3866421 3854604 3907847
4015283 3837344 3898830 3826384
3814932 3874836 3847554 3992233
3925807 3802006 3914103 3967397
3923130 3860581 3719281 3936671
3997209 3921562 3971629 4013044
3981531 3933836 3836245 4099879
3957807 3794988 3831196 3969036
3812550 3874366 3670224 3950240
3920209 3753178 3887211 3949546
3817971 3855461 3720396 3851525
3899951 3953793 3826631 4089601
3941999 3801328 3857524 3809342
3971500 4097291 3837017 4180313
3998269 3885542 3863364 4048900
3955436 4016855 3760874 4150632
3894052 3827769 3739742 3872724
3761105 4026537 3626021 4120920
3867732 3856648 3662646 3847275
3792429 3856880 3858067 3909234
3920978 3929493 4035660 3885097
3976793 3970375 3958811 3993733
4012552 3982902 4078971 3958463
3876395 3878642 3846820 3861587
3949598 3893547 4025066 3939642
3816802 3921705 3850833 3872079
3838147 3836334 4037610 3863298
3924412 3741525 3960704 3811982
3912859 3855870 3927545 3862963
4020795 3865987 4034682 3871972
4000146 3972138 3950013 4007503
3924140 3771088 3870728 3873209
3944482 3803496 3955455 3827203
3884382 3776051 3972106 3751093
3862672 3808645 3838073 3843880
3880251 3783848 3973215 3860958
4004114 4082915 4019159 3937606
4098668 3957711 4039039 4093846
3952887 4086632 4130470 4045114
3980577 3829894 3963476 3928518
3905293 4087084 4080724 3921957
3969748 3812521 3986045 3934660
3839001 4029726 3970564 3884971
3991512 3887787 4124296 3986489
3975747 3989752 3876080 4046705
3971419 3787392 4019539 3946041
3920410 3892173 3839327 3967124
3878249 3741703 3797691 3742910
3770600 3831272 3735238 3877044
4037273 3917833 4039209 3896793
3926339 3910238 3905580 3973063
4041221 3852773 3862257 3908669
3939360 3914446 3941230 3977401
3960809 3873682 3841934 4005088
3803706 3875093 3802437 3973270
3853226 3746270 3766651 3858790
3785848 3788064 3699416 3839608
3990005 3953523 4040905 3929535
3864763 3873066 3841964 3936338
3889543 4053222 3902920 4113739
3959392 3912215 3893511 3988846
3879972 3980995 3773455 4139535
3886049 3888631 3817130 3849932
3703101 3878969 3642352 3910094
3758399 3811227 3772219 3815233
3959228 4028474 3731776 4074766
3945866 3943630 3836223 3920090
3933469 3977280 3831848 3882035
3889940 3975419 4109155 3957129
3875654 3855276 3861864 3875506
3955374 3950207 3988702 3972911
3734473 3764589 3726193 3836272
3756979 3791264 3817850 3749219
3899938 3930198 3911838 3957216
3934572 3897509 3927165 3919869
3899249 3804410 3958629 3916575
4012453 3866006 3900917 3886667
3886098 3835964 3974063 3854930
3969207 3806205 3844523 3819227
3785026 3626073 3784464 3754255
3831237 3740634 3835668 3702379
3857227 3835991 3880719 3814773
3889948 3855894 3860910 3815444
4061304 3898286 3954460 4062575
3992402 4083360 4069521 3961401
3879068 3853658 3936489 4056195
3944018 4071794 4026648 3910599
3802668 3761393 3838556 3752216
3822725 3909439 3862235 3754161
3874731 3854614 3882665 3969709
3922717 4077755 4039910 4057056
3928621 3810577 3755350 3833325
3783094 3771904 3660717 3893331
3938721 3819916 3901684 3856626
3751925 3914094 3764192 3926503
4082160 3888369 4005403 3891756
3919251 3979120 3823565 4022052
3931241 3828625 3923243 3919971
3915312 3966897 3758791 3910573
3852124 3694323 3761054 3860974
3673687 3733138 3701718 3850329
3971775 3790547 3828983 3871367
3732391 3755059 3672299 3869817
4003909 3880943 3832151 3985486
3846974 3896114 3789000 4001565
3979848 3792081 3800080 4006628
3859926 3889994 3791512 3939458
3717961 3923475 3678784 3839622
3807607 3753552 3698059 3803362
3766754 3958856 3592041 3969893
3838443 3808941 3703675 3824513
3917250 4135713 3845698 4132374
3954619 3923638 3859780 3965878
3889430 4053808 3783931 4098828
3889029 3793428 3871400 3894869
3781882 3852029 3748939 3807258
3779945 3770039 3980691 3788168
3797650 3825740 3828167 3900332
3843529 3829378 3927361 3809968
3903485 3958712 3862656 3928999
3876059 3880157 4026446 3950853
3843014 3900710 3868036 3922178
3894874 3847495 3927313 3906120
3750252 3551059 3797304 3760356
3701900 3723338 3721838 3711248
3771107 3730791 3848550 3758492
3874961 3757842 3841777 3792447
3895028 3761064 3945042 3868820
3971159 3831863 3985004 3799750
3876937 3710212 3870219 3849496
3850821 3898616 3912412 3832346
3793550 3738150 3872127 3813872
3795557 3920631 3941142 3783858
3835356 3762842 3929897 3901661
3832895 3995738 3946425 3804970
3961874 3870411 4051537 3904111
3942447 3992712 4055029 4017680
3880676 3819598 3945532 3960192
3889648 4069564 4003203 3870055
4091210 3948406 4082907 4001862
3978752 4124711 3929801 4119145
4012727 3898358 3989900 3844020
3923118 3923812 3954773 4052159
3919276 3830381 3944207 3892424
3829395 3953103 3846154 3951191
3943847 3881109 3969434 3951343
3825622 3896042 3889349 3936926
4090166 3942376 4027830 3997214
4037594 3987303 3895672 4072409
4035332 3780638 3938201 3961087
3868838 3882403 3766745 3880908
3916195 3796551 3920308 3941513
3790646 3920856 3762682 3941821
3953391 3849560 3827690 3960045
3862081 3854181 3749602 3986778
3993480 4058950 3830766 4157584
4017439 3953510 3900642 3923354
3934980 4035412 3855085 4170201
3853235 3928899 3855730 3940429
3866988 3979769 3798229 4184989
3835868 3916081 3830439 3902184
3859831 3977994 3583264 4024468
3863800 3808001 3781146 3797084
3972706 4051135 3913963 3959695
3971300 3946298 4144645 4063700
3891614 4076606 3897903 3951609
3949256 3885018 4097927 4039754
3895674 3903861 3753984 3925943
3851054 3890204 3998714 3913602
3874973 3910447 3882263 3872230
3906654 3883671 3996706 3877393
4016353 3910278 4024025 3893253
3971333 4003246 3982587 3961518
3921206 3877112 3955592 3796108
3969755 3865519 3946137 3815727
3904750 3750905 3926635 3851024
3915130 3779003 3932383 3814125
3900182 3816382 3897820 3861412
3911936 3927273 3873789 3796598
4034599 3897812 3988259 4017018
4028941 4049682 4145410 3989579
3958653 3856835 4000780 3969822
4014616 4035301 4088727 3837065
3908560 3850624 3935508 3988359
3986522 4039611 4025770 3909807
3932486 3833129 3998250 3840238
3836290 3936907 4001972 3832899
3709051 3801790 3813461 3652929
3966266 3932540 4019682 3853850
3637010 3778667 3768802 3691385
3926387 3898972 3933880 3816860
3658263 3874815 3768080 3618824
3907390 3831973 3905497 3821476
3739352 3815113 3805160 3653376
3959959 3833560 3918435 3840523
3857627 3853864 3803824 3821601
3803941 3872508 3631422 3772510
3864736 3802622 3715835 3784266
3750606 3855442 3713342 3838292
3862290 3662027 3772327 3770609
3796830 3877963 3716258 3758979
3842634 3713637 3794170 3767662
3761408 3829339 3742345 3826255
3856237 3873490 3750716 3853689
3733974 3960360 3816027 3820968
3807485 3770417 3782756 3831203
3785846 3783748 3887537 3758350
3832178 3722028 3771415 3841249
3816183 3802494 3740585 3697602
3842339 3855515 3822900 3871888
3829212 3884302 3837837 3794991
3997404 3882905 3748963 3848451
3868437 3892254 3755002 3891360
3823253 3789592 3762394 3815357
3804445 3849291 3843582 3859427
3833143 3777995 3620949 3755559
3750760 3721649 3761968 3782871
3903761 3770253 3751556 3912148
3754212 3839353 3823321 3816208
3863449 3911732 3764659 3772382
3799152 3771302 3787141 3799735
3888925 3929874 3764126 3792999
3781931 3767063 3746609 3740351
3803342 3822912 3698718 3780039
3685245 3856391 3721031 3706161
3764081 3828166 3778284 3835407
3836450 3735720 3841467 3832013
3829304 3929244 3660008 3854540
3783243 3991144 3681559 3895395
3858677 3821237 3768689 3728562
3695604 3888825 3630893 3888125
3839471 3710510 3658698 3755545
3714250 3835534 3722313 3810938
3828503 3818299 3736820 3740625
3716741 3984123 3763574 3890861
3684100 3790559 3897255 3694355
3979382 3936176 3898764 3841471
3757638 3984062 3885583 3772054
4052164 3859070 4029747 3866015
3716050 3877868 3968110 3758695
4075926 4080742 3986822 3961482
3658147 3860446 3795029 3645454
4023067 3889878 3939079 3903255
3911883 3694994 3745051 3784100
3725898 3874864 3669792 3867418
4032712 3804706 3856326 3922875
3783822 3888006 3751910 3906547
4070474 3783428 3888760 3873511
3895926 3977351 3795743 3952717
3933376 3761459 3852341 3793988
3781607 3835505 3674173 3889646
3828147 3799450 3866894 3853196
3725052 3956027 3869107 3821344
3936185 3903618 3871032 3958238
3828519 3894087 3872503 3743394
3934289 3999836 3950701 3870224
3804140 3952882 3867378 3820749
3912197 3860848 3894682 3867763
3808656 3858967 3913694 3788812
3860076 3719613 3742086 3810090
3826840 3852571 3857250 3848418
4032021 3907439 3716041 3919383
3814747 3827385 3859783 3987176
4061124 3945447 3846261 3962949
3917403 3868922 3923068 3976695
3919987 3875736 3772129 3908941
3861159 3888826 3867236 3969399
3807460 3932806 3809421 3813508
3769201 3831435 3836757 3803977
3851869 3954635 3835917 3933683
3781748 3819361 3811059 3852077
3880987 4027418 3794100 3933583
3852348 3892742 3935566 3852147
3797850 3923177 3781226 3880864
3757795 3786248 3804363 3764100
3939763 3803041 3727085 3808805
3681359 3948820 3722584 3925587
3961120 3865468 3704067 3833097
3753810 4033316 3820007 3973283
3997411 3949460 3798478 3911357
3833735 4055612 3803163 3977159
3954026 3920246 3715968 3804875
3822273 3928673 3781817 3808498
3787570 3960374 3901151 3783674
4078899 3982024 4065647 3941109
3776382 3954349 3998197 3765884
4171953 4000310 4065610 3962815
3892276 3949066 3887766 3786346
4039140 4037043 4064212 3929047
3781104 3901052 3947783 3737864
4038950 3995679 4004901 3929374
4013655 3902957 3890398 3989196
3897126 3960007 3786509 4027562
4044804 3923979 3939527 3968463
3906743 3925497 3794995 4016803
3993854 3933120 3919757 3854029
3867565 3948186 3814278 3996181
4019512 3877825 3899485 3876239
3936905 3953453 3902755 3907553
3984259 3898823 3911699 3952435
3850670 4014953 3930624 3845163
4005717 4002201 3869584 3948799
3833205 4048868 3967449 3958135
4001897 3978254 3863914 3935041
3865862 4097097 3990109 3871348
3878079 3950227 3849947 3894550
3777863 3918545 3990528 3950642
4056235 3920423 3943253 3873203
3934131 3962327 3934145 3958981
4022455 3920906 3857951 3932985
3947045 3987299 3983368 4026113
4029618 3982404 3896716 3912456
3976311 3902342 4034408 3980990
4004553 3914156 3844778 3914483
3897410 3946827 3898812 3963808
3937353 4046669 3914944 3968071
3873104 3949403 3920399 3920469
3949460 4094112 3899133 4009434
3860432 3922615 3937466 3977183
3936368 4040326 3870110 3977303
3829850 3923304 3894954 3917116
3933151 4035128 3830402 3867178
3843856 3889207 3877913 3880888
3945875 4011895 3833987 3842811
3871916 4137968 3889002 3970726
4014532 4025215 3930050 3960021
3840224 4031185 3815450 3989223
4070453 3970114 3789505 3969809
3897344 4121154 3815071 4035729
4041187 3875418 3786869 3853465
3916048 4031971 3802995 4033409
3581502 3843542 3775948 3684581
3933911 3861778 3913758 3830228
3829768 3861716 3892511 3776605
4014271 3978050 4025162 3923653
3844431 3906758 3959571 3812073
4134803 4019771 4025776 4029332
3709689 3851023 3770415 3737917
3982806 3888767 4035030 3958169
3876925 3773621 3683870 3755663
3688923 3819378 3639950 3844265
3920522 3865167 3826312 3846570
3845431 3883976 3741789 3932836
4023720 3885696 3853834 3868543
3878103 3968189 3740418 3986195
3955809 3842561 3784234 3795438
3808616 3938863 3785785 3899343
3822670 3817499 3741117 3799025
3638322 3844266 3728993 3830378
3981819 3854580 3873722 3916408
3763470 3855016 3847798 3850725
3977028 3874008 3963117 3947551
3824761 3935272 3920987 3806646
3974272 3822310 3878642 3901685
3724186 3930353 3931684 3854864
3824746 3739250 3669386 3764562
3723392 3826882 3734772 3899521
3996643 3866885 3784972 3816795
3821506 3887016 3899461 3971741
4021608 3921516 3662744 3862070
3875041 3939200 3996400 3877297
3943153 3812476 3842100 3824279
3791474 3809834 3853422 3955565
3776919 3935383 3768363 3790114
3758641 3764232 3734736 3760892
3821662 3973644 3852247 3915471
3781240 3833378 3809066 3867474
3916956 4008603 3885461 3906288
3950645 3824012 3913758 3929731
3882216 3944885 3880632 3856904
3858087 3834418 3860193 3903575
3903797 3771045 3694537 3728054
3720998 3844390 3749093 3846125
4032341 3920405 3735451 3849449
3834982 3988917 3757617 4034682
3922788 3937989 3834291 3860417
3851325 4129123 3871785 4069691
3791935 3941490 3656208 3812468
3788375 4038391 3806066 3931476
3718910 3768590 3827844 3721769
3959549 3920494 3944814 3900785
3850275 3796917 3876952 3702820
4042714 3872240 3916059 3849280
3715261 3897660 3887042 3658557
3955862 3868482 3881376 3836748
3646436 3801176 3809468 3553729
3949982 3844888 3897317 3760700
3940119 3756559 3807802 3709851
3796053 3861071 3667755 3820113
3908353 3783475 3832701 3858003
3826680 3841827 3746879 3925234
3919618 3682768 3862700 3821325
3823318 3872156 3752772 3881311
3809619 3697494 3732549 3730830
3752070 3878055 3647271 3888226
3891509 3768882 3765751 3783898
3711498 3803337 3863444 3769632
3916136 3903791 3803739 3846848
3772884 3833159 3948592 3890437
3897447 3817538 3808540 3810801
3722339 3850421 3849648 3778403
3837784 3813446 3686587 3830918
3736651 3877267 3803514 3738027
3911256 3819014 3781346 3741254
3797741 3862780 3873606 3889873
3907030 3804227 3745169 3868815
3867582 3836521 3837130 4026897
3910163 3737321 3691531 3787553
3723055 3749219 3759071 3822207
3887547 3719982 3706887 3753203
3624936 3747889 3776299 3833394
3813416 3933736 3749000 3897455
3744116 3868197 3793863 3773017
3754565 3941605 3828477 3842225
3811683 3848749 3834333 3805722
3819954 3865897 3764606 3870304
3720783 3746281 3757981 3794442
3819674 3876935 3752257 3823080
3675655 3702154 3756403 3686683
3890910 3841899 3707196 3710357
3716615 3908460 3732764 3850628
3909851 3823174 3731228 3843427
3724939 3944291 3808955 3950819
3931438 3885951 3743889 3833206
3753744 3909377 3758256 3955658
3853694 3742119 3650287 3804089
3650293 3921298 3655929 3819183
3643254 3832436 3781221 3653238
3917263 3948333 3940855 3825818
3787274 3922366 3757479 3804840
4020749 3846990 3981057 3844078
3849164 3995513 3981164 3841229
4220915 4076542 4182174 4041341
3696480 3729212 3712567 3684078
3864095 3876548 3806046 3815641
3903588 3756680 3819832 3756321
3773168 3735387 3735662 3841391
3829972 3791213 3807485 3798166
3791318 3893946 3763598 3872860
4075572 3940717 4053718 4017113
3966106 4082018 3939722 4071685
3826718 3748434 3766829 3764978
3784971 3758968 3642393 3764045
3832413 3782867 3765169 3835619
3678004 3849495 3797542 3739427
3879754 3858950 3859313 3864149
3741163 3883431 3866719 3777226
4084215 4005373 3954076 4004121
3928930 4071103 4043942 3955836
3841426 3701400 3741000 3776066
3614414 3797542 3740266 3666804
3901053 3785218 3685241 3757408
3780233 3786329 3824828 3908488
3901417 3792044 3742239 3856039
3829963 3851869 3836886 3878367
4051936 3946783 3873656 4020671
4037520 4047915 4069462 4099052
3878039 3800121 3662198 3719334
3733559 3733849 3712611 3753855
3810265 3890586 3908096 3767317
3793006 3785631 3698264 3778586
3780821 3891398 3855417 3832314
3761165 3797459 3806136 3800588
4078607 4128327 3967541 4018376
3896352 4037548 3967043 3961981
3755009 3838811 3781191 3737025
3661397 3705024 3796333 3758671
3928454 3818489 3756281 3786832
3664811 3923581 3702430 3848314
3931390 3934951 3784551 3861829
3787621 3936810 3817634 3846345
4081163 4102889 3886180 3989718
4020042 4153060 3955289 4106121
3807662 3763351 3711556 3777146
3642807 3867654 3647931 3772084
3742315 3938347 3714698 3706741
4007489 3944221 4005477 3849669
3683916 3821042 3765434 3598911
3934885 3835913 3779908 3725604
3770003 3939513 3901082 3797647
3985172 3932277 4039049 3942877
3774907 3826243 3783424 3723487
4009587 3968039 3999584 3942197
3910901 3809508 3816315 3807311
3739964 3843113 3677014 3862863
3750786 3675728 3667702 3735170
3668687 3769235 3597613 3818255
4003052 3799561 3846852 3885798
3840121 3909915 3761963 3956833
3920753 3802925 3853672 3845542
3859745 3877706 3736127 3878961
3852657 3768432 3871572 3863778
3732854 3765119 3846538 3837735
3817773 3720344 3646776 3794258
3643071 3805758 3697615 3700544
4008923 3869899 3939812 3900883
3787142 3983382 3883245 3804883
3931092 3849063 3773793 3954356
3840740 3933392 3896512 3836029
4049791 3785225 3701187 3822356
3781814 3779807 3841633 3860101
3823969 3732861 3683711 3759573
3687155 3746604 3844223 3760688
3993216 3906945 3797494 3906068
3885144 3830278 3907745 3940172
3927624 3838537 3729226 3869652
3857629 3870212 3837865 3866021
3819243 3839459 3724230 3830663
3730380 3756549 3842700 3784690
3697286 3823404 3681750 3804877
3729586 3794909 3689859 3728653
3915712 3991150 3891515 3885395
3870283 3827668 3926145 3984280
3833876 3899890 3815520 3809146
3829026 3838608 3813513 3761515
3874839 3912442 3796065 3834014
3735138 4000738 3740294 3844865
3867867 3816931 3678081 3732037
3664428 3867598 3687183 3803433
3957073 3944078 3725073 3860031
3854760 3983048 3818652 4069251
3866981 3912797 3763330 3869085
3766812 4003804 3768927 3917287
3663346 3690194 3666414 3564352
3855927 3777479 3858467 3788542
3750490 3968362 3908509 3784524
4088690 3969839 3970340 3917390
3820485 3908341 3975046 3864038
4057101 4020288 4106492 3933700
3608744 3820553 3703931 3579840
3828853 3824733 3910615 3726900
3766852 3603312 3656225 3711574
3694945 3724718 3568377 3770945
4002802 3847231 3886612 3878508
3911072 3886449 3736495 4013806
4035342 3886202 3958282 3917107
3899540 4036489 3863181 3939717
3778853 3727176 3738168 3690277
3800038 3823714 3659863 3774344
3792859 3683086 3694687 3722303
3598981 3823269 3722349 3677531
3939538 3888642 3813146 3875640
3771158 3932127 3835081 3846500
3994760 3936957 3958555 4026425
3838173 4050829 3945523 3868777
3784119 3756161 3757833 3800296
3633917 3789726 3711757 3671511
3776744 3726497 3673158 3736714
3678803 3667284 3689985 3802521
4005804 3859911 3850128 3864729
3811566 3874047 3792177 3968615
4072383 3966991 3885760 3903865
3919787 3921155 3979182 4057369
3836898 3777921 3606907 3731555
3745647 3634021 3756508 3862565
3694057 3780706 3645023 3673915
3615253 3670132 3695255 3655558
3894473 3975565 3808377 3896492
3770040 3916823 3872806 3896256
3938858 4049595 3952060 3926058
3930573 3957698 3869958 3958005
3710766 3755435 3721884 3727412
3742543 3735182 3783412 3685435
3749926 3642087 3547867 3710793
3586339 3872984 3641503 3763957
3941307 3846011 3773155 3841612
3744329 4014501 3752603 3879930
3988245 4001985 3798895 3871729
3862186 4061008 3880402 4018944
3753728 3781364 3665606 3743997
3664921 3833951 3692958 3798615
3718151 3856209 3847572 3652180
4007460 3935230 3989908 3804652
3849587 3991044 3905544 3659012
3997167 3924974 4087715 3869689
3840433 3970981 3931783 3680060
4057402 3998319 4036805 4028225
3677303 3856487 3828790 3791797
3979519 3953915 3984311 3862883
3920261 3852086 3879006 3836399
3888511 3968723 3802632 3916093
3944734 3853380 3867669 3820909
3859690 3906112 3808330 3943186
4018582 3936968 3924569 3983468
3902683 3960635 3879156 4019470
3874491 3731384 3843634 3782830
3800905 3946637 3716421 3908713
4005509 3846549 3862802 3806314
3742125 3892551 3851323 3862504
3978965 4024852 3901340 3914265
3881895 4008689 3942994 3999415
3975903 3922355 3964660 3924505
3843623 3940572 3914333 3943134
3894015 3804134 3799857 3884021
3743873 3852430 3812287 3851385
3962427 3812110 3813209 3895740
3785672 3855769 3837498 3929176
4034020 3892090 3836097 3941166
3918700 3910420 3961907 3979817
4047662 3871571 3802687 3850778
3897578 3905775 3864169 3958398
3933674 3849757 3707194 3868792
3799779 3818297 3788853 3982601
3912512 3964102 3794032 3871760
3790963 3855394 3816847 3873773
3895990 3919946 3896333 3974588
3821720 3890350 3911975 3943189
3972460 4020983 3899986 3931490
3886708 3877079 3954747 3887482
3848796 3935532 3720026 3886670
3814360 3820415 3859396 3823170
3943724 3834177 3818987 3847027
3808411 3969231 3747494 3903740
3933079 3893350 3669598 3916253
3823200 4111658 3879275 4017173
3966456 3983518 3859016 3879378
3837531 4044969 3802397 4001451
3870045 3806990 3802068 3900671
3706935 3953948 3863180 3926018
3713888 3771470 3909978 3597294
4011651 3879523 3904004 3858740
3720496 3765615 3857020 3646350
4000100 3946905 3953594 3891736
3721183 3849297 3811042 3668264
3977276 3875548 3941586 3845007
3702530 3794815 3682140 3695418
3905700 3836402 3898807 3761038
3851280 3764307 3791783 3803377
3741629 3827418 3757555 3858928
3871026 3791744 3824713 3830644
3763579 3858092 3847168 3918033
3936990 3962465 3867090 3887757
3826872 3921417 3798096 3938626
3876802 3711711 3767689 3747909
3689901 3758845 3616328 3803156
3826543 3797353 3735340 3792817
3792759 3874747 3837190 3797600
3847073 3907580 3823490 3848586
3714710 3936689 3804853 3764760
3905248 3883470 3854217 3814150
3721426 3931035 3883902 3853054
3839888 3793391 3743022 3739881
3691254 3848054 3771192 3711354
3821840 3857679 3819202 3774132
3862345 3763045 3866447 3869623
3933926 3789965 3765693 3814564
3819845 3868609 3814610 3947079
3964476 3801887 3815885 3856509
3803375 3842989 3789786 3891964
3863770 3754043 3720670 3789637
3782357 3738401 3744194 3834057
3816128 3853081 3771992 3856807
3634356 3721725 3797773 3819670
3758602 3884433 3800793 3836287
3722714 3806000 3898943 3866495
3846084 3940773 3898972 3864849
3770424 3911710 3893551 3826160
3729481 3856454 3744969 3740590
3738265 3745553 3815799 3719033
3853369 3827414 3735245 3842832
3762045 3900495 3757892 3863154
3792848 3863173 3774665 3817129
3813394 3941763 3668946 3896123
3872864 3881896 3750367 3894648
3792126 4077578 3811574 3918197
3854401 3807392 3655922 3863727
3748534 3898398 3686668 3875346
3701488 3856563 3798202 3701362
4005888 3956069 3904552 3926556
3849964 3907711 3881578 3813966
4154599 3994611 4006691 3850169
3684904 3798695 3726006 3622388
3899009 3813024 3920009 3814269
3779287 3828519 3852204 3725230
4020936 3989630 4020817 3840777
3881192 3760540 3842140 3812547
3810275 3936691 3705253 3904694
3928511 3828267 3894197 3935106
3859320 3967395 3804837 3881934
3890088 3685994 3711604 3711217
3735892 3715168 3739149 3762705
3956600 3793374 3878395 3858552
3822943 3908404 3783243 3939737
3856642 3915756 3763570 3852085
3691442 3881648 3836056 3771102
4009325 3969603 3892542 3897741
3811325 3925388 3963543 3891556
3860925 3825839 3764968 3720233
3712958 3765427 3838885 3722461
3928314 3953772 3857611 3799022
3787786 3869271 3904056 3846865
3913496 3846870 3791912 3768731
3862109 3859158 3857046 3878216
4044029 3934008 3871931 3959899
3804673 3879679 3922539 4067468
3787643 3735201 3760680 3756688
3778983 3720011 3856313 3930712
4041434 3912947 3751787 3815776
3851545 3804728 3868102 3881788
3851319 3927927 3794720 3804679
3790981 3778715 3841417 3859035
3951261 3969767 3864903 3969226
3884054 3880807 3864105 3875285
3749326 3837647 3763092 3792417
3747226 3776955 3659954 3774646
3895544 3928741 3792350 3909939
3755944 3862823 3867967 3823132
3867933 3807843 3745059 3791774
3730607 3938328 3791438 3922148
3926320 3890774 3815360 3932984
3833021 4080391 3798690 3975950
3786654 3782374 3740509 3754855
3661458 3877565 3755771 3843036
3939407 3862640 3784389 3840789
3796340 4085320 3807869 3888991
3670757 3837523 3850097 3711884
3958701 4015022 3937269 3845256
3833719 3974625 3951289 3856983
4130527 4035673 4177299 3986772
3745683 3916678 3848351 3658561
3979169 3924129 3862214 3870721
3794268 3831129 3814247 3798086
3937466 3861885 3992779 3872307
3931692 3729996 3868606 3854642
3858952 3837318 3740151 3923712
3993279 3837712 3883734 3919521
3918767 3996582 3884702 3951291
3860779 3749804 3819897 3875246
3769973 3807683 3671770 3829309
3988000 3715453 3823558 3777926
3764978 3892558 3742060 3864277
3928324 3849442 3802536 3865622
3753942 3896961 3880368 3803896
3933492 4021156 3918038 3967359
3884116 4074880 3966366 3903575
3897232 3845312 3809012 3826073
3770165 3818031 3812952 3692661
3854543 3810399 3764854 3765651
3753612 3888318 3768136 3754328
3989309 3809408 3794264 3835290
3859558 3875521 3896627 3976444
4051787 3922935 3833742 3929846
3967567 3962217 4058435 4087112
3893396 3809687 3796659 3849810
3845213 3871896 3853535 3880024
3854758 3884867 3745240 3887321
3825535 3777768 3834036 3936125
3789362 3953529 3827387 3903571
3853242 3836933 3824669 3851757
3945696 3980390 3870425 4010825
3975537 3876648 3971994 3923083
3840439 3884652 3780531 3900363
3761802 3798544 3798345 3781132
3791061 3910267 3788928 3841062
3830041 3719348 3914367 3771743
3987970 3859886 3837597 3899449
3791994 3952962 3666211 3959436
4016786 3986642 3805574 3923058
3863551 4190633 3887205 4040702
3902040 3904597 3782485 3848481
3741366 3924888 3720475 3941333
3917543 3836296 3796420 3855500
3770195 3955522 3828850 3904573
