3727091 3617703 3697023 3784977
3777367 3801089 3762065 3808224
3850709 3823079 3880452 3956119
3946458 4047113 3960171 3985796
3859182 3762299 3814400 3921177
3943189 3972457 4009895 3963239
3644100 3575200 3747101 3662316
3850005 3885997 3819838 3834203
3793806 3722271 3813170 3801267
3772906 3770269 3608925 3728029
3988093 3844572 3978637 4094434
3897560 3940324 3759451 3897530
3958960 3850724 3999219 4060906
3926032 3970030 3802684 3907977
3796186 3672699 3747876 3902174
3776427 3740368 3706913 3754345
3657834 3719252 3692164 3751992
3711112 3719494 3764186 3647355
3858726 3864865 3830814 3832074
3863407 3782922 3942878 3784164
3952208 3934491 3796522 3872056
3855480 3815829 4017885 3861721
3700796 3815742 3682174 3679227
3693561 3667985 3695076 3652747
3688350 3921461 3624189 3686616
3871880 3738219 3633933 3902711
3837712 4053341 3838072 3934858
4035659 3892096 3820128 3993255
3821939 4030535 3817654 3901055
4014533 3921605 3840123 3919568
3758705 3935157 3756188 3739986
3876581 3749702 3618606 3840113
3760846 3606608 3618499 3597303
3738691 3775911 3745083 3810126
3841888 3883197 3823453 3882141
3871269 3950865 3884966 4003481
3917334 3821161 3866261 3860672
3944167 3958329 3853331 4070514
3715898 3694965 3600772 3786665
3704514 3771657 3714684 3844170
3699516 3713859 3602468 3693074
3602592 3803617 3718039 3839258
3926179 3925519 3827444 3878955
3927555 3893706 3872343 3948947
3894890 3835620 3852820 3880912
3814738 3895050 3911149 4001332
3752522 3792654 3714226 3672148
3745620 3830999 3673696 3974454
3827610 3781855 3825596 3936141
3978089 3979302 3925646 3904106
3690888 3647517 3666836 3727947
3828615 3809524 3845550 3782437
3942621 3765850 3850961 3966677
3971877 4017381 4053259 3960628
3784675 3683288 3721927 3736902
3877500 3848073 3815636 3851476
3919684 3854276 4036620 4054680
3868272 3916455 3744787 3976550
3754922 3750259 3704758 3808724
3750492 3695365 3594759 3646776
3978684 3852909 4019713 4102060
4002711 4035716 3873105 3925544
3836944 3806792 3879599 3927039
3820317 3875360 3686175 3824118
3851310 3923705 3789048 3887797
3869748 3811444 3951205 3770075
3637009 3637954 3660319 3683882
3750213 3558749 3808671 3630358
3885284 3949215 3862828 3921492
3913021 3900337 4003110 3901376
3731755 3866345 3680760 3697428
3721042 3711169 3889908 3705686
3826992 3957342 3869131 3926968
4047295 3836164 3792038 3955266
3562426 3842773 3603253 3623728
3885163 3750182 3623152 3735846
3854340 4058485 3918739 3945498
4100242 4007619 3907401 4083727
3717668 4066253 3779991 3860819
3849598 3717702 3785485 3927452
3850102 3819338 3755475 3856282
3879366 3956096 3905822 3964613
3671723 3610732 3569001 3684462
3772054 3759749 3676055 3756765
4026971 3858269 3852245 3979978
4001364 4032946 3929633 4035949
3805119 3743161 3717309 3710642
3886528 3762166 3815641 3889741
3831058 3805318 3779430 3836305
3826847 4010415 3877447 3990409
3713115 3672488 3632240 3635503
3630613 3729456 3681395 3763659
3920660 3866126 3861928 3916698
3894257 3981986 3900248 4074463
3656688 3676097 3712432 3801098
3744907 3764314 3765655 3933160
3801762 3768021 3938632 3780372
3871124 3940462 3915886 3868312
3814626 3802765 3780309 3912310
4000643 4020247 4073556 3982552
3915562 3826155 3918064 4001112
4104245 4094305 3970691 4094902
3750992 3793248 3812803 3871362
4009728 3928766 3963641 3885317
3917816 3862465 3962892 4033604
3834288 3940639 3673075 3782973
3929413 3903851 3941240 4035284
3926178 3874674 3645971 3891734
4105195 3989491 4026496 4142359
4051607 4013628 3939533 3921890
3928300 3873662 3948039 4087142
3888202 3985562 3732130 3882153
3833913 3865549 3782909 3795200
3925981 3734434 3960529 3683002
3907634 3912018 3799394 3882541
3832772 3796180 3968885 3764895
3912875 3988820 3978076 3923078
3971895 3829329 4089489 3962266
3893226 3928854 3836998 3876059
3886807 3804154 3921688 3754248
3767573 3981894 3861122 3811848
4007610 3835847 3758584 3949969
3874187 4031325 3830261 3936379
4047264 3930616 3815288 3940764
3907621 4108384 3928027 4049370
4193812 4015321 3912751 4065477
3746385 3988070 3895533 3913063
4049807 3903394 3790343 3975743
3783948 3838408 3774634 3820196
3824345 3841698 3907843 3936157
3916602 3795060 3877951 3895149
3906287 3873915 3844655 4063174
4024402 3988922 3899607 3925126
4083905 4080264 3971287 4123345
3907568 3830414 3759030 3759096
3955823 3894861 3851873 3947764
3844213 3744386 3801377 3870485
3748186 3888417 3882472 4003025
3938776 3839766 3863964 3766988
3801162 3871219 3820153 4071096
4011930 3908862 3815004 3925206
3919647 4028850 3956252 4079381
3876629 3881751 3775425 3818765
3817965 3922636 3778590 4020060
3704184 3700940 3687234 3778062
3897097 3868777 3859005 3908008
3755336 3701844 3856855 3907862
4063248 3928723 3948573 3900602
3798767 3669223 3909422 3900737
3901505 3945001 3861499 3892777
3794865 3677525 3778322 3826428
3887427 3837844 3773453 3856681
3808764 3788257 3848006 3882502
3813771 3836023 3700695 3796854
3985010 3794193 4017482 4055800
3845647 3935809 3771672 3850588
3961379 3855345 3939990 4066912
3914237 3955447 3751764 3861641
3872131 3833578 3950507 3942382
3876772 3882667 3706021 3808465
3745115 3781877 3695100 3720925
3789672 3647155 3836849 3721663
3901433 3874029 3828301 3855509
3806031 3723160 3915419 3850691
3841883 3824390 3817895 3854771
3901075 3771017 3924606 3798282
3752123 3866614 3748262 3717147
3803982 3687795 3839854 3743603
3777396 3942448 3856845 3819885
3865206 3747730 3708566 3848135
3744075 4013728 3855279 3926882
4055023 3819035 3730534 3970375
3795409 4036948 3890320 3819800
4043315 3797920 3717148 3938371
3737401 4002347 3837789 3856196
3935458 3859926 3787172 3890074
3785744 3720593 3753412 3808054
3784653 3885221 3822125 3906705
3899238 3827996 3847163 3789309
3880948 3913864 3872498 3965457
3866673 3807339 3835594 3808069
3863143 3876130 3914373 3956370
3799104 3807161 3785023 3798761
3921013 3901533 3868477 3992576
3808724 3776180 3699188 3784979
3756749 3790636 3829297 3905824
3873167 3870838 3723349 3848590
3823165 3944267 3905397 4143955
3838000 3835851 3798958 3847556
3728204 3813898 3950061 4109121
3845665 3828824 3812872 3764416
3728742 3864239 3823685 3963174
3784322 3666325 3802024 3829629
3848909 3884589 3931223 3796029
3863687 3671938 3831908 3851075
3904435 3857216 3971344 3911775
3898375 3798320 3850130 3963799
4072577 4010755 4008381 4006942
3868185 3791790 3849338 3941597
4041639 4022664 3976114 3944287
3851362 3735226 3939527 3975359
3896939 3901576 3829873 3882449
3883189 3778132 3975008 3907350
3848910 3867753 3782595 3874414
4059068 3871137 4083186 4091692
4004399 3978512 3870210 3924861
4021400 3897650 4029106 4012306
3974595 3980382 3788566 3888998
3765088 3848119 3721926 3798054
3728489 3682053 3903576 3778387
3785503 3844740 3783776 3770459
3890218 3722556 3832600 3682171
3858514 4015058 3825003 3897923
3955109 3847019 3966086 3857318
3837823 3943397 3837841 3910878
3884223 3812951 3930404 3808758
3785157 3974190 3821506 3848407
3991665 3825652 3596968 3917389
3770918 3946706 3895387 3879751
4061617 3862837 3781095 3883232
3855304 4080251 3964638 3966219
4084117 4020194 3868038 4081991
3875930 4113779 3983056 3987368
4088561 3892660 3859114 4015588
3781027 3790269 3769465 3917255
3836360 3856873 3845061 3919933
3858252 3798023 3821372 3867939
3874549 3919544 3826825 3920243
3917327 3830927 3901964 3937415
3959336 3941386 3916637 4079179
4010293 3899745 3861933 3881625
3920294 3921612 3877348 3980210
3825026 3847059 3787232 3742747
3768598 3836663 3893686 3991699
3893420 3808653 3790317 3771054
3772383 3847384 3897857 4049151
3924483 3901305 3840709 3849874
3903514 3963710 3947352 4081019
3919810 3902531 3887654 3903485
3822583 3981759 3901260 4036132
3832471 3667320 3795264 3779114
3924042 3956103 3890372 3920674
3685119 3609683 3714116 3718091
3767869 3768664 3762043 3712475
3798227 3794977 3823160 3920157
3953150 4022467 3983952 3986868
3737174 3810273 3808614 3833188
3862870 3904167 3855194 3866795
3917140 3821668 3970760 3996861
3895509 3890487 3744453 3883052
3764496 3708577 3797253 3817175
3733814 3828959 3593241 3679518
3906083 3797945 3968040 4004195
4008259 3863714 3756044 3896578
3874244 3826363 3968762 4045801
3848895 3882261 3729928 3815999
3836185 3874575 3819639 3847065
3919700 3792767 3898003 3774152
3678036 3788066 3542260 3673400
3702602 3593091 3805011 3729408
3880831 3875015 3757513 3838223
3836322 3823173 3954362 3882932
3841325 3830846 3730514 3750989
3808718 3792407 3840696 3799824
3829278 3983869 3855818 3947906
4035584 3826783 3720886 3967631
3611810 3837248 3666877 3684646
3860872 3654757 3594493 3800785
3882855 4143403 3928557 3873968
4075985 3981429 3849096 4045793
3848262 4022531 3822009 3880503
3945623 3763110 3808663 3973959
3820374 3777142 3745508 3869946
3892318 3885096 3820902 4018919
3738579 3754284 3768113 3731721
3737119 3733848 3795715 3774416
3945007 3882841 3770896 3921268
3945068 3969329 3927611 4069951
3825486 3735463 3824127 3789925
3931284 3891956 3875285 3968850
3807981 3833753 3765393 3849402
3812562 3871611 3826803 3931254
3665993 3640118 3642687 3734830
3618091 3766955 3725604 3860151
3857135 3872460 3880237 3816220
3899155 3914413 3848231 4077183
3772531 3829107 3735708 3806552
3740635 3774718 3754596 4053097
3857771 3737975 3831314 3885839
4108324 3909738 3967848 3823792
3929010 3869113 3920673 3992624
4092450 4062061 3996724 4045905
3813922 3608567 3699216 3849299
3846758 3783517 3832950 3789680
3913552 3765140 3817364 3947296
3995933 3962775 3987225 3997227
3970699 3883181 3923102 3926252
3877067 3981733 3752032 3860406
4035353 3971001 4139819 4129920
3990253 4018275 3875941 3868834
3841391 3822584 3875352 3922625
3794559 3890796 3713059 3713704
3930812 3948752 4133755 4090747
4017625 4041006 3832958 3947826
3801619 3909506 3802064 3829860
3827691 3809376 3953673 3776519
3882317 4026682 3839008 3946786
3963045 3804867 3961203 3840641
3724675 3812181 3706289 3753649
3792231 3749761 3864512 3655796
3876240 3922707 3790870 3907722
3944950 3819362 4005903 3781881
3806851 3923964 3771082 3819698
3991113 3930297 3752913 3929913
3925895 4043881 3963370 4053403
4093386 3968487 3949593 4089518
3779878 3906188 3640574 3845082
3912747 3780669 3765848 3839984
3800673 3995282 3953110 3954642
4051807 3869460 3874418 4057925
3899676 3892820 3769186 3800328
3954010 3877446 3920177 3939029
3965818 3935008 3956233 3941934
4006944 3962437 4007282 4063904
3756813 3782815 3737012 3738235
3782780 3788435 3782390 3991000
3934777 3909522 3885014 3827210
3970784 3912995 3860569 4001962
3917629 3853866 3852121 3844179
3752694 3976449 3875741 4022049
3951747 3969268 3927476 3915641
3905583 3995571 3930324 4099339
3740345 3741489 3652340 3854895
3697345 3784832 3757938 3922475
3964410 3886327 3858895 3841536
3843358 3972977 3918740 4012002
3755184 3688264 3828211 3839901
3916510 3894050 3830459 3971375
3820562 3786597 3856258 3891247
3979175 3936325 3965128 3935194
3773824 3688809 3772346 3847707
3957902 3873299 3862218 3925711
3700431 3741692 3803344 3799090
3859791 3864304 3797563 3895528
4032960 3776547 3923163 4016645
3943626 3919326 3720237 3890206
3914793 3912669 3994017 4064014
3830496 3880627 3741539 3825885
3816133 3827274 3975799 4042759
3799953 3906843 3710259 3830043
3939138 3797252 3882072 3892431
3769996 3861517 3710845 3788830
3783172 3796868 3799769 3742259
3889787 3747246 3896418 3743853
3727840 3932916 3783776 3840142
3840795 3895525 3971065 3711650
3769738 3913674 3829668 3854178
3900827 3790264 3867676 3668602
3625662 3806223 3595271 3801951
3779264 3648175 3911608 3762298
3751100 3982129 3801446 3901059
3993946 3842245 3795763 3899006
3802839 4014207 3858385 3852429
4073399 3807412 3724807 3990070
3783691 4015300 3824680 3932405
4007756 3873783 3781246 3902406
3744948 3957204 3801502 3771387
3940277 3795367 3632535 3967131
3901231 3808269 3822427 3683266
3915291 3912205 3902631 3922576
3904335 3747313 3904512 3753463
3934165 3899532 3925930 3934729
3869369 3748875 3814076 3863988
3835184 3902721 3780491 4023931
3800238 3731851 3743289 3730634
3794039 3811697 3751258 3951241
3881156 3733819 3755629 3858073
3794586 3856861 3885474 3945192
3864913 3827025 3779290 3886070
3743958 3889512 3799461 3983616
3866355 3882355 3806203 3830445
3791661 3860751 3813639 4027238
3765549 3805268 3669064 3741533
3701877 3843173 3850353 3971753
3994327 3868364 3997629 3908116
4131780 3996444 4030543 3971249
3773078 3650621 3729071 3730983
3857279 3777336 3868211 3814066
3897956 3771950 3815448 3936960
3969302 4033872 4063958 3989741
3997053 3845369 3926695 3989285
4061950 4085203 3987480 4058879
3976739 3954399 4085564 4101570
3997518 4050432 3962624 4031903
3829851 3790916 3824218 3940162
3759442 3818971 3633896 3845010
3979975 3907555 3983970 4058740
3999921 4007855 3834660 3903222
4040320 3961156 4063904 4093986
3922138 4029652 3835268 3893722
3981673 4026999 3935892 3991636
4054751 3851369 4044389 3876159
3735579 3740114 3688471 3765991
3727859 3638479 3858928 3664847
3862193 3882038 3788837 3849210
3878052 3798347 3975382 3873732
3900892 3989431 3942433 3906121
3929412 3891289 4071812 3906246
3856593 4069681 3912157 3999709
4201410 3925483 3940185 4080658
3732175 3909404 3804015 3741135
3976435 3805244 3734661 3901973
3878398 3994333 3908790 3964617
4117197 3937427 3866058 4062538
3974927 4190586 3927731 3995703
4094976 4003703 3797916 4084657
4020753 3933347 3915211 3970398
3997078 4055231 3978685 4187846
3819347 3705789 3798688 3729766
3814170 3836483 3805924 3915114
3961026 3854706 3821888 3879218
3943548 3988728 3923339 4063940
4000745 3874610 3884145 3987695
4028459 3976185 3939467 4088340
4023619 3960306 3893763 4007086
3925698 3971267 4003128 4059269
3795665 3798729 3718329 3733446
3713275 3771600 3805920 3878268
3927169 3843544 3787235 3884865
3781827 3989658 3914743 4052685
3950716 3900340 3860670 3899295
3906474 3947318 3959145 4162133
3797939 3640401 3634383 3790945
3865489 3719697 3808698 3659863
3769462 3662745 3789045 3823916
3820320 3841881 3892834 3891191
3822086 3758400 3764810 3853387
3990497 3906151 3852998 3913166
3868074 3794132 3860326 3929152
4012968 4022412 4008678 3992867
3801754 3777180 3860800 3876216
3746812 3849269 3577966 3703852
3957829 3871612 3893306 3945750
3832648 3885955 3711461 3826195
3935337 3804857 3918514 3983667
3866780 3922943 3768844 3859676
3978089 3901296 4022568 4044605
3992058 3971375 3787471 3921098
3718979 3793247 3694986 3778565
3698877 3669543 3797380 3671748
3773361 3833323 3630320 3770284
3748870 3725725 3919755 3726963
3909480 3951892 3856247 3841123
3748213 3804864 3902571 3770327
3847229 3925473 3831273 3838725
3928653 3827387 3994621 3878759
3710767 3931381 3661784 3718652
3934681 3723471 3643455 3801459
3715796 3975761 3826676 3925437
3900910 3798703 3765725 3966253
3809430 3997049 3876225 3871291
4001139 3855132 3739747 3922811
3942598 3996246 3914201 3864322
4096862 3887067 3769499 4009639
3777116 3752390 3709610 3681417
3717963 3760226 3718046 3822009
3906279 3760222 3824204 3861012
3866195 3874736 3870303 3975493
3924444 3792059 3767812 3823165
3973981 3881675 3830961 4007639
3887815 3832035 3854253 3832965
3950019 3871748 3905472 3990569
3751290 3674356 3699287 3692769
3621795 3828518 3707405 3891222
3854445 3807882 3734535 3745782
3735993 3856121 3846288 3953858
3898646 3751635 3782542 3855065
3862397 3886393 3836528 4020595
3881826 3915238 3810576 3865308
3808719 3944449 3967154 4093490
3787000 3679301 3758335 3795125
3965129 3909210 3914422 3890650
3922555 3783959 3879335 3944340
4101208 4063853 3974258 3942932
3939634 3777330 3843762 3987752
3988548 4000773 3982901 4019066
3783972 3620094 3725619 3758833
3918706 3828601 3823971 3767906
4002244 3897273 3974704 3977716
3846451 3889054 3720534 3806015
4013447 3959039 4008558 4191210
3928648 4024032 3795556 3982071
4010305 3872130 4067924 4111109
3956327 4015174 3841124 3893249
3799721 3808528 3850362 3847484
3782462 3826644 3693649 3847120
3864892 3912716 3765374 3875000
3933950 3691398 3895632 3737828
3923867 3962878 3880564 3867339
3954705 3887555 3972783 3906284
3850245 4060489 3869804 3885092
3965583 3877412 4046336 3904797
3764069 3798908 3653174 3725972
3824916 3634055 3917928 3649783
3811486 3930269 3841772 3886772
3987482 3832516 3736884 3933921
3865556 4132206 3894498 4073075
4113170 3936489 3869792 4033044
3929445 4029101 3903800 4090892
4076244 3950260 3793715 4046599
3692158 3948989 3711905 3822455
3973598 3647884 3656076 3829037
3902655 3806157 3763582 3788123
3886645 3903723 3831283 4049011
4006205 3857889 3855351 3934499
3986454 3997282 4045326 4052958
3970704 3943968 3839193 3919526
4044765 3988019 4056751 3999781
3804975 3705332 3712512 3740302
3807526 3818740 3791383 3921920
3825525 3761428 3784789 3785772
3767792 3802522 3750086 4048223
3954940 3930522 3898768 3946482
3840979 3904265 3966259 4101359
3911891 3871114 3839920 3913846
3866473 3971414 3978420 4096136
3787996 3729409 3746009 3798412
3706535 3741024 3772934 4018380
3927929 3877939 3871132 3850939
4043083 4022166 4035805 3960816
3787652 3674065 3762754 3736282
3938354 3902278 3853265 3883635
3784151 3659816 3781730 3797586
3793098 3881131 3896325 3824350
3738855 3742444 3848462 3870228
3957234 3882599 3905928 3923372
3957484 3888930 4019434 4151452
3999647 4039495 3850209 4035651
3833075 3780737 3934370 3980543
3876828 3866685 3707447 3825021
3811744 3796024 3805597 3994584
3748255 3789882 3627664 3769897
3947147 3831850 3920627 4003287
3792531 3878512 3711122 3769866
3857179 4037652 3889155 3933287
3930958 3891037 4064212 3854674
3763155 3863261 3711388 3790974
3841892 3801904 3893456 3814515
3687388 3799380 3637031 3746514
3805637 3663920 3830173 3710586
3812513 3876570 3812297 3788348
3844128 3647512 3849561 3720391
3873633 4074219 3930228 3884571
4096579 3972728 3886467 4017061
3699067 4024518 3822742 3795598
3970160 3825165 3746146 3880017
3716352 3928727 3778684 3730233
3919813 3744990 3573800 3865634
3848898 3936434 3833569 3866273
3980668 3811416 3706036 3970409
4049110 3848849 3903914 3947488
3978511 3995033 3983030 4003946
3796459 3730773 3715476 3780410
3869146 3839954 3784662 4008174
3765153 3701490 3711424 3706698
3752791 3716680 3780175 3889663
3859859 3769045 3824538 3800130
3871399 3868726 3801216 3996134
3979339 3924798 3898379 3964781
3807089 3985768 3972631 4130797
3780113 3808225 3782090 3842822
3822222 3823166 3910903 3929401
3747277 3699175 3642801 3746668
3701733 3868909 3786264 3887620
3760539 3801407 3743183 3720804
3693855 3911321 3832155 4020070
3866343 3674969 3742183 3859749
3738590 3942254 3904711 3910747
3943073 3925691 3835214 3939267
3745682 4032694 3943984 3991849
3763163 3581036 3715432 3776757
3690845 3926339 3870620 3800653
3881888 3840285 3753682 3858921
3792657 4006505 3960326 3957872
3863514 3784372 3952135 3820061
3758642 3902699 3903549 3779296
3964519 3842836 4041146 3989505
3868378 3909519 3974837 3917075
3827244 3805958 3949259 3925564
3717735 3867903 3764304 3718548
3906591 3767618 3951750 3970839
3852370 3922828 3889580 3867747
3717126 3705217 3741518 3809427
3736735 3785282 3859654 3607978
3857654 3854719 3891465 3931786
3752216 3913978 3969217 3770762
3797982 3634410 3788273 3833839
3679826 3797028 3809371 3653200
3741444 3719376 3902149 3938180
3791652 3856982 3951665 3774583
3831290 3790895 3803631 3764891
3817469 3812950 3698954 3841913
3842448 3845151 3796591 3802007
3829523 3953358 3790353 4004402
3714120 3755389 3625065 3692945
3689747 3840715 3675224 3870607
3750664 3750840 3768650 3808610
3762038 3957960 3728660 3929749
3824115 3691729 3866027 3828978
3797201 3863609 3795440 3742052
3899945 3871073 3975933 3954375
3806628 4044615 3831208 3806436
3809001 3673838 3879428 3753240
3621650 3842094 3765683 3752878
3906814 3800082 3852390 3831760
3806821 4002154 3782644 3871144
3688732 3829425 3773147 3672501
3723498 3802608 3867334 3814099
3815869 3962547 3885698 3821889
3923055 3826272 3917577 3938409
3704945 3897203 3758811 3716448
3681013 3776511 3773363 3720662
3861643 3874963 3816145 3794261
3751567 3774063 3838106 3813606
3991298 3882992 3996493 4039682
3907706 4120207 4032871 4024748
3880028 3893058 3822910 3894550
3884021 3917319 4016099 3932903
3809768 3713108 3812967 3828305
3726056 3913476 3916691 3849031
4054749 3889469 3957015 4027430
3921178 4057444 3988905 4036249
3944307 3821385 4054693 4087011
3875104 4085573 3939855 3950782
4010949 3835921 4052462 4023594
3783450 3938418 3946400 3865669
3809089 3612266 3955267 3871648
3788007 3821596 3771451 3815296
4078819 3913536 4168302 4021723
3986114 4001405 3993152 4003089
3904089 3840719 3981544 3999471
3904761 4000273 4115794 3876369
3917595 3855463 3905289 3963083
3917692 3929634 4025506 3770198
3784067 3667761 3808440 3827460
3761502 3839150 3882543 3664959
3922652 3905915 4079840 4014728
3917097 3974465 4098215 3839610
3951973 3873565 3920273 3902675
3950822 4020715 3896939 4073539
3849400 3893969 3857138 3919359
3882805 3912373 3772840 4039673
3668613 3777324 3677864 3726062
3779991 3812924 3724951 3927344
3964265 3916489 3838318 3864271
3892163 4075549 3875618 4110193
3996884 3900221 4028696 4024826
3908294 4086441 3859674 3876070
3969760 3800751 3981578 3998507
3792562 4071926 3902827 3833108
3823333 3656370 3784006 3830949
3695572 3924300 3715153 3765369
4031022 3859280 4160034 4055240
3866546 4053925 3876212 3903220
3964467 4076400 3893223 3921861
3983762 3889673 3962138 4009694
3943227 3957801 3952677 3877067
3849418 3847309 3896488 3906517
3784904 3900852 3826412 3713654
3778712 3788381 3847280 3717136
4023208 4082645 4039688 3846081
3913226 3905995 3942416 4081067
4017555 4006055 3979897 3984097
3913944 4166299 4077599 4075798
3946609 3841906 3826379 4010256
3809721 4033001 3969456 4056782
3856898 3757898 3773316 3827544
3754372 4002146 3865320 3879819
3684743 3677084 3700165 3702354
3647635 3832412 3946430 3764072
4026708 3922940 4043058 4123311
3973122 4032331 4018124 3943493
3933217 3882794 4048947 4062506
3900562 4003217 3904239 3872313
3908252 3682372 3988310 3833384
3750482 3902429 3835548 3891058
3787785 3660383 3724610 3793679
3703586 3762718 3793072 3697869
3951572 3945679 3998332 3986828
4004291 4029662 4042336 3865566
3885530 3848164 3879571 3904494
3863493 3946744 4072635 3785146
3867821 3717454 3825387 3864070
3867566 3878039 3932571 3736086
3745213 3706338 3771255 3742820
3693080 3703286 3833009 3633028
3894305 3950166 3938718 3938265
3886288 4051996 3916549 4035070
3972728 3890405 3869043 3856562
3933014 3919646 3832099 4023541
3758735 3749515 3748791 3794472
3760474 3939863 3793328 3957467
3655068 3637716 3631324 3676845
3635323 3770886 3627513 3790157
4066387 3856972 4154280 4042136
3876120 4066960 3977710 3869231
3927729 3897737 4010787 3980948
3782472 4052807 3861270 3794076
3917182 3734605 3944551 3924702
3768867 3858692 3787332 3729671
3715068 3574945 3793993 3770164
3629712 3846911 3662967 3673553
4038415 4019044 4040260 3955545
3917260 3945936 3991706 3954666
3821628 3997494 3959736 3835883
3849809 3983151 3940035 3951164
3726087 3898547 3814852 3712214
3762461 3807609 3779100 3836110
3739566 3823514 3690409 3668722
3668678 3657149 3769487 3757608
3848002 3663493 3674057 3857365
3688308 3936180 3842385 3841738
3830691 3749792 3740637 3741418
3747564 3955146 3858861 3813536
3796657 3646638 3793271 3791362
3657886 3986347 3811799 3894490
3899363 3834991 3894428 3991223
3833293 4071642 3973114 3928494
3763566 3698333 3852415 3754836
3734461 3908207 3817188 3780777
3880707 3739806 3832068 3869642
3716308 3859355 3845136 3695105
3837488 3694986 3926142 3823325
3779380 3789893 3858037 3799843
3924477 3783887 4043697 4047119
3816761 3973650 3956955 3851433
3747266 3588210 3827750 3782087
3683748 3769026 3858230 3647136
3751160 3744987 3711905 3747841
3785959 3789251 3808845 3669530
3787764 3761768 3688011 3763476
3717780 3790330 3783096 3599010
3933216 3796603 3918998 3886749
3840306 3930508 4002064 3679312
3745592 3672261 3704047 3686548
3784145 3808443 3654775 3866073
3763635 3750947 3731365 3747438
3727636 3859366 3689578 3903965
3763095 3735764 3623504 3721889
3762039 3849776 3724536 3857502
3891857 3818686 3782965 3815835
3831337 3914437 3806570 4071173
3772301 3597337 3861014 3769460
3687461 3924181 3693065 3663383
3870333 3681647 3914778 3874790
3734515 3915597 3829499 3747945
3907003 3682343 3863196 3829016
3663943 3830713 3745023 3760234
3953132 3830145 3966404 4055774
3846240 3973318 3836278 3831739
3700513 3840785 3812951 3673880
3749823 3718401 3703488 3831493
3816307 3849970 3750449 3717749
3744721 3731203 3707882 3867004
3735238 3820411 3843741 3786533
3784457 3789483 3832877 3855292
3907553 4068527 3906781 3865484
3866538 3939841 3854947 3896013
3911202 3796317 3868827 3915486
3795300 4111148 4005183 4004140
3878077 3828593 3863986 3973158
3856211 4110363 3964598 3923447
3912305 3844485 3896183 3829805
3648246 3935368 3972660 3845317
4128719 4019840 3987730 4124995
3969013 4168631 4132072 4075460
3960692 3873686 4081031 3978374
3842729 3961698 3944464 3827175
3929475 3875306 4033468 3925383
3806359 3871285 3914575 3916460
3919313 3796480 3999041 3834842
3829523 3899905 3918749 3871625
4050666 3999637 4125004 4153391
3965609 4119930 4071421 3984489
3902149 3829305 3999542 3953477
3855470 4006918 3935948 3847270
3878624 3830006 3879832 3874433
3836698 3850883 3955778 3726406
3847581 3813201 3857422 3894262
3821059 3825523 3957526 3742162
4048547 3943612 3946008 3995664
3991966 4052417 4150514 3873794
3806872 3832686 3802469 3868404
3825979 4001940 3840204 3958799
3842973 3888529 3729583 3788480
3783859 3962479 3759865 3921878
3914968 3810188 3758484 3788436
3913711 3895749 3812337 3957940
4020828 3906187 3978236 3965749
3950438 4089401 3870165 4179457
3953663 3815522 3987581 3996165
3739818 4024724 3897293 3972251
3936672 3737383 3931477 3898599
3731295 3978915 3857493 3830803
3964047 3798972 3964221 4030665
3808255 4006542 3824871 3853090
4146755 4021813 4087052 4149962
3942283 4164059 3925917 3927251
4012873 3963752 4007532 3841298
3876729 3844184 3862758 3865240
3890779 3933689 3907799 3731871
3826669 3823682 3860623 3881869
3817017 3951624 3848390 3821743
3821158 3803618 3846126 3854452
4033962 4142333 4017895 3911516
3960554 4033643 4030889 4053535
3909412 3759527 3782467 3892607
3803499 3935672 3943739 3985475
3754446 3725273 3716163 3742302
3663447 3854368 3740969 3756189
3958764 3846334 3857883 3977765
3760026 4018120 3894745 3958830
3948673 3868152 3907550 3954552
3934412 4109867 3991087 3967009
3880173 3782145 3860966 3852537
3709860 3923749 3888067 3868847
3757852 3719336 3854743 3838457
3742831 3744031 3699055 3717889
3927635 3752541 3988864 3905500
3833492 3907320 3893308 3848844
4047130 3891278 3998632 4050123
3845210 4055916 3997543 3891149
3812889 3694468 3836251 3910131
3727746 3958790 3909377 3739713
3715003 3664678 3770686 3743627
3680403 3684178 3777310 3658723
3894069 3811194 3978926 3868853
3887175 3840482 3957824 3766199
3960287 3857480 3948629 3872428
3890226 3899850 3957558 3756723
3853294 3788280 3701276 3689294
3809414 3880057 3802612 4009648
3688769 3628019 3703654 3674466
3730563 3827602 3671862 3864050
3826182 3725435 3801556 3803311
3747537 3979040 3787664 4005700
3899775 3850456 3845158 3838974
3914982 3946877 3851466 4159334
3891640 3757723 3952342 3941391
3823247 3912628 3783119 3804338
3718462 3666205 3863620 3784691
3734642 3841234 3731525 3713117
3892421 3783391 3946687 3964122
3754769 3981079 3809138 3823421
3997898 3853754 4094754 4011044
3938531 4002190 3886530 3851507
3782023 3966841 3847467 3716752
3747521 3785010 3779797 3948089
3762365 3764119 3733288 3657678
3685220 3720690 3696635 3684613
3815011 4037910 3857051 3770036
3877367 3814197 3898354 3900661
3929868 4067418 3933563 3917339
3861494 3908491 3929789 3962754
3860797 3763369 3779933 3882430
3699417 3983254 3922815 3880843
3940801 3765080 3825201 3931397
3872806 4040348 4002565 3868342
3936519 3884172 3907829 3970847
3853169 4118486 4018312 3979212
3935367 3744230 3770075 3992386
3804761 3978663 3977334 3894123
3948704 3842462 3994760 3906894
3739530 3884202 3787809 3913598
3931475 3820144 3960148 3956114
3881277 3971519 3919605 3863997
3988365 3838757 4042791 3944089
3846859 4038416 3863309 3912362
3904214 3809172 4027771 3964109
3838441 3920251 3885061 3907373
3829159 3749726 3762634 3809702
3771278 3812929 3887158 3781881
3887735 3767132 3899190 3896314
3828186 3909992 3974731 3735292
3856252 3798745 3911864 3849703
3880635 3939410 4038115 3762127
3839159 3798984 3796354 3877463
3824060 3842671 3989660 3730131
3789868 3798480 3709398 3756564
3819874 3891968 3777734 3826545
3837976 3792615 3728513 3709604
3811853 3909971 3744665 3899744
3828751 3835813 3874854 3853824
3917653 3930665 3826043 4076424
3896319 3827511 3793782 3816541
3829551 3884563 3742991 3956925
3881524 3756093 3979683 3909133
3701155 3911151 3843929 3770849
3889294 3782516 3989271 3879889
3806325 3978323 3829108 3806861
3913286 3741411 3939062 4036537
3821150 4050720 3826142 3867931
3938912 3725711 3958800 3947116
3821154 3874718 3842595 3804241
3901904 3813722 3857504 3718555
3752604 3799268 3905358 3853488
3853245 3944934 3940936 3723026
3770246 3824473 3824634 3859804
3921915 4072694 4036901 3824766
3839450 3876365 3914714 3962020
3877318 3934024 3923393 3732739
3797520 3736604 3854836 3914164
3903412 3902597 3916629 4026538
3952005 4100645 4097734 3978939
3853037 3803657 3760155 3823314
3773695 4040921 3952524 3907354
3943503 3845431 3977500 4038995
3895316 4142531 4037789 4090065
3930735 3889093 3888598 3938529
3855771 4044897 4006054 3997546
3993440 3904181 4074281 4048513
3855954 3993353 3947630 3970469
3870234 3738770 3885617 3941232
3805756 3963631 3904262 3797432
4081693 3916359 4075791 4047597
3886009 4077413 4030861 3939720
4021462 3892977 3941982 4012923
3879357 3993614 3972493 3903615
3944525 3848555 3995652 3896772
3998171 3899092 4108344 3878011
3804961 3816352 3822391 3883746
3828210 3874143 3882915 3753951
3982322 3894775 3989617 3993286
3919439 3999222 4023417 3873622
3925721 3852039 3890784 3974026
3902370 3953055 3948524 3779084
3925561 3933024 3880894 3933247
3882636 4065644 3864811 4075653
3737145 3824823 3713372 3728787
3804360 3902504 3739937 3972661
3885449 3895997 3901734 3889914
3937400 4000313 3906680 4120075
3847738 3834875 3806530 3754739
3963918 3944713 3874109 3954793
4023894 3921748 4104885 4048130
3904577 4129826 3857779 3929565
3931791 3794669 3883913 3884851
3775628 4033131 3825817 3698107
4030682 3862774 4039705 4001223
3956411 4085855 3916706 3929039
4041322 3807929 4027226 3986030
3841014 4033678 3865881 3960874
3930770 4016944 3959587 3886426
3991513 3849524 3878761 3939361
3829812 3878162 3848153 3719746
3794012 3827676 3775084 3824077
3886244 4083520 3995394 3829997
3944276 3935749 3896514 3976600
3924894 4001601 3908558 3840090
3866767 3841852 3882969 3924937
3886768 3798818 3814778 3915261
3755932 3971500 3990974 3992789
3938587 3833334 3859711 3969552
3886752 4087433 4056407 3986564
3890103 3880398 3910916 3942937
3814631 4154359 4042264 3888533
4007918 3816725 3917613 4081618
3827068 4127483 4092244 4024804
3904788 3758950 3948182 3914093
3814959 3887989 3877217 3833034
3913087 3803318 4046686 3991201
3872930 3934505 3903568 3876037
3928457 3855313 4015033 3971844
3820761 4009974 3994196 3910105
3957063 3903185 4092003 3965294
3898615 4049595 4052735 3948077
3799838 3812711 3844498 3875311
3751199 3888995 3968360 3700719
3937103 3811449 3927363 3911108
3795815 3880218 3999835 3726274
3926672 3910724 3892644 3905670
3837945 3956198 4039662 3772021
3946032 3877562 4003495 3930577
3887383 3908155 3993575 3881491
3741649 3738803 3850701 3793951
3763942 3873196 3758715 3980876
3856795 3814114 3842973 3806561
3877951 3900733 3897718 4041883
3877526 3844959 3785312 3911570
3876825 4014862 3878054 3991760
3916366 3895942 3773040 3940722
3922141 3952530 3855789 3983142
3859714 3781695 3934755 3889367
3771622 3996029 3748321 3753066
3883525 3804705 4033782 3932273
3833665 4065665 3860222 3798530
4015841 3862016 4041332 4046841
3869428 4071986 3828345 3862544
4003651 3861883 4085080 4009501
3916659 4087428 3868013 3967613
3821000 3929656 3869008 3721810
3788855 3711913 3812163 3872444
3941715 3991658 3842546 3835466
3866949 3840181 3862008 3890070
3883403 3953880 3920931 3841681
3860092 3890708 3870111 4018122
4032261 4053826 3961981 3767336
3981496 3946307 3932955 3977860
3971500 3905170 3893958 3982725
3900237 4137760 3982251 4046195
3833295 3845483 3767316 3933661
3765984 3919100 3923993 3823973
3909922 3808049 3891056 3924439
3813204 4020904 3991084 3995499
3902377 3794628 3758893 3937186
3801225 3945014 3866270 3955254
4101639 3788075 4074596 4026506
3771164 3973629 3979268 3872490
3901596 3799908 4046237 3878178
3712566 3861765 3870304 3854176
3991701 3771964 3901003 3952070
3745001 3909765 3979745 3789617
3919860 3782918 3967810 3951540
3752499 4015342 3851723 3838196
3916385 3860354 3903127 3841326
3893889 3908987 4013169 3770075
3751213 3715668 3880457 3754069
3785527 3924706 3856824 3766091
3847217 3806148 3895759 3801926
3783297 3861598 3925992 3660959
3822124 3749197 3795244 3854209
3802628 3914653 3909748 3709992
3853481 3931460 3732646 3798221
3846413 3905761 3868268 4004864
3824635 3763798 3740580 3734810
3847503 3883001 3722761 3982261
3777985 3755762 3759517 3780812
3851340 3900918 3736734 4015880
3776909 3822786 3799466 3669892
3692547 3872727 3767999 3967234
4015063 3826053 3949152 3995536
3862423 4034880 3874647 3961126
3855668 3762604 3925221 3878791
3748497 3984257 3777335 3761723
3927093 3761937 3932817 3961734
3752428 3992030 3802884 3867813
3880102 3688648 3888393 3929992
3713141 4002460 3808433 3726577
3853375 4046572 3958731 3762937
3923232 3876365 3939605 3957822
3863839 3950202 3765771 3761131
3708333 3788137 3844161 3842907
3828923 3972300 3836289 3819994
3743023 3808855 3890177 3814356
3847408 3925727 3838181 3745171
3884852 3815810 3836972 3811825
3778368 3663830 3801607 3757693
3673474 3941956 3900979 3873237
3972728 3917266 3983611 4106343
3928118 4163139 4072105 4030707
4000228 3909371 3966561 4069081
3841244 4170522 4067138 3997974
3989071 3786258 3906140 3941654
3851025 4209571 3970632 4001713
3868746 3649220 3903266 3853888
3660005 3932609 3756261 3740982
4033530 3873681 4175870 4034905
3886206 4117811 4010852 3931384
4003916 3849195 3998738 4013362
3949251 3998600 3984085 4016937
3914016 3842575 4069477 4069394
3868503 3932707 3958796 3925555
3755922 3685862 3781186 3757646
3753625 3757268 3843329 3660691
3891936 3860204 3999815 3962901
3871620 3932821 4020020 3851029
3962574 3857973 3957349 3959846
3864169 4012764 4058650 3895035
3857065 3817850 3932489 3871589
3899059 3929013 3959315 3784432
3767407 3736915 3797697 3720978
3834331 3841062 3696167 3926355
3889884 3887494 3838169 3890470
3956384 3913658 3835673 4092415
3936746 3912560 3776185 3916466
3984302 3995604 3929746 4131824
3864841 3804237 3817098 3803345
3849808 3994365 3713198 4032658
3855170 3720184 4021981 3894601
3788258 4022645 3706155 3730767
3996837 3829072 4083514 3963057
3959828 4028500 3904562 3917464
4069967 3831614 4040849 4099795
3857982 4039166 3875252 3922362
3970353 3784467 4041488 4002416
3865701 4057210 3823675 3886911
3780127 3925003 3758241 3758505
3679821 3780591 3850157 3822085
3972186 4016039 3952027 3881197
3978304 3933031 3870893 3973935
3973078 4057951 4066103 3877143
3925621 3905598 3949769 3940256
3958353 4026287 3954589 3798720
3877570 3944349 3929504 3907609
3979164 3789845 3900176 4047592
3870383 4129008 3963717 4000355
3813431 3780265 3728198 3865549
3654547 3945981 3777783 3817443
3937996 3807756 3877726 3916175
3886231 4134610 3996164 3910785
3888097 3820532 3919879 3974309
3862265 4001820 3995060 4027478
3939485 3898647 4061669 4016502
3830455 3956990 3921662 3911174
3796821 3686062 3920663 3851651
3711710 3840810 3803618 3768213
3924884 3779972 3970700 4026225
3821089 3994852 3909000 3888493
4030103 3848625 4033136 3948238
3873916 3949328 3973312 3980711
3851226 3761429 3878248 3880030
3891388 3937611 4014111 3880511
3674847 3690077 3677456 3778688
3796043 3790990 3801985 3639376
3823604 3745693 3854945 3890483
3917875 3939367 3987727 3794839
3864396 3814495 3906481 3885505
3890001 3945835 4053669 3718719
3937634 3840801 3817887 3863389
3941934 3984453 3789504 3956288
3680211 3685411 3669774 3757919
3778828 3815770 3701221 3873467
3868653 3785445 3816699 3799613
3893335 3948768 3748348 4027171
3924135 3899142 3796179 3872279
3976217 3960287 3825557 4004911
4024275 3926768 4077279 4016367
3827122 4095831 3866012 3876482
3758487 3564754 3892885 3767156
3706161 3837252 3675179 3690911
3914585 3860533 3996833 4010153
3840687 3949885 3866057 3886216
3972594 3827714 3995372 4015466
3856811 4108844 3987061 3911809
3940642 4057591 3946139 3808094
3865331 3887084 3909808 3908509
3738232 3840164 3787498 3653188
3767936 3681323 3751746 3796115
3897787 3933862 3940210 3880973
3853979 3864198 3916551 3892480
3899092 4043835 3971587 3858417
3873100 3833004 3948106 3925163
3910823 3891225 3972801 4005363
3857684 3992783 3920790 3985598
4220436 4104496 4115238 4028015
4048126 4051529 4126732 4122529
3962212 3907936 3943465 3902904
3761256 3870434 3817080 3909248
4002659 3882975 4021289 4001892
3827915 3929605 3930094 4043054
3938703 3911312 3817497 3944115
4013522 3801636 3927467 3916095
4008660 4153117 3993652 4128557
4147970 3942338 4150039 4053396
3935609 4037522 3743645 3861833
3908379 3627922 3931892 3825248
3889977 3970874 3813431 4068903
3992721 3953502 3966513 4015743
3971802 3938273 3894382 4066351
4016557 3841569 3958252 4026827
4108656 4189153 4031455 4239840
4215081 4061731 4187060 4095561
3892245 3879519 3812315 4013482
3969518 3772223 3996912 3865857
3958242 4042748 3942069 4055483
4087721 3887145 4007263 3994508
3848835 3891715 4060554 3905909
3890759 3902849 3990309 3980183
4080990 4027557 4256874 4039448
4078103 4142851 4171256 4141708
3961671 3830523 4024024 3852994
3874611 3979131 3916808 3913243
4012373 4010165 4116311 4009387
3941935 4006983 4085608 3982415
3900231 3837095 3915957 3955614
3817186 3846031 4046064 3824625
4038379 3989657 4198285 4217666
4028912 4042564 4284453 3979713
3853257 3812485 3965599 3965705
3746140 3814816 4078913 3806520
3974831 3857544 4009631 3996397
3865143 3976614 4107248 3950658
3775141 3825944 3879291 3888973
3707036 3907678 3935236 4069373
3847226 3977636 3956791 4146848
3986446 4102841 4004028 4315212
3712228 3846098 3868283 3917996
3725265 3891947 3901022 3970034
3755655 3814020 3856798 3968188
3833707 3925619 3983975 4076643
3819957 3714100 3811201 3766915
3624302 3708771 3712639 3849495
3980479 3898161 4002456 3922494
3895616 3935753 3890730 3961586
3875659 3753932 3808558 3801248
3756981 3786565 3735361 3899129
3991118 3800503 3929255 3932675
3818141 3906331 3857465 4027011
3777670 3788904 3563118 3838568
3759690 3628920 3760097 3836038
3919269 4026276 3751533 4037512
3947050 3806537 4020789 3858018
3792777 3914795 3678455 3792791
3800739 3691474 3824683 3759846
3984414 3910912 3760630 3940126
4063831 3818134 3960480 3972327
3745845 3784640 3729873 3777719
3822620 3732107 3839556 3823034
3833976 3991463 3877993 4015153
3930100 3874211 3986573 4030960
3665794 3828299 3763804 3861347
3794493 3746207 3864063 3792142
3875065 3997025 3913088 4013364
3912079 3878882 3994600 3919579
3814946 3761343 3881981 3802707
3735934 3852458 3748562 3805556
3960652 3888022 4103836 3881105
3864884 4064258 3905768 3907818
3739129 3778088 3962575 3729117
3809835 3833193 3823059 3850499
4021329 3878147 4157370 3922516
3918500 3887422 3975386 3947710
3717289 3626783 3792458 3822441
3651872 3771763 3880738 3712163
3844516 3849914 3929659 4024416
3752374 3839305 4127875 3878941
3840385 3628146 3811561 3917052
3655472 3672180 3916360 3644796
3949115 3860900 3941300 3988084
3877095 3869032 3989705 3819558
3568344 3621156 3717786 3744107
3664985 3739608 3798969 3908885
3738010 3838351 3823171 3973193
3734053 3945943 3938463 3999332
3643356 3677043 3739466 3756790
3645352 3801455 3749438 3871405
3809128 3830606 3858816 3952554
3793638 3914609 3845190 3949521
3918731 3905352 3929627 3889707
3785578 3891144 3873856 4008360
3895428 3869130 3936135 3843249
3754001 3835342 3895520 3919213
3755653 3688848 3898552 3828070
3731592 3728189 3749007 3857535
3960495 3833707 3931109 3847045
3793090 3832321 3848631 3987219
3905301 4030508 3724770 3988209
3933291 3832211 3938049 3855997
3917111 3893095 3721903 3917777
3903935 3831323 3958355 3844140
3762098 3919051 3700033 3780923
3818220 3651887 3793256 3712717
3847865 3872087 3760930 3979826
3936477 3817697 3947995 3881868
3893461 3988196 3904524 3971769
3993206 3863165 4045514 3963491
3775342 3886117 3825085 3934337
3919527 3750486 3933322 3917597
3848951 3804288 3788563 3893780
3793570 3707957 3904789 3748809
3876946 3903294 3906291 3993446
3966322 3825069 4008974 3923387
3919665 3939139 4144655 3878842
3975919 3949172 3977039 3898027
3846649 3878605 4105771 3852981
3706986 3896714 3892683 3955618
3792820 3818948 3867384 3774160
3739090 3856377 3790332 3791239
3856340 3871949 3962566 3940213
3802646 4012808 3913761 3858421
3926279 3848062 3952421 3943985
3803710 3875239 4043703 3754266
3901123 3752898 3903790 4001837
3852170 3852951 3990085 3807999
3754687 3673980 3753022 3854313
3613148 3748933 3929328 3754784
3973834 3800629 3982825 3996803
3791030 3814803 4009022 3869017
3711810 3918790 3912844 3931777
3809275 3979871 3934544 4059238
3701147 3703705 3798085 3919436
3726664 3784070 3901244 3951767
3609740 3648860 3710073 3814934
3696290 3778786 3810832 3878177
3751378 3860943 3858301 3825938
3720426 3876907 3894594 4020017
3906847 3927459 4021114 4005957
3807626 3890471 3928753 3988143
3932419 3901508 3919210 3854205
3905183 3962875 3879797 3990902
4022982 3811453 3921725 3929635
3778297 3901300 3868757 3957606
3888558 3825070 4006505 3948564
3686594 3781585 3906645 3916961
3934148 4010899 3776370 3984581
3955078 3820661 3925214 3952613
3919941 3988204 3798665 3924852
3991186 3763233 3921443 3899498
3872302 3870192 3706361 3794913
3799609 3789824 3904476 3788393
3885500 3978381 3796799 3920585
3790554 3731815 3959516 3907856
3907141 4047522 3962708 4036103
3959153 3883156 4014262 4000253
3843060 3908293 3916790 4017825
3974914 3884921 3974844 4006076
3848382 3948399 3871151 3955722
3919312 3766519 3948105 3780279
3861637 3907247 3822038 4031631
3984330 3767921 4025470 3923414
3947169 3923839 4106753 3917800
3877324 3963083 3989838 3936261
3926821 3913023 4091006 3957979
3928051 3942234 3957465 3972655
3817686 3829703 3985577 3813845
3865439 3882122 3847165 3958993
3883682 3840409 4008799 3808752
3837157 3953714 3885866 3870654
3946661 3812515 3944860 3945057
3876962 3914753 4065814 3856952
3942141 3815669 4037069 4048943
3861219 3919467 4013262 3915896
3881723 3757605 3961025 3973987
3798141 3813439 3959479 3830871
3878424 3827233 3926878 3957702
3792567 3791604 4101858 3776468
3834713 3795634 3866547 3851442
3724785 3874741 3941673 3960470
3818956 3848306 3861488 3917969
3771386 3870569 3962875 4024594
3718593 3782290 3794283 3827116
3676512 3819606 3854729 4018849
3658789 3788393 3870061 3879100
3705554 3750455 3915892 4019789
4048881 3976644 4041057 4082080
3899937 3983841 4012807 4011006
3872723 3838629 3904015 3851030
3781785 3831824 3807651 3917510
4018980 3924113 4020958 3946421
3789220 3905782 3941283 3963596
3916482 3784147 3898455 3766173
3768582 3889922 3779808 3926143
4060479 4162746 3995704 4128649
4010165 3942745 4093840 3964769
3867446 3960577 3741985 3873745
3867855 3779414 3851876 3856907
3984575 3999490 3823336 4042797
3943080 3825658 4070559 3950116
3914083 3902328 3718087 3846196
3875077 3816591 3918725 3846490
3955574 4075869 3950295 4154956
4142566 3996881 4156115 4037159
3838798 3924620 3822361 3997949
3908436 3793848 3927977 3877086
3890845 4014100 3827648 4017768
4026577 3848094 4040487 3922022
3854931 3869997 3791249 3904499
3965878 3728012 3915776 3841989
4118524 4040433 4241456 4010732
3970918 4072588 4091435 4106403
3913661 3828380 3998853 3867747
3793663 3912478 3954258 3894810
3978129 3898033 4063878 4003026
3976992 4024432 3975971 3918813
3896300 3836512 4030869 3863231
3837945 3878901 3943416 3950492
4077043 3938888 4066518 4119611
3936119 3964626 4217812 3969911
3816669 3756861 3878383 3950702
3760623 3837879 3996030 3777005
3957903 3822780 4001388 4011867
3835954 3893674 3995462 3916425
3840068 3762253 3873881 3906346
3754646 3754001 3944282 3797086
3875783 3868018 3982076 4015243
3860270 3952269 4043260 4151256
3716456 3852353 3743543 3894582
3535247 3836068 3880043 4019354
3749790 3871424 3806161 3950568
3731114 4015159 3983558 4114566
3647205 3841336 3759373 3852231
3625450 3819441 3884836 3977449
3951619 3858361 3867308 3845637
3798634 3862543 3869221 3964174
4075343 3966365 3946461 3890452
3889304 3923325 3987898 4084036
3775175 3804814 3792526 3688990
3750319 3746330 3772421 3820256
3942010 3840141 3954846 3876012
3834023 3895177 3987954 3913649
3930452 3972185 3814710 3964275
3952075 3729583 3946982 3818224
4002384 4015032 3857130 3979063
4029379 3895142 4065415 3940739
3785143 3939858 3737634 3914993
3814857 3736738 3851201 3811742
3839040 3918304 3770290 3937250
3956238 3786020 3887897 3872003
3920932 3942736 3831559 4010044
3907791 3713840 4005531 3826204
3970690 4018408 3870730 4077872
4042340 3857978 4008226 4072686
3750828 3859530 3791144 3832347
3856982 3743986 3904144 3878305
3837458 3976028 3856233 4005042
3962690 3823635 3985964 3955728
3908452 3931500 4013242 3871235
3910251 3884752 3832621 3938921
3913050 3977825 4121457 3956400
3960785 4084441 4015123 4078067
3784758 3800259 3973674 3774245
3796905 3871706 3786761 3876419
3854455 3841021 4170962 3929024
3827195 3962621 3957608 3926877
3919753 3768573 3847130 3971110
3803593 3845621 3990059 3826998
3986231 3808993 4042465 4079492
3863320 3905889 4186581 3895349
3774068 3669529 3852579 3980599
3721386 3788992 3964835 3707153
3855777 3796630 3924476 3973136
3758605 3808346 4076751 3752620
3704308 3749525 3797956 3882243
3724974 3862965 3877595 3997161
3811152 3907409 3872110 3918764
3841709 3896283 3942567 4051683
3605967 3666795 3712392 3750321
3687079 3759083 3787999 3888873
3805056 3768512 3775934 3849401
3741708 3870951 3853456 4031776
3951389 3902077 3929514 3883299
3773985 3831217 3921297 3896565
3870487 3851927 3866406 3877142
3697009 3728409 3803113 3874172
3893493 3820360 3874028 3813757
3765198 3803108 3734176 3898583
4009424 3867923 3979974 3888270
3877332 3926531 3903030 4045950
3894495 3883031 3817836 3929702
3916143 3790844 4025234 3885348
3864409 3922955 3692645 3810483
3824619 3672504 3845800 3857480
3884995 3838624 3684572 3890345
3885235 3819940 3843102 3814755
3857046 4006230 3697046 3982597
3972389 3932953 3986538 3876946
3899962 3981878 3927317 4063644
3997077 3794509 3964979 3865681
3815485 3936623 3880127 3862996
3888740 3778257 3914588 3781741
3842049 3857847 3813562 3942150
3932224 3781995 3900788 3875919
3921607 4041485 3944332 4065008
4017467 3853526 4012680 3915421
3953822 3847511 4011222 3844157
3828638 3959860 3926539 3904138
3832273 3792603 3910028 3730585
3751601 3871663 3837198 3809763
3814601 3839307 3939436 3798151
3791767 3971106 3877050 3841618
3937304 3909043 4129630 3950218
3985368 4024153 3987134 3998159
3915606 3781519 4013250 4034676
3792680 3846560 4138642 3821918
3833250 3743766 3823083 3959094
3639064 3749248 4027974 3760346
3822959 3816241 3831818 3878355
3664559 3758936 3981150 3730620
3943716 3851616 3979493 4073070
3823767 3896966 4134389 3989466
3673500 3871754 3797890 3854009
3797960 3885667 3933896 3934879
3675150 3805127 3792306 3744212
3668961 3814403 3805935 3934517
3635521 3675674 3779799 3879304
3611952 3852161 3834043 3898092
3739687 3803412 3857101 3861340
3782567 3856977 3976782 4027340
4076800 4004741 4066113 4025025
3954513 3913189 4092079 4062464
3926762 3812290 3841591 3874171
3838243 3845284 3853385 3969402
3923492 3806952 3911508 3857865
3788849 3762083 3891163 3906123
4007969 3929537 3913839 3932679
3787898 3880115 3940846 3968404
4012196 4144170 3831111 4057047
4070743 3948989 4050828 3966204
3836399 3956396 3760661 3863932
3879296 3799274 3934204 3864175
3859711 3902447 3723526 3872873
3824069 3786870 3892292 3812153
3953280 3986983 3755451 3986935
3943103 3851080 4039378 3954360
3955946 3927366 3959321 4041573
4162452 4018799 4170745 4047980
3883797 3970230 3792036 3946706
4019607 3800632 3975804 3909437
3811294 3915591 3886176 3872083
4020891 3826956 3925723 3932444
3877338 4051163 3880435 4005371
3992158 3835831 4059673 3987952
4028203 3992230 4159542 4042580
3963983 4079049 4054762 4074058
3898010 3834974 4099679 3859652
3922816 3873413 3898090 3945809
3916396 3782609 4041007 3851303
3853448 3920016 3881292 3895662
3916801 3936359 4149167 3909007
3873761 3973210 3963708 3961513
3993568 3927496 4057829 4120982
3894078 3939590 4183140 3998293
3858561 3734827 3873207 3976553
3753335 3852615 4014227 3787562
3851740 3700362 3931053 3932631
3788328 3749954 3949088 3788862
3942878 3895243 4015544 4027489
3898201 3847835 4063297 3878640
3795034 3975161 3899888 4134248
3869283 3986147 4022236 4196681
3704707 3773360 3805867 3857079
3735737 3790336 3910882 4039407
3699184 3832330 3798063 3874561
3716631 3876389 3890997 3981670
3705212 3844490 3794872 3779013
3752092 3914362 3915831 4044754
3945627 3846367 3892133 3811445
3748615 3796267 3849410 3933802
3995529 3883681 3994333 3973980
3895454 3867090 3988624 4078316
3955033 3797116 3980184 3936763
3784802 3832256 3884327 3978691
3875385 3765030 3905272 3786972
3705810 3842915 3816255 3891415
3794828 3898005 3665301 3867478
3838410 3727208 3922304 3751329
3865040 4069959 3885393 3972983
3959428 3790795 4046550 3971340
3867697 3954727 3703042 3970898
3922019 3780740 3862232 3798359
3789033 3882711 3683293 3875548
3894075 3754992 3885820 3804326
3749467 3858921 3863578 3886624
3846664 3717309 3861437 3846638
3925720 4032526 3985492 4048630
4082474 3889082 3965786 3964093
3864786 3914183 3814149 3968650
3929287 3899615 3996593 3959239
3809905 3880596 3768240 3966691
3895832 3766598 3834692 3829874
3760812 3782307 3986212 3848834
3742859 3896215 3875613 3904944
3972219 3942396 4195816 3950689
3868766 4130519 4007445 4004884
3883943 3901267 4065439 3880485
3924285 3948770 3930658 3913724
3790614 3825977 4066385 3892915
3881675 3837645 3913325 3921666
3833274 3717963 3875079 3883885
3688855 3750001 3929071 3768924
3979581 3875591 4039024 3997243
3891252 3959626 4217480 3929321
3880318 3774982 3963555 3952235
3756294 3818769 4076069 3821370
3859925 3688478 3849833 4054104
3754511 3749052 3914196 3747489
3736422 3777387 3758825 3812743
3672944 3797855 3864729 3961671
3815061 3828624 3866980 3955515
3842508 3866184 3948916 4109314
3742032 3846877 3849598 3861703
3754778 3834210 3907977 4027985
3611363 3689448 3703686 3792377
3679379 3729131 3808674 3937629
3923004 3801968 4028181 3803646
3816910 3798419 3788415 3937904
3892742 3844104 4006559 3906547
3845861 3812228 3837356 3968491
3916323 3864553 4006764 3906547
3846567 3844864 3897707 3987420
3984246 3885520 4049710 3990779
3848217 3927642 3956479 4023598
3837652 3994847 3791445 3888127
3933873 3785068 3927518 3824572
3861288 3967784 3748964 3843360
3917883 3810856 3888360 3776761
3965307 3999417 3748663 3940248
3909851 3815006 3950777 3890264
3946292 4003245 3767988 4064900
3995874 3888741 3953556 3989640
3846431 3887180 3743550 3997953
4012029 3800684 4006305 3824077
3806682 3929303 3857302 3973200
3917185 3779034 4011086 3884993
3937838 3935147 3917364 4035682
4005339 3839845 3895512 3965466
4044032 3929846 3809845 4020808
3919529 3783277 4052401 3960406
3848032 3835425 4042548 3849255
3818404 3957712 3835189 3917052
3913366 3801409 4025421 3898340
3831086 3980338 3873536 3840383
3922931 3855702 4120141 3889797
3918049 4040199 3957289 3997105
3937291 3872326 4062964 3976361
3996490 4042705 3950093 3880545
3845114 3798502 3895897 3933349
3729110 3775527 4028181 3734996
3881008 3780325 3983408 4009651
3793033 3901329 3972821 3829335
3871606 3798355 4009607 4089143
3812305 3875233 3972612 3942915
3918705 3873314 3940900 4082610
3841914 3827106 4102474 3910140
3695031 3785536 3821360 3959033
3736510 3850624 3904330 3961656
3740228 3835534 3755380 3822347
3709706 3818987 3927636 3949053
3714282 3831966 3841103 3868231
3784313 3837870 3935033 3966772
3786863 3802692 3855129 3924011
3784674 3878514 3907070 4018815
4000540 3953732 4035909 3998131
3842969 3940783 3976276 3934537
3989146 3792033 3901155 3854616
3690970 3850036 3847436 3978160
3965269 3892732 3903391 3952121
3822739 3940840 3893904 3960441
3906052 3736538 3908717 3867105
3749126 3778608 3816495 3845079
3938356 4033325 3747754 3917262
3964010 3752754 4005607 3971981
3904074 3963469 3812143 3910557
3834680 3820697 3873256 3893955
3897564 3951023 3785197 3974895
3907606 3730915 3912418 3932006
3810581 3882990 3626503 3842512
3846105 3815428 3885674 3845206
3891236 4006769 3915129 4014699
4034809 3797604 3979248 3927420
3799177 3977854 3900010 3954563
3913527 3810858 3902198 3905857
3866437 4022738 3905047 3917236
3920280 3830194 3997765 3882941
3807680 3900549 3802463 3951060
3901034 3730130 3877159 3883078
3870784 3908788 4126347 3949486
3942847 4021900 3953052 3889144
3943417 3906432 4132272 3946403
3956039 3929955 3898506 3940014
3786404 3905672 4152586 3845998
3933365 3978020 3963275 3895349
3789779 3856921 3962693 3797053
3825670 3873992 3902698 3821438
3941226 3832253 3939797 4032172
3808695 3820289 3976869 3774094
3806196 3891331 3900264 4000947
3780217 3901884 4049544 3822841
3836533 3810636 3958214 4003636
3695376 3826431 4115771 3746594
3903937 3761175 3868975 3877663
3723579 3777469 3996986 3786560
3766666 3748051 3836654 4011230
3800277 3887288 3872132 3966345
3702003 3817715 3844516 3870906
3761172 3733014 3893234 3997458
3752312 3883255 3870492 3880922
3685100 3889746 3880672 4041030
3592472 3670461 3700017 3802790
3688086 3796980 3887771 3926495
3938233 3824410 3959183 3912275
3774509 3852127 3923159 3951808
3980324 3920744 4005593 3902961
3758263 3897545 3813600 4019033
4012789 4012710 3931164 3868823
3824417 3870752 3874605 4044802
3953505 3876056 3990278 3928796
3871257 3887907 3886150 3964686
4000343 3947185 3775198 3934418
3865911 3803525 4027438 3913062
3849285 3945708 3807521 3971177
3959149 3868507 4025278 3861974
3940349 3976525 3784931 4000784
3983933 3872953 3902476 3967564
3852083 3986100 3756281 3974516
3965202 3798789 3976914 3821098
3905685 3951995 3906300 3935139
3991208 3821084 3994573 3868761
3885709 3935061 3913977 4076304
3989084 3830813 3940469 3903550
3873395 3923793 3932393 4017255
3979229 3785456 3949340 3950347
3942695 3981663 3915777 3951674
4056740 3848925 3993536 3922881
3887982 3854305 4060213 3873239
3911784 4019016 3986079 3989914
3875601 3873471 4176564 3943346
3905681 4056838 3931465 3923141
3878723 3887843 4131212 3861942
3850465 4008056 3940280 3949753
3890136 3866148 4012892 3859876
3860638 3951158 3994661 3929135
3870545 3777863 3965432 4039524
3859467 3939164 4113143 3854142
3876691 3870236 3963933 3973428
3771566 3873950 4066448 3865261
3949692 3801268 3911530 3988826
3786160 3885807 4049811 3875375
3951070 3806688 3940989 3954664
3822929 3897215 4065999 3856157
3694781 3840148 3943488 3834378
3778112 3838130 3842646 3996373
3681168 3821256 3967136 3829088
3803132 3859775 3895483 3951416
3758036 3860454 3812166 3894064
3698821 3888772 3892648 4053763
3719961 3801060 3800206 3928685
3692982 3854529 3863425 4066310
3928040 3792064 3961777 4174213
3809864 3970386 3866334 3950243
3878813 3633668 3771131 3857150
3723174 3711993 3656399 3776314
3700801 3660587 3737809 3892854
3640979 3757044 3664370 3721072
3946112 3815521 3920680 4137366
3884141 3985407 3888299 3844543
3982412 3970477 3870237 3823364
4122666 3980062 3902120 3966602
3676713 3785575 3710810 3682570
3943203 3855074 3796571 3876628
3701989 3742219 3672858 3615081
3859305 3854649 3682602 3719936
3958452 3977984 3944790 3886752
4178268 4015663 3920568 3997466
3900041 3857749 3997993 4008704
3995283 3931241 4003983 4050232
3697630 3673468 3804680 3907708
3743064 3767549 3805370 3811578
3690855 3685037 3809608 3773108
3772439 3785898 3694240 3822246
3947958 3925962 4009690 4035806
3981646 3955232 3922399 4014957
3837190 3964402 3997026 3974340
4008782 3940798 3952240 3912666
3705788 3769385 3734670 3779753
3826849 3830838 3796367 3622817
3630279 3646040 3800898 3752582
3800132 3673260 3685973 3617481
3907032 3920951 4002153 3977665
4085658 4025149 4005530 3941130
4078721 4010119 3995432 3845175
4022482 3925038 3885620 3942811
3921271 3863007 3788791 3720205
3804540 3720334 3721917 3765234
3922096 3744249 3832553 3669261
3792590 3729134 3737336 3670634
4155928 4012804 4056259 3907394
3999085 3954401 3930286 3920784
3982164 3740286 3973858 4031906
4140209 3954548 4045085 3842135
3824863 3654806 3829183 3850031
3949855 3873187 4009946 3694404
3802813 3606959 3713733 3825424
3854984 3738036 3900649 3633214
3995788 3945421 3957707 4079783
4128138 4057312 4066344 3923854
3902801 3713568 3880427 3983869
3794634 3786624 3802262 3878677
4109000 3965233 4026962 4256708
4033582 4081488 3895110 4115054
3968912 3800270 3772316 4002841
3732747 3894992 3772747 3889693
3876688 3828618 3877153 4004669
3770322 3843612 3794540 3793682
3772735 3893554 3686485 3791309
3970810 3901922 3739138 3855566
4057962 4089436 3936749 4000085
4164046 4097542 3968939 4089667
3901742 3873627 3790998 3712736
4019121 3965991 3789531 3824014
3829085 3867591 3723201 3815510
3955475 3909921 3764739 3891230
3717717 3865074 3848446 3864487
3907357 3804195 3798452 3996405
4078650 4067390 4078964 4133921
4144220 4077112 4025521 4094504
3793409 3824535 3802129 3898285
3882047 3973788 3891509 4006969
3794822 3820852 3878360 3871733
3840291 3836411 3867173 3926219
3769119 3766822 3925911 3917504
3966184 3855701 3853998 3742648
3994226 4018108 4103700 4012251
4095218 4008983 4102070 3985017
3773177 3815493 3948869 3945791
3912342 3908677 3950762 3870226
3786365 3829040 3754165 3855717
3976079 3932495 3922570 3864683
4099786 3782241 3866323 3827727
3950498 3900879 3845932 3755691
4352780 4130335 4156717 3953021
4138212 4099174 4060771 4018315
4106373 3898372 3989921 3839219
3913626 3824450 3768287 3799299
4017953 3829240 3902526 3792476
3877523 3842811 3882536 3885470
3839174 3670621 3717376 4050011
4069973 3943492 3964849 3806332
4068367 3894800 4015053 4093809
4234649 4057937 4226149 3976446
3901946 3676598 3838989 3982850
4019068 3890522 3974804 3782108
3852293 3776449 3844379 3973025
3989317 3876882 3953605 3783580
3982193 3803728 3917050 4045604
3741350 3894424 3741296 3929826
3995918 4007702 4005388 4185836
3884676 3989713 3834531 4017219
4067217 3867708 3933256 4234462
3949226 4016472 3869043 4073309
3912162 3831054 3952609 4018614
3811018 3876253 3790535 3946087
3873006 3876181 3860514 3766849
4085281 3972899 3809011 3891387
3962647 3932987 3850306 3961974
4118057 4084071 4031161 4026308
3864433 4021360 3845831 3896630
4157439 4106249 3931543 3995656
3897472 3911617 3787821 3832996
4024025 3990831 3875186 3910250
3866367 3914960 3915509 3899927
3915961 3866459 3883431 3965872
3915890 3990560 3987344 4020464
3960683 4031117 4013489 4114945
3928575 4043733 4034577 4038077
4009623 3928993 4007538 4064666
3781954 3937164 3853534 3899466
3909022 3889159 3920405 4074589
3903331 3882169 3886942 3956881
4010159 3913438 3945949 3850992
3882921 3973116 3981398 3984386
4092603 4018966 4012272 3962953
3966591 3979975 4035548 3980474
4037848 4009602 3979321 3900572
3933829 3866604 3889954 3925564
4022976 3915655 3913658 3901812
4136091 3917696 3917632 3864824
3938713 3759922 3882769 3788503
4126443 3967392 4082283 3905449
4024809 3971458 3924515 3894609
4168967 4090277 4110358 3924467
4054993 4010523 4064650 3948500
4084114 3964360 4009835 3845016
3932595 3846346 3908154 3866089
4005018 3735627 3896390 3990887
4079460 3983150 4010444 3859225
4044706 3855897 3931785 4051143
4214505 4011765 4062093 3915550
4069156 3860084 4024506 4097455
4142470 4077209 4088547 3906805
3927582 3734522 3890656 4049500
4135069 4008054 3942664 3830941
4094813 3990589 4089806 4245560
3977207 4157406 3942998 4048153
3848959 3724587 3813653 3986187
3784274 3800392 3712526 3896541
3907477 3841026 3822520 4080980
3870916 3943283 3798871 3857240
3793870 3724522 3861199 3947718
3744218 3923679 3626395 3871097
4108321 4033527 3907811 3985702
4195511 4196680 4102517 4055176
3822920 3756143 3745453 3747688
4059465 3946225 3792322 3883463
3866158 3852928 3797143 3794864
4004034 3977586 3808015 3897359
3920339 3832721 3702430 3789060
3965170 3861264 3800228 3814367
4021768 4062177 4122305 4195133
4068296 4026709 4122719 4195493
3757841 3802453 3863135 3819996
3819178 3835930 3793896 3909238
3768551 3799790 3916898 3886628
3875847 3929088 3860056 3961498
3721385 3841650 3791201 3921758
3858930 3778665 3778295 3971627
3992241 4026629 4109178 4029233
4131072 4121255 4110955 4020576
3783461 3799991 3800706 3811251
3998029 3836415 3835441 3728867
3760104 3839479 3904457 3883585
3941601 3924461 3985082 3871534
3770980 3763617 3855049 3785994
3794921 3827067 3793392 3720979
4220093 4139353 4183184 3994439
4125254 4024735 4050927 4018405
4049519 3784807 3861573 3785345
3886193 3796299 3827840 3763036
4023330 3944720 3970810 3765739
3957131 3788043 3845920 3827495
4024932 3889605 3877497 3798820
3911726 3869371 3821525 3770011
4191200 3968877 4066551 4119515
4236661 4147145 4194096 3930422
3840548 3667773 3776543 4002922
3968287 3875569 3899482 3727831
3868872 3731585 3905350 4037812
4087192 3951988 3930754 3813096
3823741 3644463 3826495 3946329
3983388 3947724 3972137 3726201
3822780 3708011 3802056 3969657
3698260 3802943 3684253 3816731
3697803 3672837 3738392 3960538
3588452 3765752 3652808 3738819
3853074 3739091 3820039 3967855
3777109 3725552 3655654 3837593
3873784 3834003 3849887 4027252
3817803 3973433 3806226 3866080
3774952 3701019 3704922 3601255
3919433 3808095 3762687 3799063
3735945 3715209 3607768 3642737
3956975 3841376 3683732 3767276
3821595 3860766 3557121 3683954
3892547 3849482 3766828 3768936
3871745 3889063 3759345 3785484
4004892 3917967 3753874 3802764
3755477 3786774 3832871 3883298
3814007 3797489 3748678 3887575
3588690 3680381 3821094 3857842
3747432 3773161 3691246 3853020
3749475 3768156 3784196 3754441
3863825 3791045 3769056 3882967
3764087 3848745 3950911 3889101
3893807 3816773 3846662 3930257
3736688 3814298 3831038 3762863
3886504 3776099 3822836 3724357
3679846 3702684 3742733 3806257
3773460 3690923 3800899 3703676
3794022 3817936 3862768 3870412
3830271 3761813 3772991 3719675
3839981 3897514 3863464 3944894
3943470 3847758 3948409 3808864
4045175 3749885 3908563 3722072
3871899 3829621 3799493 3733870
3866387 3722312 3740942 3695822
3781550 3755435 3793148 3666834
3955778 3769329 3922267 3758275
3870724 3750951 3857444 3760375
4118910 3954038 3970057 3776850
3956267 3886629 3891190 3889634
3778728 3696759 3756369 3917823
3892496 3879387 3863335 3677606
3743514 3676043 3747590 3804241
3950978 3767299 3898736 3701170
3804274 3668639 3827222 3895266
3991439 3857910 3894577 3681445
3828630 3838794 3817957 4013343
3981195 4014590 4058393 3816141
3843969 3735626 3824524 3949157
3740467 3856610 3806968 3807204
3982939 3834685 3916633 4152409
3841644 3937351 3816610 3883557
3852550 3827587 3882494 4022773
3717718 3858299 3744300 3918124
3902471 3701486 3691242 3931972
3686856 3794836 3637348 3746883
3874080 3799190 3764028 3748932
4071324 3892329 3813977 3848603
3888721 3854128 3835577 3867873
4042584 4022447 3858562 4032243
3886756 3819337 3746773 3825804
3962962 3943958 3878460 3805637
3804311 3761605 3664095 3681507
3936098 3912291 3742272 3770572
3792211 3822554 3843718 3864940
3914571 3848599 3818430 4014294
3861511 3948120 3879053 3985390
3957668 3926742 3931843 3992234
3847021 3821149 3807241 3896000
3915109 3834768 3859108 3932969
3732154 3796945 3743734 3864437
3773485 3823075 3702165 3890381
3720789 3881827 3889368 3871257
3938907 3855457 3862752 3820283
3873879 4009687 3878440 3904834
4034137 3933397 3942267 3871867
3792680 3764697 3902704 3815566
3913247 3966609 3916618 3781165
3739937 3825968 3811249 3850727
3872923 3788687 3886894 3712999
4092642 3871901 3927856 3761898
3944391 3862908 3859460 3796611
4152887 3964433 3952904 3859309
4053238 3954992 3949169 3871855
4090043 3895790 3840163 3878123
3875730 3884489 3785443 3805228
3957023 3766272 3836019 3784654
3773888 3757771 3868920 3751929
3909865 3681727 3910905 3912227
4048442 3934992 3991796 3764929
3954976 3728188 3960794 4001681
4108221 4001615 4042492 3851544
3892958 3791902 3767693 3986668
3957508 3917252 3968001 3721044
3791419 3600007 3762900 3908143
3907577 3850143 3831720 3687122
3949820 3881761 3953635 4064039
3858883 3961319 3824704 3871695
3911198 3785187 3881158 4118909
3791214 3902654 3843602 3945876
3855607 3818846 3787701 3949569
3739838 3894771 3710945 3759385
3753875 3735800 3740412 3924499
3722521 3788789 3625131 3790353
3945263 3870305 3832260 3842966
4046006 3985958 3856080 3874279
3948835 3905529 3745055 3806795
4046956 3947570 3823125 3850422
3872532 3831152 3728217 3765563
4014602 3949606 3815749 3861787
3776036 3698792 3725439 3768170
3925134 3894558 3736061 3786209
3861867 3904714 3984625 4017891
3901913 3934821 3975447 3991923
3870090 3836697 3928360 3902637
3908529 3922330 3982816 3907463
3878331 3796179 3883128 3761053
3919746 3796073 3818571 3890249
3697399 3792224 3748354 3843720
3704757 3773846 3827004 3885076
3965554 3875603 3916709 4027067
4030118 3994988 3894608 3824237
3797400 3897075 3915910 3952971
3996269 3883424 3969770 3808105
3722554 3798477 3894906 3787799
3881215 3855866 3839664 3801286
3665257 3801403 3762095 3758578
3821342 3752609 3791266 3658111
4146681 4031803 3899059 3873711
3954454 3927016 3896787 3843635
4052835 3994837 3991202 3858378
3924364 3906228 3879034 3823518
4119744 3877998 3917031 3793149
3881193 3784249 3855345 3807062
4014012 3768345 3775657 3745911
3786346 3773538 3826345 3737763
3983042 3848678 3948626 4033661
4109105 3984729 3990475 3966030
3823616 3769741 3914903 4121161
3972502 3976150 3964208 3853492
3860053 3733947 3868472 4047171
3975189 3974218 3918706 3761341
3778544 3658445 3848873 3855552
3955867 3838840 3879015 3743848
3872022 3768943 3794759 4048117
3802292 3883844 3759535 3792158
3859171 3811897 3920540 4063910
3813096 3847911 3700430 3836432
3901981 3865227 3962145 4174208
3844212 3947188 3865071 3884757
4038754 3838806 3988870 4113624
3817870 4047330 3888641 3949017
3845889 3856903 3800656 3781247
3999193 3998919 3785861 3823276
3872668 3872827 3832090 3830404
4064969 3999055 3779292 3917878
3991815 3919835 3855368 3822063
4115601 4103836 3960863 3890875
3991368 4015749 3843800 3872158
4085097 4046098 3870647 3931950
3739998 3776529 3785470 3860854
3890297 3785433 3783632 3914262
3912783 3842113 3930331 3943556
3818826 3835295 3859828 3961506
3983125 3923805 3987610 4056849
4069157 3966128 3920899 3972084
3919147 4045215 3965636 3999175
4000252 3930848 3992895 4118824
3836492 3826728 3887020 3881513
3880176 3907730 3934286 3702257
3830030 3842516 3914081 3911695
3941412 3863989 3890423 3825672
3862361 3970089 4009563 3977061
4015744 4035186 3927538 3868090
3952897 3906407 3953836 3965084
4077948 3952654 3985909 3933656
4065548 3906523 3873992 3795269
3865901 3898667 3846501 3790065
4072188 3933817 3945318 3772823
3932854 3909747 3881696 3884700
4120849 3933104 3986810 3810393
3987062 3871290 3878364 3962636
4128849 3987176 4027625 3961737
4021178 3963565 3970040 3922855
3880887 3704535 3928416 3934733
3944996 3875688 3937088 3735530
3963843 3782079 3903502 3990547
4063347 3948974 4054470 3814214
3935733 3869946 3979152 4070138
4102462 4026244 4093659 3867097
4018578 3828659 3878695 4058115
4128339 4057072 4017231 3924547
3850913 3765252 3927152 4059819
3852576 3973570 3826320 3887910
3863294 3769015 3852692 4072206
3755321 3919839 3826079 3861822
3924317 3892412 3937123 4056645
3849662 3934592 3869460 3937003
3953248 3834865 3901292 4084601
3762448 3920804 3746819 3844753
3909274 3939791 3850759 3866061
4059815 3895165 3870679 3836802
3846774 3847506 3738927 3761711
4030842 4024315 3785243 3897184
3927927 3933164 3828847 3789485
4108397 4020104 3918604 4002863
3890830 3959692 3795999 3859784
4012702 3945721 3820803 3908769
3857492 3851926 3928067 4009101
3848194 3870591 3857020 3962589
3820856 3867832 3889883 3928655
3963718 3800472 3869253 4075284
3905396 3888997 3936418 3973141
3929667 4005374 3930577 4065229
3790314 3851939 3904568 3930480
3914868 3876617 3901564 3978233
3919248 3903857 3895711 3834073
3992609 3961194 3900028 3830884
3842293 3880652 3927910 3939105
3980509 3907146 3922179 3772843
3904176 3955448 3980852 3925009
4032049 4011397 3886884 3806423
3807197 3840341 3791635 3863405
3952693 3908571 3872061 3860605
4047196 3964400 3939094 3904759
3919321 3908749 3904371 3838185
4083263 3937918 3900741 3798098
3938885 3837110 3832555 3812262
4122676 3962746 4011451 3960425
3976268 3926739 3930122 3891613
4085153 3935063 4064392 3819735
3912710 3854409 3863689 3819747
3957421 3787329 3881151 4008850
4079149 3960376 4019888 3851408
3871361 3794212 3799444 3995783
4058619 3944616 3999474 3886421
3929078 3816938 3943719 4095996
4141719 4029104 3990264 3870642
3932994 3776344 3956021 3989150
4081816 3949316 3949639 3772597
4017467 3862934 3970255 4137474
3911066 4052491 3861040 3873157
4031457 3873690 3944191 4106825
3759447 3905955 3756590 3950646
3786685 3687536 3841928 3934492
3638447 3778597 3760070 3877722
4008886 3748926 3896732 4170931
3828196 3880390 3832747 3878148
3996980 3902433 3880735 3929777
4077710 3997788 3909496 3923127
3963086 3946248 3842417 3862615
4090747 3952457 3881015 3947621
3777659 3857806 3792843 3796001
3925941 3913150 3815281 3827786
3951807 3918974 3803023 3848284
4051379 4070787 3855628 3949454
3907210 3930130 3983313 3941797
3937880 3899000 3979647 4049016
3954218 4021990 3876555 3913835
3966439 3939553 4010091 4021100
3830577 3798332 3814884 3875818
3831781 3824122 3788282 3829332
3832986 3969858 3904949 3961568
3919517 3905500 3913201 3973071
3894701 3890507 4018092 4007233
4033367 3915940 4048609 3816887
3892659 3878283 3918771 3980918
4066949 3937424 4049596 3837704
3810745 3842389 3764847 3856733
3951023 3888810 3875506 3767476
3897093 3882300 3848006 3963466
3936925 3943338 3892592 3837472
4191248 3948915 4043123 3948161
4007418 3994350 3979372 3910315
4162404 3963295 4046912 3948111
4037264 3905808 3893169 3929821
3999277 3795663 3900369 3699350
3857995 3869248 3898799 3760008
4125258 3904612 3937022 3877051
3951138 3888186 3949571 3829629
3989372 3777669 3922483 4111281
4113856 3985874 4041108 3886956
4003606 3817680 3968952 4083685
4111089 4045790 3995719 3870745
3786163 3776583 3835528 3958268
3909588 3882755 3905815 3733483
3933637 3824002 3831437 4020029
4016093 3933341 3986724 3849345
3878983 3855769 3841720 4057752
3758851 3883123 3777193 3880381
3823883 3687488 3825957 3998032
3779794 3847664 3746882 3860909
3890186 3778236 3865288 4002159
3782282 3875366 3746614 3829079
3910761 3888923 3951312 4006216
3804567 3952675 3890151 3856620
3842712 3908001 3756569 3718571
3984057 3998473 3735002 3827188
3838894 3788894 3601688 3718568
3949392 3937213 3722191 3769598
3865432 3738604 3761709 3779027
4039688 3910668 3801397 3824032
3914704 3868472 3773783 3816198
3966884 3951576 3848921 3809537
3858031 3843509 3850718 4009864
3848676 3878702 3884104 3945221
3741074 3769607 3891372 3819730
3870079 3922315 3942600 3917577
3748677 3888349 3921992 3883688
3867550 3863524 3825937 3970868
3816087 3811297 3951155 3987770
3954159 3867071 3854999 3963080
3813272 3863160 3969599 3890256
3954681 3830992 3901173 3740016
3773662 3854944 3826161 3768966
3921999 3887894 3957513 3728982
3745899 3925544 3844601 3785862
3872745 3821626 3887502 3842150
3894985 3832524 3903874 3873161
3985964 3957878 3941528 3793158
4038131 3923841 4015353 3825788
3895807 3897007 3871174 3895343
3993599 3762737 3897539 3761797
3953131 3836052 3780247 3781639
4001709 3852844 3845535 3767254
3911235 3852550 3829160 3838320
4109225 3964995 4006141 3791354
4008432 3826276 3884404 3835129
3937303 3791517 3804529 3996443
4057157 3901065 4003955 3868075
3874187 3732043 3820091 3862568
3986764 3847524 3892025 3709811
3862538 3793301 3854395 3964992
3951666 3978775 3948611 3826820
3918274 3792326 3860620 3979028
4071327 3934059 3956897 3848481
3912694 3744425 3841527 4112724
3758645 3806765 3818838 3931912
3903837 3724963 3759480 3985493
3683214 3728791 3680118 3777260
3988837 3858776 4029947 4169271
3841515 3925165 3874897 3960920
3748518 3716516 3831518 3944958
3707968 3852632 3695356 3783290
3773041 3865040 3838343 3868363
4051481 3950458 3780488 3891131
3717604 3704080 3708357 3757392
3886661 3807261 3795800 3697970
3955934 3984497 3873035 3834765
4130430 3943504 3872827 3898192
3697880 3833755 3718009 3681244
3910328 3900588 3788198 3780308
3844277 3899968 3889529 3860566
3907320 3851889 3880713 3963584
3750990 3724616 3839746 3850194
3842626 3804198 3735700 3920107
3830736 3843415 4016949 3994984
3942791 3966175 3831311 3963684
3756124 3763807 3833368 3860911
3852074 3749865 3776160 3875592
3837054 3857030 3894383 3886889
3913211 3917413 3818051 3827912
3645727 3779204 3749976 3842290
3891044 3763579 3725810 3734659
3913682 3947343 3929158 4032446
4105529 4026264 4005334 3864290
3747869 3772591 3809839 3861900
3807753 3711849 3824114 3705640
4119708 3951830 3897561 3750260
3963936 3928383 3893489 3825116
4021678 3837740 3892886 3768791
3866482 3789570 3771780 3786398
4140489 3989488 4109221 3834885
4048111 3997346 3953229 3872294
3995066 3866203 3853599 3762428
3812743 3784325 3855130 3738692
3875906 3748943 3880787 4017857
4070751 3909378 3914266 3790874
3864313 3659728 3824272 3920285
3957337 3858239 3895641 3785827
3993546 3822932 3959892 4101293
4045244 3952859 4048767 3864123
3780634 3690494 3783145 3955094
3990301 3849792 3883286 3622502
