3904025 3970855 3942581 4066312
3925178 3869667 3953339 3931159
3728711 3814249 3760908 3820870
3689992 3733068 3869747 3834077
3744905 3765707 3777406 3927787
3785093 3806267 3878141 3920593
3845166 3927675 3928009 3854891
3925524 3877784 3872488 3922014
3982963 3887767 4127686 4025242
3943797 3895251 4117943 3974629
3892023 3743838 3939178 3909163
3766778 3771455 3959871 3821118
3843611 3706598 3963135 3910368
3753056 3786918 3932509 3824839
3936992 3958656 4094878 4075756
3907207 3848073 3953736 3970733
4015441 4059775 3877877 3973650
4097486 3892701 3972595 3964075
3786960 3858385 3720682 3765716
3902353 3670553 3791758 3897759
3815091 3865796 3824168 3889523
3914528 3723760 3968576 3849269
3951329 3963197 3775110 3910774
4047545 3893748 4050079 3963287
4069398 3826835 4056088 3957297
3777134 3965683 3959896 3973694
3846977 3800873 3838191 3731978
3737837 3800058 3679427 3860965
3909564 3756907 3832605 3725567
3716121 3830304 3830623 3817621
3840091 3830776 3976656 3733822
3789750 3980415 3875214 3930191
3941005 4049083 4074865 4228001
4023127 4008434 3990089 3983060
3837973 3918505 3853239 3858388
3818780 3762210 3844736 3915438
3860371 3938148 3915516 3991683
3851458 3792506 3848222 3865670
3987914 3990915 3911947 4065082
3939274 3863894 3862577 4074105
3974177 3964150 3976474 4060588
4056499 3970765 4038911 3890629
3775341 3916779 3932731 3886808
3946838 3814486 3723810 3742160
3789705 3853802 3906972 3889142
3963532 3805333 3786280 3703124
3938081 3946988 3847745 3905578
4011937 3873814 3956528 3844422
3761837 3784302 3751682 3867373
3780209 3789955 3898120 3814166
3729882 3823183 3822699 3809936
3827511 3829786 3842099 3833498
3832592 3830309 3833722 3906146
3805283 3782779 3827025 3848506
3745451 3829245 3844835 3888927
3843406 3805638 3910926 3789419
3830689 3682974 4011201 3810713
3763020 3707391 3913465 3818304
3867405 3742492 3962424 3847781
3827739 3757291 3896356 3908786
3883845 3867197 3979403 3919172
3882275 3883031 3970862 3934202
3854712 3681940 4058487 3917224
3814740 3766420 3952075 3807813
3737563 3856333 3691882 3788572
3832195 3696798 3876807 3856938
3792439 3836381 3631610 3799531
3908108 3720618 3876251 3852326
3828300 3936565 3803293 3896173
3971157 3774568 3969653 3955218
3880601 3929106 3810455 3798139
3955235 3784264 3787691 3906915
3805878 3789874 3811412 3622900
3680108 3821108 3831437 3864638
3895507 3722498 3792098 3784230
3717466 3837924 3797461 3792824
3851229 3872491 3892096 3739788
3786226 3907374 3945502 3909686
3848362 3739954 3868998 3727184
3718875 3776050 3877597 3848788
3845113 3908595 3863676 3827286
3792669 3827811 3798769 3873822
3878149 3951991 3860696 3917534
3815501 3776673 3862157 3937501
3971961 3975872 3935961 3999909
3910699 3834040 3943510 3880630
3927428 3859914 3842579 3981247
3833215 3764593 3824560 3848676
3832854 3918847 3812505 3783478
3905933 3839734 3799340 3711225
3818340 3831230 3861074 3836992
3935681 3928356 3823257 3714528
3912202 3879165 3945970 3911373
3981026 3864687 3867402 3818711
3908888 3919166 3889295 3841881
3886751 3880379 3821609 3760859
3779414 3873960 3974523 3944445
3831387 3891559 3873813 3900181
3990278 3944966 3936681 3949246
3944279 3913673 3986747 4009555
3770643 3756200 3822601 3789537
3768008 3754888 3820826 3804527
3845983 3759711 3807440 3728202
3714707 3806620 3809830 3909585
3977098 3686866 4045532 3969027
3832304 3822533 3965363 3872422
4030949 3889037 4090749 4038037
3916479 3947665 4022256 3916937
3883615 3829159 3983136 3836608
3819750 3772474 3857810 3772402
3866204 3766387 3947640 3886105
3760496 3776877 3900863 3739237
3919186 3970227 3717248 3954750
3987149 3762541 3998982 3822254
3937408 4001610 3817184 4040950
4030944 3878613 4027314 3975656
3849461 3802151 3698848 3864078
3951915 3774611 3872380 3827313
3740410 3753729 3695240 3817553
3913948 3699397 3843974 3824631
3906059 3751136 3857189 3763659
3774465 3913957 3857720 3913087
4024341 3873114 3911379 3852058
3787946 3894230 3896565 4019250
3951823 3760067 3861340 3780933
3711809 3772715 3857348 3847436
3818033 3729460 3781506 3640316
3601712 3765958 3819002 3823211
3908442 4049073 3898134 3966440
3879079 3877472 3961436 3996327
3999069 4091946 4015851 4088020
3903285 3907382 4005882 4059221
3907801 3991940 3863707 3988679
3811495 3806960 3833338 3851864
3807969 3823723 3827287 3927329
3780991 3784342 3758982 3856802
3905122 3974554 3987108 3879609
4092870 3940627 3848719 3803581
4017396 4132256 3940420 4001228
4104516 3947047 3974486 3941288
3849394 3856471 3824756 3856816
4049850 3841232 3775845 3717581
3851583 3887269 3832640 3844101
3915641 3743717 3795484 3684638
3824139 3831359 3873200 3832847
3810510 3905582 3826492 3811782
3721810 3819685 3841214 3848591
3795765 3879479 3855108 3921821
3577876 3556176 3719644 3682712
3622865 3667776 3757984 3642184
3729317 3786280 3685760 3748988
3697276 3822950 3752055 3750688
3891330 3779888 4018568 3911642
3791623 3771642 3938372 3768982
3852861 3728101 3954073 3920336
3834832 3813853 3979285 3884230
3724970 3575807 3843675 3678059
3730040 3738299 3871767 3612509
3815115 3716492 3960482 3855377
3653629 3724015 3837360 3779080
3817226 3894903 3694911 3828753
4027570 3836659 3933449 3924367
3874684 3882223 3759444 3858895
3958957 3762215 3895767 3824467
3642197 3675168 3545460 3685498
3701691 3642246 3689073 3686972
3761541 3902818 3660289 3810784
3868974 3601176 3806649 3835376
3987675 3767011 3906285 3816179
3655839 3846467 3759216 3889129
3860780 3816934 3843785 3803553
3711518 3862925 3868576 3749658
3756058 3644830 3660415 3525450
3531451 3650729 3630527 3662194
3810742 3704315 3782183 3689473
3653036 3752244 3842589 3824616
3901903 3886084 3901139 3908321
3851971 3803907 3838661 3975098
3865894 3863548 3856350 3895307
3784455 3862418 3783746 3892459
3660319 3757472 3714023 3823808
3668389 3621674 3745441 3768452
3867553 3821410 3789147 3867355
3791517 3743161 3714324 3803439
3852613 3993238 3866156 3944663
3975059 3822984 3932279 3708131
3894424 3938844 3852938 3892187
3888497 3912458 3895426 3790212
3695857 3721477 3736646 3649114
3769865 3678276 3670663 3579727
3733044 3885184 3864130 3791564
3866349 3725021 3805652 3733164
3927606 4009891 3989755 3978438
4025045 3997984 4055651 4032525
3805048 3847946 3927678 3918825
3900184 3839492 3958136 3800079
3893794 3903685 3906285 3934998
3896447 3954457 3913581 3952998
3758612 3856685 3800298 3818645
3780664 3736740 3905226 3795660
4094855 3996908 4135600 4084529
3986033 3907968 4131361 4073828
4020736 3844171 4089639 4093776
3920651 3826881 3985785 3869421
3950531 3858049 4107838 3981116
3913682 3902274 3914757 3951453
3854833 3789901 3935671 3869351
3781677 3830914 3882869 3810747
3946586 4138978 3890783 3987810
4164004 3951024 4084831 4005567
3837602 3921594 3819217 3933731
3989299 3857406 4021845 3912401
3885429 4024894 3825922 3949587
3982789 3844406 3945074 3958397
3738680 3837863 3728792 3764414
3894714 3756506 3818263 3848164
4098150 3909974 3975302 3861124
3886369 3954682 4053190 4069226
3894107 3861969 3883568 3798899
3723603 3858723 3822618 3933817
3904908 3862110 3892491 3739914
3793974 3980952 3904036 4047327
3904132 3732567 3824174 3768638
3581530 3813760 3853098 3874306
4070428 4089848 4138667 4084522
4040724 3993195 4020048 4082087
3962392 4006197 3977704 3982505
3949050 3835602 3897215 4014998
3980533 4014999 4011258 3950723
3944745 3927694 3873732 3985104
3856802 3894975 3803534 3821027
3827797 3786638 3869782 3853338
4075535 4101348 4002121 4069276
4124053 4070388 4075563 3880672
3960815 4039499 3915037 3923375
4061846 3939821 3970230 3872832
3956209 3942143 4005510 3913550
4035202 3910382 3834280 3914979
3878728 3881113 3893534 3817070
3880496 3767617 3746468 3805980
3900240 3969239 3978877 3908346
3863647 3895874 3996131 3956500
3899754 3977482 3970173 4006806
3949063 3925247 3991051 3950366
3726173 3847964 3801356 3881102
3825483 3785333 3789804 3820497
4016308 4049940 4025984 4141286
4045534 3975588 4037328 4110380
4007014 3877729 3982264 4033156
3890634 3943282 4044653 3953766
4070769 3932998 4202024 4032618
3888542 3932255 3993756 3965583
3910189 3773726 4013680 3892141
3763032 3864151 4000571 3883064
4093059 4010418 4242289 4136113
3997225 3999196 4197775 4021974
3953081 4041330 3843432 3967545
4022768 3863070 4036577 4024284
3939610 4028138 3764326 4007908
4038932 3846167 3881869 4020884
3822122 3936337 3778718 3884941
3948528 3812053 3856885 3793769
4068640 4097251 3985763 4109957
4118428 3902400 4050040 4076467
4049272 3872773 3946627 3785126
3921243 3871555 3989589 4002071
3998731 3916703 4001281 3903683
3863996 3911380 3982919 4034422
3917523 3806553 3821799 3815095
3711099 3881986 3801655 3906715
4102921 3997932 4052922 3904050
3937137 4049541 3979710 4083809
3954567 3979266 3960057 4057171
3897080 3933346 4024562 4091593
4077633 4040426 4035570 4007888
3932055 3967108 4006065 3995928
3886626 3992392 3960017 4042735
3930630 3856921 3882810 3942116
4104451 4172344 4150979 4106632
4038134 4065196 4076059 4197753
3974722 4098172 4009349 4007427
4078466 3969428 3923162 3891010
4020477 3984909 4029487 4055182
4067936 3947038 3956573 3876855
3971776 3986666 3947681 3846651
3974926 3837439 3825523 3894992
4123895 4151439 4037906 4078344
4131221 3991554 4118776 3967513
3738647 3846287 3922476 3811639
3764793 3742890 3807250 3857586
3755343 3791867 3749974 3794044
3790013 3780062 3912238 3857362
3652233 3829725 3848610 3811163
3771700 3797823 3881178 3823643
3779603 3727441 3824612 3845381
3835243 3786041 3895303 3864954
3925886 3743258 4090381 3921182
3857226 3822655 3949338 3863756
3922933 3796019 4055807 3965570
3852173 3858388 3981459 3895384
3826246 3760808 3939432 3883347
3816552 3845580 3850896 3773367
3892165 3774225 3964509 3930926
3804575 3742192 3842494 3821726
3833567 3930552 3692883 3924776
3897811 3814631 3833796 3942366
3878962 3913006 3677857 3819116
3901577 3857617 3770279 3897287
3773661 3937968 3683073 3856135
3928836 3755122 3887539 3922919
3768576 3800213 3729577 3810023
3927014 3722896 3842374 3851521
3905320 3724069 3807155 3774670
3667179 3764186 3760085 3868834
3771722 3793308 3796023 3777353
3720057 3836098 3845839 3851210
3910359 3709365 3851479 3747938
3664273 3758411 3797125 3763868
3774836 3660910 3808101 3694359
3678956 3732746 3798510 3854423
3847137 3909083 3836542 3963960
3794269 3850209 3837807 3953019
3815604 3858346 3943999 3887245
3843759 3871199 3785409 3867767
3826036 4016517 3742997 3963237
3747573 3861594 3844047 3899589
3870959 3950365 3785696 3908575
3753198 3807576 3737851 3837820
3801780 3915230 3877711 3853482
3926769 3838304 3814606 3738026
3902943 3972878 3797466 3833076
3982467 3828586 3873748 3707777
3822794 3924561 3871766 3847520
3952774 3788620 3823187 3813613
3887355 3880719 3783201 3935986
3943707 3781441 3821241 3589143
3786423 3905396 3855450 3846141
3834077 3764520 3958360 3836426
3866642 3943533 3994979 4013297
3906936 3998664 4024794 4017131
3902700 3881674 3944377 3936930
3926750 3881925 3938039 3915112
3926874 3914538 4021121 3929635
3899988 3865284 3912112 3952088
3974186 3823470 4020202 4024543
3847928 3764769 3937360 3874248
4088688 4109168 4121395 4202597
4002714 3988631 4149913 4074062
4009051 3909584 4093714 4005303
3939798 3855214 3999721 3963486
3986081 3828887 4070305 4068268
3960890 3929728 4020824 3880155
3805313 3886049 3757653 3862736
3948670 3766566 3905058 3881847
4045182 4064053 3882553 4027519
4096560 3897868 4094166 4061911
3928856 3933234 3794862 3916278
3986517 3897252 3962990 3964456
3980021 4026222 3779907 3904070
4003001 3795152 3968662 4005583
3979207 3711601 3831529 3716361
3815279 3930416 3843297 3943711
4047168 4011829 4046873 3888002
3957181 4011630 3996590 4116527
3966226 3859483 3900337 3812834
3784174 3949865 3883752 3932911
3942498 3937068 3981026 3861439
3803384 3909318 3931056 3966839
3919156 4020361 3920917 3969476
3884183 3772866 3873500 3935380
4090712 4150036 4041884 4141690
4059274 3973956 4021051 4069905
3933049 3961125 3934287 4019649
3933793 3922251 3989786 3962906
3970923 4073938 3995577 4014088
3940682 3941893 3859817 4059786
3917562 3910014 3892784 3920296
3961491 3841045 3904463 3863213
3999439 4135914 4050187 4006430
4144234 4047200 4009100 3920758
3994002 4042762 3937361 3975737
4055397 3956202 4000309 3847968
3926174 4018907 3908343 3987193
4068840 3942863 4028958 3885807
3703024 3747650 3792181 3707159
3663517 3744704 3781703 3768628
3751952 3726729 3890446 3768601
3739571 3834771 3850027 3850546
3782717 3833789 3907922 3904973
3847320 3848054 3861971 3904578
3606803 3686454 3753787 3695909
3604251 3634516 3732724 3718530
3802568 3639351 3967111 3879331
3686745 3775180 3753531 3648221
3917657 3767010 3975508 3940991
3808160 3752884 3922186 3893554
3950245 3842346 3964338 3947902
3818804 3866062 3951213 3942296
3754194 3602615 3894381 3839264
3637516 3655168 3814754 3746887
3756181 3740710 3605327 3742758
3889117 3656868 3810372 3804620
3806121 3942211 3648046 3790399
3832593 3732320 3865156 3809598
3819363 3922510 3730031 3936249
3950396 3772707 3864494 3895049
3749774 3758302 3643990 3696534
3839055 3655126 3751963 3783648
3730969 3666026 3770493 3571622
3640018 3728377 3701672 3838793
3852813 3675765 3805527 3665581
3700231 3782176 3811954 3873673
3958106 3827933 3826641 3832225
3765922 3860000 3761152 3852217
3743931 3685049 3715676 3673324
3569464 3670612 3723650 3759901
3816182 3870639 3789011 3870257
3752352 3749997 3808040 3853419
3883259 3911198 3871328 3928645
3829670 3796610 3754039 3896597
3914628 3989853 3956319 3941681
3837534 3895455 3886579 3982604
3743511 3795827 3718047 3865639
3693840 3671978 3746579 3739610
3813079 3800479 3783785 3793327
3906361 3764802 3806633 3748481
3854825 3894448 3819638 3849740
3930254 3716255 3870098 3677559
3876847 3968796 3926227 3939250
4020093 3821062 3776366 3756201
3746740 3787989 3831898 3762916
3907661 3676642 3703550 3609629
3787132 3797466 3860554 3834802
3787193 3838305 3937720 3897022
3770963 3778042 3861620 3844495
3747335 3746510 3843301 3849001
3829333 3924041 3931565 3933960
3828034 3877181 3934085 3953486
3697162 3800875 3764478 3873024
3699772 3749184 3820318 3913604
3897552 3829900 4031359 3943497
3817736 3816484 4015051 3955815
3920046 3756140 3994119 3894977
3825606 3771088 3974259 3873875
3989702 3908698 4099629 3941658
3927914 3920680 3972255 3961271
3845611 3724124 3978271 3861724
3711282 3761584 3950412 3815832
3847052 3804401 3771370 3846550
3948623 3851149 3884443 3834496
3848716 3924434 3748162 3888049
4011240 3788587 3876663 3904480
3876199 3998009 3801539 3969750
4042435 3829686 4027807 4023609
3815620 3932606 3772539 3903160
3893640 3781945 3810635 3847720
3800818 3863085 3815151 3780198
3738629 3926656 3830209 3832815
3925596 3744413 3896027 3725424
3668075 3741588 3762366 3892233
4009022 3806971 3945199 3708626
3768958 3881852 3968295 3944616
3864726 3754108 3878847 3715610
3723807 3743743 3754909 3898107
3857473 3915167 3894149 3944821
3783469 3867948 3889436 3977428
3828694 3939973 3904651 4012518
3909196 3859161 3816414 3852049
3938239 3986098 3977570 3996952
3866157 3850660 3991056 3946112
3801619 3947885 3759321 3971153
3818431 3821766 3854574 3873113
3858824 3925808 3805369 3931056
3945333 3795806 3880957 3781609
3787433 3842256 3874131 3821325
4045478 3945104 3870843 3798442
3984553 3965178 4018286 3903861
4028627 3904029 3954903 3806252
3839412 3881770 3895715 3820012
3927636 3733389 3827109 3735131
3649143 3667415 3679826 3702438
3616440 3682658 3742818 3655671
3730445 3837814 3966807 3869202
3795789 3758555 3884346 3882042
3839662 3863572 3811004 3849839
3879445 3828359 3930046 3807557
3795015 3842819 3857405 3811512
3891066 3881240 3886218 3948826
3711861 3659877 3818741 3735758
3699286 3599830 3717567 3742922
3846007 3811602 4037708 3863956
3822273 3794039 3960984 3904072
3923130 3789402 3999147 4007913
3809957 3811035 3948280 3875988
3931876 3801821 4042311 3939921
3800033 3786787 3962090 3938879
3657497 3774865 3503675 3717363
3733301 3602902 3720226 3790820
3878674 3913043 3747485 3840897
3930635 3742571 3864474 3799495
3923301 3954950 3771595 3954678
4026288 3791238 3968926 3886136
3800337 3930879 3790060 3880606
3942945 3818544 3889743 3925735
3754820 3659347 3748795 3547307
3546063 3701306 3678341 3804959
3938540 3782760 3825349 3776322
3781951 3760029 3776586 3921846
3867252 3853857 3886035 3804407
3666458 3835955 3805660 3843619
3961429 3767604 3892133 3750243
3616547 3882141 3822813 3958469
3694573 3795183 3688060 3771279
3648452 3710486 3609496 3706262
3814825 3967129 3841476 3971298
3888851 3789713 3902991 3903779
3947552 3902309 3916655 4047908
3840600 3813735 3913795 3909595
3885817 3984712 3896140 4028722
3846208 3845609 3869220 3901053
3662241 3738303 3721718 3660117
3749880 3679583 3671306 3620972
3852631 4028667 3868960 3891170
4033493 3757395 3864333 3778385
3975398 3920227 3957395 3968971
3979881 3854018 3805389 3824909
3949381 3926355 3948716 3949716
3927239 3887120 3755177 3794131
3746893 3840151 3851433 3866667
3791382 3755954 3897068 3797920
3684527 3776839 3851968 3764289
3736265 3721760 3899032 3780450
3972158 3942660 3868849 3921023
3888142 3859348 3938683 3852708
3791822 3861112 3868121 3866216
3889765 3770345 3882890 3898312
3998337 3891839 3979456 3940115
3865496 3811555 3893876 3879142
3899413 3743966 3948797 3934009
3822613 3703088 3839070 3826643
3923938 3815292 4069308 3972490
3808520 3842812 3931712 3905753
3895627 3809441 4033246 3979505
3843640 3846093 3985672 3893809
3847858 3889136 3678531 3838928
3940935 3811391 3901375 3884729
3871525 3884825 3600829 3797164
3882865 3762259 3826569 3879666
3832049 3933102 3785417 3936185
4000914 3757760 3986574 4055936
3855036 4001799 3832862 3928053
4030093 3867317 4026875 3875594
3879681 3848927 3772229 3717071
3721430 3808411 3799925 3938509
3883751 3746989 3868733 3620286
3762198 3792769 3835874 3859946
4001445 3788229 3892895 3839626
3773375 3866790 3890876 3950805
3957992 3815435 3919667 3831285
3780870 3870048 3799420 3922392
3846919 3923273 3978062 3944350
3804309 3845255 3810749 3886613
3881412 3941715 3917085 3901970
3796315 3824307 3785199 3894720
3854956 3979309 3978960 4056196
3966744 3884937 3937772 4029661
3932298 4029479 4023613 4000523
3864806 3897402 3901345 3993804
3841252 3852183 3939211 3874264
3929799 3883988 3845915 3818587
3820894 3937281 3831174 3915460
3888925 3835877 3855759 3796328
3876452 3981417 3980704 3964247
4019833 3859947 3887375 3792785
3934649 4021471 3948986 3969080
3949234 3997466 3900606 3870438
3966564 3954253 3918019 3838958
3826111 3783795 3858941 3894849
3900098 4017337 3895015 3787610
3843214 3775761 3834339 3827006
3936407 4040802 4062666 3912209
3861655 3809499 3901435 3861807
3820727 3906550 3832862 3741234
3816571 3620884 3709711 3808139
3899463 3740610 3807424 3829528
3760055 3885736 3821311 3832671
3899911 3692063 3800321 3876193
3816802 3900810 3743807 3751532
3927858 3909531 3876833 3907149
3906673 3954364 3857402 3834222
3902675 3599240 3725235 3769399
3732913 3804366 3729582 3686083
3830023 3871260 3897725 3857024
3753048 3795553 3857230 3810877
3858653 3923192 3856596 3757574
3641846 3657772 3837767 3762705
3932849 3977449 3995033 3874826
3859033 3714762 3861746 3797641
3794992 3791835 3804965 3622929
3658303 3659127 3752823 3704616
3687373 3961670 3877767 3950901
3897956 3724883 3797065 3933233
3743538 3950817 3800918 3842993
3974521 3714451 3771465 3850390
3799644 3987342 3861070 3939249
3996258 3719816 3890554 3908862
3724359 3859255 3723196 3917959
3852378 3619120 3685801 3789794
3812351 3815013 3941953 3864469
3763204 3768272 3857360 3752654
3787727 3826449 3781612 3746815
3693331 3832948 3835573 3863010
3835456 3921572 3900859 3871568
3794599 3770674 3878640 3850841
3697609 3777727 3779664 3688182
3765372 3708077 3747427 3766064
3733234 3911642 3826215 3746471
3886513 3907753 3928861 3748532
3731483 3875227 3844969 3780913
3816521 3900139 3876249 3854023
3746232 3920585 3864360 3843789
3983991 3917829 3974958 3814977
3705068 3809082 3723416 3729557
3821968 3830110 3807503 3751987
3864047 3994066 3931493 3770080
3899767 3734349 3759227 3929847
3934600 3922819 3765443 3831261
3876815 3733262 3807668 3939590
3937469 3987871 3956479 3870997
3825221 3776344 3797920 4012540
3899783 3896718 3827289 3835065
3794527 3714421 3790651 3806328
3920372 3818836 3871373 3892799
3802380 3953142 3851765 3704399
3917980 3614600 3782645 3799355
3782959 3845481 3723245 3749264
3944383 3783337 3718959 3862751
3825753 3886360 3846789 3797001
3922158 3703624 3869230 3765595
3761134 3822173 3763978 3709931
3873756 3883026 3849720 3816137
3787430 3820210 3828277 3732503
3815415 3902776 3817782 3713394
3747775 3760738 3843159 3724366
3849815 3980830 3891638 3802425
3852286 3738162 3880296 3767158
3850188 3970337 3972268 3764693
3730314 3640186 3859654 3744779
3792424 3968702 3801259 3935530
3862437 3754808 3890394 3908975
3722300 3910382 3801800 3859238
3916560 3679186 3799442 3933457
3721631 3936716 3827989 3958160
4019668 3763670 3836839 3935087
3698000 3885433 3752938 3874023
3943814 3691829 3723321 3810419
3824092 3822027 3927965 3782659
3833764 3808178 3762461 3790630
3821228 3825988 3883910 3731296
3796719 3786168 3836158 3799667
3877494 3936513 3937809 3816864
3773386 3826345 3835910 3956670
3801158 3819663 3815859 3815683
3721765 3753880 3806017 3833345
3775621 3885088 3926690 3794469
3918217 3929786 3915147 3738877
3702535 3814804 3841266 3790685
3862364 3950795 3855596 3830921
3713917 3907836 3857984 3765783
3902635 3958600 3969955 3835340
3704232 3838064 3773337 3747684
3862232 3852217 3884138 3724052
3970031 4033822 3917730 3871232
3911060 3823703 3906503 3984626
3888992 3957120 3833362 3879693
3869734 3764765 3802643 3825594
3903256 3971201 3980291 3922175
3967368 3827751 3861616 3942678
3762084 3887901 3755521 3763210
3716064 3680507 3751773 3816166
3964041 3794122 3830044 3949553
3825847 4025685 3815266 3817187
3812993 3668087 3786990 3872916
3777853 3975161 3765942 3806524
4005229 3824947 3861142 3858701
3871978 3996458 3939606 3856099
3889621 3666632 3779217 3750442
3779727 3838229 3711871 3755648
3972724 4011022 3949643 3844160
3813659 3875578 3896325 3837403
3862737 3911850 3948996 3752715
3741372 3754327 3746135 3766938
3938509 3999868 4019635 3862186
3855039 3897479 3847819 3824129
3738430 3878449 3837031 3716539
3729568 3694924 3702198 3672598
3816079 3941279 3869075 3978789
3993891 3759259 3886803 3899046
3773121 3949202 3751451 3904335
3937737 3729443 3771384 3988416
3725778 3983055 3813412 3950447
4047825 3737914 3894224 4020494
3677618 3855992 3735033 3864872
3827230 3637305 3764900 3840363
3851785 3803790 3941557 3836284
3802412 3859420 3863361 3878642
3806604 3813211 3847476 3698801
3741652 3747876 3834184 3873536
3831340 3970776 3928134 3802757
3801347 3809271 3875212 3906643
3813398 3753948 3781644 3665501
3617780 3693092 3780714 3837913
3815695 3964656 3962037 3775987
3958935 4030877 3969944 3805199
3752056 3822535 3802125 3845631
3909327 3788737 3917451 3791590
3807097 3950487 3870761 3828534
3916314 3941986 3933101 3896124
3717023 3799635 3720481 3710818
3841982 3862461 3784928 3678972
3828214 3940707 3937574 3809497
3879723 3788725 3734165 3940059
3933799 4108723 3938236 3981681
3863469 3814194 3860521 3954395
3874190 3974789 3875402 3831888
3886841 3757178 3784177 3868870
3986318 4079791 3987707 4081236
4015915 3858042 3973151 4021009
3936151 3725673 3793526 3844012
3822412 3929683 3786630 3795795
4039337 3791023 3854644 3979087
3913376 3949927 3815060 3878535
3952638 3891299 3851528 3870719
3768797 3939106 3820888 3761450
4037744 3846221 3870393 3900642
3906821 4098577 3942158 3890842
3860762 3926319 3866864 3765022
3834686 3681625 3829669 3779310
3911653 4114281 4026716 3885903
3833161 3805090 3947051 3834389
3910569 3981593 3896028 3809273
3810021 3686779 3915265 3826192
4117117 4037058 3984317 3976070
3894040 3927182 3905881 3880517
3767962 3917369 3793206 3962761
3960691 3675934 3763461 3947010
3789782 3953872 3865434 3975410
3976526 3748287 3851595 3928647
3635134 3925560 3870059 3976426
3907229 3664107 3950041 3936606
3855680 4095551 3965863 3996991
4086598 3884443 4001954 4003176
3806395 3865411 3906695 3736387
3841707 3774536 3932333 3789786
3860928 3923358 3924407 3884759
3902723 3831109 3976635 3853542
3856687 3897905 3868421 3781305
3830606 3808740 3818056 3880995
3962371 3945409 4007275 3929720
3996262 3917497 3967485 3997978
3680037 3879042 3915608 3747606
3950452 3930236 3908525 3841004
3907565 3955334 3851308 3830261
3923150 4036614 4036509 3855454
3791030 3861906 3847800 3793707
3884099 3885545 3849418 3820872
3858148 4040655 4020508 4027942
4032522 4015783 4044665 3976210
3815402 3905614 3961372 3806090
3841498 3692628 3805522 3795423
3951500 4118236 3956551 3946223
3974211 3972477 3920424 3978481
4070857 4152952 3978825 3898771
3938819 3900149 3908017 4013620
3926135 4087812 3984681 3926214
3902570 3797598 3863004 3959766
3962417 3824359 3729233 3896963
3742670 3893668 3727972 3735562
4060668 3877800 3899088 3896437
3894273 4028329 3911277 3869775
4096242 3866315 3918502 3908966
3877470 4047674 3954039 3976853
3990444 3836774 3862504 3929230
3926469 3971302 3867761 3849699
3835793 3947037 3900830 3826353
3705470 3692352 3813615 3733572
4080209 4032979 4038105 3901434
3837350 3843216 3931979 3752356
4045750 4082141 4026933 3951590
3896718 3931154 3920255 3892818
3981149 4066648 3971572 3773104
3934397 3824329 3883299 3842442
3693884 3941243 3764599 3949162
3944743 3717037 3854742 3891267
3840609 4029571 3923397 4064327
4032276 3826917 3907259 4000822
3872995 4069983 3975890 4043485
4024962 3871465 3957964 4035434
3763179 4068884 3897151 4056577
4037203 3807055 3965003 3928316
3819740 3756325 3836016 3842860
3689428 3766629 3817158 3902468
3926961 3894751 4030452 3905973
3803411 3944678 3855632 3856213
4009956 3915816 4087808 3824799
3922266 3884449 3976236 4009029
3928085 3927817 3959117 3815860
3895563 3898942 3901779 3947870
3674164 3825407 3832702 3790912
3908281 3847339 3904588 3711096
3913725 4030451 4082897 3875937
3964247 3982337 4030467 3893140
3911633 3975104 3951447 3860150
4045132 4077192 4017548 3927574
3946183 3910899 3940307 3897836
3946850 4001266 3972132 3826351
4057090 4204465 4026054 3962976
4118228 3914979 3996191 4089703
3927680 4059848 4022202 3946739
3909464 3847177 3905515 3926761
3908406 3938394 3837184 3840664
3821588 3721042 3713042 3860042
3882017 3999765 3900447 3954993
3968211 3820780 3839278 3908401
4181870 3960071 4017481 4103379
3989995 4123021 4070976 3922514
4088557 3818814 3928943 3965277
3874115 4050322 3930868 3835016
3860669 3715597 3744229 3763541
3785076 3913792 3765083 3772063
4064388 3861490 3822449 3897897
3858695 3955105 3809293 3827574
4060079 4179261 4074475 4037399
3891972 3954574 4126533 3927559
3974073 4046679 4031945 3862410
3877165 3905786 3938695 3884013
3843427 3984994 3868218 3790820
3783164 3744087 3849104 3747168
3970191 3990624 3912558 3864913
3847678 3904624 3836444 3916288
4051509 4191857 3938861 4158275
4098941 3967285 4089873 4012992
3845191 3951724 3920933 4058071
4050896 3846972 3961585 4032247
3748736 3888629 3866886 3944680
3916647 3632304 3801844 3901642
3779602 3982097 3862806 3925918
3987281 3722432 3809316 4032838
3997283 3933090 4105806 3968006
3909364 3990110 4054752 4011042
3926644 3980753 4017962 3891748
3849050 3841776 3974852 3992359
3777287 3790698 3858791 3668509
3612868 3725119 3818577 3856298
3876030 3843502 3969874 3836788
3832922 3841210 3872374 3905624
3930596 3912212 4114400 3966578
4067415 4194040 4190330 3997748
3893387 4003557 3973147 3824817
4015771 4030096 4024126 3780967
3730259 3823435 3744697 3739546
3917595 3837895 3822905 3745712
3728858 3865975 3877484 3791785
3935730 3930623 3908188 3834540
3974986 4125713 4016903 3925981
3975091 3883730 3912071 3969591
3918553 3992769 3917333 3825090
3905137 3783295 3846054 3914901
3885368 3920306 3928374 3778708
3871410 3738698 3755306 3803183
3848053 4002316 3841517 3843469
3786162 3708604 3745628 3803703
4018503 3851626 3896985 3946072
3817642 4046291 3892074 3933421
3962108 3804144 3866220 3904125
3813456 3997144 3809255 3858708
3893152 3752451 3819061 3838751
3764706 3790253 3721019 3646631
3867293 3639464 3671007 3798402
3778405 3887174 3674206 3737895
4050040 4026395 3939784 3896542
3834899 3860059 3980231 3827635
3942955 3951039 3924560 3814734
3795695 3837876 3893052 3799628
3841196 3927912 3876576 3774148
3731988 3736257 3772516 3769917
3807815 3826602 3739592 3657968
3717117 3625073 3795280 3672092
3775606 4090358 3891310 4025699
4095907 3797109 3938365 4041213
3754144 3995589 3892795 3936423
3986753 3731252 3737513 3939576
3629799 3891408 3761903 3944752
3984893 3642841 3748603 3953880
3710940 3754809 3712053 3785420
3866872 3621760 3772372 3810523
3924557 3893639 3925342 3879370
3881824 3860378 3934659 3941670
3907165 3946859 3935583 3825625
3815347 3763123 3843640 3875876
3781709 3834231 3882759 3757367
3688438 3753018 3745119 3755395
3714781 3863739 3804345 3657445
3670872 3707855 3792671 3846938
3862726 3969741 3885666 3957663
4002034 4016702 3996220 3900489
3846393 3905393 3904870 3812172
3942887 3876206 3926293 3824126
3678918 3867550 3842869 3764987
3914457 3849124 3895909 3693485
3732510 3812970 3784185 3754647
3820183 3867145 3809132 3738502
3936140 4042876 3949657 3899635
3948766 3775039 3855096 3964921
3982420 4049811 3913254 3922905
3940729 3813642 3924641 3942023
3858242 3988044 3972862 3940126
3948765 3875522 3833516 3919514
3925483 4027739 3965285 3925861
3901072 3778343 3915463 4013818
4001292 3748305 3860674 3832847
3822706 3927676 3895307 3899284
3994682 3805041 3949599 3946413
3863293 4023580 3907691 3818905
4088243 3791036 3871959 3932107
3903927 4066796 3895686 3835772
3922603 3764769 3801435 3918320
3835260 3965084 3884281 3803421
3951062 4065535 3946218 3773602
3772386 3791864 3883476 3778846
3965838 4083974 3948010 3835859
3863262 3859021 3852049 3860154
3988124 4004962 3977252 3896798
3798345 3796959 3871003 3791530
3975270 3965371 3941537 3869876
3856792 3748567 3896780 3864268
3772717 3963748 3866520 3899212
4026872 3720770 3802882 3995043
3771070 4036055 3927658 4070096
3969117 3847894 3868234 3983331
3739475 4065436 3860869 3974940
4001534 3805306 3889345 3969998
3808991 4013871 3813328 4004251
4022341 3788457 3938100 4017936
3927820 3923719 3929833 3822626
3836618 3903761 3902359 3935669
3953081 3909537 3994113 3817472
3794418 3781355 3911825 3834120
3903818 3928232 3990410 3834772
3911173 3793021 3896696 3844779
3854167 3902777 3931369 3868579
3882853 3913272 3877561 3850058
3825178 3967225 3908627 3838295
3883639 3933009 3960557 3838758
3761201 3963393 3920933 3919947
4063360 4039908 3974802 3832117
3845040 3847020 3907744 3863285
3968582 3961165 4028941 3862311
3767124 3995604 3886353 3856923
3964974 3928391 3981349 3861351
3905137 3937811 3889010 3800188
3866613 3780618 3773694 3889625
3893643 3986500 3911143 3802095
3955259 3856106 3839034 3897851
3922864 3996750 3947681 3967109
3835987 3777868 3889849 3949932
3905286 4026076 3903199 3940294
3973746 3826805 3845311 3916496
3920717 3788468 3839804 3873101
3688739 3871816 3724808 3762748
4008576 3796956 3786828 3907634
3821894 3992130 3832856 3837906
3927907 3746338 3894093 3954087
3786822 3945546 3831466 3858165
4046003 3785705 3834516 3887865
3871403 4037742 3858624 3798966
3903305 3981444 3925318 3817124
3730099 3742587 3767862 3775177
3938299 4026653 3931804 3832058
3846293 3836153 3877975 3845613
3936228 3980958 3952728 3886222
3839212 3770653 3892696 3934938
3987814 4061113 3869621 3805516
3737677 3751741 3877638 3795628
3709852 3923198 3755002 3822034
3921523 3732730 3858955 3910573
3790371 3966573 3828294 3990817
3869879 3775866 3850143 3956518
3718050 4096549 3904905 3973987
4029002 3807618 3907941 3987370
3844767 3988752 3914076 3960176
4040172 3721654 3867502 3954643
3838978 3930633 3838749 3741007
3730627 3791550 3827070 3774072
3881078 3804067 3926084 3819333
3793279 3827114 3837900 3880178
3975753 3875688 3873979 3837902
3827782 3916112 3947823 3978858
3913582 3864258 3870171 3809783
3872617 3800760 3960205 3915433
3793879 3847441 3808085 3727644
3886048 3839377 3862456 3779484
3834520 3899871 3895820 3776821
3858313 3940132 3889614 3833040
3795992 3949042 3861272 3982485
3957486 3946414 3966063 3891493
3832311 3919174 3900157 3856311
4008143 3958781 3983656 3844572
4012131 4191216 4082407 3983309
3956615 3933034 3918219 4056839
3927294 3958092 3838770 3877773
3863607 3765606 3840521 3910670
4018589 4013718 4070336 3991549
3981709 3925848 3882293 4037737
3898065 3962358 3875197 3741014
3829245 3753160 3712305 3850588
4172242 3893684 3926540 4023955
3880066 4109832 3988582 3925428
4026563 3801875 3787276 3882723
3829874 3928412 3836454 3804275
4034243 3830170 3934203 4062276
3857835 4033442 3955512 3958112
3907161 3726330 3808112 3786883
3776414 3869606 3761581 3837649
3994259 4030867 4033751 3844316
3899545 3869099 3951008 3860377
3926936 3967903 3944122 3875132
3791652 3720505 3761972 3742594
4020610 4085942 4131477 3909978
3935173 3892282 3962436 3957158
3871715 3932244 3895146 3795788
3744710 3741278 3852428 3716893
3880095 4061500 3936754 4095431
4080162 3901397 3985940 4005370
3798620 3865598 3772036 3921850
3937765 3781056 3818908 3921658
3876446 4069721 3871889 4106599
4061385 3859789 3950823 3996957
3747868 3959920 3728390 3832531
3884993 3711941 3825162 3895974
3946167 3907536 4064656 3928481
3874250 3914243 4004533 4002360
3808982 3877788 3885557 3753947
3745447 3824545 3886477 3876363
3973733 4046303 4005910 3957060
3892853 3968433 4003409 3999501
3826125 3867144 3897230 3734289
3782489 3750434 3802863 3806667
3888127 3971450 4034860 3933926
4056947 4025007 4131839 3950410
3815018 3874884 3878840 3795477
3935608 3862770 3884748 3810093
3903174 3950035 3947438 3898399
4044480 4127104 3995141 3838518
3725485 3885271 3789916 3808384
3922393 3920410 3870208 3790031
4051810 4025536 4021920 3924600
3965466 3918728 3938224 3988898
3854321 4047483 3971709 3910278
3906243 3801727 3800681 3910856
3921504 3988616 3797610 3846965
3927085 3799610 3788268 3891190
3944757 4037299 3912179 3816130
3896848 3775634 3824154 3895465
4060702 3846333 3891309 4010110
3912383 3972525 3950201 3830367
3980655 3820552 3902588 3904616
3826159 3981239 3847715 3840986
3923744 3819392 3756322 3887309
3877039 3974267 3904791 3791663
4033979 3833247 3850126 3874135
3897060 3961869 3808769 3761613
3983382 4016234 4045311 3951409
3968299 3885036 3864587 3884667
3910908 3974254 3910751 3896077
3817278 3764244 3861512 3836867
3867580 3920135 3926103 3893524
3799604 3795642 3806292 3819936
3922911 4077098 3878916 3905383
3852039 3781591 3841400 3852451
3802470 4035848 3846244 4060295
4059980 3832372 3926026 3918144
3812591 3928426 3834035 3985075
4016120 3702553 3840761 3935387
3764392 3903922 3770409 3935252
3851694 3759995 3775104 3949360
3785561 3987399 3863643 3925491
4003899 3787045 3804978 3980383
3998108 4003431 4025347 3968463
3931954 3962252 3958229 3904675
3855685 3895754 3884060 3795395
3774182 3800725 3906777 3873782
3842236 3739280 3863955 3776745
3769205 3803742 3844100 3806644
3812930 3857099 3923893 3821249
3800566 3789950 3925056 3773570
3819180 4012011 4000881 3869617
4017309 4093877 4056001 3847469
3789399 3842503 3919022 3873251
3967267 3870827 3977676 3829144
3683890 3871824 3921761 3814018
3922388 3890437 3960299 3836201
3803364 3908619 3870846 3789958
3983422 4015213 3989434 3863326
3896347 3932503 3924857 3877498
3852866 3783178 3819436 3927979
3978756 4016462 3979643 3895189
3893967 3798015 3858689 4012217
3993929 4012040 4052349 3961631
3884224 3843718 3845187 3990026
3877594 4066704 3929309 3882139
3925889 3797685 3900251 3878162
3979122 3864416 3862146 3882935
3864405 3888407 3786981 3783823
4034479 3875135 3896323 3979098
3850237 4082798 3849663 3765665
4018396 3842161 3861253 3929789
3881217 3954734 3797890 3772212
3983763 3717495 3717010 3886939
3805197 3923727 3950314 3769247
3966178 3885751 3925049 3903319
3850036 3799122 3837067 3881202
4022396 4039175 3938926 3898774
3854015 3860695 3902889 3891222
4047601 3971725 4021553 3897357
3935589 3829702 3936451 3810678
3885163 4019040 3893403 3817820
3809591 3770948 3846192 3839910
3820581 3946282 3721627 3936636
4015181 3635814 3926779 3950480
3868521 4042321 3841417 4009250
4002891 3722395 3975420 3996659
3746077 4019954 3844831 3891119
4015300 3746500 3959737 3964911
3772902 4018447 3853212 3937574
3917650 3722028 3868098 3903220
3853440 3813934 3907970 3817514
3785573 3888805 3848212 3883496
3942587 3907230 4003555 3819253
3866793 3907725 3914818 3884348
3843565 3937174 3923229 3826395
3802413 3814693 3857495 3879037
3879286 3763342 4007838 3775591
3831609 3716323 3947167 3902746
3774133 3848502 3841421 3799898
3958410 3929310 3944850 3796244
3800580 4013842 3968182 3894495
3968928 3972198 3967236 3878775
3894568 3954610 3882543 3876847
4026714 4036325 4029546 3815952
3810937 3876627 3920056 3823878
3872575 3883322 3940074 3755308
3806660 3710603 3748099 3795512
3760166 3761825 3694403 3814026
3963654 3868403 3808217 3858353
3835054 3855937 3784242 3874747
3802906 3759240 3898748 3771576
3755581 3795365 3706817 3924509
3903200 3764126 3787894 3874151
3783291 3809732 3656514 3935538
3868105 3747543 3732939 3749356
3709976 3756218 3639118 3798311
3881600 3779992 3819962 3862350
3797741 3885722 3678095 3873902
3887537 3728916 3806261 3881169
3690486 3773811 3580595 3768882
3891317 3798724 3809212 3820484
3747628 3816147 3635638 3824440
3771415 3926340 3669402 3901974
3807615 3748355 3677747 3712584
3930326 3944823 3680147 4005826
3828629 3872167 3813359 3837070
3835715 3874599 3706072 4016823
3807145 3758263 3779389 3815765
3774376 3837473 3616779 3951890
3810708 3775731 3647549 3763509
3735549 3751222 3621873 3804010
3740959 3676806 3963333 3713872
3858331 3839674 3830488 3912750
3828455 3846864 3911251 3853606
3754571 3827492 3807456 3757711
3799338 3744032 3889797 3798500
3850180 3775058 3743319 3803013
3805698 3779159 3874655 3775517
3716486 3688737 3714786 3673756
3797683 3759934 3719946 3681501
3866765 3730119 3977413 3767453
3786917 3892115 3886128 3723895
3817015 3642934 3845956 3801676
3843445 3766573 3905991 3803432
3736484 3668115 3867165 3709079
3800418 3736236 3721898 3689091
3779273 3612572 3767033 3743212
3818802 3785660 3909294 3859645
3870187 3822276 3893624 3804473
3855987 3904610 4006041 3891331
3836984 3752980 3866148 3803520
3715111 3928246 3934538 3817720
3843968 3753288 3835569 3864571
3738027 3978852 3894868 3772281
3851956 3777752 3821188 3858171
3850423 3956681 3827316 3923390
3960944 3754859 3795826 3800093
3840177 3857207 3758729 3894503
3845938 3722337 3815252 3745384
3717231 3807140 3620448 3751818
3900475 3787602 3933791 3929249
3810271 3891063 3747368 3836576
3955298 3886934 3905743 3890436
3805093 3881988 3778807 3896074
3931626 3792118 3817752 3880543
3744215 3869663 3685197 3808304
3899018 3627078 3739821 3847787
3723180 3714981 3576529 3765920
3883169 3817459 3817772 3870592
3791529 3864818 3785485 3820845
3781985 3977688 3713139 4045631
3850979 3835182 3773390 3927563
3839405 3881751 3696757 4020934
3767559 3837403 3673456 3865769
3692085 3878704 3631839 3907004
3748159 3724673 3597543 3782619
3831189 3966116 3744280 3985498
3873679 3858747 3726709 3891181
3845909 3853414 3841940 3806942
3836781 3883187 4058135 3903557
3750308 3786032 3772916 3801486
3796704 3859722 3964253 3783869
3739537 3747509 3742597 3771920
3773229 3732205 3874175 3735528
3825612 3819587 3837163 3863758
3839077 3873538 3989524 3799077
3870965 3743774 3875628 3776620
3929313 3876079 3869589 3734322
3782480 3706775 3906137 3816579
3775980 3742927 3725986 3753058
3615569 3646659 3897959 3686147
3878876 3755089 3836355 3664181
3868269 3682597 3900932 3741755
3896364 3798136 3869422 3881405
3883149 3743558 3888283 3884622
3885896 4022796 4075578 3862283
3795448 3792259 3830950 3918451
3880537 3895545 3866998 3849658
3796642 3748556 3830142 3775658
3781290 3909386 3921105 3814127
3928863 3795240 3966818 3838838
3893512 3976778 3896440 3829747
3932237 3744284 3809193 3775361
3789633 3848749 3809063 3897729
4056685 3857641 3947226 3896315
3888038 3877723 3824238 3929921
3929566 3815458 3951326 3889968
3806289 3896961 3798590 3950304
4003467 3772432 3847724 3813627
3797850 3783537 3654115 3930182
3747492 3720489 3786770 3743238
3720003 3811517 3602591 3753799
3917998 3838026 3920965 3951308
3833375 3810753 3778468 3821391
3882313 3926611 3829455 3956179
3695508 3850489 3706490 3854844
3926593 3751565 3851988 3895772
3875746 3775511 3611056 3861790
3795417 3837875 3591276 4047159
3687289 3735624 3747460 3763220
3839732 3929973 3653891 4059647
3872336 3824432 3715298 3826730
3911255 3961185 3659649 4048750
3881540 3796327 3731556 3832159
3799998 3924633 3660141 3955099
3803997 3844878 3768386 3838525
3722891 3695327 3716453 3818519
3850841 3815522 3914749 3786873
3791560 3971347 3860842 3910732
3842474 3908365 3964012 3885005
3833161 3847126 3853595 3820243
3903934 3881935 3964873 3820091
3825753 3856572 3699821 3807619
3784973 3811730 3901699 3779691
3831327 3653301 3851444 3786256
3881900 3791844 3767240 3709539
3922072 3753358 3911789 3840162
3937347 3868349 3853311 3809602
3850929 3776537 3899180 3697414
3801637 3705506 3863439 3765084
3853633 3591517 3852532 3753780
3861462 3791570 3855642 3666353
3760551 3759338 3829703 3824747
3765293 3942023 3899004 3801934
3859540 3806608 3978842 3901098
3821147 4005762 4018182 3868055
3804118 3775788 3828779 3935641
3843998 4088713 3976323 3855202
3824637 3714340 3872087 3853474
3820935 3917317 3951688 3917526
3959567 3836900 3898829 3848151
3846099 3843189 3799145 3890553
3983538 3882025 4021934 3944003
3919552 3927168 3771772 4012178
4010998 3930102 3966583 3897531
3988142 3900419 3898860 3953413
3848843 3631116 3811668 3809561
3704597 3733395 3607799 3867097
3937010 3855404 3805459 3913558
3767024 3775590 3757299 3857496
4023549 3849369 3890032 4080162
3780038 3953206 3802336 4028107
4006566 3793559 3916040 3971329
3898785 3902875 3818222 3981472
3788066 3647264 3708458 3793594
3694449 3664271 3561990 3784217
3804249 3898672 3729611 4023982
3845173 3827074 3727219 3849624
3905863 4032969 3825311 4175521
3936573 3979485 3927897 3976421
3817625 4019022 3866608 4121004
3895048 3853331 3828556 3856739
3700322 3808328 3559832 3950187
3784155 3650306 3586396 3756737
3831335 3890499 3737878 3820497
3790988 3877076 3950940 3879722
3950370 3956801 3930210 3937059
3909389 4011185 4143101 3951241
3872081 3947467 3857215 3892038
3882337 3914555 4079766 3997220
3743603 3720173 3707260 3726286
3761930 3677774 3831011 3805094
3916077 3752384 3934028 3836971
3866384 3889051 3869282 3756673
3932806 3845029 3935442 3899792
4016653 3883795 3990844 3808298
3945651 3841299 3952054 3830163
3942286 3950411 3945394 3822216
3696049 3619652 3732897 3597487
3766977 3695987 3747868 3703234
3866438 3766384 3835279 3825589
3888505 3970275 3941803 3854702
3975652 3846791 3886131 3987165
3940551 4083668 4055506 4028866
3973396 3801277 4008340 3937479
3872964 4127411 4050318 4025980
3709747 3661183 3728047 3785241
3822567 3811514 3907436 3762706
4014725 3879824 3936226 3932200
3903451 3936925 3739089 3965372
3960439 3765057 3851925 3769015
3776415 3892075 3705803 3868624
4047775 3973734 4010291 3951053
3943787 3974622 3931144 4028779
3885649 3854729 3818974 3886641
3784527 3797546 3719425 3829249
4004050 3853567 3920800 4014691
3886964 3918806 3819709 3950344
3865616 3746888 3826158 3875537
3770526 3824631 3660426 3849521
3995443 3920193 3995591 3983059
3945100 3884041 3816186 4000652
3904307 3697118 3781650 3881645
3741997 3792681 3764977 3849099
3912883 4001711 3750020 4057671
3886484 3821606 3816324 3975429
3803587 3881566 3718424 4025603
3821304 3780829 3706541 3825342
3884026 4094521 3778447 4135585
3938429 3951450 3824130 3954837
3814199 3897006 3635382 3911500
3821513 3815954 3759444 3754479
3872258 3917701 3844574 4010005
3960986 3883511 4001752 3867102
3831626 3849635 3728037 3816230
3882216 3816579 3950322 3783415
3907995 3903412 3942567 4028769
3912960 3951082 4055896 3965317
3872141 3864357 3811459 3873700
3883432 3834780 3934440 3871261
3905761 3727208 3971652 3806978
3959408 3868054 3931042 3788518
3813172 3739824 3805273 3802449
3868370 3760852 3887042 3798462
3975701 3838500 3985996 3848707
3923778 3816658 3985330 3836401
3851053 3650818 3925088 3760410
3839221 3735460 3851443 3830181
3925404 3930404 3942174 3869564
3953249 4067336 4010134 3933148
3839589 3736770 3872902 3768557
3800928 3914925 3951103 3911830
3941279 3826551 4063252 4037240
3868762 4164370 4108276 3982035
3811007 3683183 3864863 3799892
3865369 3938390 3990165 3862267
3800233 3745127 3777977 3755519
3754415 3832261 3742073 3870270
4015705 3979201 3989053 3943852
3986659 3952009 3837907 3986152
3905994 3785270 3853646 3811797
3846142 3834231 3774522 3885731
3918680 3765756 3873135 3841931
3870743 3822198 3714127 3790787
3857184 3654970 3756906 3783669
3787412 3788093 3596526 3774137
3966994 3871880 3923570 4016876
3926807 3875819 3789813 3963059
3909380 3821298 3874425 3911416
3800184 3803298 3731232 3862329
3903756 3720539 3803101 3834579
3746018 3800707 3687428 3846553
3661442 3940945 3591697 3967627
3736763 3795519 3658028 3805260
3881967 4068908 3838618 4126441
3916316 3955555 3825930 3933888
3778341 3970178 3641233 4012676
3832598 3781181 3857773 3864511
3715055 3859077 3620222 4027076
3828331 3779499 3706288 3789832
3722692 3739643 3722293 3737071
3707655 3648603 3897172 3819674
3880398 3916874 3943848 3981373
3916855 3886928 4098068 3968607
3880432 3880638 3780424 3755064
3799919 3885094 3969158 3870062
3732124 3835924 3766726 3891580
3754471 3809158 3948070 3825098
3790237 3715179 3899181 3683299
3776582 3711175 3797622 3679826
3914819 3848917 3893692 3897471
3946891 3871217 3921304 3842300
3850454 3706749 3875539 3759746
3852899 3851948 3762995 3743511
3760452 3691367 3793859 3708641
3767188 3727721 3771958 3803006
3796099 3679024 3850525 3877723
3809998 3930917 3865221 3837001
3949021 3896163 4034906 3977526
3937334 4130455 4021365 3994076
3893275 3786996 3951730 3880228
3843468 4006265 3869370 3853077
3835812 3797864 3735014 3834450
3769816 3939147 3864491 3806810
4073968 3844885 4003133 3883705
3843174 3997249 3804181 3938153
3856276 3820798 3867844 3777808
3774639 3764513 3684870 3826333
3985445 3725715 3839164 3807075
3801169 3928666 3822180 3887663
3902448 3858405 3870976 3909513
3812784 3878277 3769609 3880530
3991264 3903332 3918335 3915790
3912848 3912225 3788836 3925427
3895844 3792964 3783181 3827316
3707135 3779758 3559649 3781541
3922691 3858634 3874490 3915639
3753362 3813875 3720322 3967877
3931361 3861303 3830387 3896155
3823463 3806360 3728625 3793118
3952488 4022069 3780504 4116448
3933394 3898127 3818653 3992052
3711580 3826087 3691473 3939292
3856207 3816538 3768337 3769269
3815565 4042587 3723868 3990723
3772749 3849108 3770134 3825919
3807587 3915077 3720640 4032061
3811013 3688527 3731362 3824801
3881009 3916742 3828158 3980252
3897955 3910825 4016411 3894526
3731036 3781804 3793131 3795314
3796213 3736357 3939679 3758482
3860853 3901396 3781814 3818391
3835811 3838370 3974963 3798732
3839550 3814456 3838941 3854055
3866324 3846923 3919379 3868764
3898216 3786554 3973104 3814701
3946250 3917519 3864771 3791356
3810999 3719204 3850589 3688375
3860780 3780358 3774335 3630576
3773890 3678769 3958053 3779519
3883765 3790753 3858074 3790858
3783669 3697426 3823310 3709399
3900652 3824460 3771599 3756210
3914276 3930417 3963794 3942817
3870741 4058242 4096920 3943004
3814219 3697398 3806303 3822389
3815087 3954451 3976519 3868549
3879738 3807628 3911901 3921808
3854586 4020668 4021416 3934247
3881041 3706901 3804784 3832528
3936796 3975147 4025902 3872282
4041058 3903418 4067166 3927605
3826414 3920118 3865981 3988743
4044221 3974525 4078763 4043642
3899747 4008519 3896875 4010725
3958067 3914009 3986966 3903134
3866188 3927225 3782602 4002679
3949894 3833103 3929542 3822965
3892555 3929129 3808477 3977094
3987625 3902695 3900321 4000254
3896577 3875667 3809574 3986925
3984623 3924023 4014682 4036417
3885508 3892617 3843970 4047102
3965543 3809867 3895398 4047104
3881517 3896077 3775261 3988786
3963346 3824527 3906203 3946646
3737746 3876209 3781626 3964238
3893748 3964917 3755191 4083256
3882473 3938325 3879708 3863891
3937160 4102047 3841565 4196531
3968307 4017496 3877269 4009168
3891436 3971503 3819656 4134992
3874137 3919311 3846438 3890923
3891626 4033952 3814042 4046320
3924093 3860633 3806209 3822793
3856972 3883972 3902034 3884678
3939358 3938570 4045241 3967336
3969313 4024997 3867374 3977848
4000728 4029581 4151318 3986377
3918867 3822720 3846581 3927699
3859859 3913895 3956740 3931268
3897075 3922188 3866769 3853621
3852355 3877294 4021634 3960337
3912440 3737921 3958274 3883094
3999067 3907833 3860211 3868291
3999266 3903411 4031506 4032295
4048989 3987463 4001470 3971280
3895202 3786014 3912925 3848962
3905322 3963210 3941392 3821222
3863178 3762670 3831935 3902184
3869366 3849549 3944388 3884576
3981191 3898803 3966426 4027981
3910428 4125965 4127234 3890737
4050487 3929741 4095155 3988570
4014159 4133624 4022972 4079478
3899357 3852994 3963268 3925110
3967492 3979996 3989990 3994894
3901547 3807210 3920767 3923951
3834509 4025921 4034784 3837689
4104836 3909982 4026196 3965733
3977590 3977539 3850566 4057989
3930467 3807326 3936708 3843190
3867364 3791794 3859195 3913410
3866173 3834472 3855489 3902152
3830857 3922003 3793717 3990589
3982487 3884015 3892778 3907915
3860347 3890169 3720935 3945476
4065221 4026073 3980880 4018148
3936898 3975600 3866072 3982916
3898666 3810549 3881272 3883023
3761420 3799660 3711009 3819092
3919805 3770163 3837428 3922375
3761031 3803654 3662081 3863350
3891822 3849223 3734572 3931248
3791142 3862807 3685882 3912306
3845194 4091463 3878984 4223090
4046676 3926857 3855419 4042962
3799636 3980694 3683295 4005699
3767641 3896176 3755216 3906714
3809335 3830525 3627305 4092554
3874189 3781777 3827710 3835368
3859682 4017405 3756280 4107781
3905960 3876895 3780893 3879303
3968854 4026745 3941454 4006406
4019636 3943790 4168463 4052104
3833958 3901521 3743591 3903431
3847858 3833702 3984127 3879178
3766709 3841444 3797417 3849960
3821231 3798682 3996478 3906529
3836010 3898441 3830210 3783489
3822951 3851262 3981487 3860594
3982012 3820729 4071191 3973675
4019554 3931481 3984652 3957664
3892373 3737112 3864054 3739752
3916858 3833443 3854118 3742286
3820044 3823399 3831473 3775344
3825590 3781369 3840546 3724054
3839593 3793131 3875336 3809617
3906839 3875622 3899661 3819525
4041266 3962513 4025797 3970667
4036131 4124620 4121520 4058395
3798415 3812638 3811730 3878983
3900588 4110045 3923451 3826286
3796521 3782995 3858566 3944652
3865099 4005132 3969760 3857917
3887520 3829359 3872923 3993803
3874505 4127035 3973429 3920770
3896929 3787825 3879592 3845751
3823057 3824865 3703804 3926197
4074275 3958731 4035717 3930901
3920491 3955486 3879053 3936303
3981524 3944062 3932294 3877768
3885347 3900484 3828761 4012702
3982532 3833170 3865592 3873329
3862729 3911400 3873410 3989120
3882735 3794712 3812732 3986845
3794811 3810895 3706449 3892174
4048577 3872654 3951311 4022030
3859788 3991843 3793734 3842312
4038411 3895777 3907629 3878309
3895678 3847237 3739479 3895063
3913309 3744500 3901503 3887960
3808696 3900510 3745776 3942473
3828694 3955039 3694287 4037073
3810007 3867923 3761062 3907860
3909784 4024134 3800929 4173289
3901805 3849252 3863209 3990443
3943726 4006658 3765748 4178964
3851649 3824616 3787752 3891644
3899436 4045932 3688539 4071012
3856707 3816799 3748093 3865508
3779457 3869106 3829630 3849186
3825844 3897385 4029980 3846097
3902900 3955046 3898175 4019667
3914124 3892678 4079270 3964695
3962400 3857769 3881373 3891861
3866377 3921727 3956041 3937341
3791352 3900094 3849865 3875689
3870192 3829728 3961221 3887875
3794584 3728969 3892821 3812861
3958735 3795172 3915528 3751687
3952105 3835322 4036667 3887001
3955880 3901527 3969522 3980414
3911477 3686489 3953592 3843029
3930282 3866488 3884340 3899584
3824926 3722697 3854581 3748801
3874092 3840340 3874157 3711294
3921748 3767232 3933851 3929209
3793817 4058080 4023903 3952500
3959583 3891352 3839158 3961901
3931369 4124286 4114105 4015632
3889249 3820560 3948887 3934285
3947657 4027805 4093084 3998873
3887726 3770203 3875347 3890534
3802393 3951739 3961481 3941434
3912539 3811874 3879442 3842219
3814156 3928832 3827721 3937484
4046433 3886370 3982188 4026065
3927847 3930692 3860119 4057269
3917594 3984103 3996878 3933288
3941584 3923415 3876236 3957215
3815414 3741219 3780608 3755251
3726686 3826420 3608869 3785505
3956517 3783309 3863179 3901895
3832311 3819774 3747601 3809390
4036475 3916707 3979586 3987023
3848701 3925957 3787135 3914753
3885041 3887348 3941649 4001350
3924544 3920793 3800515 3991793
3810861 3673789 3735977 3878016
3776209 3778560 3633429 3798488
3854943 3926363 3697300 4031684
3818091 3852061 3713616 3872660
3900461 4046475 3779442 4111242
3904149 3883605 3827523 3992427
3965668 4032568 3737484 4122176
3885981 3879873 3726563 4014145
3707159 3810953 3616293 3973733
3760413 3753479 3678181 3809790
3804736 3869436 3811787 3844402
3893923 3849343 3914877 3877157
3955790 3973047 3832494 3922617
3904223 3869760 4081749 3954482
3893704 3953994 3904466 3981460
3919162 3904413 4018241 4001267
3734565 3769937 3789877 3752772
3724517 3712403 3864713 3854793
3878218 3679401 3839307 3800771
3927679 3788299 3862985 3738659
3859614 3825513 3840154 3918633
3874197 3843017 3937113 3895751
3914085 3850700 4025576 3861575
3886535 3851465 3909800 3837312
3808476 3659072 3729710 3674952
3845159 3712545 3771454 3678007
3949731 3706901 3828052 3865157
3849548 3924769 3994311 3881042
3888952 3827586 3934584 4035421
3945571 4021767 4088735 3889228
3943642 3756409 3994727 3974199
3909222 3955373 4041877 3906020
3809979 3750041 3766425 3727221
3723455 3805875 3885631 3805617
4019130 3876615 3955155 3940234
3834295 3914071 3790812 3942171
4005587 3865201 3982289 3888629
3818738 3963551 3799185 3877514
3920091 3771708 3837101 3799097
3753041 3811768 3755460 3850483
4062775 3945376 4019010 3987637
3897526 4023140 3897324 4092520
3967002 3790686 3909825 3859089
3878313 3906350 3739486 3906691
3994395 3862616 3865637 3944069
3879736 3923727 3734075 3896267
3830850 3699047 3758854 3736332
3721062 3758045 3602693 3785093
4097725 3882795 3971490 4043880
3956597 3956016 3822185 3996733
3871267 4058124 3757616 4072042
3871770 3897215 3803553 3978927
3890841 3887138 3810163 4076653
3841756 3893059 3827330 3805832
3729436 3887719 3645424 3982135
3744189 3757382 3674016 3778506
4030426 4019679 3904563 4097412
3937343 3932942 3912914 3984114
3850730 3868859 3860436 3939385
3850766 3838353 3881259 3863109
3852529 3861008 3818843 3861910
3916040 3852950 4003741 3887021
3756709 3834540 3788835 3821944
3808021 3740164 3859527 3774106
3939824 4069339 3909330 4022975
3930463 4020834 4074808 3998387
3825491 3751624 3974806 3828110
3910650 3855400 3884227 3801099
3885749 3745894 3995219 3802103
3970392 3796043 3867374 3818208
3760470 3593930 3889351 3705790
3838729 3729022 3768487 3687186
3936982 3854048 3928405 4022475
4008890 3888709 4022001 3925698
3884693 3810304 3954092 3961446
3870804 4037210 3979916 3901157
3938276 3832492 3942340 3926480
3922640 4032432 4009391 3938403
3766862 3761637 3845939 3815697
3761141 3940062 3889351 3726762
4084220 3977149 4031447 4033057
3979314 4131702 4154607 4053307
3715728 3820789 3841782 3602517
3953881 3821806 3912138 3749462
3779019 4007282 3803483 3737361
4140733 4033673 4060561 3921321
3789529 3871364 3922562 3719478
4045929 3996798 4086232 3947922
3737174 3929785 3832226 3691879
3997837 3884713 3901020 3865922
3894510 3706848 3748307 3748140
3766913 3786934 3735615 3828549
4010237 3842638 3949763 3882664
3966182 3931891 3790632 3978631
3941776 3875945 3871895 3808232
3844599 3869103 3854652 4037799
3893947 3710191 3752940 3765736
3798771 3911368 3702344 3844046
3868898 3777304 3813038 3850222
3778274 3878793 3764054 3808380
3960712 3972000 3892716 3976361
3818923 3885982 3956510 3867077
3990005 3831689 3993442 3913875
3801325 3959092 3959492 3784172
3898336 3818598 3792969 3858469
3830005 3882819 3866458 3821432
3887392 3807884 3682071 3758815
3758561 3773415 3751646 3960463
4067420 3840458 3757520 3931724
3829760 3888081 3970802 3997992
4109787 3956236 3779073 3868510
3950673 3920198 3883681 3954203
3897471 3703180 3734958 3820354
3828717 3833189 3809714 3983396
3759307 3905506 3718004 3852478
3717270 3806192 3776074 3752118
3840462 4073536 3838061 3877437
3837342 3884313 3907298 3821164
3947635 4040786 3875721 4042556
3823199 3838571 3913052 3925365
3754137 3908106 3754964 3909806
3737667 3819651 3798030 3819653
3877188 3817193 3692662 3823692
3666146 3911375 3703971 3859381
3974722 3951781 3809911 3891656
3845433 4072567 3871855 3934765
4035861 3888790 3766987 3860429
3824659 4052000 3857252 3998863
3903037 3737021 3724219 3847461
3714146 4020591 3705075 3871363
3760648 4017225 3924713 3845771
4069776 3994124 4028720 3933656
3904784 4006010 3920363 3810087
4077508 4030341 4034936 3994534
3719112 3896497 3831281 3661661
3891627 3829507 3923724 3818133
3758368 3910938 3866993 3829200
4082520 3977046 4011212 3934132
3978328 3842288 3953341 3807424
3919209 3873431 3878839 3956385
3963729 3901220 3988983 3962213
3940669 3980512 3878435 3992506
3851184 3778626 3779091 3822817
3791759 3820634 3698777 3879904
3932230 3915882 3903708 3878567
3881458 3942635 3883297 4023413
3916044 3976271 3902127 3957442
3887640 3922848 3897168 3875737
4050184 4011393 3949363 4004750
3895243 3993725 3920889 3954190
3882612 3872135 3834638 3887113
3721195 3936558 3786724 3798337
4036879 3891454 3860978 3864776
3739821 3910138 3898476 3856718
4038174 3856532 3892341 3953152
3969001 3837988 3903730 3979758
4060544 3910320 3942988 3979302
3961027 4015755 3975681 4022075
3863348 3805705 3756876 3851540
3795659 3798634 3881290 3910760
4036843 3902554 3830508 3831706
3903185 3891114 3837389 3934878
3924208 3979712 3905947 3977534
3932242 3931627 3964424 3873035
4037130 4099111 3984445 4017897
3887271 3896297 3904577 3913975
3773757 3950272 3713295 3845928
3691512 3816605 3856343 3853867
3798478 3972003 3838807 3781134
3901198 3878003 3843293 3908800
4016678 3911229 3836320 3886529
3861089 4068057 3860616 3978675
3977088 4089862 3879306 3938989
3954385 4132846 3871782 4062904
3830316 3813854 3726257 3850004
3688013 3968181 3716984 3915498
3922210 3862472 3712525 3906430
3710288 3965256 3813140 4006203
3701076 3873777 3779037 3643522
3961833 3905442 3879145 3876563
3874277 4085291 4013097 3858132
4231873 4088544 4152287 4113014
3766333 3823649 3820362 3707597
3968320 3913262 3926835 3877129
3699834 3881033 3756758 3709571
4014541 3902762 4007834 3843128
3900062 3708283 3800492 3714856
3766138 3836476 3639402 3877274
4181796 3929671 4091346 3940577
3982513 4014555 3974782 4035537
3969676 3768320 3917282 3828456
3791128 3914228 3759524 3955303
3806005 3761859 3675090 3769139
3751479 3916371 3743323 3881627
3871909 3771750 3818046 3873960
3691705 3914591 3890074 3777661
4042669 4053100 3964184 3934229
3864270 4066210 3985561 3962853
3921547 3863502 3830907 3948963
3747798 4011869 3887512 3922549
3935515 3801507 3869817 3852504
3673460 3882781 3783328 3752579
3943350 3783122 3749109 3877894
3748355 3790035 3788646 3827103
4138369 3924792 3914377 4049980
4027972 4019440 4052444 4102813
4014073 3862672 3719709 3871691
3808765 3803092 3923017 3958055
3934481 3850374 3724161 3791009
3830193 3872240 3802054 3948909
3829097 3927233 3797611 3832040
3724870 3790741 3813134 3826975
4034101 4083894 4003567 4037385
3884157 4016115 3995315 3967795
3907352 3884794 3861733 3859138
3786252 3816283 3946010 3874811
3787649 3937752 3706618 3843699
3816254 3778303 3791856 3795738
3944008 3785474 3749329 3850140
3715777 3956511 3695435 3904904
4117501 3976272 3972919 3942624
3942070 4166384 3949783 4104650
3898352 3944141 3773682 3865077
3845161 4047841 3871919 3896961
3890641 3862035 3690707 3863413
3782460 3913629 3706443 3917909
3800417 3918103 3941781 3816423
4016195 3965412 4097252 3917097
3657869 3861311 3745976 3687041
3880453 3808188 3880592 3886814
3652590 3821946 3806761 3690625
3979866 3832216 3973452 3847741
3601647 3822364 3777925 3586283
3939120 3860634 3855221 3813277
3986245 3865714 3929011 3889514
3887202 4006974 3770530 4013455
3846840 3763746 3832233 3713427
3848940 3909759 3564713 3849622
3929877 3716199 3802935 3713830
3820117 3902417 3683378 3876629
3776057 3682668 3720303 3717665
3729607 3785547 3630311 3788458
4077142 3953152 3856125 3914066
3788369 3982538 4076430 3853752
3837007 3779648 3823298 3823153
3715117 3854244 3807678 3699122
3921448 3815481 3791545 3860538
3753577 3982138 3868856 3700772
3880965 3850712 3644109 3819920
3663958 3856380 3803261 3729266
4096811 3896672 3789272 3964375
4001373 3974433 4005816 3995838
3895803 3766058 3655204 3744027
3819638 3812050 3735784 3839640
3948314 3834381 3724934 3803918
3863016 3814872 3884029 3866127
3915615 3807165 3621650 3746077
3659281 3772224 3769588 3871808
3906421 3978916 3862817 3967074
3891334 3921615 3963626 3990097
3753930 3783990 3718259 3815768
3736358 3700370 3800764 3788930
3919617 3901411 3814521 3869474
3803696 3795816 3792125 3805153
3786440 3930724 3795322 3766319
3700803 3777512 3807631 3778586
3977749 3960723 3794313 3869950
3876035 4086213 3877827 3979803
3771458 3791408 3682908 3792697
3669695 3873818 3745632 3843030
3918467 3797260 3663933 3807278
3779794 3884733 3781007 3939883
3827759 3762435 3690292 3721377
3722335 3879463 3703426 3866244
3871818 3867100 3902628 3746957
4011102 3919585 3997467 4000875
3626580 3788122 3730640 3647122
3920193 3759786 3877235 3766365
3847475 3943052 3934411 3846666
4129413 3999719 4091248 3909109
3737765 3962419 3829617 3791408
4025929 4028883 4081564 3946883
3950050 3830446 3898083 3805501
3834201 3905940 3732868 3898081
3833125 3730592 3686484 3731071
3741174 3865472 3680084 3722644
3996402 3886618 3936908 3827016
3895735 3953839 3774696 3876405
3988460 3805980 3859427 3899315
3855982 3899920 3771263 3923512
3925146 3858570 3828612 3882510
3746042 3877146 3880696 3834038
3836000 3748241 3727600 3776197
3660705 3911354 3775266 3688000
4047586 4027021 3893331 3958040
3823247 3977588 3965399 3770872
4038630 3918025 3814603 3907208
3858923 3994275 3864495 3873905
3942891 3883134 3766644 3813737
3862779 3947275 3859133 3973201
3922970 3748354 3663822 3766428
3740677 3755745 3679134 3793154
4056550 3916354 3871821 3878937
3954843 3947996 4002041 3917961
3947775 3900670 3899382 3812333
3888443 3852040 3855111 3963692
3872252 3985246 3905576 3901320
3781699 3865582 3844774 3819170
3807039 3822914 3836000 3660838
3649698 3739331 3699346 3752139
3965094 4029574 3861828 3977981
3867655 3961772 3855439 3896256
3951366 4054883 3793073 3971077
3835979 3874450 3870610 3922977
3913670 3893100 3820938 3793648
3820810 3974068 3764130 3889924
3853886 3749087 3669054 3786733
3670589 3871552 3701183 3822509
3964947 4033319 3795432 3982145
3896881 4093937 3921821 4022226
4000990 3828494 3688114 3915611
3861889 3959928 3834386 3947127
3672614 3783433 3696349 3665783
3948983 3849505 3895211 3773577
3783635 3901411 3899411 3737353
4025618 3961647 3915264 3890782
3844815 3943091 3940242 3755306
4078709 3993466 3996934 3844740
3663356 3786055 3804247 3682516
3986776 3893874 3936123 3865552
3814911 3738785 3712731 3752323
3816005 3796749 3666465 3795406
3935754 3771984 3899125 3814373
3842565 3851640 3701757 3843349
3998200 3846504 3903847 3917803
3880873 3905538 3846971 3983004
3921949 3784069 3735632 3741392
3836151 3893994 3729931 3845240
3781089 3749078 3736326 3751921
3739349 3790147 3719401 3662923
3930393 3919305 3939950 3871939
3803156 3887495 3901222 3799113
4004364 3954848 3853379 3901297
3853581 4004369 3854533 3873917
3895284 3828466 3782752 3678645
3682696 3801045 3804248 3733061
3789137 3656446 3693085 3753448
3757200 3769976 3744829 3760584
3977500 3861196 3723566 3912169
3829032 3859759 3872771 3886487
4013497 3922571 3804277 3912830
3856963 3920312 3874025 3936220
3898093 3830264 3563308 3683953
3713014 3743262 3773543 3857113
3670941 3867962 3731228 3795805
3740209 3668725 3696881 3676487
3838893 3942413 3832194 3929648
3816979 3887759 3935981 3868258
3903287 4021475 3890737 3856323
3872223 3873780 3840391 3913491
3779433 3863586 3762856 3889615
3749262 3734688 3777680 3718207
3848092 3821642 3720856 3762078
3761936 3900437 3622353 3809681
3985282 3927084 3766955 3898662
3726761 3980836 3794833 3900745
4021138 3951275 3762618 3886760
3810978 4000854 3829707 3976832
3827005 3673930 3685105 3839697
3659567 3926036 3665284 3830719
3860539 3934126 3918853 3752706
4051180 3932988 3976383 3845017
3740334 3849196 3866020 3743828
3950053 3879408 3954545 3826837
3683729 3791214 3768979 3615553
3835351 3782853 3813618 3804722
3802942 3978816 3856651 3708956
4061805 4029111 4058750 3906126
3888747 3795427 3948589 3863350
3790386 3838313 3795841 3951745
3874695 3721695 3808504 3742976
3790088 3865145 3772386 3857959
3789410 3740302 3823325 3732334
3825595 3825904 3699483 3828172
4044704 3816626 3877180 3841533
3861908 3899067 3838298 3926333
3981232 3887025 3906298 3883360
3774876 4021777 3918144 3810795
3896469 3777250 3792731 3779967
3671860 3863349 3864874 3781592
3912980 3804224 3713045 3816831
3703249 3835306 3758039 3719048
3991420 3830525 3937193 3955631
3754005 4057874 3829547 3809069
4062598 3821971 3795648 3841851
3877866 3860644 3904238 3962493
3932192 3831014 3648943 3825734
3803583 3787995 3827573 3809701
3853978 3715409 3734548 3719472
3771102 3804695 3780192 3798667
3913640 3856192 3786884 3831199
3864345 3909274 3832369 3903720
3837274 3978153 3917711 3845278
3774439 3833559 3862333 3826592
3849158 3944823 3762347 3825202
3767995 3787146 3809465 3886532
3696777 3890704 3718082 3764058
3749228 3683335 3833169 3709755
3967177 4009438 3845494 3887494
3860224 3844148 3904433 3771717
3965362 3910847 3835232 3865342
3792995 3998124 3803718 3870486
3832477 3866916 3812369 3781731
3738480 3999738 3759211 3821807
3868324 3878148 3779871 3757350
3740136 3814236 3667666 3787900
4056808 3961583 3863124 3939154
3805143 4034978 3746745 3993989
3672294 3736667 3749745 3602844
3952342 3812915 3922660 3797461
3909038 4048140 4004418 3832476
4052213 4032731 4104140 3993126
3839652 3989372 3841320 3636932
4136326 3946257 4054359 3942494
3648126 3950408 3881682 3699770
4011770 3950630 3897504 3917311
3801533 3691068 3785459 3719823
3694817 3846628 3698006 3726987
4051244 3820897 3971448 3956240
3989679 3970257 3860860 4064983
4067715 3812985 3899748 3862069
3829339 3969824 3769384 3995361
4024024 3725283 3862080 3851994
3771502 3900170 3686550 3892709
3949428 3753083 3771358 3692341
3635289 3815717 3783665 3663011
4034429 3995936 3850514 4043327
3832255 4017198 3977958 3874945
4041359 3941896 3925110 3913486
3825056 3899401 3873449 3807568
3915548 3897645 3887626 3787736
3798732 3879544 3825059 3804078
3802121 3730097 3645812 3771702
3660213 3822779 3723933 3769561
4014594 3872279 3856591 3972709
3978643 4025390 3980630 4026329
3957020 3846782 3860462 3981473
3842123 3885697 3928006 3971391
3939439 3846943 3735184 3816991
3890875 3797924 3841628 3870395
3744747 3872738 3693124 3834054
3636478 3793828 3799653 3810263
3995165 4083025 3831678 4054199
3935031 3992112 3919365 3988436
3971887 4013999 3899776 3968236
3828813 3843408 3863518 3804519
3919677 3916570 3769183 3828913
3806757 3862462 3752993 3810097
3786500 3823822 3679148 3738847
3648880 3882069 3684933 3773861
3977007 3951029 3940486 3949105
3883038 4076969 3842700 4067963
4020403 3888460 3760119 3864789
3760703 4034903 3850309 3923708
3881569 3929898 3741076 3876394
3734701 3956655 3778186 3904998
3673319 3823077 3823326 3695313
3981061 3874915 3913697 3806183
3712129 3849177 3781172 3690739
3924074 3881809 3888331 3786990
3545971 3728938 3697144 3544772
3838808 3746927 3815259 3766893
3625047 3810263 3811044 3645104
3943204 3878239 3983685 3772165
3958715 3718639 3844822 3843999
3816703 3874665 3719160 3874605
3835613 3817529 3812771 3811693
3817601 3868854 3672449 3778740
3779757 3673776 3704079 3640370
3744875 3774637 3601431 3731505
3881870 3695563 3816968 3723407
3809179 3849044 3689096 3835088
3820539 3802061 3763195 3854573
3734862 3871337 3799933 3681676
3979318 3717845 3743572 3787609
3661496 3849234 3830644 3735938
3731806 3664888 3757557 3606761
3503232 3801882 3660089 3607607
3869796 3799801 3760579 3800822
3718250 3907085 3813914 3676663
3871235 3774551 3734020 3848323
3785140 3725234 3790880 3843391
3891614 3804684 3781262 3760939
3822414 3856002 3870395 3838799
3768117 3643697 3523484 3699129
3634008 3723116 3722577 3781833
3911705 3728342 3758206 3778174
3795595 3897271 3852651 3862777
3762620 3830814 3737179 3862496
3774190 3767358 3789213 3847030
3798739 3899459 3794506 3829623
3747974 3793874 3839207 3786289
3688823 3768137 3702942 3754664
3666765 3663413 3654498 3714957
3801898 3891747 3756219 3844517
3770616 3771947 3793800 3790644
3857077 3869013 3693493 3719425
3726763 3868388 3720214 3770112
3890084 3903255 3698277 3776884
3764666 3916849 3761189 3832812
3754131 3649746 3640888 3795348
3541434 3869965 3610766 3748009
3971949 3806001 3716474 3740676
3773763 3904075 3685409 3869548
3828181 3918445 3881196 3737029
4001348 3824255 3953240 3850556
3811562 3982910 4034074 3848928
4148488 4092919 4036025 4168054
3664312 3797082 3680097 3575474
3934574 3855423 3882748 3762943
3680603 3694815 3785941 3600621
3892890 3745495 3826592 3771543
3950573 3770698 3826234 3875384
3943755 3900832 3749260 3933951
4032874 3926729 3950613 3906525
3846343 3926454 3813375 3992628
3786004 3731843 3716760 3740287
3761021 3764991 3722077 3803385
3847499 3742912 3686157 3775610
3707200 3778703 3679844 3797531
3997716 3828287 3845232 3915546
3838005 3815108 3857433 3827537
4031546 3992895 4028859 3916425
3844113 4062403 3955859 3988026
3796016 3799169 3810095 3805447
3715887 3874856 3833746 3683387
3855520 3752126 3670643 3727290
3680550 3742940 3745568 3746245
3989307 3899170 3715617 3862286
3832339 3826556 3846416 3956537
4063100 3963166 3863758 4001871
3962420 4029681 3978325 3929321
3845851 3689665 3629034 3743428
3744478 3730363 3761563 3766243
3843575 3750991 3650770 3684557
3661560 3709319 3767788 3898673
3860101 3976170 3825170 3908282
3846130 3860377 3848724 3724204
3903557 4084471 3875039 3995369
3888703 3906498 4032967 4008412
3742922 3838297 3798714 3779560
3823265 3792587 3695934 3669092
3693069 3881590 3629889 3797323
3684316 3744221 3773370 3699888
3977393 3914547 3718677 3833115
3830478 3999667 3771573 3960577
4061943 3929692 3912346 3966575
3879017 4089842 3886354 4034289
3796691 3752757 3720707 3766269
3671591 3921108 3701915 3820784
3851362 3765517 3738482 3643212
3627002 3791692 3663933 3709849
3744720 3811293 3896364 3760548
4052911 3845577 3994469 3878238
3769671 3878193 3813018 3683368
3923584 3867434 4002362 3829890
3658150 3680191 3706002 3628190
3877116 3759250 3773486 3827244
3724187 3941740 3869972 3629985
4023081 3902639 3918056 3831047
3926279 3779665 3892549 3810524
3845529 3899070 3794324 3878407
3901066 3775348 3779503 3751549
3741700 3873207 3743236 3815963
3838067 3702515 3695466 3719120
3704426 3839650 3689908 3792667
3953723 3735508 3816068 3746676
3815913 3947524 3744984 3921233
3955495 3897767 3874608 3840484
3802303 3940096 3874721 3792562
3849096 3843587 3817953 3746612
3675645 3794272 3846408 3725453
3806499 3793084 3661139 3747295
3669865 3848856 3755163 3724176
3905968 3856872 3744663 3867596
3726964 3905477 3788762 3758138
4059043 3935629 3745244 3895680
3898776 3893369 3887821 3988575
3929299 3753858 3722405 3844644
3767543 3810128 3772975 3866451
3791607 3741427 3710829 3752010
3753395 3652293 3798845 3785353
3974547 3858216 3738520 3805191
3786780 3854662 3783461 3909416
3857402 3933626 3880551 3895011
3803590 3844903 3860097 3889835
3792527 3878319 3822818 3754813
3813933 3740424 3747322 3815783
3731097 3883793 3739474 3783862
3630242 3733303 3701448 3769887
3725227 3924148 3758099 3863171
3784940 3802113 3808281 3848901
3952061 3931420 3757687 3879682
3819823 4009270 3882845 3901021
3878782 3799976 3699855 3767038
3688046 3904588 3705068 3837882
3883373 3719154 3639906 3705703
3679030 3852156 3617540 3774657
3877938 3814721 3723266 3888639
3738921 3917013 3772994 3889573
3954211 3998087 3995771 3803050
4183143 4038801 4149739 4009939
3735254 3828159 3759606 3679401
3933498 3893697 3866130 3821594
3680093 3732849 3749483 3643652
3920010 3840245 3903611 3740982
3827808 3975303 3963614 3785243
4105956 3950903 3955442 3967295
4065096 3957331 3959355 4000817
3987913 3937541 3839185 4028454
3875131 3755099 3848507 3729464
3698744 3807820 3629833 3751100
3791080 3776771 3698879 3751396
3777535 3765596 3713128 3828913
3944792 3923104 3931250 3917794
3917865 3947420 3806793 4004013
4101016 4021407 3959080 3894415
3888848 3988279 3942704 3966612
3800358 3790312 3819867 3882438
3699359 3882853 3839998 3742140
3828284 3792333 3737433 3837098
3673006 3894304 3830887 3713210
4020189 3962455 3949002 4076792
3812831 3960514 3870687 3833600
4086827 3991127 3813357 3898312
3977001 3997722 4035184 4047097
3945170 3752671 3713386 3776884
3770878 3787049 3896547 3846786
3824507 3751652 3667645 3787965
3736725 3841693 3833415 3813123
4038387 3854210 3863354 3887120
3867584 3996575 3904545 3944920
3936340 4020950 3991321 3954721
3907362 3961966 3999113 3933986
3778049 3876335 3776824 3895046
3728818 3785352 3782527 3697178
3761940 3836719 3757562 3770297
3787927 3789036 3774511 3754215
4015612 3932728 3838759 3955688
3766031 3903810 3879344 3909656
4022090 4047882 3848112 3972630
3913730 4099048 3960284 4021599
3864810 3851603 3754048 3764008
3745470 3932544 3725604 3785126
3830983 3773724 3647299 3715990
3675436 3865550 3682670 3873497
3917308 3887650 3843744 3921801
3817276 4037012 3782784 3933559
