4211230 3946939 4008155 4026920
3997023 3960929 4045569 4133711
3927037 3777713 3876473 3860808
3809870 3829407 3775850 3810816
4188808 4017231 4105665 4130817
4038284 4077192 4019864 4064562
4030449 3832113 3988550 3988995
3865957 3869705 3884965 3885159
3991915 4049413 3930302 4026439
4090447 4088897 4045885 4087781
3828311 3817548 3719104 3789216
3882389 3796639 3769037 3828705
4000525 4124014 3892240 4021279
4120331 4118355 4057396 4146948
3800668 3863148 3817848 3940296
3991111 3991115 3833714 3991012
3960516 3964758 4012681 3980546
4089782 4082092 4040075 3961456
3726593 3792167 3791228 3788841
3847081 3775061 3795517 3674005
3963745 3975489 4084260 4066378
4045365 4015070 4010438 3844725
3799002 3880774 3966624 3890039
3885816 3932310 3832811 3849368
3995924 4016025 4083783 4060275
4116258 4144560 3965338 3992119
3858892 3756239 3841013 3786649
3905813 3806771 3892205 3674791
3965309 4122430 3992915 3971977
4144022 4112979 4031398 3943203
3925972 3923704 3846331 3911648
3970727 3939834 3964235 3774432
4020892 4043363 3940916 4045224
4042673 4045448 3953727 4130197
3770816 3886237 3679176 3790754
3903132 3832481 3720855 3845785
4049639 4089486 3939728 4114025
4158750 4066048 3945372 4053116
3849111 3862054 3756926 3989146
3921835 3878010 3925239 3929861
4136663 3915465 4078864 4144625
3827934 3977064 4134308 3972763
3843780 3661037 3748342 3888974
3559955 3741918 3821826 3771728
4116833 3962574 4087076 4152681
3834741 4020038 4114781 4071838
4029281 3719674 3885406 3983504
3743843 3739623 3960231 3892708
3916695 3750656 3891393 3882837
3745033 3862901 3790060 3792578
4029727 3810408 3857660 3951446
3832092 3819536 3818297 3837871
4089587 3986207 3987360 3999062
3904557 3958417 3860942 3880868
4046422 3924679 3904586 3973383
3915326 3880292 3891983 3993681
3744190 3834662 3712436 3790735
3811549 3796342 3816442 3882034
3743631 3811432 3795272 3774930
3879861 3903410 3876463 3922863
3927439 3946651 3837560 3980521
4029802 3969480 3992464 3986474
3868347 3898483 3909183 3910717
3922525 3940018 3973061 3987682
3674220 3711635 3907549 3761965
3864019 3737893 3709793 3736580
3795382 3810050 3921351 3864072
3887954 3830179 3810858 3744691
3813948 3916829 3976298 3894560
3921717 3941574 3860331 3827752
3903341 3850013 3902747 3849510
3995586 3906710 3813937 3857558
3851838 3790709 3874348 3777854
3820093 3742942 3736467 3697587
3876356 3910141 3829667 3830166
3939712 3853916 3895609 3713702
3917176 4008023 3952472 3907917
4025101 3985231 3968749 3826128
3961784 3946916 4034825 3888849
4103541 3926336 3970425 3769792
3806229 3797250 3597665 3771025
3850230 3821379 3761595 3853987
3771323 3852386 3758749 3932706
3909083 3735601 3847889 3883789
3919895 3972236 3878758 3888039
3967183 3899586 3961331 3946796
3805287 3883850 3884304 4006742
3984435 3923838 3870414 3969733
3846360 3678431 3803969 3886366
3555957 3663181 3760984 3733715
4017061 3730788 3895231 3904567
3609240 3910706 3862358 3796345
4019777 3860221 3868522 4053389
3714950 3896221 3968606 3858486
4018771 3809826 3870090 4041977
3799394 3909689 3926657 3916199
3930133 3830930 3918365 3942608
3849232 3842662 3781094 3878616
3961744 3816658 3912654 4042319
3843411 3847365 3800134 3860997
3934934 3809611 3927278 3940463
3753875 3855399 3838752 3785919
4077518 3870459 3970187 3953480
3904449 3901443 3900737 4010360
3729395 3858058 3805051 3918173
3904128 3900363 3784917 3930454
3884051 3899078 3834980 3890856
3866385 4007971 3920473 3990688
3770065 3773948 3788800 3774362
3841538 3864530 3825895 3986765
3947449 3915671 3903929 3881446
4007102 3953283 4005142 3994019
3814959 3779382 3880730 3822139
3955926 3815819 3795509 3719666
3751041 3820963 3881786 3877699
3916861 3841197 3913564 3856202
3704190 3769075 3884648 3842308
3881970 3831938 3848605 3711221
3873615 3946685 3960229 3940133
3901926 3960013 3899435 3848298
3876968 3791766 3732350 3846159
3950855 3824051 3882766 3744928
3960064 3874180 3884525 3809936
3990923 3906428 3890712 3758873
3842878 3833554 3856567 3818485
3902028 3873528 3767526 3671005
3883715 3958640 3986438 3941202
4023143 3917183 3948967 3826350
3793810 3889434 3782746 3813708
3869910 3885936 3829947 3879001
3748204 3873607 3735101 3871400
3920824 3900932 3800228 3929421
3749561 3856574 3737142 3827562
3806306 3825234 3791703 3859857
3936023 3960116 3878810 3904224
4093590 3887660 3991214 3984178
4027341 3698909 3903470 4001716
3685351 3772984 3812757 3851983
4046129 3745564 3859690 4014959
3708008 3768073 3895687 3931111
3957918 3716152 3860364 3900409
3609280 3806976 3849403 3854242
4080083 3862090 3910399 4000111
3830196 3841797 3992028 3844659
4122112 3907236 4075370 4091735
4001762 3941289 3955105 3942886
4103712 3808365 3962300 3990973
3919599 3945759 3815285 3993992
4101396 3924316 3991829 4019733
3884167 3941161 3890982 3926128
4084354 3893586 4050751 4103388
3943106 3920683 3863815 3957344
3848294 4048654 3929000 3903343
3997939 3949525 3974377 4054121
3883578 3874179 3853107 3943645
3969695 3939787 3914666 3996950
3809527 3922089 3854283 3897986
4043296 4028373 3957603 4053691
3969742 3982349 3887504 3888701
4091808 4033439 4002817 4017044
3832883 3916162 3969259 3948234
4067028 4014013 3937813 3776045
3883003 3868004 4045293 3843467
3959303 3890080 3927667 3806972
3836700 3900148 3999218 3917922
3862033 3868323 3878872 3776384
3894334 4000142 3929417 3969310
3975367 4028355 3989647 3863723
3916025 3995705 3965050 3957119
4042480 3963556 3924842 3993423
3857548 4068187 3926274 3915576
4025075 3882086 3966617 3854623
3952020 4020485 3948795 3952673
3963385 3873910 3984881 3804900
3955143 4040509 4003450 3946704
3991181 3979139 3972983 3872134
3940195 4000672 3877542 3909966
4081473 3961709 3992986 3952874
3805920 3945946 3857183 3942986
3969721 3962044 3905797 4053357
3857858 3962732 3858696 3924858
3953321 3925001 3866022 3962471
3938125 3979228 3947020 3960813
3989941 3988961 3912314 3968599
3986585 3782183 3959787 4036491
3718925 3877103 3977187 3978810
4009195 3773184 3971541 4026156
3691569 3830708 3879909 3947053
4052022 3856726 3958326 3957695
3813143 3845401 3880533 3840883
4089127 3873775 4029861 4072042
3779820 3864100 4047445 4021929
4009543 3848744 4033277 3971845
3849480 3997297 3842145 3887853
4060985 3987841 4092812 4141188
4003823 4062035 3940819 4026322
3985429 3707824 3927488 3912833
3763015 3861748 3773674 3850183
3901074 3711964 3877687 3854034
3655473 3737967 3738151 3767370
3832344 3892603 3747670 3902673
3966248 3976004 3811124 4034164
4003349 4077523 3906801 3988559
4089155 4041852 4016792 4122277
3832041 3903503 3749653 3794054
3869876 3828330 3708991 3879304
3680550 3824095 3713442 3742388
3776318 3827653 3818167 3899132
3773510 3823790 3885815 3821584
3809272 3870401 3915838 3833811
3944819 3936808 4045938 4055325
4017125 3928523 4057779 3909165
3816239 3797793 3860835 3772903
3849724 3764581 3803320 3718037
3654960 3743423 3761891 3649049
3767897 3665298 3764766 3697187
3882345 3973711 3890374 3834394
4040026 3914241 3969468 3818752
3959844 4001122 3983916 3939674
4156311 4032820 3965364 3930412
3790710 3839861 3785819 3738771
3866788 3816989 3819084 3754386
3712817 3792960 3756201 3807499
3866956 3893003 3823881 3631251
3830984 3956496 3873157 3817236
3937399 3860271 3837455 3999531
3933160 4026130 3906735 4036191
4088191 4024447 4030511 4025126
3700656 3865925 3795998 3842437
3871852 3807030 3862638 3809637
3725585 3809037 3719275 3744590
3877959 3777137 3718825 3892316
3931678 3699567 3914449 3992115
3725360 3803974 3917935 3830766
4017121 3858559 4014734 4070715
3842539 3874257 4094845 3983556
3892218 3677264 3812088 3873350
3644435 3765218 3872159 3807722
3786345 3563699 3691735 3835521
3608756 3709051 3831439 3788865
3929686 3835354 3918924 3908051
3866899 3874547 3817156 3806168
3992919 3807592 3880389 3926494
3857183 3879026 3814934 4020415
4061482 3859535 4000756 4065718
3967225 3953688 3935872 3986915
4097954 3937439 4012535 4034814
3903740 4018654 3938175 3947371
3719566 3813746 3815758 3870177
3967819 3821143 3881523 3913212
3782903 3853933 3826026 3882875
4009053 3877713 3848396 4036487
3891741 3937555 3842845 3926931
4014845 3934544 3884757 4065356
3953945 3978956 3920222 3950294
4017848 3936638 4008901 4010802
3723770 3767458 3816986 3768170
3790120 3811661 3804169 3778236
3720986 3834492 3906110 3789094
3901833 3851747 3803353 3752339
3868170 3818361 3952423 4018713
3977511 4013469 4000781 3835971
3894972 3822324 3902918 3916913
3918322 3953459 3937764 3843428
3830659 3865050 3843864 3716664
3919365 3887538 3808967 3721310
3898075 3881280 3930442 3867029
3900319 3821635 3872921 3762994
3929044 3970685 3869421 3869736
4017524 3968839 3967968 3881433
3998705 3982890 3934633 3882250
4076619 3986155 3965553 3853720
3733533 3836246 3728199 3835207
3880610 3803341 3841575 3860934
3810109 3902865 3787780 3780642
3907287 3939013 3855225 3929638
3859326 3911699 3940903 4002881
4078885 3986076 3992800 3951818
3874411 3923027 3824035 3937237
3967432 3934127 3871087 4074524
3985934 3700353 3849677 3901659
3617529 3732504 3897603 3817806
3972353 3689759 3825850 3952103
3704062 3858980 3894311 3757464
4095104 3860330 3910198 4054105
3742062 3918403 3996161 3924809
4099417 3852838 3894157 4036947
3743501 3923208 3987103 3926852
4112074 3944007 4121878 4032117
3856124 3978596 3985786 4029465
4062768 3884899 4027413 4034684
3872716 3977385 3857941 3969294
4124794 3977097 3993661 3993070
4004409 3973757 3985112 4007651
4189181 3884041 3986458 4004084
3992616 3904085 4014056 3953247
3910218 4012276 3910223 3954573
4023177 4005002 3969255 4087071
3857745 3909758 3849483 3934332
4059567 3953054 3935254 4017140
3958902 4011420 3920520 4072965
4069968 3968077 4008376 4094120
3864927 3943533 3821434 3926904
3996707 4032770 3888832 3990055
3957969 3919358 3964034 3942787
4007003 3927366 3964761 3848958
3892586 3751379 3861577 3863831
3957088 3871857 3941063 3745038
3830734 3950433 4010055 3877683
4045250 4007576 3916424 3929520
3849867 3879510 3936048 3959763
3906047 3958129 3923210 3885233
3965251 4011691 3982101 3968307
4040182 4063811 3995111 3836194
3916046 3966495 3909846 3892124
4014370 4025781 3887441 3740285
3903677 4040293 4019403 3973832
4052268 3988835 3878520 3845896
3929390 3896823 3932613 3933502
4073664 3973529 3926046 3909240
3880497 4005175 3911619 4018213
4066632 4020751 3995623 4041595
3867613 3910082 3808497 3987943
4044997 3926205 3957291 4036085
3948143 3956623 3881552 3897058
4010783 3981573 3828509 3986539
3910030 3978191 3861110 3963402
4020058 3961783 3871664 4124951
4093201 3852247 3896036 4075296
3740000 3926455 4022081 3921778
3997950 3773967 3921638 4022641
3726096 3905386 4052265 3890692
4044008 3819854 3913744 4090503
3800539 3963475 3936697 4014581
4008345 3882379 3921223 4149837
3776813 3845892 3980332 3930051
4058507 3820922 3906161 3966096
3856134 3847707 3975898 3921132
3922178 3717293 3805756 3845216
3709868 3784694 3722939 3791819
4103078 3804242 3993331 3984075
3918371 3879792 3958630 3990860
4126720 4036260 4095687 4074680
4003488 4008640 3959642 4018519
3937592 3948858 3778338 3809108
3949177 3946721 3888810 3978470
3704884 3776279 3701862 3730886
3812700 3781863 3781325 3876298
3898702 3961768 3807206 3931302
3979712 4049218 3915931 3989619
3974521 4014595 3876056 3996891
4096145 4116042 4054536 4153613
3792970 3908147 3947657 3803841
3954276 3867732 3883507 3712473
3606881 3702364 3740165 3659265
3803138 3706723 3689659 3663728
3872152 3856818 3917173 3860408
4014308 3961922 3905079 3764038
3930516 3932201 3969428 3958033
4034286 3975110 3955839 3960885
3895852 3882198 3928734 3959986
4000638 3992191 3959402 3851320
3811012 3771427 3749054 3720675
3804465 3686767 3689864 3592729
3981740 3897260 3988901 3862945
3995360 4025249 4021616 3815953
4045986 3981612 4026911 3931666
4076487 3997761 4012033 3872979
3874201 4024524 3804083 3977731
3977174 3934277 3801997 3875861
3725334 3760588 3684261 3845598
3829364 3739048 3702368 3787943
3873296 3996982 3855942 4002785
4024141 3861919 3920531 3989959
3971131 4034172 3901875 4006603
4131619 4115258 3910215 4127305
4000525 3787589 3925827 3959663
3683005 3890193 3969884 3893989
3879587 3680678 3748983 3846952
3559362 3753346 3710615 3744753
3980125 3722662 3920109 3983283
3722934 3936226 3975553 3865989
4138904 3903498 3995914 4084758
3782771 3916339 4089415 4039540
4139887 3837127 3980542 3973726
3799972 3931783 3938211 3969859
3909928 3730799 3889354 3879962
3655500 3801589 3724212 3749307
4103033 3924445 4005083 4017877
3884691 3924085 3875787 4019971
3985593 3820888 3993588 4003918
3875489 3888472 3884845 3951609
3841389 3963861 3884317 4024542
4036554 4008962 3938359 4001298
3735949 3838498 3666572 3749365
3843700 3787959 3772167 3892841
3860165 3926785 3848508 3959381
4062852 3964904 3868298 3972812
3995279 3949986 3856658 3963354
3925905 3948465 3962086 3973282
3891468 4000786 3912355 3903706
3937281 3926946 3884933 3815966
3747703 3708519 3729982 3725334
3799045 3746533 3706737 3660146
3852919 3902692 3882466 3867906
3926217 3981686 3929837 3840720
3814658 3999088 3922893 3891419
3927400 3895275 3879437 3842845
3919563 3986300 3981579 3911504
4020121 3982930 4003990 3715452
3790780 3736444 3810486 3819773
3823493 3852225 3784715 3758305
3935081 3930681 3908615 3903571
4026593 4058137 3915367 3914810
3938679 3895743 3807467 3938022
4085178 3998522 3886385 3863075
3863658 3960898 3824805 3868260
3986529 3906395 3985071 3951088
3713543 3800117 3715256 3801942
3790899 3772237 3783590 3804907
3855628 3869404 3841929 3905533
3917079 3965434 3844404 3918213
3927139 3923571 3874497 3934449
4097676 3853162 3910655 3980885
4084727 3795097 3962483 4047282
3761774 3956243 4063221 3879855
3924707 3616737 3779491 3908148
3551370 3763777 3803640 3839457
4070882 3846699 4004914 4040480
3726392 3887457 3962915 3878843
4058860 3789911 3875796 3999605
3745426 3854171 3946091 3926170
4140243 3908108 4100495 4082392
4022701 4049145 3999832 4105622
4123300 3928174 4003756 4117184
3941329 3917755 3922265 3994080
4014614 3853940 3940017 3877194
3784613 3891743 3829030 3902270
4037357 3811965 3893781 3910029
3800385 3837592 3821977 3791568
4020289 4110353 3939202 3976878
4017573 4127286 4087400 4110182
3981957 4031913 3901177 4029800
4086556 3983474 3968745 4091835
3730507 3818471 3797817 3865949
3922814 3904686 3832700 3922800
3774926 3865278 3721977 3869593
3938383 3949772 3866502 3927703
3930027 3997308 4064456 4033442
4043367 3960839 4063686 3908826
3918751 3876484 4023718 3945862
3994649 3994649 3892407 3862626
3682694 3853682 3881633 3842868
3775126 3885018 3859011 3788745
3802623 3813310 3816807 3850801
3898179 3751226 3834339 3736491
3999147 3981533 3980040 4031255
4083967 4071951 4016611 3952254
3909132 3998629 3968158 3931820
4134293 3978747 3970587 3933396
3864117 3856693 3889230 3698713
3910176 3852632 3899328 3714684
3861541 3868899 3895372 3749518
3953754 3890971 3857759 3778759
4036122 4068303 3983445 3988978
4047563 4022524 4027953 4076564
3997101 4018956 3869820 3973760
4078751 4039514 3893836 4034718
3842216 3908332 3746180 3916896
3918228 3817915 3785256 3860158
3758232 3799438 3727983 3891852
3950700 3850978 3784798 3948710
4118070 3891272 4063402 4095091
3856067 4020379 4158583 4029578
4162327 3815355 4001905 4127635
3813980 3943973 4008438 3983979
3971793 3696989 3866766 3883691
3753487 3868218 4002378 3886241
3920100 3659620 3871034 3955459
3682742 3845407 3911314 3785039
4046411 3862641 3989925 4026907
3869517 3868696 3881118 3959331
4094716 3954371 4016579 3952240
3875739 3942466 3962201 4020932
4236681 4029023 4101407 4085893
4088354 4014850 4012975 4089945
4057633 3934386 4037434 4014162
3928336 3991190 3983935 4008217
3856942 3910293 3716575 3914769
3954208 3981325 3970797 3985792
3899651 3938840 3822595 3891111
4025586 4007532 3986297 4071924
3984395 3995724 3945407 4039424
4132166 4082020 4047476 4111235
3899283 4022663 3895620 3993840
4110910 4035422 4000683 4105748
3787070 3986565 3873560 3887777
3899113 3947348 3944188 3847279
3924703 3885373 3945742 3859885
3944718 3922432 3892019 3860027
3966884 3943257 4056025 3950165
4061239 3945225 4018527 3829321
3955252 3962765 4016939 3976910
3923281 4014176 3911630 3922101
3959437 3949645 3867388 3919143
3995607 3942382 3922681 3822372
3964749 4038378 3942401 3913949
4051528 3957407 3910256 3833733
4080937 4074219 4028101 4056753
4172373 4030554 4007287 3940994
4031320 4009641 4019533 3928847
4045652 4099402 4024468 3892507
3881923 3972995 3856306 4011109
3960348 3925765 3894729 3961008
3812077 3926960 3782511 3963946
3995732 3911357 3851664 3955059
4021553 4040264 3995575 4051391
4159846 4055782 4018988 4128166
3989904 4040558 3901570 4031493
3991006 4042481 3960007 4080771
4044597 3787444 3967960 4021439
3664267 3909318 3998575 3978513
4006827 3774768 3858775 3994766
3775982 3890281 4005210 3959385
4150762 3932088 4040584 4207563
3815976 4004394 4023546 4046909
4012934 3893270 3996302 4109039
3871515 3879593 4030620 4001474
3917747 3704379 3773499 3925738
3731812 3771499 3767126 3753298
4050010 3914147 3981340 3984507
3833678 3935206 3945677 3889514
4069863 3903562 4021635 3948324
3833833 3833695 3859256 3997565
3948737 3726382 3862573 3878429
3719525 3781747 3739496 3808945
3770137 3808388 3679167 3768104
3881823 3773421 3742620 3908062
3777569 3916710 3873908 3886585
3953484 3997542 3906761 3985347
3943591 4003193 3900060 3928424
4004843 3916995 3955325 4006584
3736978 3869146 3753401 3827829
3814247 3857182 3821926 3983947
3704745 3702814 3880066 3778835
3860531 3712634 3844141 3679982
3824809 3866687 3866565 3927976
3949585 3965592 3936457 3784878
3818055 3888926 3979812 3915679
3963154 3917606 3956990 3879130
3715637 3744392 3856305 3722909
3842691 3830877 3767463 3699371
3850345 3766403 3734196 3795875
3924470 3835386 3845756 3743993
3962733 3959279 3980083 3950611
4014792 3881040 3956521 3785521
4023089 3953394 3898578 3989384
3944217 3946898 4002424 3920369
3820871 3775378 3828065 3796315
3878798 3896095 3812525 3673321
3753422 3833438 3643705 3786228
3784599 3804053 3832881 3872373
3870289 3896548 3862557 3825730
4011055 3862661 3968783 3984502
3998136 3995542 3890764 3935313
3984024 4033816 3960740 4018426
3752474 3901463 3812160 3821298
3819377 3829031 3803528 3970596
3828081 3586249 3775625 3812475
3637056 3793099 3810733 3770117
4057255 3770498 3927992 4019777
3725976 3868596 3936132 3927102
4069743 3827545 3898556 4040887
3757464 3850028 3986526 3886786
3891166 3719857 3824535 3893018
3631119 3714872 3792892 3876377
3835695 3830513 3969137 4065235
3809458 3867730 3953660 3844716
3862565 3816274 3986658 3951719
3878501 3923404 3857474 3920877
3751345 3676155 3739586 3857177
3769324 3810039 3799102 3793869
3849733 3734688 3844645 3963077
3860567 3821059 3762398 3702595
3932621 3899658 3911100 3905923
3776007 3850084 3989256 3799121
3807015 3878412 3907651 3907726
3814904 3855777 3987207 3742657
3722873 3835604 3766686 3809319
3706844 3631680 3646682 3640418
3806878 3808498 3791758 3867694
3759194 3721712 3829736 3623210
3966106 4017398 4006973 3793295
3822844 3862681 3856806 4017111
3948100 3959609 3946459 3774402
3863119 3898238 3914717 4042554
3807789 3910211 3853306 3610216
3772314 3744965 3819777 3851500
3822509 3883838 3803780 3653675
3775100 3705518 3728143 3835802
3786546 3823264 4031136 3938340
3833117 4078937 3840515 3972787
3704986 3797937 3976513 3851549
3775132 4104122 3856155 3931210
3651933 3707297 3856190 3751017
3758415 3990179 3718091 3812291
3656343 3754486 3865199 3808693
3789167 3988193 3743166 3834947
3947500 3840341 3982256 3842930
4008246 3909918 3826644 3914802
3870998 3868640 4050239 3878320
3990443 3868501 3877316 3947174
3716921 3763165 3833017 3762163
3873655 3760796 3798596 3750403
3802552 3765184 3904202 3712750
3918525 3795022 3808918 3843565
3852310 3847334 3993503 3909573
3976638 3754598 3769555 3876282
3833671 3820757 4007686 3874242
3888120 3713043 3756773 3942647
3699061 3721743 3898228 3813841
3762875 3699291 3727052 3772165
3703640 3794308 3893920 3662576
3840819 3661355 3701674 3773051
3925847 3741936 3913346 4012464
3876891 3908030 4021778 3851922
3718379 3670425 3703137 3796473
3669836 3751468 3739129 3720057
3801274 3713395 3738876 3900910
3768129 3859811 3877877 3820787
3899146 3755238 3820369 3947640
3863763 3845684 3771030 3805418
3922241 3959294 3963785 3972433
3846264 3897930 3969357 3787181
3637391 3755840 3698832 3770777
3642943 3653786 3754452 3602805
3720421 3904675 3853313 3831008
3731846 3806707 3899065 3675052
3834575 3851658 3893589 3876222
3730129 3773885 3927594 3674543
3907836 4053966 3937863 3723328
3919717 3859842 3835694 4003190
3789049 3797907 3678171 3629271
3700577 3694446 3573486 3778838
3905659 3972435 3859164 3654448
3762611 3791826 3710431 3902267
3861177 4037427 3774258 3722441
3737590 3812182 3823171 3876955
3817990 3899888 3992406 3907969
3930374 4086289 3872023 4024167
3586189 3647309 3850555 3716670
3650968 3839451 3654443 3804042
3716424 3693698 3980021 3821226
3788278 4000564 3746162 3929591
3773578 3748684 3990349 3800773
3818869 4035917 3806883 3887557
3884176 3885487 4025939 3937911
3986764 3924908 3920703 3907024
3617683 3631130 3812685 3651880
3807721 3723231 3719567 3669777
3701169 3766770 3915862 3779127
3919199 3832416 3836264 3805758
3805100 3864726 3887943 3803788
3943263 3764700 3815657 3814504
3870658 3952062 4031942 3942859
3836675 3711037 3905226 3902868
3573402 3659677 3846234 3821149
3697190 3636580 3622171 3669950
3685785 3741309 3912765 3874392
3784796 3650491 3839722 3888279
3745003 3762499 3956649 3774554
3915045 3623690 3769772 3814909
3874576 3824402 3822027 3994806
3859704 3864939 3857848 3879765
4111495 3996989 4059852 4157407
4050044 4023433 4045966 4085704
3910905 3802267 3862595 4036449
3839100 3875502 3873763 3957943
3973476 3901318 3952177 4090100
3951950 3989100 3979816 3907547
3833553 3797154 3852354 3859096
3810522 3870354 3906582 3728465
4052605 4087246 4111369 4089909
4044606 4058843 4119924 3946951
3890623 3877598 3893909 3938169
3770495 3823526 3804619 3646349
4050855 3961836 3991971 3995718
3884176 3893910 4035312 3815057
3966381 4019540 3849710 3724720
3858273 3818927 3811456 3879218
4162009 4162127 4159115 3917379
4008159 4094484 4033598 4141510
3846504 3984868 3936227 3754134
3858765 3797953 3854516 3970303
3998349 4117455 4048053 3857996
3895330 3908968 3959489 4021209
3745684 3776077 3922339 3856451
3851015 3951674 3833958 3897756
3913456 4079228 4205756 4139665
4091049 4157687 4076520 4152916
3731136 3718215 3987728 3817551
3824522 4021893 3873112 3912704
3804240 3938257 4095369 3989633
3948738 4157828 3902984 4001617
3881153 3864934 4010269 3797110
3953805 3832164 3843556 3876504
4044002 4054240 4106933 4027531
4151841 4109031 4089271 4094999
3756065 3851307 3898526 3796062
3996798 3815835 3876501 3911429
3948281 3953062 4128752 3865732
4099376 3979490 3994617 3961322
3730900 3858875 3997824 3901972
3912139 3753639 3795936 3894714
3995827 4093923 4217885 4014619
4060758 3864285 4026010 4040534
3772213 3864380 4000326 3867002
3869340 3693279 3800490 3841151
3958835 3920605 4020354 3958624
3941232 3900008 3941130 4046124
3942010 3793212 3956763 3973760
3900124 3932976 3971090 3942969
3900424 3761981 3811051 3945090
3860375 3787214 3871671 3864732
3836854 3824986 3902840 4009902
3873485 3905698 3994993 3855629
3949435 3868366 3876948 4134611
3916877 3945608 3941468 3886520
3998279 3901484 3963855 4057496
3848954 3783589 3915543 3830111
3837204 3853965 3930107 3854291
3835870 3812133 3823597 3728113
3914188 3914227 3960636 3866483
3866368 3891242 3886629 3832124
3928419 3937787 3910513 3984611
3876574 3975854 3955685 3847350
3959029 4060912 3922288 3820118
3941226 3908060 3898763 4055300
3929788 3954334 3853397 3692036
3758150 3827413 3778011 3941281
3916675 4013838 3839827 3720795
3843215 3820018 3783821 4035036
4011827 4086201 4026764 3820464
3955922 3884931 3815214 3911333
3891329 3880449 3994228 3895108
3890162 4132488 3902340 4016504
3731848 3785034 3942273 3835581
3800032 4037014 3842696 4039942
3805440 3780518 3948139 3946459
3897140 4065578 3870348 3995130
3798632 3854745 4070920 3941804
3863472 4051827 3926348 4087280
3926179 3913853 4022903 3894582
4107802 3919270 3902457 3944792
3843519 3770512 3943220 3828475
3902514 3877336 3825961 3865126
3849437 3908979 3893941 3780971
3932912 3916868 3930632 3896145
3876847 3905207 4015975 3926665
4023036 3927878 3946621 4007660
3910284 3887193 3955613 3928982
3951077 3910271 3872835 3974812
3736325 3838652 3947188 3838215
3930211 3631461 3783914 3816085
3768956 3818165 4010874 3863215
3943732 3743463 3747294 3842381
3851128 3880229 4060536 3938749
3985612 3739958 3931704 3930383
4057485 3925362 3925538 4136826
3900678 4007591 4043632 3982777
3722941 3611061 3710854 3790009
3664451 3658127 3733687 3620243
4099260 3924559 4017263 4195157
3994709 4104254 4091644 3998422
3993449 3794991 3898502 3984656
3858556 3992930 3942745 3870053
4109486 4118887 3948327 4033080
4000993 4009670 4111757 3886623
3635138 3704215 3663604 3730451
3644957 3664921 3685819 3506133
3950358 4055123 4079587 4113687
3971778 3968054 4160776 3833372
3908981 3968626 3911518 4008007
3823307 3820161 3940746 3865280
4116682 4172600 3968463 3862816
3935861 3978149 3991284 4079507
3724107 3800826 3699326 3497323
3629044 3668086 3554226 3690508
4118069 4191137 4002602 3852987
3945256 4043691 3948162 4030392
3919242 4008877 3911006 3749804
3861381 3790293 3857671 3997282
3909680 3959416 4155688 4037829
3949600 4243090 3982806 4063383
3601689 3572808 3714871 3696025
3611097 3864098 3675022 3741015
3895165 3997574 4209496 4038740
3883439 4217874 3997833 4227732
3780751 3819140 3945663 3923753
3882120 4057989 3795300 4077447
4040430 4014594 4059003 3965090
4168365 4050691 3938934 4047061
3608036 3670038 3800504 3589740
3807475 3582044 3641339 3677491
4004555 4009619 4109000 4026382
4097349 4075777 4051163 4172501
3925998 3828824 3971992 3832748
4106055 3919070 3896093 3918488
3979472 3982205 4190396 4019012
4083480 3836348 3904934 4100239
3582395 3664325 3749880 3708482
3644073 3586094 3608397 3656345
3988696 4050807 4190851 4077354
4102638 3768920 3958084 4025261
3837874 3791096 4029228 3924137
3907060 3763531 3813548 3936709
3910073 3917329 3904574 4008167
3935788 4076712 4020472 3956015
3972226 3810577 3892861 4015355
3885708 3983955 3956337 4000208
3981986 3792222 3849833 4074908
3940494 3927530 3879183 3901029
3880643 3803739 3871178 3963292
3886744 3785541 3840403 3884008
4001234 3984631 3958613 4000861
3988558 3967973 3943176 3769975
3929560 3909923 3883233 3969795
3894823 3921358 3967426 3833874
3936352 3934736 3926520 3983963
3907913 3833563 3872631 3795753
3885315 3907879 3888916 3877550
3872582 3927644 3869714 3666618
3957746 4067380 3971971 3824909
3805453 3960597 3916873 4079926
3920042 4025951 3900402 3791937
3840732 3890361 3878891 4012702
4011516 4011846 3905585 3767369
3952049 3944545 3927094 4015548
3890562 4023658 3873826 3719484
3817965 3787755 3821643 3959809
3882211 3883194 4039016 3962770
3853772 4216951 3930355 3994811
3806883 3880590 4087104 3934318
3900803 4101156 3911838 4056568
3810039 3910743 3965578 3980138
3922587 4073522 3912993 4037753
3694241 3758049 3939638 3909498
3831565 4024024 3846051 4032087
3975986 3963238 4048451 3909858
4078295 3995961 3988834 4029916
3921873 3928961 4036510 3873379
4079842 3888970 3922326 3986329
3842346 3970799 4005906 3962941
3993390 3805616 3953677 3953999
3763589 3812380 3961773 3775883
3938973 3889317 3861007 3852261
3817621 3836106 4011508 3983303
3909021 3776803 3835121 3963523
3877136 3914151 4116224 3967617
3971798 3754364 3877993 3946933
3854456 3931480 4115538 3915649
3899444 3733851 3893656 3885342
3735612 3852294 3956179 3809266
3901403 3680969 3815959 3825234
3899199 3807442 3861605 3968832
3840519 3862414 3848786 3861600
3969597 3933808 3975133 4016023
3923825 3990305 3959817 3906356
3923006 3785458 3765686 4025953
3797498 3860532 3826010 3813000
3808758 3796793 3843741 3949093
3802778 3856681 3815593 3759174
3859792 3866222 3839961 3838265
3761552 3937673 3915825 3636477
3914731 3884651 3946552 4000868
3910961 3869144 3973847 3676184
3848661 3912385 3821605 3971104
3865704 3856912 3883645 3702192
3850041 3871043 3794186 3899395
3760226 3782925 3890476 3740212
3951121 4027460 3935873 3722585
3854446 3849713 3810486 3980488
4015735 4046859 3973985 3731271
3912994 3956832 3960026 3958016
3892058 3990954 3854184 3653376
3793350 3830249 3744202 3849775
3851003 3936974 3886877 3698049
3744030 3778879 3769943 3877602
3667569 3800925 3939801 3830638
3754167 3996158 3846463 3999070
3861207 3961211 4062751 4019420
3902436 4152007 3932730 3996494
3700227 3774076 3923747 3868137
3820688 4054239 3757535 3879325
3760126 3819490 3937864 3798151
3795356 4055086 3788343 3863707
3871371 3858784 3864293 3776641
3991859 3826704 3847545 3810293
3955119 3942591 4039538 3874466
4062932 3979919 3931931 3932633
3802713 3727240 3981907 3786564
3983942 3801898 3821202 3904925
3792734 3774762 3931960 3799759
3982143 3817028 3726260 3883635
3856185 3794985 3949014 3813343
3854074 3706456 3803467 3861239
3924765 3915923 4137008 3926014
3976575 3731552 3911132 3930129
3791630 3868315 3914405 3797463
3902566 3729399 3764889 3798446
3700173 3777785 3959207 3887905
3896963 3678980 3714895 3864514
3859738 3777315 3725189 3962591
3748147 3843005 3831491 3747349
3810479 3763800 3765375 3913303
3749357 3808323 3786042 3770850
3836277 3720468 3813734 3886571
3771931 3844045 3819957 3824630
3905927 3949420 3906485 4028295
3936126 3890157 3907603 3944857
3803104 3851703 3849057 3876912
3779434 3756713 3834937 3666848
3770295 3782022 3853747 3793109
3665069 3777663 3743891 3678729
3750806 3973088 3884424 3806883
3737327 3857719 3885677 3714858
3924479 3933114 3866719 3848220
3821168 3913936 3987670 3737197
3891334 3913291 3753188 3668969
3796704 3811909 3755899 3812405
3870958 3942708 3781826 3711950
3743761 3785000 3759339 3917119
3873928 3960748 3786804 3715295
3799708 3847866 3792466 3976815
3959963 4110967 3900498 3706777
3893919 3955704 3792014 3962857
3709787 3736951 3981309 3862022
3775643 4130366 3798223 3874330
3668763 3661375 3848093 3761538
3715777 3981661 3777035 3863141
3683395 3734056 3837543 3827992
3772639 4039419 3776313 3888862
3788962 3886589 4028173 3894914
3898722 4061555 3924701 4035349
3812148 3764004 3899553 3801536
3874981 3807065 3836053 3827224
3764529 3805185 3872435 3723539
3797199 3797464 3750146 3791974
3793442 3719955 3894501 3789187
3849423 3735154 3793803 3869078
3852586 3921358 3986869 3890690
4002388 3804487 3883901 3945894
3739773 3750446 3934925 3892436
3920375 3677364 3765890 3852261
3667719 3702337 3830919 3819831
3843758 3626288 3742592 3795904
3786701 3805546 3973567 3875447
3879918 3608750 3762918 3868036
3742339 3938496 4054798 3830663
4006027 3719275 3911029 3910130
3899820 3757900 3723338 3887526
3759043 3722619 3873669 3800784
3966996 3854355 3888109 3991803
3985056 3922450 3921205 3965391
3845965 3741218 3833596 3988190
3808483 3871603 3873956 3911535
3887961 3780982 3903503 3879774
3914697 3898611 3920838 3888709
3781125 3855824 3791133 3793467
3748762 3795383 3825208 3629899
3902993 3968473 3972399 3955157
3935159 3927433 4037241 3705479
3844025 3894181 3947824 3899317
3723406 3798450 3926887 3632112
3848425 3890295 3892528 3920894
3812358 3867171 3932146 3832993
3878561 3944578 3802692 3593090
3745751 3741086 3811091 3829850
3939042 4023708 3999566 3740744
3860236 3848716 3791174 4009363
3908556 4002735 3966137 3744093
3823852 3884054 3787103 3961925
3887684 4014855 3886234 3767601
3841018 3942241 3815379 3998732
3667318 3758805 3894068 3785686
3711151 3978287 3789513 3890792
3832007 3912518 3992979 3915432
3855084 4049341 3824406 3996423
3694528 3756675 3994778 3922952
3791717 4051551 3781438 3962962
3712991 3743263 3924390 3893893
3811766 4043651 3813657 4002842
3774971 3746366 3884909 3759251
4006704 3770815 3783750 3881942
3981923 3862486 4010018 3859192
4088239 3972517 3889250 3896158
3829444 3849276 3964479 3825817
3964369 3807077 3776081 3876822
3807763 3853832 3918104 3878373
4081833 3837406 3866242 3885027
3679785 3741267 3881977 3837842
3852058 3646634 3674912 3782703
3822465 3904575 4043507 3910707
3973647 3801782 3902943 3994759
3683971 3772292 4033816 3826468
3971509 3730202 3867279 3867976
3827538 3884441 4013406 3911786
3865865 3668434 3785345 3856542
3846860 3798619 3797594 3890830
3766995 3792906 3864899 3727561
3977312 3851309 3927235 4040850
3847061 3949605 3963717 3883843
3959575 3783630 3874020 3982678
3822818 3951587 3922373 3897291
4013958 3956523 3998142 4053828
3979007 4007837 3975515 3958652
3817463 3840839 3839476 3836192
3733159 3792971 3868901 3693844
3924059 4026614 3881199 4019554
3896396 3903924 3864314 3796222
3879823 3899655 3923409 3977518
3880119 3920453 3964194 3749197
3984450 3979196 3928618 4078952
3942057 3975766 4049601 3803835
3852206 4002611 3782691 3618152
3792322 3838923 3855334 3924818
3944822 4059748 3957876 3789560
3838783 3897604 3858903 4036698
3962076 4076745 3901683 3754922
3810784 3912499 3890633 3974572
4000007 4140843 3935099 3831427
3973432 3962219 3896815 4009323
3763836 3685355 3881476 3880609
3743179 4012355 3855872 3940815
3754426 3921356 3995784 3851510
3926213 4149627 3821020 4048834
3815380 3845917 3999078 3898626
3871249 4122110 3890798 4051791
3905246 4000567 4090257 4018340
3944646 4144395 3961765 4074288
3846322 3818247 3881550 3866496
3897010 3819869 3810399 3860485
3906921 3855768 4101033 3894287
3975136 3899345 3933673 3981849
3923508 3889367 3981972 3900078
4000186 3856759 3993531 3988843
3934433 3988800 4065286 3885713
4019948 3922631 3887006 3976663
3710234 3798792 3884876 3878452
3811086 3692203 3752399 3829401
3861052 3871856 4071892 3916638
3862310 3738774 3863822 3910181
3859756 3861286 4056785 3936742
3867078 3738866 3890905 3949139
3937705 4007191 4118435 4020065
3942013 3802037 3942574 3907607
3871072 3766793 3879805 4007573
3824245 3907248 3906703 3878211
3904912 3887687 3814712 3995644
3869104 3862547 3918840 3926418
4002820 3884575 3891566 3956059
3832684 4008109 3856155 3876091
3777445 3684793 3804749 3936132
3784129 3775302 3881799 3776301
3870908 3861326 3841607 3896019
3835274 3960539 3998295 3794854
3904731 3763056 3839429 3875084
3803205 3858032 3984764 3709323
3888180 3859235 4043562 3940647
3859479 3864758 3954637 3779137
3782032 3836139 3832055 3781878
3772743 3753601 3847338 3680809
3976500 4047647 3960073 3743424
3954800 3887658 3863322 3942126
3894744 4033366 3946978 3698790
3865224 3820929 3857566 3949966
3981638 4077769 3944957 3808057
3897244 3905952 3957155 3935452
3809306 3924452 3773831 3697729
3783395 3774685 3752050 3884502
3760617 3825497 4003289 3912429
3886696 4120863 3822886 3932485
3824894 3835394 3974967 3949375
3832997 3966685 3904278 3943096
3857273 3805217 4025954 3929281
3912750 4105786 3875404 4050607
3668710 3734810 3881252 3882198
3743475 3996185 3768003 3903723
3892671 3919709 3984970 3890992
3992556 3819933 3914983 3933598
3878659 3823920 3948342 3900319
4036725 3804181 3880478 3872158
3909822 3927174 4019154 3879211
4058834 3933959 3811619 3927523
3788463 3814159 3930884 3779636
3978418 3749491 3763665 3767474
3852228 3842902 3948935 3864089
3873263 3740551 3818182 3871468
3773142 3794864 3997609 3929344
3854800 3750040 3801485 3869022
3844163 3912743 3990707 3931799
3923841 3741754 3827224 4012104
3722065 3832339 3897474 3808687
3840593 3646954 3711635 3836741
3850298 3800703 3858457 4009383
3817290 3844262 3838872 3954477
3808988 3807173 3822294 3975974
3787777 3833117 3842671 3750901
3924336 3840968 3890913 3991278
3822244 3885195 3927056 3808609
4021852 3887169 3862801 4030922
3919900 3923786 3944287 3861829
3886782 3936144 3875653 3911311
3882710 3925763 3947060 3797170
3749685 3818632 3905617 3855783
3797478 3812363 3909768 3689766
3915604 3948075 3853854 3900891
3794919 3880795 3970547 3724836
3926153 3946757 3853652 3869429
3812222 3890606 3941748 3765532
3948308 4021912 3934550 3769950
3880208 3818467 3861574 3980445
3905839 3994722 3848222 3660039
3784718 3757827 3774260 3856251
3969255 3995139 3923689 3718225
3922798 3853725 3869040 3931023
3970197 4008690 3917744 3744183
3948762 3792930 3860322 4021752
3809610 3869550 3988502 3873721
3801529 4107358 3898189 3958085
3788031 3813723 3942027 3872930
3863599 4005892 3844615 3889042
3795937 3803083 4024489 3844176
3848226 4160613 3842777 3973235
3790257 3782020 4049447 3864397
3894145 4093346 3873359 4036661
3912604 3902673 3946651 3834018
3982178 3852464 3886183 4000995
3818728 3796845 3907823 3854831
3921489 3858777 3906140 3829780
3865325 3846457 3963290 3846760
3980096 3882396 3865899 3937074
3857780 3951304 3986227 3899953
4035535 3803142 4004999 3965530
3830596 3911114 4066185 4035108
3906949 3748653 3816778 3936824
3804567 3814950 3971621 3894232
3877171 3717207 3749051 3871893
3814149 3935012 4006758 3894017
3899728 3718570 3743769 3877850
3797697 3880305 4026486 3830177
3987912 3734910 3873586 3894922
3602395 3728683 3739980 3873240
3795348 3925100 3608745 3783544
3720931 3897132 3830563 3933078
3848567 3986327 3758419 3823067
3697339 3706617 3735802 3838249
3848001 3981787 3611333 3841047
3777433 3961728 3786112 4095702
3894298 4106669 3811076 3996261
3750994 3666890 3938182 3698255
3746494 3773024 3667093 3859706
3860185 3699000 3956714 3874899
3820195 3846337 3830746 3884085
3761884 3719256 3837618 3712571
3710201 3778541 3667133 3888603
3854806 3879473 4051944 3912151
3863522 3914625 3916056 4013976
3522750 3694632 3748746 3665169
3765885 3807181 3695716 3709187
3732547 3782056 3907278 3732533
3921135 3930328 3921108 3799168
3616581 3703940 3760007 3631843
3954465 3760384 3742391 3718461
3853404 3827174 3900493 3857105
4033863 3986890 3853621 3801764
3665328 3760255 3864685 3897608
3951240 3792416 3858582 3840433
3840216 3872005 3920360 4016596
3977310 3916410 3976615 3843511
3796023 3788331 3811490 3920544
3918106 3859272 3854073 3736371
3839502 3946835 3923546 4040667
4190776 4048842 4011740 3906213
3655662 3753490 3775244 3635897
3785161 3798305 3831096 3785253
3871518 3859912 3951849 3729507
3960875 3940974 3895472 3937329
3780649 3750969 3807152 3616662
3722126 3809977 3811989 3891697
3938420 3945922 3971216 3827393
3975923 3950568 3993711 4055697
3805890 3803110 3743461 3738884
3767567 3684731 3738259 3836867
3907642 3993959 3866058 3931820
3972627 3946312 3957740 3889097
3819544 3833269 3812355 3741445
3781047 3881004 3925481 3726347
3991445 4010794 3927728 3934660
4000591 3916445 3960504 3947130
3693454 3918990 3788168 3931524
3914590 4094266 3761446 3879210
3732576 3820129 3821537 3922580
3871810 3990699 3642875 3863528
3801404 3864940 3881661 3938590
3914218 4074872 3761190 3870225
3748672 3773658 3869437 3980488
3832043 3981136 3792885 3872461
3773711 3828613 3988024 3857200
3821687 3807946 3852712 3914598
3782267 3758871 3970703 3795161
3684147 3726802 3729701 3967380
3796124 3870128 4024117 3765842
3884985 3831958 3821461 3957921
3786517 3685032 4057340 3835004
3824184 3763753 3765591 3922634
3623504 3840406 3794864 3806664
3934857 3876887 3855369 3719022
3713198 3755894 3784928 3737996
3786879 3777799 3772119 3718535
3741694 3811520 3845724 3868955
3980485 3959038 3841697 3681546
3741285 3749590 3816499 3790384
3942500 3929480 3885520 3736651
3931501 3876056 3916805 3913211
4101116 3879847 3998605 3853007
3788627 3851088 3825216 3882065
4045044 3908065 3868174 3799563
3828127 3857955 3940690 3951372
4085603 3951330 4007364 3870139
3895477 3834426 3907250 4062316
4151706 3949819 3974756 3891214
3822916 3914523 3869444 3785065
3900559 3984309 3807386 3935352
3865339 3754178 3814868 3664430
3814278 3907247 3812950 3967259
3855681 3856884 3959290 3777046
3898200 4011774 3913089 4029843
3862083 3827977 3864843 3709851
3916223 3923355 3946672 3962850
3924442 3989621 3868395 3763310
3997177 3848268 3933401 3950329
3807796 3867117 3848221 3834980
3823352 3848653 3948878 3794354
3898742 3967895 3921173 3846336
3933985 3928830 3937322 3769493
3965423 3960532 3849587 3929036
3996920 3882133 3889253 3873558
3761804 3808102 3827508 4048525
3844081 4120791 3750713 3827531
3900843 3904344 3977651 4058257
3944793 4230122 3789843 4002926
3618295 3873449 3691343 3911767
3788460 4002406 3744146 3839563
3900551 3886910 3906208 4054897
3973771 4124564 3852582 4007412
3841695 3893146 4060470 3841911
3760924 3851039 3705187 4049678
4008482 3889422 4161813 3956909
3886298 3853194 3936820 4000078
3780985 3755204 3932051 3752501
3774605 3729640 3759759 3893657
3981906 3921671 4205761 3907115
3926719 3906971 3939904 4026495
3746738 3771968 3807841 3773606
3935284 3974065 3831018 3772190
3795716 3890538 3946953 3882699
4013927 4040532 3898408 3947540
3636847 3733605 3684567 3799865
3864257 3802437 3787788 3641824
3776422 3860283 3950983 3840643
4040886 3969174 4014214 3837605
3930545 3790364 3855344 3980792
4082101 3910357 3964121 3863832
3952697 3983394 3961592 4056800
4249665 4030258 4001461 3878224
3780541 3788497 3843576 3871795
3956816 3802160 3876825 3714724
4050255 3973486 4021428 4127325
4214651 4045601 4036618 3986197
3912771 3884163 3903182 3779985
3891730 3910817 3860784 3915205
3980374 3908987 4072584 3989692
3988994 4113028 3890674 4157049
3754233 3859231 3830442 3686214
3802502 3926952 3753144 3790076
3957966 3893895 4041618 3848525
3988576 4092596 3991747 3982417
3926311 4008420 3865982 3849260
3928375 3827716 3819893 3930681
4018117 4125495 4037368 4067706
4072096 4043282 4004202 3951407
3784841 3871980 3840906 3825693
3758369 3836670 3805769 3783879
4041872 4121244 4051038 3909803
3965654 4055003 3988618 3990707
3705116 3806778 3797174 3937518
3850504 3936237 3775372 3877848
3766114 3720048 3742172 3845366
3819587 3994443 3656560 3787015
3809962 3887770 3894309 4041090
3925119 4148286 3824191 3988858
3803022 3845202 3817341 3929145
3919337 4084357 3782526 3946211
3846294 3791287 4048473 3780811
3805270 3741477 3754494 3895767
3781299 3792926 4004301 3811084
3713231 3808713 3788003 3903919
3917818 3890434 4130473 3887342
3967891 3898599 3851364 4060450
3910789 3839649 4013159 3840940
3799913 3898608 3856605 4032053
3736755 3833364 3769300 3805024
4012201 3850022 3879889 3722336
3613163 3730948 3838059 3759093
3918070 3811926 3754693 3670903
3794190 3885099 3962035 3773078
3961000 3980890 3940403 3766512
3766181 3884433 3887748 3772395
3921486 3873425 3784505 3767678
3926057 3854262 3878174 3891638
4053313 3850291 3970862 3748622
3846270 3751139 3763372 3884974
4003581 3885139 3908846 3855246
3981326 3942122 3945498 4111371
4193526 3903691 4049946 3910048
3896416 3925574 3888278 3996726
4163032 3973658 3990704 3855615
3834860 3880564 3946177 3719533
3841115 3918009 3780410 3984333
3783757 3828713 3888855 3739045
3755807 3889304 3774346 3902301
3939073 3916512 4000151 3822901
4037514 3999420 3886451 3944342
3866322 3896347 3908186 3775760
3913612 3932379 3902893 3984808
3800370 4009103 3930092 3861602
3905691 3956791 3937233 3907107
3783811 3957818 3855517 3806429
3953358 3869454 3864685 3847808
4078591 4060183 4016421 3945157
3974144 3979433 3956274 3959827
3938861 4081322 3934473 3927941
3967200 3907250 3940442 3897622
3755616 3807379 3737135 3928549
3866652 4046094 3808980 3853683
3794868 3877763 3742448 3916543
3799797 4075732 3734426 3859612
3712208 3730801 3665726 3823346
3782556 3965012 3642248 3756771
3691188 3672131 3746744 3884640
3762684 3979442 3675983 3769461
3817006 3826589 3967641 3861858
3824003 3881989 3783358 3932897
3825361 3806610 4024446 3846291
3812700 3798331 3925556 3949015
3699235 3681629 3815780 3784045
3680985 3750416 3707870 3852045
3690779 3700450 3886267 3680361
3730378 3656718 3685982 3859281
3693671 3780031 3812623 3743794
3938959 3846166 3896850 3726945
3692298 3828291 3853997 3843810
3873349 3928016 3899266 3694843
3698231 3659038 3800199 3643724
3793563 3823494 3735701 3673977
3537634 3576374 3734545 3652900
3827206 3744588 3777636 3690051
3842835 3776281 3899088 4012907
4165101 3833581 3939623 3892449
3845530 3901452 3955801 3934728
4089749 3903224 3941052 3846491
3676311 3773687 3793778 3862797
3965528 3810488 3874771 3765605
3758642 3820824 3782092 3918037
3967829 3885168 3810136 3783235
3865713 3849461 3949207 3745803
3828781 3941031 3876166 3963504
3888714 3866495 3914904 3863997
3915466 3942285 3854382 3987095
3762941 3728991 3785347 3751173
3850311 3754323 3720168 3888925
3814048 3864735 3849512 3638430
3723359 3820912 3754546 3754471
3923484 3991270 3902057 3934823
3917451 3888316 3831277 3826563
3917148 3944173 3901883 3922693
4023058 3960912 3924001 3947929
3836206 3853373 3791920 3716819
3899862 3854813 3844967 3808109
3837206 3858660 3781008 3816047
3778104 3794645 3839007 3729193
3745983 3879696 3794584 3959971
3884263 4123621 3718785 3890220
3802604 3737994 3745999 3921396
3800595 4025480 3694535 3824801
3830697 3863367 3887365 4061655
3963860 4138827 3836515 3910273
3730710 3854430 3816687 3862220
3848948 4069393 3734986 3908146
3845032 3796956 4029848 3782230
3828306 3863568 3865292 3912915
3799783 3702676 4010607 3694082
3707785 3870308 3789994 3908500
3922232 3812603 3986182 3863340
3830235 3909637 3904991 3972364
3739331 3803051 3946747 3834061
3872383 3789016 3899895 3944545
3707066 3789751 3806740 3836908
3931469 3925084 3846993 3757120
3749115 3797877 3848450 3829542
3908871 3916535 3770107 3703696
3769263 3853314 3902211 3871426
3970229 4002697 3882558 3753211
3725515 3824949 3781715 3856597
3964436 3890380 3876636 3757327
3898159 3953280 3881873 3962013
4085546 3915500 3977452 3890128
3842727 3861209 3791438 3953107
4135349 3843920 3940450 3841290
3918975 3889919 3943877 4030639
4125697 4033837 4059833 3828028
3848679 3830652 3877677 3888233
4105937 3870451 3938197 3851409
3931430 3928358 4004904 3765005
3861546 3949322 3845676 3929568
3794519 3916214 3922914 3782457
3858075 3886225 3767638 3960348
3979228 3972470 4000736 3883749
3929830 4051777 3929578 4029289
3929299 3834845 3898896 3779065
3928485 3981648 3900367 3925049
3921761 4078241 3921013 3885930
3985350 3860800 3938813 3880530
3859904 3910379 3830095 3760121
4014704 3876737 3863767 3914634
3992694 3973789 3997372 3987009
4045763 3974483 3976095 3896133
3828829 3950819 3804022 3868422
3900894 4002097 3956958 3858502
3679321 3763440 3761013 3903398
3862228 3937681 3710743 3822773
3678511 3890699 3791646 3899703
3913323 4017813 3704248 3862822
3754144 3796781 3857499 3948307
3947709 4108232 3794229 3933563
3844132 3927485 3796213 3959255
3882725 4150391 3758368 3927182
3683650 3771188 3953077 3719834
3712857 3713641 3719153 3905856
3827885 3671935 3901072 3782113
3816395 3835005 3777697 3857506
3838938 3786539 3999389 3853687
3852187 3812508 3768799 3987182
3836733 3848161 4011430 3865249
3853535 3838205 3902612 4026739
3562624 3735270 3736117 3726877
3851047 3919884 3810432 3625540
3632383 3733177 3777372 3726905
3968936 3832955 3725722 3726006
3739430 3845470 3770184 3811674
3962472 3923029 3934905 3720427
3709353 3818617 3848584 3873136
4054257 3878045 3920622 3788933
3870424 3809832 3805977 3940947
4057301 3822242 3912705 3805360
3801627 3786549 3855451 3923486
4092845 3848317 3917314 3828357
3914284 3889946 3940666 3935057
4069939 3842592 4001794 3869791
3942169 3914118 4013381 4018219
4162168 3968100 3979835 3861926
3929108 3814203 3839470 3679601
3814869 3860790 3797513 3860432
3867302 3824202 3835835 3757718
3892817 3846033 3808801 3902971
3868919 3886398 3975649 3722490
3871647 3880733 3863613 3976114
3937640 3875871 3954163 3809013
3957178 4002896 3946579 3977088
3870033 3916567 3787307 3861797
3909505 3780376 3878547 3829689
3904199 3921109 3867509 3863707
3901258 3852952 3925715 3844604
3895666 4019532 3904197 3887473
3917919 3939940 3999607 3847177
3957607 4004642 3992147 3882199
3958313 3956240 3945843 3918348
3718903 3774301 3829534 3961403
3838725 4054182 3809685 3840808
3648254 3746506 3696604 3780536
3800304 3982646 3627772 3843533
3777268 3858225 3892397 3951839
3860676 4057751 3800936 3814105
3869260 3835813 3849976 3999850
3942318 3998928 3818876 3963248
3865928 3894790 3921719 3914120
3832931 3880141 3876858 3984393
3719870 3646683 3865882 3718504
3674752 3717746 3679736 3883862
3804467 3878498 3994799 3754625
3836482 3809474 3876136 3987265
3916326 3871912 3929697 3757182
3830760 3898276 3891649 3870715
3705722 3701166 3836785 3845059
3924616 3851817 3823300 3675372
3635461 3663861 3699224 3672475
3858503 3727600 3699311 3661584
3742543 3817008 3831267 3775745
3945544 3919353 3827022 3801929
3788738 3957919 3824467 3920090
4037321 3899947 3903079 3769236
3876771 3806244 3878995 3967190
4082302 3918094 3924697 3844853
3765446 3896704 3810283 3832065
3994995 3860048 3806695 3870892
3904895 3808310 3871790 3992372
4130843 3912376 4001762 3796407
3873360 3937095 3969174 3973690
4085094 3918208 3935911 3861995
3919856 3898305 3895956 3791302
3950542 4029067 3804422 3970474
3744922 3750199 3753048 3578159
3820860 3769718 3733814 3908598
3854686 3916591 3889374 3658027
3891561 4007310 3824097 3890218
3948675 3931228 3911750 3761279
3875111 3985318 3940931 3993616
3926555 3963016 3919721 3919571
3924054 3975782 3964991 3896700
3762193 3895674 3798377 3783473
3781174 3812050 3789524 3737280
3959325 3982242 3881222 3994745
4014664 3915700 3914133 3828527
3949555 4069389 3939694 3923830
3943696 3958847 4014393 3935521
3914028 3972599 3935431 4141340
4079352 4148141 3847082 4070022
3698544 3730374 3668885 3837558
3712917 3930492 3585085 3762770
3765815 3847858 3816463 3990340
3902394 4048718 3841123 3956254
3650846 3737465 3705414 3799291
3804116 3899687 3663598 3822653
4006344 3870071 4142728 4023690
3974282 3972856 3950907 4104820
3736003 3725958 3877939 3682553
3700462 3678465 3828299 3855635
3863250 3900188 4035573 3778329
3817263 3838898 3790385 3987805
3760125 3661144 3945120 3669539
3676639 3712495 3693909 3825940
3907497 3936196 3981488 3918685
4114927 4041234 4023627 3887047
3537283 3782396 3716457 3698303
3896558 3788322 3716440 3651917
3755931 3819412 3886840 3780208
3963510 3863092 3927238 3746426
3582634 3716010 3717086 3737175
3929888 3828899 3775122 3640204
4115793 4029068 4092910 4088384
4217568 4060972 4146852 4000943
3787063 3759044 3778679 3864935
4054190 3808640 3816998 3847494
3897586 3910803 3871728 4053643
4208476 3913381 4011624 3835938
3713109 3796296 3764586 3829628
3932357 3859931 3849089 3738193
4047747 4035858 4052318 3822554
4086919 4090538 4036805 4074591
3853149 3727360 3815932 3660591
3865550 3834213 3755030 3802879
3850570 3874179 3879768 3750939
3967111 3997205 3867890 4009712
3821379 3750378 3763532 3625174
3826114 3889245 3776258 3806099
4047536 4129522 4052146 4074473
4070759 4132642 4034157 3953289
3847227 3794548 3753449 3796378
3804763 3795432 3778518 3762048
3934802 3920322 3885403 3911722
3946147 3900931 3960785 3913495
3828004 3895175 3764746 3787772
3771559 3792500 3766187 3724224
3623309 3859742 3749891 3913401
3832540 3966593 3746468 3832620
3725484 3841693 3783609 3908659
3828998 4025034 3734100 3857990
3876338 3926204 3862629 4040652
3892646 4134818 3892898 4024479
3806698 3950940 3788658 3971110
3956665 4180685 3830655 3913505
3797773 3836903 4008519 3780688
3746489 3792761 3770218 3973624
3780989 3801811 3977675 3733796
3668484 3803444 3811481 3921655
3876174 3935796 4091592 3894416
3765049 3903742 3938023 4093159
3841852 3879936 3977563 3886579
3762690 3814876 3899519 3950976
3755899 3789101 3771210 3731921
3912642 3831713 3826914 3785236
3700528 3695591 3838443 3696432
3866308 3906463 3789489 3729938
3858771 3865387 3889138 3825118
4091064 4008388 3922704 3791323
3778071 3829465 3789586 3836196
3981855 3945639 3891030 3731026
3841821 3907192 3924503 3969853
4022143 3852028 3948635 3829694
3832387 3760543 3862976 3887491
4064692 3824345 3950658 3829715
3884304 3959720 3939274 4010512
4084473 3935033 3981471 3967084
3934242 3905238 3880628 4066428
4124540 3963280 4009056 3901241
3826824 3876100 3904208 3752449
3892574 3873707 3893165 3958748
3763960 3794550 3906211 3713051
3870469 3890596 3882116 3910778
3935689 3913361 3974761 3819713
3949304 4036604 3927345 4007668
3884085 3948149 4045986 3806422
4030449 3976201 3927475 4019864
3849590 3957346 3841038 3918991
3910960 3913434 3828372 3848231
3784197 3965612 3832418 3803338
3912347 3861968 3821423 3878012
4062805 4091590 3974049 4069559
3972580 4002055 4055391 3957174
3925932 4000870 3923128 3863577
4070078 3948292 3964370 3824806
3700710 3797528 3814198 3931994
3908417 3984522 3709080 3850698
3701497 3887147 3853022 3932874
3896538 4082785 3749601 3953163
3666594 3832609 3922601 3893936
3879113 4088302 3767127 3937873
3707158 3667515 3744108 3896805
3708914 3918958 3664123 3716731
3793725 3697626 3806287 3802529
3821756 3770137 3816279 3825017
3796040 3865347 4012630 3829500
3830676 3841624 3910123 3991131
3814039 3854019 4066835 3884404
3846041 3877358 3840675 3908871
3617432 3686518 3872587 3732928
3598464 3686938 3724544 3815537
3611403 3711834 3773037 3726706
3895754 3840316 3830930 3741005
3706253 3817683 3865102 3827438
3955507 3888346 4023331 3887011
3762888 3840221 3880642 3799840
3998130 3897594 4011693 3822341
3567710 3752203 3712824 3674761
3817882 3722667 3753574 3659866
3756809 3831956 3870013 3975902
3979568 3843503 3907937 3763025
3875403 3907324 3916305 3977313
4079936 3934207 3966406 3867315
3968691 3974368 3893421 4091893
4138506 3962312 4017769 3896479
3784542 3748690 3796057 3857934
4017884 3769415 3839541 3717209
3809128 3847412 3813928 3665283
3916703 3895880 3810710 3882014
4008063 3874948 3941003 3771414
3940477 3990756 3906401 3954691
3915802 3855362 3920477 3753813
3900649 3989228 3875485 4022778
3772954 3723850 3810632 3596204
3830802 3749181 3833340 3879708
3829458 3892976 3875964 3842823
3875801 3848632 3905390 3850919
3927215 4036202 3864702 3892437
4006179 3962486 3947513 3942129
3987765 4025882 3916367 3942230
3937268 3944757 3874611 3974577
3832978 3892465 3768205 3777553
3788948 3754658 3830588 3680916
3810437 3918699 3814491 4053613
3947264 4156738 3697323 4008608
3640620 3750660 3685966 3824519
3814407 3988169 3761519 3912860
3721188 3856899 3843996 3964354
3799211 4038026 3708963 3877299
3783866 3831965 3844622 4056366
3914422 4071308 3757265 3924733
3825276 3896394 4061046 3895090
3834804 3832385 3889240 3994901
3794540 3732908 3918374 3821138
3707067 3766286 3705610 3866808
3717981 3765301 4006985 3783063
3882348 3788488 3804925 3940013
3901300 3788266 3920655 3904507
3803416 3771135 3859846 3957630
3849110 3808007 3889004 3863978
4053280 3903968 3954724 3759347
3606410 3693427 3793119 3704083
3913700 3786747 3727171 3732992
3658830 3842891 3861024 3774326
3898795 3923547 3847109 3776251
3710571 3848687 3866782 3761508
4002328 3849767 3851075 3805912
3949023 3895438 3917767 4041254
4132211 3978347 4060420 3896256
3862401 3848076 3849003 3941717
4069126 3815483 3913203 3753995
3870576 3876738 3945336 3898748
4043646 3973870 3943701 3831407
3883990 3876484 3885024 3950591
4158720 3952199 3934332 3801715
3944856 3871202 3954118 3857196
3974232 3925599 3939529 3970504
3877557 3781054 3801462 3610777
3927135 3846618 3795980 3963332
3873720 3782813 3900102 3755065
3936253 3906582 3831211 3874112
3925564 3835460 3941573 3826236
3905993 3929060 3906774 3978066
3970171 4073659 3911867 3961781
3978041 3973139 3997807 3933565
3877098 3929511 3780961 3839308
3914031 3825150 3870386 3794154
3903409 3865593 3950803 3966416
3883589 3888483 3887065 3879732
3984627 4050961 3901025 3943842
3890972 3953633 4000452 3830373
3860553 3979873 4053585 4048342
3941793 4061044 3823691 3820033
3827727 3896557 4006800 3860721
3861611 4085684 3787023 3816798
3891694 3881243 3945585 3912172
4026667 4163885 3811782 3764914
3890063 3841321 3903963 3912752
3857182 4089393 3804291 3808274
4027173 3909691 3829400 3907002
3903566 4056690 3974065 3937941
3927004 3823524 3769987 3797390
3877999 3963573 3904893 3806605
4023224 3889172 3809970 3903684
3910448 4000510 4014334 3956608
4017103 3921210 3813221 3851742
3879052 3966017 3876460 3863647
3892028 3954923 3937295 3927263
3996525 3778047 3805687 4108125
3872448 3862873 3820728 3886008
3840205 3721074 3767186 3984707
3974642 3898320 3886158 3946679
3965188 3865577 3924446 4073859
3962535 3899137 3879555 3913010
3889974 3865004 3773541 4183406
3843811 3949641 3993399 3941539
3983057 3973182 4100994 4154684
3854323 3829560 3840934 3877316
3829165 4014044 3964663 4005291
3898539 3944833 4001644 3826938
3937601 3987073 4033625 4075661
3872604 3904327 3956673 3795100
3929212 3913768 3907465 3937866
3953117 3995247 3953212 3910998
3895220 4004022 3795997 3939901
3790273 3945564 3913751 3822656
3786524 3884865 3800410 3854554
3901591 4076189 3991075 3961298
3887294 3964948 3888963 3894072
3862349 3966218 3972656 3801822
3874240 3849775 3790610 3810238
3856321 4055206 3992404 4037745
4055102 3958665 3971582 3861626
3770920 3861036 3952908 3944498
3959294 3926743 3968061 3824441
3853133 4000380 3938559 3996719
4058534 3925160 4044683 3961319
3801688 3872637 3993234 3794550
4028169 3970303 3980001 3811656
3815640 3788832 3988439 3825171
3867262 4105852 3710456 3794770
3741266 3714497 3754239 3819631
3791690 3929181 3526231 3677931
3744954 3739836 3763164 3851548
3898000 3978976 3706738 3653076
3822286 3757395 3935351 3904223
3905368 4041274 3750771 3759797
3910912 3918273 3736559 3796912
3836824 3988622 3949209 3845214
3827680 3766059 3650394 3756133
3726108 3905714 3769175 3712723
3947895 3842527 3673598 3795730
3746557 3923874 3849867 3816274
3925093 3856836 3695042 3882925
3892132 3994297 3892368 3777545
3883171 3931308 3896477 3926844
3894928 3794460 3742740 3983248
3742592 3823223 3613914 3767762
3733401 3670306 3665624 3910031
3804328 3807196 3751867 3877765
3828803 3715028 3832284 3922835
3938511 3816015 3809670 3830699
3879370 3787519 3864645 4006095
3767596 3845914 3953462 3819959
3943508 3983645 3907807 3979824
3684804 3685607 3738161 3626995
3781374 3873001 3870685 3901773
3677698 3799388 3820231 3694559
3862582 3950592 3922204 3997653
3808069 3934022 3820604 3845752
3939028 3979618 3924837 4000594
3753669 3987200 3905818 3777891
3810246 3749363 3724890 3830101
3730602 3759746 3801351 3737450
3663084 3786260 3678049 3752462
3796253 3839475 3903443 3764402
3710845 3858051 3664882 3841067
3778199 3906946 3765398 3832140
3858358 3810918 3770513 3842290
3801539 3925788 3958165 3946652
4021016 3863148 3920957 3800441
3666326 3806479 3822211 3793793
3823593 3755301 3839926 3665290
3822555 3816359 3806221 3881674
3935989 3878929 3929738 3776530
3795811 3875217 3957859 3928375
4094434 3967007 3961486 3884465
3680983 3763808 3885299 3806216
3874006 3937411 3705652 3647524
3891716 3938585 4021524 3958770
3978110 4078546 3797644 3807998
3679340 3745668 3748815 3757519
3849283 3931104 3624026 3663923
3888346 4019809 4061086 3908262
4102736 4265186 3887150 3885699
3936233 3778855 3729888 3801632
3813941 3922297 3784978 3848884
4000771 3998773 3860598 3963391
3922515 3985150 4061114 3890564
3838880 3744979 3573117 3717347
3760828 3852965 3767240 3750332
4086725 3949322 3899966 3936686
3992728 4133091 4020746 4060235
3824499 3832489 3811769 3887976
3787816 3772029 3691686 3949708
4003602 3913759 3947561 3911869
4028143 3829347 3906343 4104177
3844714 3833544 3702535 3769394
3685359 3645289 3607471 3880924
4078798 3941437 3954083 4012004
4087475 3846833 3921753 4172718
3804980 3802430 3908700 3752087
3787593 3921871 3968312 3989032
3878353 3894201 3962417 3863805
3920368 3937628 4047437 4030725
3702695 3801294 3734885 3723386
3775872 3805125 3894881 3861559
3945052 4003742 4012296 3962654
4017555 4103279 4067367 4068578
3841300 3818923 3862484 3761773
3830970 3839664 3770229 3757846
3870268 3916293 3935690 3892062
3889158 3918099 3856662 3907263
3716273 3761653 3740912 3719732
3699622 3767430 3677182 3696191
3906589 4027489 4029045 3992002
3915666 4009699 3962963 3925564
3794374 3892419 3912270 3898827
3959008 3923619 3931725 3741709
3856292 4001974 4019499 4013086
4091657 3925327 4038251 3936273
3729347 3835881 3793105 3762968
3857198 3794788 3766055 3716968
3931304 4003990 4066898 4040162
4105758 4097595 4063143 3909895
3750149 3747854 3944279 3826188
3727777 3875234 3646702 3691659
3799329 3841490 3900161 3951287
3909579 4022906 3803195 3744478
3780096 3748422 3858382 3784928
3820168 3945961 3658700 3702170
3855904 3856812 4016746 3915465
3949690 4046850 3815434 3828403
3839769 3809106 3736732 3703571
3720995 3814060 3786278 3797917
3936550 3869754 3797492 3904314
3854463 4033139 3923908 3870449
3812910 3793302 3663104 3761925
3788555 3838215 3849720 3817807
3925628 3885854 3761728 3842380
3833895 4111130 3945445 3895079
3875665 3725263 3716870 3831388
3715501 3669343 3617954 3956730
3969036 3833211 3833847 3881183
3901975 3795745 3755960 4054103
3789498 3775264 3779333 3910008
3741185 3649455 3713698 3898335
3927418 3887685 3826964 3951309
3909771 3820699 3853553 4118414
3715436 3735324 3819107 3742921
3805385 3790456 3872626 3931541
3764225 3956151 3935477 3747597
3921303 3941824 3912175 3972060
3712644 3717626 3776875 3767954
3835960 3824977 3848163 3963191
3886031 3919761 3973670 3825790
3955407 3981056 3977743 4118595
3702912 3789794 3758270 3776954
3744158 3748037 3680903 3733893
3795773 3901030 3879842 3837197
3854653 3842360 3849676 3822457
3729837 3832496 3844983 3769517
3746499 3809092 3713054 3742663
3885951 3971497 3878993 3909565
3852444 3839831 3797017 3846582
3676308 3831530 3811824 3825591
3902107 3766499 3878970 3695576
3767971 3873194 3924527 3909954
4048992 3940356 4004935 3845532
3745961 3897651 3814998 3908318
3795935 3903829 3867913 3719304
3832084 3933677 3927781 3908979
3961334 4016053 3951628 3873013
3839758 3841251 3894157 3873324
3945182 4106924 3802231 3768001
3892441 3886999 3966360 3943517
3883863 4113100 3801529 3818909
3811625 3810671 3843195 3818148
3856437 4010812 3698514 3772234
3656561 3666708 3805958 3702959
3746342 3856926 3589850 3694621
3938971 3848266 3765471 3862525
3877390 4048428 3918557 3877339
3948814 3941491 3776448 3870456
3943021 4017704 3936019 3877055
3869147 3862162 3782490 3745732
3846530 3957275 3881859 3773124
3781247 3738078 3635703 3622556
3659675 3823620 3756746 3651472
3947593 3946653 3856222 3999434
3882765 3791476 3861884 3968669
3937821 3865692 3878944 3905323
3926052 3861885 3812830 4076478
3882729 3770029 3790798 3865271
3892519 3713444 3751018 3925803
3757724 3787535 3723262 3733531
3672309 3593446 3690152 3846732
3841886 3878236 3869849 3819297
3973101 4046193 3966891 4007438
3938543 3938995 3906208 3821890
3961546 3930094 4014519 3997854
3769969 3810403 3789529 3711898
3781383 3915532 3932950 3941297
3644547 3725895 3755028 3613267
3724360 3787402 3865592 3887587
3873135 3996534 3904449 3908108
3830433 3890296 3776746 3839570
3868883 3943604 3951355 3832178
3908021 3896076 3791533 3870087
3781266 3861835 3849738 3807502
3755952 3845776 3738453 3732938
3763030 3737587 3732532 3756524
3717822 3778339 3647739 3673543
3818010 3902412 3991089 3948235
4067386 3957904 4010560 3885257
3872760 3938229 3962905 3947713
4053837 3983143 3959418 3829633
3736769 3786659 3897341 3903647
3972580 3855158 3917823 3797160
3654985 3818575 3779084 3784208
3878801 3731985 3807968 3698640
3687919 3652295 3721908 3667585
3729270 3907631 3562046 3593199
3807475 3792262 3911560 3887724
3767021 4004160 3719139 3666402
3855698 3778351 3939775 3904416
3998585 4039127 3768857 3748190
3798270 3836489 3955074 3955878
3948817 4075199 3830095 3857740
3797344 3675246 3564577 3744373
3647935 3803518 3730377 3671538
3844493 3797507 3578625 3690180
3790811 3951978 3837866 3754686
3951733 3872197 3760090 3749033
3801709 4026821 3908452 3790762
3947453 3866914 3805754 3860763
3857652 4049147 3962920 3844686
3735051 3641754 3656256 3728651
3734809 3637214 3625596 3798913
3895700 3816795 3789953 3883771
3829323 3666764 3601662 3929917
3954394 3807552 3795293 3858272
3845405 3715092 3842327 4067655
3971264 3991448 3879669 3893540
3975423 3843657 3783265 4023611
3616693 3695897 3805679 3607121
3726961 3788112 3766539 3806481
3729705 3876025 3856731 3768685
3781117 3918549 3893399 3960342
3786703 3940501 3924555 3761705
3981746 3980293 3949580 3975293
3841808 3980653 3946282 3855895
3900720 3963159 4072156 4035688
3684247 3757527 3754410 3607400
3651974 3748176 3580859 3684639
3799029 3801212 3764357 3756755
3714055 3804429 3755447 3769883
3833623 3919806 3883302 3796799
3872580 3887865 3788616 3885055
3823872 4008206 3969799 3894774
3943224 3943997 3762046 3852095
3563037 3777291 3758057 3758033
3826713 3750260 3676124 3675458
3782337 3855835 3769630 3889301
3857427 3852921 3925033 3749991
3694963 3888969 3854242 3947692
4005941 3898348 3880649 3796164
3808849 3950156 3948003 3918901
4066290 3954008 3912743 3863563
3848761 3818523 3960291 3940165
3971121 3973542 3810340 3782221
3734253 3751981 3919779 3825566
3849863 3998210 3659022 3732101
3825472 3838010 3955727 3899879
3977361 3992306 3781605 3732608
3766665 3809652 3959466 3906262
3843257 4012615 3754961 3707914
3986136 3915236 3851683 3800995
3871530 4029332 3942949 3806755
3876689 3860313 3658396 3843381
3765128 3967010 3863625 3848051
3877097 3815565 3739056 3838578
3920116 4004913 3934338 3844123
3899023 3817006 3786632 3704481
3840045 3979633 4003282 3830267
3930174 3873184 3880055 3923932
3857937 3820506 3841503 4055217
3880538 3811069 3801227 3823704
3819448 3734104 3753146 3985577
3895764 3874440 3864038 3908395
3903626 3743628 3733612 4013997
3868696 3780214 3923023 3832185
3797484 3723151 3692359 3981740
3826172 3884640 3908813 3859503
3955704 3935933 4006274 3976093
3821153 3886753 3888431 3725820
3830602 3877529 3878220 3999858
3783067 3911713 3932081 3844395
3900255 3945154 3995867 4022908
3886597 3846615 3827194 3771887
3848014 3854711 3832451 3943215
3931466 3998192 3901163 3860779
3872460 3886609 3805931 3868871
3759109 3870680 3797921 3794702
3793838 3785636 3716408 3806313
3795347 4007556 3889544 3836749
3864685 3906007 3759600 3853964
3765047 3769601 3898129 3834747
3851329 3828888 3823409 3787561
3816426 3946861 4005577 3955157
4082889 3869309 4065931 3775079
3738772 3883948 3844459 3890387
3965273 3850055 3955682 3699088
3726824 3842901 3961233 3941615
3952127 3848150 3899689 3829422
3710813 3870258 3923648 3821985
3909366 3849697 3919903 3755845
3783872 3812821 3939613 3805436
3810177 4030447 3708540 3708694
3792426 3892795 3981803 3869650
3943894 4109357 3849490 3844313
3808751 3857011 3983952 3918375
3978278 4084222 3837197 3797360
3916531 3894594 3937727 3910290
3897786 4107515 3763072 3747712
3898358 3772395 3711579 3795073
3719200 3982984 3902377 3754484
3990316 3908916 3837224 3845659
3906652 3981104 3976431 3829648
3935155 3865589 3823066 3855988
3844334 4098003 3919795 3872340
3973283 3937987 3811338 3846444
3975525 4170212 3948760 3958257
3867399 3838933 3779384 3783349
3756453 3695314 3755534 3947491
3975370 3912565 3875632 3901815
4030376 3881332 3884536 4059345
3884510 3828583 3903850 3882182
3989729 3920336 3752147 4029712
3985880 3889925 3944890 3896804
3965457 3800363 3802626 4043638
3765822 3801927 3862042 3770194
3792414 3882564 3855952 3918107
3887045 3877544 3908101 3885338
3918610 3918429 3959773 4026942
3813292 3872007 3964791 3867608
3923562 3967762 3939513 4144511
3859352 3861152 3988759 3826344
3925293 3955934 4015522 4043947
3844639 3817531 3870539 3815500
3809564 3760366 3710785 3830113
3880789 3907896 3866249 3847955
3847595 3941670 3916970 3777928
3878274 3972421 3918908 3822051
3864600 4019936 3833465 3883501
3868329 4017363 3945915 3924368
3875758 3925629 3861090 3898400
3819098 3811478 3836770 3861388
3917969 3812230 3861088 3694313
3829910 3950942 3969056 4010940
4061751 3863261 4009839 3841287
3849661 3907221 3990704 4037221
4084153 3810325 3905248 3869753
3800230 3959989 3955042 3885260
4045335 3925700 3999178 3853684
3824753 3881957 3907149 3921617
3895144 4009022 3789809 3799755
3737050 3774364 3829526 3791446
3815652 3957833 3688876 3617936
3848221 3773972 3908623 3764022
3864170 3984709 3724804 3728461
3867326 3725981 3796313 3778900
3791198 3894882 3672799 3652961
3854029 3795732 3801162 3857832
3821836 4017567 3900676 3940145
3817094 3718108 3694512 3757560
3750525 3893405 3818014 3776740
3961762 3835885 3739526 3830454
3856448 3999844 3912569 3846249
3873696 3768242 3658255 3658881
3836012 3937571 3858354 3790505
3938161 3897079 3814368 3911404
3892532 3786298 3897804 4037436
3865343 3789393 3716120 3816788
3751550 3742512 3730108 3931582
3967329 3816544 3797943 3936021
3853409 3771143 3724904 3954720
3813450 3782108 3758665 3833466
3806813 3725007 3684771 3922174
3772893 3948910 3927761 3817417
3891150 3964373 3930108 4020879
3728214 3766387 3869384 3759892
3784394 3877943 3874085 3933133
3818007 3905105 3805086 3770158
3739072 3979718 4001448 3996696
3799141 3812183 3878649 3748746
3823586 3936617 3824671 3935427
3825404 3924975 3891266 3890911
3808977 3831966 3829582 3829804
3752793 3894566 3788736 3775581
3691261 3740332 3724278 3701349
3827857 3940443 3857096 3840658
3772902 3870020 3779302 3778470
3744518 3866084 3796946 3843478
3748372 3808561 3775627 3695008
3805896 3911525 3939354 3894967
4008530 3973731 4007159 3856877
3727283 3758697 3895831 3896935
3869794 3765141 3898488 3698824
3782498 3892458 3870713 3918774
3947747 3817770 3864374 3762607
3752249 3807771 3844736 3934580
3886594 3891612 3891076 3809732
3742964 3731074 3881277 3823079
3854379 4072628 3708819 3677284
3612604 3764770 3756527 3787807
3789794 3940912 3725192 3687531
3762632 3875385 3919619 3854766
3904375 3964980 3734704 3737847
3848349 3873044 4059995 3959169
3928469 4037191 3812860 3881027
3858778 3857062 3639671 3786052
3824307 3883821 3846343 3779850
3811030 3746818 3656599 3721602
3651664 3945494 3806614 3796569
3906955 3885012 3743110 3799727
3927971 3887502 3895109 3825109
3961608 3866210 3803964 3910343
3904752 4083258 4033414 3956579
3837305 3812538 3879814 3828123
3840247 3757925 3680479 3949036
3805835 3745002 3757720 3817527
3845905 3699791 3685442 3916613
3892859 3841593 3857149 3815711
3866324 3751523 3818824 4025431
3969846 3867337 3930903 3984534
3932319 3807853 3851581 4039814
3683959 3857081 3865086 3765055
3829092 3891747 3928233 4008649
3640678 3778117 3803373 3814831
3821647 3838241 3846186 3856258
3825799 3796674 3885546 3845148
3865712 3947514 3921232 4013688
3889548 3818437 3945260 3832312
3946249 4006874 4027105 4115778
3735425 3939237 3794008 3825283
3814535 3837105 3661434 3734787
3783084 3835997 3828182 3624502
3740239 3800475 3664242 3785023
3876165 3909990 3846840 3826397
3798093 3904879 3777707 3813457
3964375 3900676 3926198 3871486
3892002 3903286 3852315 3862490
3741138 3869414 3857812 3897433
3966712 3913921 3905791 3753196
3734880 3780691 3827856 3759323
3904108 3732344 3811692 3700019
3767795 3835825 3890841 3945492
3983841 3803245 3940813 3747333
3842824 3887652 3978090 3940646
3957481 3934484 4043811 3892582
3850087 3942678 3954918 4029765
3909297 4123449 3818034 3813739
3900056 3975373 3941788 3874802
3999260 4107866 3927914 3946702
3679257 3710693 3854753 3849939
3795967 3972746 3670573 3619412
3779500 3886541 3889671 3942571
3872964 3981206 3793872 3798817
3975767 3882765 3788172 3888751
3853714 4091565 3920426 3869538
4027605 3886252 3840483 3996523
3942998 4089624 3978595 3992428
3924536 3815358 3603611 3739160
3791238 3959699 3879385 3811164
3924618 3879446 3771424 3841329
3871766 4001639 3918396 3835931
3993239 3874315 3844293 3883534
3910669 3833413 3839743 4053504
3980497 3895308 3927771 3983668
3973238 3854535 3859180 4124061
3863722 3761561 3741225 3814802
3789334 3698813 3749204 3926900
3922643 3893107 3789215 3937901
3813829 3741971 3770754 3992137
3838526 3877511 4020108 3892317
3935939 3992952 3969589 4123726
3898309 4004776 4007340 3866920
4020417 3978156 4062071 4097134
3768230 3803757 3885321 3734125
3801527 3798765 3858575 3944543
3810898 3900120 3968181 3849719
3997565 4010160 4018290 4053328
3932163 3927725 3967376 3910131
3866466 3955412 3797268 3870969
3951776 3939768 3992028 3959433
3951249 3951721 3821942 3888817
3812969 3874939 3828992 3794805
3764087 3817241 3713014 3799100
3890114 3970774 3936857 3900381
3821762 3809131 3758956 3845614
3841268 3940517 3975224 4010382
3926721 4020646 4056836 3771406
3831427 3978993 4013976 4056950
4137154 4000973 4062692 3922424
3684808 3866721 3798582 3877241
3858482 3860129 3866375 3780170
3769263 3913495 3973605 3915799
3925230 3820420 3951525 3824241
3933983 4091947 4145025 4053233
4064261 4198484 3856783 3982768
3873645 3863823 3990673 3838425
3909800 4066455 3698235 3788564
3700289 3699397 3834564 3824728
3802520 3954824 3632666 3720438
3735594 3695090 3851600 3686783
3752882 3849488 3521755 3618113
4037467 4010184 3949231 3943195
4003754 4131616 4039253 3932492
3941912 3894971 3763397 3881221
3815542 3960695 3938604 3831101
3859031 3759458 3679603 3674391
3793321 3954370 3816639 3834881
3815025 3807804 3666001 3669330
3721731 3876906 3752450 3729219
4141433 3982723 3981638 4035445
3930567 3853999 3941671 4159347
3873817 3862289 3865629 3924168
3845295 3738627 3771153 4041236
3842927 3807160 3732234 3835268
3843158 3663693 3743226 3913064
3704455 3763431 3740081 3690935
3764972 3627326 3698324 3948026
3950386 4062041 4047823 3952032
3977491 4074822 4202046 4260288
3792353 3906586 3892747 3776154
3877264 3887539 3926224 4049498
3689218 3832122 3790938 3771020
3835074 3944375 3878824 3848673
3659450 3756086 3866237 3703252
3736370 3894900 3780555 3800234
3899412 4107056 4053651 3948080
4059234 4080455 3941070 3989582
3877545 3917010 3881177 3877248
3863277 3875654 3801068 3866345
3798333 3904727 3758640 3816623
3816709 3846828 3743993 3791812
3700580 3849572 3751805 3666174
3668582 3732428 3657630 3729383
3876747 4019740 4079500 4126306
4156373 3993404 4096941 3950210
3852444 3933951 3852781 3872323
4013008 3951854 3998128 3838833
3686629 3818114 3759467 3804990
3847962 3761498 3915575 3755050
3627026 3783794 3804136 3818140
3824486 3753343 3791024 3659902
