4029622 3947947 4022146 3895963
4152237 3993195 4003711 4010481
3794528 3716947 3864639 3787257
3784103 3738973 3762882 3803107
4041984 3947517 4076169 3997159
4114722 4072117 3995224 3911478
3925319 3856412 4011752 3855779
3897718 3909994 3854519 3796654
4047342 4003066 3896301 4057340
4055624 4199150 3815774 4155805
3777800 3778395 3770574 3900465
3746641 3925631 3585002 3916258
4023026 4025567 3990914 4125749
3936030 4095846 3953514 4189726
3886296 3842940 3812693 3931227
3906667 4029635 3656902 4044440
3976938 4026723 4013878 3965905
3988625 4063744 4054459 4039841
3771505 3794861 3766066 3701437
3774484 3836374 3856406 3732806
3899238 4028188 3993803 3918378
3956270 4007906 4021037 3982765
3806504 3922497 3846532 3794493
3874311 3893939 3940158 3805888
4075686 3907400 3994564 4036371
4003720 3866835 4238155 3979293
3874367 3742716 3788950 3751224
3725521 3653295 3817129 3721633
4119466 3979989 4040912 4029848
4002897 3835520 4139651 4053291
4029411 3866275 3888864 3939928
3971712 3758925 3973098 3824206
4096020 4011617 3986854 4034400
4083589 4096165 4035556 3921122
3871807 3829499 3680229 3891621
3837470 3875290 3783576 3762144
4159366 4063605 3887561 4037250
4069528 4163595 3927226 3921279
3875994 3906251 3817426 3903164
3871545 3950096 3878078 3804441
3995647 3928075 4081362 4032749
4100792 4013822 3867543 4024907
3792145 3661111 3849946 3863219
3740248 3753789 3687821 3869720
3999381 3878626 4125304 4116957
4106134 3995508 3956930 4069644
3973981 3842350 3939007 3975750
3877592 3855835 3694319 3884003
3752533 3726896 3779784 3708236
3826127 3746823 3765084 3813716
3775935 3718362 3817666 3738610
3855377 3909514 3851645 3755064
3939278 3870755 3948582 3803083
3983522 3994620 3953639 3864575
3942912 3905395 3929841 3900340
4015487 3896300 3812503 3936066
3717561 3762267 3670539 3790761
3737501 3869382 3633186 3846338
3854692 3828345 3748101 3877105
3863849 4052681 3683042 3923700
3906659 3945384 3911215 4009380
3906431 4092058 3810748 4099121
4003225 3928430 3840118 3904781
3887188 4120507 3722266 4096631
3647114 3728501 3814029 3668159
3702061 3767832 3773461 3746917
3652585 3847737 3816548 3759545
3827169 3807132 3878871 3749588
3871323 3965106 3837373 3793580
3901068 4005945 4031711 3874181
3847684 3951951 3864692 3867730
3893197 4034791 3935065 3919320
3835860 3734248 3800239 3788000
3772180 3589393 3844970 3782309
3829831 3797434 3780309 3739327
3814556 3725896 3982138 3813915
3912018 3899870 3911840 3926898
3903214 3769363 3999070 3939135
3959099 3857693 3982003 3903029
3920735 3828225 4019131 3929154
3823880 3794011 3674987 3728195
3779151 3837740 3694370 3703161
3876780 3805882 3802838 3854351
3874268 3882935 3809233 3766368
3900609 4019965 3937730 3983772
3846395 4033500 3927889 3787897
3935070 3947450 3943181 3969191
3961209 4001312 3922159 3867515
3866134 3691682 3884090 3786346
3766313 3643845 3669683 3875822
3842167 3736229 3984113 3902407
3981066 3770165 3781813 3936649
3871819 3876707 3938791 4063389
4066573 3966562 3870424 4032468
3909937 3837768 4001987 3979197
3958025 3840531 3823727 3993620
3710442 3704103 3879758 3794173
3924249 3818430 3730354 3733761
3848985 3780580 3798595 3867676
3982120 3847283 3824723 3825408
3883361 3769766 3782642 3739040
3937849 3822435 3803459 3860471
3837292 3848562 4008836 3912635
3979859 3924426 3859826 3818623
3829890 3886756 3733127 3892038
3801271 4034330 3683227 3976075
3879007 3856496 3804065 3931567
3857316 3963253 3775307 3907424
3879952 3789301 3722175 3874569
3765803 3973468 3672380 3919614
3926889 3969115 3811692 4048208
3881539 4092045 3711742 4039263
3689110 3798196 3812402 3777346
3766178 3872754 3779338 3830981
3793615 3861759 3844176 3833049
3776654 3874364 3925438 3879318
3765238 3908608 3808820 3757573
3842943 3882969 3829360 3862700
3861366 3977515 3905951 3873973
3832341 4026822 3932827 3943434
3903423 3813489 3780437 3822532
3889315 3710889 3887693 3846713
4046611 3828492 3851640 3852038
3852167 3715805 3881344 3857549
3840012 3782097 3860756 3767320
3820096 3638904 3876586 3718981
3942764 3859099 3900260 3909530
3984280 3761716 4022697 3870840
3872764 3862486 3776091 3777846
3872094 3932379 3782473 3703650
3992515 3951869 3844196 3877370
3802913 3969539 3932776 3777526
3867456 3810978 3789102 3888392
3889537 3861235 3771728 3778282
4014738 4017704 3890732 3929461
3884647 4007145 3884723 3899023
3819993 3725958 3941547 3819737
3934694 3805480 3689484 3918233
3873194 3783827 3960081 3988429
3805787 3846120 3738012 3908081
3794249 3770405 3873707 3923590
3847785 3796417 3765818 3840002
3921375 3796251 4071319 3956623
3991682 3908024 3855553 4065815
3916058 3904710 3921475 3880467
4035325 3950265 3901356 3971368
3904715 3854125 3862472 3837819
4009180 3823388 3830037 3966035
3942510 3842404 3910720 3793316
3999580 3952912 3889722 3874435
3926653 3853249 3970812 3853464
4011327 4010734 3854611 3939656
3933507 3950787 3907743 4068097
3917278 4160490 3801218 4111828
3925423 3972391 3792703 3936081
3827234 4021237 3723139 4074676
3888775 3954686 3916184 3959419
3902262 4058832 3795135 4125350
3943284 3986119 3876591 4020914
4005846 4130901 3722553 4161173
3835260 3972572 3897976 3885225
4033317 3964211 3938670 3943859
3788153 3893538 3933913 3841760
3871359 4003143 3905198 3911731
3788467 3925538 3866942 3848901
3868529 3926775 3938354 3863260
3968451 3884193 3986624 3897259
3887789 3987609 4029527 4000100
3992354 3917534 4008817 3915074
4009180 3889044 4020859 3922034
4071170 3923767 3934571 3893237
3911613 3764787 3954581 3790541
3894506 3899861 3938992 3900265
3839213 3728535 3998955 3860069
3994932 3923121 3955214 3939611
3973064 3869846 4113288 3886200
3976289 4019650 3864654 3934232
3968905 4058171 3983642 3877289
4039025 3979468 3879007 3955701
3909622 3901720 3910889 3832079
3984459 3889595 3738567 3876846
3897860 3945236 3843277 3842236
3986890 4031488 3838434 3930456
3925035 4072100 3927342 3873009
3977411 3907297 4075806 3992458
3996686 3966779 3871120 3950394
3914232 3905670 3948233 4022733
3989860 3912750 3854555 3978170
3913881 3827173 4015871 4007305
4004214 3898719 3868892 3999586
3924882 3895846 3947057 4029415
3995788 3968283 3955144 3956280
3872010 3841827 3838938 3872312
4022527 3861567 3796374 3838895
4028795 3941605 3984140 3905872
4005050 3973073 3936116 3933705
3917418 3749814 3830995 3782710
3856656 3842019 3683108 3736501
3722027 3693659 3759917 3673139
3789577 3744226 3671294 3798632
3921503 3859879 3778291 4002308
3898029 3978838 3736301 3952135
4018285 3966961 3896550 4078453
4003592 4096568 3847964 4181284
3885974 3799643 3678974 3855851
3816529 3997033 3642901 3919256
3722488 3784963 3650346 3771767
3694700 3857415 3615261 3910871
3817308 3830652 3846176 3803902
3911722 3779122 3958172 3843464
3943724 4017210 3835667 3906641
3930833 4026237 4066103 3957834
3775011 3790936 3823089 3701975
3747110 3898265 3829530 3767436
3601892 3780460 3705245 3747133
3758637 3759368 3790216 3724440
3954222 3788719 3848743 3875551
3884109 3720715 3953527 3845330
4065595 3965875 4038305 3941940
3941906 3860411 4087247 3987160
3850108 3808784 3805609 3821361
3824148 3624634 3928973 3788318
3792286 3685901 3663887 3790416
3803051 3602773 3793778 3756251
4010859 3894270 3924702 3884231
3933748 3861227 3855327 3791753
4153903 4074488 4038378 4029262
4053760 4147977 4001189 3902261
3900937 3840193 3800157 3826202
3828018 3900618 3869834 3768224
3819921 3755539 3759967 3725334
3746302 3813779 3766252 3638833
3908213 3770838 3892215 3921688
3925066 3806378 3829892 4011550
3996712 3964611 4135541 4005878
4094614 4015064 3931146 4012141
3765408 3663500 3908635 3837889
3844460 3774172 3685853 3889707
3760922 3689248 3765380 3809417
3713482 3709866 3677569 3850950
3813681 3784427 3878972 3749805
3868776 3731363 3763053 3800251
3830010 3781455 3860445 3839055
4005838 3872731 3785874 3808583
3901191 3934513 4046513 3896642
4057302 3890123 3899102 3939395
3915166 3887939 4052245 3937751
4020751 3909420 4022466 3968422
3830909 3845499 3738825 3907547
3755756 4028534 3637140 3872513
3861134 3836973 3768248 3875892
3809340 4001349 3683678 3991429
3927497 3955140 3903656 4033825
3940052 4115457 3774797 4151065
3937036 4007992 3823042 4073020
3938744 4151852 3832637 4104444
3714032 3787516 3838426 3793085
3771682 3872591 3823239 3857375
3758636 3853154 3791599 3783991
3913629 3928583 3953599 3844849
3851018 3916727 3930340 3858039
3887263 3979513 3991647 3933419
3824985 3985282 3886462 3854964
4004178 3927799 3983538 3952520
3853451 3768559 3895030 3765424
3770664 3686918 3977961 3747712
3914272 3881825 3847450 3875583
3908559 3715548 3910331 3860374
3995597 3886480 3968040 3864318
3894554 3812708 4067604 3886198
4049229 3942309 4007470 3967837
3997942 3835620 4022743 3880752
3986273 3844099 3825553 3833905
3850427 3876840 3818078 3653980
3907566 3884144 3832776 3874206
3842306 3927353 3809016 3811156
3988284 3935154 3901546 3908340
3915820 4055834 3934269 3858615
3996227 3937681 3982160 3974051
3937500 4070797 4016197 3921578
3779007 3797848 3884956 3819696
3902083 3717398 3692661 3869900
3915693 3700789 3907836 3887804
3904061 3813777 3838366 3871777
3991095 3916957 3976010 3989167
4069594 3925559 3844548 3970840
3978654 3831790 3978950 3987165
3994269 3938817 3891107 4000551
4015870 3869954 3948695 3928265
4037050 4033862 3921962 3907466
3848410 3798861 3881824 3868286
3948189 3901948 3840356 3877676
3977017 3858914 3921086 3915608
4036240 3978428 3935509 3931683
3871040 3858040 3967915 3829700
4009388 3921670 3868169 3947065
3957162 3943239 3904328 4007412
3933126 4182952 3779356 4087463
3868267 3913354 3781757 3933524
3876461 4145808 3784126 4064369
3911034 3945195 3877840 4054930
3931376 4134311 3758211 4122355
3910045 3918410 3920964 4039029
3909551 4097977 3864519 4062329
3927270 4049552 3921021 3851801
3875364 3911721 3980982 3893544
3858198 3876994 3918650 3850222
3862921 4024992 3901532 3898054
3944605 4021672 3867169 3849862
3937929 3975405 4039411 3999470
3857211 3994801 3846808 3819160
3949479 3969347 3910975 3864142
3940460 3960735 3952921 3960467
3955356 3809222 4087235 3909986
3987751 3871024 3907928 3862123
3955115 3803498 4023339 3937881
3986803 3905573 3915355 3907887
3979180 3752381 4035127 3955787
4024181 3915154 3923142 3969936
3982288 3833936 4050281 3960587
4097817 3957226 3912462 3965873
4054245 4037631 3922350 3917690
3972590 3973431 3867931 3891015
3912576 4048416 3903103 3884709
3937152 3946098 3874101 3918868
3969933 4053503 3955784 3878027
4019576 3993876 3949077 3992161
3989334 3987672 3923468 3852725
3920885 3824746 4095303 3997056
4015860 3899081 3823360 4008327
3926413 3928362 3962519 3923840
3995880 3913789 3815975 4067002
3910008 3895398 4129129 3939386
4006610 3962265 3838714 4042256
3972404 3873842 3982507 3997125
3966436 3930266 3800643 4018930
3865794 3924081 3884718 3821314
3910927 3875791 3844629 3880430
3675503 3768476 3693388 3689361
3805078 3699996 3749599 3727338
3900654 3899935 3934401 3892588
4005168 3967473 3827581 3920728
3953111 3892557 3944317 3928531
4156400 4039600 3913168 3937702
3859067 3851183 3808960 3967715
3847799 4045404 3715897 4053088
3655939 3792461 3600156 3835227
3654636 3859442 3535437 3889182
3817297 4002958 3867873 3966461
3873245 4031793 3749708 4081521
4008160 4096446 3957149 4111090
3969628 4185452 3849164 4110420
3817712 3950844 3921258 3838894
3934173 3951144 3983829 3903482
3600958 3747499 3672834 3683612
3740036 3853988 3746766 3750705
3793871 3957403 4022010 3937198
3866089 3998499 3995345 3933319
3804936 4016698 4020894 3875402
4045028 4085504 3943146 4014937
4007471 3901817 3878185 3858872
3872679 3728388 3968043 3822405
3716992 3695345 3785895 3763077
3742413 3532469 3751125 3735224
3997171 3906780 3982731 3954052
3869362 3833352 4061180 3962124
4100255 3942857 3955375 4009994
3974754 3795823 4147360 3987964
3895731 3858553 3866227 3901140
3935531 3993233 3895659 3877183
3727490 3732221 3710069 3783191
3817296 3788093 3672460 3638154
4029377 3981451 4002404 3891445
3958554 3982100 3926350 3826108
4108308 4084647 3940774 4020987
3997752 4100648 3998955 3955667
3878664 3895151 3980260 4016994
3984089 3907448 3762547 3942259
3703438 3640187 3821421 3697746
3789896 3707163 3634889 3792002
3892372 3818258 3990410 3991107
3956500 3862274 3933541 4104225
3945196 3893514 4079267 4099165
4030548 4024876 3881199 4058301
3972550 3863612 3957477 3844015
3981308 3866689 3910611 4013259
3775086 3746460 3744782 3704160
3839485 3799583 3720227 3778355
3892217 3896473 3978794 3938569
3987288 3985504 3842076 3814825
3945304 3931782 3911348 3879972
3965515 3933526 3833188 3988931
3919072 3945975 3838453 4037530
3901656 4106014 3799726 4107228
3796026 3865378 3628385 3885667
3731772 3845728 3694507 3905954
3836098 3891883 3848241 3934107
4003754 3995732 3786547 3997274
3872417 3883899 3819722 3979221
3883625 4118018 3736914 4119211
3844761 3947915 3900663 3836774
3924350 3990069 3965247 3926137
3642705 3789175 3672395 3762887
3760349 3766174 3772985 3790686
3761958 3956139 3856079 3862197
3864274 3960621 3950672 3919636
3787084 3977868 3891581 3833188
3903335 3870895 3994570 3955113
3919978 3870461 3920479 3905323
3984266 3845781 4081253 3943756
3823764 3681516 3830542 3759066
3807023 3667545 3847595 3786473
3982579 3881648 3832477 3899945
3872452 3663322 3994362 3919262
3874438 3903172 3916786 3959471
3905548 3759494 4044394 3853466
3983150 3861004 3883116 3961339
4029678 4042390 3928579 3889841
3858511 3767103 3736299 3759996
3782397 3841426 3767058 3668996
4020443 3827881 3831753 3960444
3989496 3945300 3912009 3931963
4020734 3907319 3895287 3926993
3975217 3910635 3843463 3876927
3971263 3836045 3958667 3969623
4017824 3911134 3802249 4093917
3748340 3742513 3831071 3808418
3771141 3757349 3693473 3775534
3926262 3781511 3918360 3905874
3907803 3919092 3783260 3992411
3863410 3782130 4018088 3973596
4070548 3820685 3769802 3992474
4011358 4033315 3972640 3989923
4063337 4003764 3978533 4023504
3968881 3913927 4020315 3971155
4078977 3963518 3897667 4018182
3813229 3782181 3867870 3706957
3921774 3794268 3844734 3768043
3784692 3796276 3916492 3804542
3987578 3861823 3761454 3711532
4093734 4035384 3955156 4048145
3905918 4146773 3881713 4105108
3905408 3994362 3906024 4026780
3984526 4143908 3847293 4129918
3844253 3833235 3748540 3894777
3893007 3988600 3645048 3996380
3799485 3839414 3719762 3876622
3865481 3948775 3659793 4028906
3985500 3996944 3974174 3845405
4032612 4007806 4067468 4054194
3936627 3987327 3986305 3904403
3957890 4027662 4048046 4019415
3765542 3913541 3713882 3674222
3799685 3785082 3866605 3842161
3737551 3838018 3774501 3782726
3841334 3864665 3903766 3773451
4065224 3943446 4080991 4051471
4027512 3937264 4170698 3991377
4017833 3956091 3914994 3938323
3949986 3878741 4035299 3904755
3868208 3802714 3868197 3801363
3899535 3776940 3934191 3759477
3935750 3814243 3834979 3818484
3929150 3665184 3897863 3805770
4098642 4000414 3988975 4023220
4051585 4089190 4083947 3968036
4002266 3945671 3947088 4020456
4014083 3960945 3993896 3893564
3948543 3920706 3753948 3872410
3827694 3935110 3770267 3737233
3873219 3762365 3793274 3769057
3826544 3905282 3751253 3777735
4034354 3969216 4090331 4062301
4110336 3992385 3917620 4071784
3968383 3976164 4077034 3973105
4003127 3898892 3927997 4106486
3917367 3720661 3917424 3827601
3889220 3786014 3786609 3877638
3890572 3696897 3929653 3889670
3830880 3840230 3693044 3903097
4007708 3895712 3862161 3813701
4000429 3914858 3858956 3848081
3904449 3867631 3994194 3852277
3917717 3910212 3935966 3916937
3994305 3991322 4058239 3951127
4165166 4032328 3889380 4029920
4026179 3878817 4021996 3852886
4105673 3968858 3931791 3992064
3859267 3899727 3820047 3979996
3919604 4058459 3799852 4113892
3923268 3946270 3884774 4039435
3938940 4136352 3767359 4086516
3977753 4118991 3973508 4152184
3982001 4215321 3892662 4215865
3877184 4113050 3927973 4086265
3972346 4227167 3801864 4213168
3851886 3901570 3859337 3820586
3931824 3958159 3998456 3865204
3861802 3898273 3882274 3838547
3894749 3931861 4032362 3898960
3963322 4033307 4039115 3902151
3983094 4079670 4020020 4056613
3878881 3997998 3953256 3889893
3916109 4065817 4016556 3995128
3902089 3903572 3872744 3860753
3897343 3768149 3972563 4001628
4004739 3884258 3915276 3963266
3893477 3813720 4009483 3911979
4119064 3992166 4077719 4045839
4037253 3881914 4125169 4008833
3976427 4008165 3964513 3931356
4030232 3915311 4101742 4021446
3986802 3924263 3875549 3928878
3924879 4010263 3879415 3822417
4025596 3920669 3956725 3929814
4017015 3983341 3855526 3838237
4160650 4031561 4037685 4095634
3998778 4058056 4011853 3911002
4048419 3970780 3924345 3909621
4023342 4148306 3954583 3912840
3910280 3900142 3963688 3887625
4026909 3882269 3824900 4019860
3981867 3833014 3988703 3945887
3959665 3847908 3907367 4015086
4042505 3968943 4093117 4064794
4062609 4003148 3952511 4097711
3937689 3883396 4126585 4019664
4072058 3907131 3928705 4172895
3770681 3653681 3809119 3713306
3834330 3743468 3716861 3724953
3962855 3871955 3922722 3932210
4029000 3908540 3881956 3947422
3898481 3918684 3965933 3841714
4052863 3882397 3836116 3971455
3811440 3750841 3870099 3713351
3891032 3840772 3744098 3778151
3855071 3833320 3714895 3850119
3697434 3957169 3587652 3982255
3869717 3911562 3862188 3895171
3889008 4159955 3817908 4082800
3946871 3950677 3836624 4011597
3940782 4127692 3809281 4090385
3782716 3804697 3723631 3925281
3782734 3934827 3637081 3878057
3732047 3864899 3738343 3695869
3791485 3777856 3801555 3788107
3875296 3922932 3890477 3801684
3840826 3916614 3966264 3935361
3830059 3944336 3809197 3780563
3927698 4037167 3929478 3998773
3675621 3868315 3791961 3632325
3836151 3811836 3863989 3834860
3873594 3761064 3810877 3820844
3729738 3712582 3894026 3765955
4023364 3928772 3904336 3983745
3940755 3720639 3949841 3898142
4013073 3940649 3887907 3948301
3908029 3805135 4128261 3919990
3762143 3748523 3769345 3858928
3830467 3631544 3899974 3878096
3703606 3801984 3684866 3740119
3787999 3795162 3745472 3676398
3950664 3969473 3862053 3929567
3910260 3962498 3885844 3804784
3986696 3992374 3873121 3930248
3956553 3978384 3995170 3896897
3850404 3856594 3793074 3880998
3775620 3879261 3724580 3715522
3765136 3701263 3856988 3855472
3833707 3783937 3686851 3811459
3917229 3797756 4014802 3946112
3974893 3908289 3874155 4025386
3891782 3836113 4005151 4072991
3946342 3880747 3840004 4027134
3865444 3735584 3832607 3823624
3729821 3753663 3724342 3889978
3818472 3935540 3890201 3936559
3862721 3918198 3816964 3790922
3826877 3886552 3833928 3900613
3896937 3945476 3778499 3811411
3742762 3867827 3698805 3774647
3757396 3748141 3768902 3647734
3720033 3843134 3682763 3768783
3665038 3757490 3831467 3654236
3815088 3959161 3938856 3811475
3982883 3760991 3877952 3869069
3777937 3912541 3962937 3745169
4007957 3830946 3986751 3921855
3639113 3900830 3825489 3763962
3836982 3665061 3860918 3825114
3704557 3825610 3967227 3694484
3802943 3678766 3912469 3816755
3921279 4035287 3773663 3962335
4032408 3960223 3870588 3910156
3888220 3977586 3817164 3838597
3982563 3960760 3931339 3822514
3773037 3814183 3700680 3751847
3845206 3771186 3690183 3674932
3762647 3856862 3758185 3778885
3809102 3816280 3724660 3692461
3932381 3748139 3902196 3898081
3859668 3959665 3956320 3943737
3911307 3824326 3928688 3885125
3877887 4036580 3911106 3987903
3872077 3686272 3842103 3768974
3723451 3878022 3808076 3873020
3769214 3743271 3840986 3790932
3715456 3838763 3827150 3883798
3815509 3929825 3771829 3870076
3987215 3937727 3977263 3691996
3812286 3915695 3812039 3805763
3965310 3943926 3908018 3752627
3704269 3889219 3684849 3676829
3879070 3879234 3850988 3690799
3696860 3895459 3699853 3702317
3812053 3886857 3820863 3653945
3864421 3985267 3936237 3882544
3849307 4013659 3923831 3759368
3963086 3964907 3936101 3853737
3897890 3972369 3986553 3747541
3811813 3846762 3819422 3844201
3732294 3881390 3901544 3704244
3861762 3885824 3903068 3775847
3801320 3880159 3841655 3649790
3837535 3857818 3848799 3887081
3787467 3902039 3860513 3808705
3667972 3723717 3628648 3695656
3604172 3704999 3563024 3649477
3792451 3770721 3656864 3802794
3742328 3768628 3710128 3683225
3669642 3888252 3775285 3860537
3768957 3791336 3840239 3808627
3800841 3988226 3962569 3819274
3866087 3737176 4011381 3887795
3658665 3818748 3798613 3719318
3761061 3543931 3793505 3778397
3747463 3872848 3905561 3824858
3747508 3717980 3931925 3945561
3710544 3871827 3870433 3783273
3782969 3751595 3975490 3929524
3942915 3937978 3846125 3873735
3993908 3872206 3877575 3852285
3756914 3708920 3626640 3768533
3749869 3611522 3653162 3624826
3816189 3921196 3795102 3857434
3863431 3725736 3791868 3727804
3934313 3877069 3690406 3848798
3906432 3916522 3822124 3746574
3978974 3802063 3954070 3973782
3915603 4064100 3969177 3884979
3750807 3635360 3710875 3710933
3711849 3799070 3744743 3776156
3847842 3721536 3811378 3772361
3810136 3956741 3866809 3954486
3842664 3831971 3900322 3896195
3778845 3869899 3817858 3932639
3866224 3959595 3905974 3900332
4011450 4004509 3967796 3819165
3643233 3752213 3746951 3673956
3870626 3801550 3743788 3665269
3786393 3859635 3758454 3778294
3893536 3867627 3848398 3704680
3820441 3900681 3802390 3891501
3913841 3857177 3918672 3672568
3791973 3927224 3953982 3892938
3933888 3970073 3907225 3826842
3711444 3781791 3734995 3722896
3693128 3782289 3811914 3558030
3862409 3860420 3875377 3846384
3888621 3907960 3839477 3694049
3780079 3858291 3956158 3871694
3872527 3964076 3834844 3585725
3859557 3813951 3710484 3851390
3832452 3799122 3809145 3871599
4090008 4061047 4011627 4117757
3973473 4121205 3999027 4099725
3710299 3769175 3730380 3847943
3801895 3845733 3750945 3763357
3907251 4023878 3886582 3983126
3875804 3973391 3899073 3952340
3757212 3905309 3899529 3844083
3893473 3775372 3918358 3881731
3991037 4115107 4137243 3995430
4069510 3933166 4098413 4106296
3809521 3904149 3974243 3806070
3920888 3743474 3937694 3850823
3893633 4003823 4125924 3885194
3991396 3840386 4049322 4017110
3962524 3964145 3775692 3856655
3908612 3908052 3757891 3748389
4187882 4191335 3925434 4095537
4175467 4059396 3970396 3958462
3891264 3955205 3681753 3814635
3951952 3855292 3834326 3762292
3994289 3973778 3867145 3975520
3989124 3923966 3888171 3871605
3869349 3769343 3943054 3898133
3854548 3945882 3933010 3965840
4007073 3987418 4183155 4065862
4057132 4267073 4161370 4081030
3909491 3743710 3881837 3875648
3856726 3910439 3909270 3969340
4007834 3860320 3967932 3949751
3963494 4067372 3979210 4080198
3817894 3913114 3779643 3904655
3955510 3889944 3929684 3744464
3969331 4153771 4036572 4066573
4176852 4081694 4108409 3990956
3762082 3885555 3805759 3838342
3938160 3908498 3969334 3742321
3931493 4027797 3971921 3902155
3999488 4082723 4096425 3813289
3867942 3928469 3945661 3963182
3944076 3992456 3951599 3710569
4008718 4072994 4085809 4101309
4109682 4233944 4121963 3921392
3898194 3904835 3897976 3796475
3861846 3900878 3875692 3689539
3939873 4049124 4063689 4056903
4029091 4021309 4025274 3817986
3923158 3995683 3772687 3974783
3893744 3896302 3843557 3934569
3844091 3856220 3702955 3968816
3804633 3842191 3797611 3775886
3930202 3850060 3888783 3933593
3807356 3882595 3857327 3774881
3887139 3953120 3888553 4000641
3797419 3838545 3960117 3820545
3914865 3924016 3985196 3829199
3875663 3851187 3942000 4025773
3818212 3931446 3971365 3769397
3824520 3726056 3941565 3904149
3804065 3966405 3979850 3835037
3858606 3780733 3937157 3919857
3820357 4005794 4012880 3855436
3913055 3813851 4051054 3923470
3894543 3945794 3922165 3972302
3954603 4030646 3835121 3824402
3900422 3939858 3743942 3969844
3821411 3848567 3726378 3831130
3862682 3991891 3829438 3915697
3926921 3865259 3777437 3832101
3994673 3992456 3874115 3987924
3978848 3940276 3899676 3849168
3945931 3849890 4026554 3904168
3860334 4126338 3995801 4042014
3853857 3775475 3860180 3779074
3786509 3891999 3909395 3937586
3946564 3834343 3877460 3921261
3879617 4055537 3959011 3918107
3914706 3800553 3968335 3946913
4006010 4153906 3974172 4031651
3844326 4020363 3863002 3786480
3997952 3980486 3994786 3770928
3702849 3900548 3715082 3776898
4000340 3900684 3917391 3698065
3794245 4050086 3878890 3867151
3936414 3973810 3882021 3812924
3872388 4029239 3893856 3896221
3992295 3975404 4085341 3826430
3814672 3989146 3989789 3985074
3897606 4016149 4069599 3759490
3791722 3835315 3939003 3827464
3929916 3965702 3929863 3664628
4043313 3933825 3955393 3910069
3937829 4047307 3983939 3721530
3826264 4028741 4002803 3932887
4007429 4023456 3946031 3749755
3995320 3992389 3886352 4046039
3996950 4021496 4034050 4017841
3616703 3680658 3550003 3640802
3567002 3679724 3628344 3615916
3990841 4055752 3950322 4084549
3963533 3968062 4067462 3959283
3799489 4020423 3746564 3900564
3776702 3902649 3843811 3823006
3941537 4031031 4038360 3909492
4019454 4019833 4089247 4045681
3595616 3723010 3758697 3676453
3627296 3550045 3695199 3645161
4009121 4167493 4123480 4013929
4050632 3944081 4129714 4043300
3855513 3974649 3860330 3761346
3972403 3847486 3956237 3923781
4102764 4111834 3964206 3985001
4011508 3873965 3999077 3973429
3697771 3854135 3626224 3655833
3758334 3690195 3728887 3631692
4103731 4115707 3935107 4107046
4099543 4037813 4008894 3990682
3877647 3915696 3773403 3828338
4025282 3910525 3797824 3796695
4087114 3922558 4095888 4028650
3986325 4113508 4001899 4113003
3671761 3573206 3719351 3737834
3662273 3796749 3755025 3685162
4090716 3957775 4033492 4100702
4004741 4180659 4087888 4129299
3874020 3835831 3883827 3869937
3926744 3980893 3901785 3934632
3910145 4132521 4013143 3956248
4119067 4081834 4134588 3899786
3537379 3719498 3580529 3538986
3736241 3760209 3699163 3635574
3950142 4035044 4060050 3952750
4203895 4084588 4114404 3921294
3787578 3971422 3777652 3820225
3995218 3958326 3988647 3731686
4023169 4071222 4033649 4035213
4083543 4149974 4145138 3811119
3693742 3729225 3758916 3690578
3670184 3744274 3700444 3505385
4011455 4133556 4048587 4039860
4121936 4133696 4048527 3879615
3884880 4015442 3968800 3909596
3904142 3890764 3945252 3787371
3974584 3932515 3904402 3923930
3919591 3862915 3861315 3939451
3900890 3963488 3814592 3969319
3818117 3907049 3870143 3826511
3912832 3946761 3867955 4004610
3853430 3886854 3907168 3789481
3800690 3874862 3713833 3895014
3751295 3854254 3796521 3757466
3884021 4030293 4069651 3864027
4007633 3803048 3961781 3938859
3815653 3915547 3966463 3849326
3900700 3819461 4004498 4001146
3877833 4013848 4071617 3882481
3936687 3863524 4017494 4000191
3734248 3911393 3935629 3759123
3921973 3745268 3859248 3973002
4028723 4092966 3751973 3913345
3943935 3885067 3881674 3926487
3866954 4016317 3900483 3862530
3994535 3951685 3838277 3853843
3953357 3998329 3831700 3921083
3956748 3906862 3809182 3816488
3898798 3912616 3875376 3853987
4006570 3873259 3823424 3775345
3899214 3888771 4026764 3949811
3811775 3967052 3929539 3950368
3969602 3872775 3987823 3897176
3888892 3990594 3953775 3923035
3943104 3851550 3866442 3903150
3940554 4007704 3970163 4020333
3952310 3674951 3896151 3889359
3855524 3958206 3865412 3923011
3926032 3965921 3936757 3903181
4031848 3917865 3984682 3830081
3803629 3966976 3868608 3883710
4015771 4035232 3934004 3713906
3908470 3958655 3881922 3911245
4012771 3913686 3957513 3838282
3781070 3921693 3824340 3852518
3907074 3934935 3876715 3824268
3925994 3976654 4043519 3987776
3922240 4060638 4018787 3899474
3872187 3991802 3932508 3923099
3963766 4082421 4028942 3786375
3882249 4043711 3992141 3932464
3966860 4035001 3930153 3795023
3817143 3968924 3949345 3918106
3879000 3900629 3916051 3716972
3804341 3891924 3722728 3978000
3858641 3796921 3828269 3759304
3911653 3913568 3841239 3992072
3800136 3949725 3931576 3969853
3764890 3933503 3728336 3930169
3697229 3846807 3762977 3744302
3811880 3862660 3750787 3855450
3800448 3845788 3743583 3835622
3707130 3935469 3946145 3787784
3911992 3758628 3944410 3902664
3887484 4022457 3992656 3912175
3887735 3807690 4078299 4015513
3762001 3925545 3966637 3822771
3877867 3657024 3935830 3877967
3767243 3901328 3887881 3728490
3899010 3789872 3909100 3813361
3901699 3920664 3809287 3914416
3945072 3924464 3839360 3826604
4114167 3976908 3828681 4007666
4080087 3850406 3908736 3755896
3962431 3922183 3761441 3891163
3915761 3905138 3742589 3742411
3883061 3897383 3713306 3726913
3916734 3843904 3686337 3771417
3957744 3757554 3932546 3877869
3835859 3982336 3809637 3942190
4064211 3876536 3965859 3985456
3946351 4039949 3937273 4025982
3873021 3733571 3914894 4020988
3836845 3952062 3824386 3929824
3813844 3673204 3848632 3813497
3789609 3877933 3785005 3919343
3771066 3985445 3822417 3873447
3944079 3950947 3961945 3757673
3832426 4024680 3880247 3882357
4037410 4021963 4020093 3813457
3728864 3872218 3758879 3811255
3878976 3821396 3911689 3773877
3712121 3807926 3813972 3829447
3893475 3862712 3895627 3658777
3931511 3927463 3856298 3896150
3883043 3984004 3901738 3674392
3969231 3974267 3982176 3948320
3998213 4099120 4001873 3789441
3859935 3863700 3933219 3867617
3934966 4015587 3853782 3635123
3888454 3918881 3872955 3866619
3845147 3877691 3846696 3730652
3769486 3833804 3707138 3870957
3723644 3880193 3796845 3748174
3772698 3818985 3678805 3810745
3827829 3727156 3683143 3753870
3765975 3794249 3739054 3890793
3736974 3774514 3827120 3799638
3927124 3945643 3831279 3932813
3809999 3949085 3958119 3858396
3760206 3850574 3925815 3745209
3821622 3683885 3865511 3755525
3712818 3790266 3882878 3685064
3765772 3730218 3857271 3858276
3698993 3899092 3902655 3722558
3880880 3719717 3913572 3893617
3844723 3990393 3961308 3799574
3859559 3783774 3953950 3955368
3890500 3865442 3757646 3789765
3920047 3739015 3739642 3673709
3860959 3768062 3772500 3821740
3859139 3732281 3698755 3700991
3874495 3954502 3786359 3811442
3852841 3809357 3750943 3763680
3990909 4020375 3882659 3937304
3984991 3915079 3886510 3841306
3817911 3712495 3862816 3822551
3680952 3909706 3834292 4001892
3813553 3649629 3869126 3711969
3763590 3856829 3762844 3868050
3851992 3725210 3774914 3769724
3785241 3964948 3895001 3862281
3986933 3800246 3891185 3947242
3884031 4074026 3941105 3978093
3719704 3878787 3736486 3711872
3878882 3840356 3831014 3694171
3651720 3876448 3789623 3767822
3856585 3830962 3799742 3668903
3699795 3855055 3783021 3802331
3916463 3954048 3894690 3650845
3785580 3999308 3889546 3872644
3955827 3941083 4024267 3843356
3946761 3884058 3898138 3840204
3811331 3903940 3855136 3711204
3873847 3858812 3805172 3780125
3822476 3899576 3781321 3656900
3831571 3886259 3891828 3899723
3897426 3958988 3853022 3762756
3974073 4051844 3998560 3967525
3988489 3981497 4009549 3732263
3787298 3769321 3739385 3777683
3727986 3811783 3763570 3657134
3824367 3954804 3817772 3950074
3850242 3838152 3851943 3867719
3806815 3810315 3748138 3905453
3718923 3760458 3786585 3812886
3789623 3906618 3815141 4007652
3823986 3863662 3849715 3876284
3689634 3882432 3842482 3676291
3785120 3683758 3859695 3818000
3800189 3958095 3918321 3846386
3908995 3835369 3936880 4026261
3778781 3987356 3918846 3806193
3844525 3786070 3944311 3895171
3769524 3938383 4014356 3817397
3892607 3800080 3921396 3921222
3801672 3860263 3709565 3816036
3922056 3749898 3788433 3711748
3979302 4028036 3842092 3886652
3954045 3935118 3919796 3794169
3883869 3847217 3738078 3979405
3927362 3867172 3738542 3748683
3909729 3942209 3646649 3892698
3909057 3880626 3878283 3873901
3819143 3755774 3788381 3735970
3747736 4021008 3826565 3896030
3936525 3745344 3990649 3947202
3950743 3960683 3980079 4000204
3906561 3813810 3895125 3842176
3777789 3936040 3863870 3863798
3878206 3833495 3972672 3968041
3903142 3991950 4013021 3975423
3784455 3846292 3745031 3734355
3905624 3827742 3808293 3624172
3877423 3904167 3841595 3905280
3956881 3954714 3935775 3851469
3764737 3925535 3786915 3709985
3932684 3941629 3956629 3708117
3826116 3962192 3806909 3797704
3953898 3939328 3863480 3796025
3748205 3879779 3829061 3798006
3759613 3873871 3829640 3613635
3885331 3977359 4029612 3904501
4018738 3994323 3900581 3645368
3846280 3932249 3954796 3844228
3898277 3940735 3899344 3704182
3832071 3905291 3943739 3908489
3863571 3988606 3928882 3769708
3788558 3820762 3749193 3854385
3718140 3804196 3781868 3829461
3956971 3895732 3865635 3945978
3841428 3878603 3879633 3871935
3901920 3823465 3772004 3913363
3903496 3876987 3881446 3826398
3958497 3953875 3945861 4014500
3926349 3941565 3942683 3903290
3736328 3904867 3861937 3639318
3821191 3750469 3865521 3813530
3841047 3883519 4006404 3944079
3964686 3741409 3978320 3899769
3783293 3913121 3992562 3844387
3953252 3756728 4003200 3952060
3876889 4082584 4027640 3925536
3958865 3848870 4045191 4097169
3788139 3868323 3641863 3765274
3877154 3770842 3729273 3819356
3957623 4001644 3860109 3895755
4017001 3877316 3892899 3859518
3899264 4002269 3884901 3905154
3941845 3986896 3836314 3847109
3927065 4051190 3855061 3964335
4048922 3978288 3961610 3928757
3765080 3709789 3875244 3858515
3791150 3939582 3805374 3960576
3973880 3914006 4012954 3949364
3917028 3986470 3966702 3983705
3990560 3775223 3996118 3875529
3873764 4033000 3882015 3967004
3986931 3880388 4077417 3884044
3945171 4111626 3965004 4052836
3716019 3869632 3795430 3737579
3896844 3761251 3877170 3713546
3877314 3939523 3785345 3798932
4011544 3974410 3996121 3811136
3847243 3913865 3816101 3821718
4042585 4025827 3977692 3747665
3885403 4064560 3932570 3976310
4105535 4046697 4013266 3823627
3802512 3880789 3941578 3777562
3887933 3846085 3893905 3701479
3953259 4041401 3966939 4014058
3920524 4001263 3931737 3716644
3910340 3929187 3942074 3909953
3904630 4024631 4004623 3725089
4008927 4089153 4071752 3945789
4005799 4106660 4095889 3881089
3897003 3949805 3852540 3954045
3790754 3823154 3815401 3924097
3885721 3862166 3819130 3898168
3799827 3835050 3802228 3815019
3807855 3907877 3874797 3908089
3872677 3927031 3828672 3822990
3834403 3792419 3741356 3879092
3679633 3816645 3728459 3719557
3809514 3961241 3970991 3831358
3919667 3731019 3992177 3932666
3818886 3889610 4006215 3830395
3932437 3731583 3999121 3912855
3819166 4030674 3991467 3880511
3901077 3793250 4009525 3959594
3732075 3777418 3899935 3744245
3823195 3762889 3844031 3875827
3895366 3981926 3950662 3869419
3947660 3846954 3713522 3846600
3842404 3925553 3791626 3944446
3969800 3910353 3812309 3809462
3944962 4012855 3908519 3874296
4008325 3911564 3875918 3831712
3797614 3848001 3721924 3782325
3870625 3740792 3699526 3771134
3945448 3771643 3907895 3922525
3868089 4015014 3864890 3949394
3863538 3817694 3963719 3901833
3846828 3933953 3894561 3964283
3974693 3832721 3976101 3974684
3846326 3996920 3995221 3993845
3808741 3648967 3935785 3815731
3784428 3911757 3896694 3849160
3835276 3968863 3824110 3840109
3949798 3936824 4037474 3797606
3778921 3972727 3834809 3808542
3977073 3929129 3942019 3739875
3884399 4027889 3914768 3833622
4022122 3972266 4012376 3754414
3686997 3811877 3802198 3728284
3811173 3891819 3873177 3705253
3801481 3967710 3919430 3908867
3935823 3956816 4010764 3716485
3878088 3969302 3959154 3855189
3909085 3954779 3998440 3719076
3804709 3976218 3943270 3892573
3866796 3978957 3975145 3743272
3848499 3886732 3849078 3831991
3830329 3908824 3873081 3586328
3851089 3837697 3866400 4004654
3792264 3862734 3814178 3845063
3739052 3837213 3796780 3870377
3757772 3796483 3805875 3820515
3826453 3912142 3890990 3903069
3854212 3790227 3843439 3842807
3756968 3921393 3826673 3921582
3785834 3880050 3809619 3890093
3842652 3900429 3984317 3920796
3897296 3723729 4045350 3951852
3766040 3920149 3925303 3831895
3843163 3712079 3870436 3895025
3802732 4020273 3936441 3776343
3812505 3729517 3962586 3951409
3901956 4001265 4043585 3864145
3926915 3718512 4042477 3977921
3956941 4026344 3784539 3883647
4017287 3917427 3800223 3719921
3903139 3851595 3792402 3875293
3903754 3871175 3734553 3714272
3895554 3977901 3754088 3868235
3926582 3897140 3874962 3769396
3900911 3942174 3797918 3928737
3883960 3849896 3792788 3753534
4023805 3759916 3941277 3907974
3871746 4026284 3907158 4031949
3861429 3748477 3865088 3891846
3830962 3975217 3876123 3828290
3916577 3790376 3948820 3873446
3909052 3947407 4034891 3970494
3972837 3892811 3934369 3881639
3891256 4067353 3907519 4065916
3827120 4002502 3846251 3842743
3970919 3919937 3955948 3784005
3789279 3903748 3772884 3838978
4015946 3861211 3877445 3699562
3753633 3971402 3832949 3780710
3903235 3930788 3902243 3780926
3812789 3939878 3869741 3859349
3989426 3997053 3971754 3761226
3866664 3984224 3971189 3946567
3933661 3998405 3966379 3683591
3848468 3886098 3920940 3906790
3859186 3943865 3895908 3805253
3807850 4014199 3918178 3926603
3945358 3967188 3923590 3758980
3991332 4008693 3936150 3943304
3855384 3965197 3901272 3734700
3900810 3636224 3723494 3647421
3692915 3651310 3658272 3604970
3917263 3788584 3887641 3784062
3764651 3726313 3839714 3722151
3889554 3542649 3780862 3804749
3719958 3674246 3733838 3654536
4145098 3778669 3941660 3988792
3905481 3909115 3875431 3822666
3895923 3878014 3654970 3823048
3665585 3655691 3823712 3822992
3978427 3970247 3856786 3926137
3676344 3892517 3879370 3873939
3926527 3855490 3730321 3867099
3740383 3802471 3877454 3864086
4179438 4109857 3989065 4003043
3859894 3986906 3950914 3907187
3699498 3745857 3749132 3748204
3809658 3877892 3659536 3786040
3730263 3800531 3924753 3735936
3949533 3957766 3877642 3911640
3699950 3615559 3814199 3670361
3911370 3956876 3696092 3828450
3870306 3867522 3965052 3815653
3990233 3992890 3906158 3916064
3857426 3896068 3691948 3752080
3799615 3683523 3770123 3857399
3980404 3871875 3816515 3877576
3826526 3880247 3830311 3958772
3838162 3767247 3683903 3916950
3837230 3749548 3748039 3954928
4112895 3947817 3879217 4015263
3968229 3878306 3959958 4053850
3910538 3758527 3741683 3786540
3766644 3850662 3772662 3788310
3956960 3917827 3867771 3841494
3837845 3982814 3898607 3871495
3882530 3780758 3805275 3803569
3759014 3786102 3846790 3813561
4028836 3924169 4089557 3982342
3993797 3978613 3987387 3976432
3748303 3742249 3797916 3766238
3798143 3790153 3790716 3879092
3759391 3830248 3846248 3811072
3915917 3880434 3926067 4035707
3732749 3667085 3802064 3846926
3784593 3848441 3879183 3869907
3893046 3878440 3850448 3951076
3970510 3957068 3986881 4127020
3967046 3764655 3927892 3921487
3872017 3836383 3758578 3792710
3976334 3661213 3818452 3796093
3755016 3718889 3804028 3758580
4029652 3654706 3865699 3869932
3871445 3821666 3893504 3739634
4023547 3638056 3893719 3846707
3760596 3796787 3822617 3775063
4035485 4025134 3831520 3978329
3840397 3909418 3941832 3875244
3970261 3922308 3799960 3866950
3775829 3752754 3847437 3814627
4104883 3975412 3813760 3968782
3806921 3806282 3937418 3879754
4034040 4016674 3832719 3944719
3816633 3784812 3918273 3821808
3807303 3728900 3954588 3751196
3989566 4025519 3835300 3901445
3776778 3813282 3898500 3746747
3886721 3925029 3822379 3875914
3826437 3772859 3936723 3801025
4009331 3933916 3860327 3942646
3784133 3780996 3953013 3761734
3954871 4019271 3835379 3991642
3948158 3961362 3895811 3944921
3952261 3827643 3881968 4004435
3919474 3915412 3826108 3829303
3906664 3787182 3878830 3976826
3977661 3964274 3851489 3965945
3958784 3895996 3887332 4062963
4028447 4005536 3832758 3857500
4037254 3799740 3825026 3957006
3969460 3937437 3872272 3822159
3888509 3976035 3878239 3941160
3851204 3779609 3886061 3823839
3841074 3911332 3863258 3861405
3961046 3883021 3956672 3969598
3794760 3968917 3951933 3909910
3847914 3870581 3882564 3870594
3786717 3936593 3916220 3905659
3903255 3790874 3820742 3804117
3885520 3862110 3857141 4021290
3855753 3790313 3834192 3844279
3898306 3859112 3907317 3980421
3798798 3736415 3881138 3806609
3954188 3852265 3920970 4074208
3858451 3776462 3868488 3805575
3930069 3846122 3955884 4020201
3974357 3742405 3833472 3847066
3797157 3805220 3746413 3769037
4128927 3726218 3923622 4047187
3876423 3906813 3942124 3862509
3909554 3574194 3828466 3756378
3675822 3744858 3711172 3663639
4066045 3830321 3896852 3908004
3869367 3887839 3924259 3742960
4058448 4006774 3927115 4004925
3798263 3806011 3884655 3828663
4154276 4175143 3951805 4040895
3912540 3910481 4003692 3985245
3953063 3873117 3741519 3866108
3769959 3708189 3774182 3811783
4101079 4180728 3908366 3992927
3858188 3919787 4046863 3942184
3804083 3729434 3903894 3786473
3937622 3983931 3873282 3944980
3848106 3867787 3990007 3951230
4099289 4122790 3871727 4070737
3792338 3659028 3848652 3740349
3961781 3958083 3723491 3788161
3862742 3831907 4044452 3931188
4124018 4139318 3971154 4011282
3999538 3991354 3720909 3899743
3887357 3816800 3886122 4003594
4132168 4063783 3954516 4032287
3977469 3941210 3967024 4093631
3939961 3886479 3720582 3885251
3893906 3725046 3835285 3838932
4054240 4003136 3875227 4016588
3962361 3922771 4007618 4136707
3899936 3822072 3963550 3855861
3866363 3932889 3914997 3934010
4081133 3957476 4062162 4040251
3995909 4081782 4040427 4009403
3903055 3795732 3836067 3873836
3788019 3891472 3872049 3783316
4062436 3998736 4044590 4032359
3892401 4028367 4010907 3957625
3860864 3816983 3870351 3810622
3826991 3805603 3954211 4089739
3940222 3859486 3993206 3873822
3980294 3982292 4025275 4067876
3723601 3736766 3834183 3763819
3838702 3867168 3860739 3884063
4026515 3872063 3980970 3921196
4075187 4067672 4010867 4099532
3962131 3647854 3804392 3819636
3796188 3770231 3753272 3724847
3924510 3613303 3855129 3780009
3777310 3721951 3767550 3706368
4181358 3864050 3907971 3968954
3868321 3810893 3914651 3778534
4000971 3738544 3871850 3921402
3899691 3782667 3896061 3818928
4110311 4053653 3857899 3991614
3862801 3814289 3939345 3896650
3976605 3971816 3828420 3880869
3732798 3717788 3875452 3882145
4123100 4019153 3942678 4039375
3840905 3880966 3950729 3914115
4088342 4021698 3892632 3930459
3863265 3819694 3958886 3903429
3751925 3746646 3895490 3835303
3982099 4009001 3811106 3909154
3777333 3734754 3890474 3805894
3940580 3963049 3755131 3843563
3821044 3878711 3992632 3851145
4024447 4021016 3936704 4027580
3891265 3736170 3977565 3775944
3995374 4104359 3899596 3956697
3997590 3959699 3806011 3944811
3908788 3788439 3860037 3984223
3924417 3924514 3777230 3878926
3830863 3736525 3920761 3927044
4057849 3951197 3919073 3985035
3950726 3867124 3986363 4084389
3964288 3912293 3846638 3921134
3914015 3881722 3905913 4063684
3959373 3855967 3911014 3905684
3889157 3884331 3996674 3854636
3927015 3883348 3868369 3849774
3873360 3927203 3934003 3874901
3982422 3932238 4010399 4025092
3915091 3972371 3904575 3893854
4000944 3896889 3944335 3872809
3913593 3964450 3952722 3921115
3856641 3764891 3790979 3776685
3863263 3888252 3881443 4038462
3800120 3769295 3775450 3810992
3857307 3890323 3909773 3969023
3922629 3893714 3915976 3970459
4087473 3933505 4085449 4093935
3913641 3852510 3968386 3884036
3917297 3972886 3947178 4035938
4015198 3644510 3814688 3850685
3797292 3833606 3785028 3791262
3973669 3684304 3863666 3879090
3884753 3838445 3796799 3758721
3880636 3619150 3739981 3741757
3751318 3682628 3762396 3733240
3856918 3675059 3814295 3780751
3688027 3609373 3710686 3602126
4054455 3963248 3832195 3963563
3795929 3832966 3900387 3944325
4008334 4018526 3883817 3983521
3839917 3855005 3931503 3896541
3955496 3911603 3739096 3812677
3703709 3673120 3866997 3778403
3899486 3902369 3757891 3863783
3636153 3742286 3900617 3821694
3758152 3747648 3910581 3754459
4006671 3981324 3947910 3823573
3774103 3788204 3953470 3805847
4024245 3947891 3856103 3875625
3735860 3597275 3867323 3637569
3870627 3914142 3772454 3713074
3731852 3730856 3845395 3703369
3921352 3919639 3785192 3870695
3960932 3909031 3862940 3907029
3873851 3795271 3847943 3971406
3935448 3919222 3771203 3942978
3908070 3865130 3919734 4007422
3853037 3891855 3704959 3816558
3818582 3705592 3791478 3800077
3867921 3848143 3704945 3738637
3806631 3819740 3760085 3874942
3947231 3814706 3931869 3852719
3879020 3923319 3920107 3893833
3951904 3858351 3938000 3885395
3875667 3954563 3870593 3889336
3791551 3746583 3735599 3689108
3799581 3866764 3797308 3814269
3820730 3755304 3855439 3754824
3763455 3817142 3817442 3786251
3844363 3820590 3803210 3898055
3991001 3916267 3924706 4025989
3824744 3821221 3845205 3831738
3948014 3965331 3964503 3967074
3683821 3692237 3759210 3753327
3810471 3819611 3793947 3895273
3728752 3698449 3821916 3759733
3731898 3838937 3887296 3999063
4044931 3822956 3928869 3880711
3871321 3892321 3827414 3710173
3961438 3698794 3846356 3888720
3759903 3743399 3803527 3658357
4069453 3856620 3871683 3991101
3894622 3855528 3879961 3785521
3953777 3624879 3798498 3827359
3811959 3765622 3845323 3775996
4028061 4063245 3859417 3865026
3854378 3836307 3924214 3881795
3958367 3947591 3791837 3888292
3736253 3787735 3861266 3834520
4054918 4072505 3902551 4046494
3871012 3844373 4059770 3952382
4038473 4006785 3816950 3930572
3834617 3787518 3886230 3952282
3789334 3777862 3946272 3781251
4045551 3966683 3856917 3973467
3799347 3744730 3924903 3760541
3905179 3875391 3765699 3853016
3810790 3876249 4045180 3817188
4098878 4052612 3891332 3953474
3772105 3779542 3956480 3759443
3990551 3969058 3867193 3907614
3964860 3946314 3858080 3866191
3955530 3832546 3850476 4021086
3892774 3948254 3779681 3898232
3864748 3804092 3873072 4006934
3897175 3991179 3890378 4011518
3916851 3983094 4013308 4062240
3978502 3956221 3794996 3889676
3950792 3782522 3881860 4067712
3900224 3831627 3971873 3918238
3827245 3900638 3883325 3929646
3884717 3897009 3801674 3907676
3764463 3932965 3842548 3882933
3979533 3935195 4038447 3852028
3981389 4038928 4048375 3934769
3899264 3800320 4003283 3938615
3820699 3897663 3884767 3928217
3856245 3824276 3987332 3856011
3983023 3900321 3925592 4044889
3824136 3774520 3885941 3834484
3931380 3898395 3875770 4041811
3921423 3865691 3953307 3921276
4001641 3967539 4007691 4053555
3816338 3837705 3882500 3883019
3944431 3890748 3910177 4107365
3904853 3704663 3821221 3749963
3784729 3717543 3761513 3645843
3929491 3688093 3839614 3813396
3805505 3659931 3787196 3727675
3919942 3749955 3902587 3861498
3851428 3813722 3903705 3775195
4124956 3769394 3940441 3890669
3925540 3862721 3874925 3764268
3969741 3917633 3850566 3858273
3722771 3791031 3854041 3792629
3993158 3991230 3842701 3903296
3811287 3705624 3909758 3880060
4035336 3945600 3901297 3918154
3827221 3827429 3886098 3918126
4131506 4071458 3863850 4112852
3916878 3895645 4038890 3985342
3744674 3770115 3898383 3750639
3905962 3953152 3795640 3815322
3813692 3760011 3894873 3793146
3963257 3960568 3820364 3850900
3801587 3781515 3980729 3897831
4006321 4043079 3828213 3923541
3906050 3806509 3923040 3893909
4039291 3994392 3943199 3976921
3892406 3894048 3690539 3827681
3787594 3767137 3909771 3911113
3931388 3959590 3768426 3844201
3885858 3858369 3912916 3951380
4060167 3957323 3818625 4014888
3860394 3802214 3954723 4037660
4019758 3991783 3899067 4009171
3952181 3852828 4028053 4058078
3880055 3896527 3902166 3898179
3786232 3898748 3845371 3861444
3942198 3839814 3862565 3927014
3801914 3847988 3915827 3979004
3916115 3920847 4045882 3890434
3907910 3949226 3984059 3918429
3996120 3897623 3966983 3968445
3946523 3975953 3973714 3883291
3836059 3765019 3795730 3751817
3907863 3826046 3838776 3957654
3740992 3729212 3791062 3821531
3841609 3850187 3891409 4041744
3855634 3850830 3977953 3831191
3935441 3849072 3995315 4031269
3830687 3921263 3967443 3955900
4056595 3905925 3953594 4123978
4080654 3777278 3858049 3887471
3840766 3818242 3777810 3736825
3896500 3597472 3847291 3844970
3834538 3642621 3726044 3702429
4111119 3713062 3905297 3840527
3776802 3760865 3802590 3700783
4015736 3756763 3830577 3900710
3889398 3794566 3894374 3774283
3985293 3991025 3860178 3950540
3761514 3794895 3930343 3880337
3959284 3864588 3679194 3787890
3665986 3748653 3812293 3881087
3998078 3950724 3861073 4021908
3852803 3777560 3903926 3927238
4068211 4011325 3848323 3929279
3843331 3785437 3958639 3904810
3843368 3865099 3918274 3729813
3957633 3935112 3823479 3869041
3648278 3727075 3841637 3756941
3909025 3908394 3717795 3802811
3762143 3825637 3930489 3823815
4013397 4015765 3858172 3923071
3795848 3797792 3965560 3773709
4008565 3920007 3882969 3904298
3966977 3822402 3800704 3852357
3831168 3802966 3850639 4093432
3886829 3770250 3707135 3758128
3828677 3691403 3805346 3998137
4057735 3979335 3884025 3891950
3930336 3825747 3866832 3976175
4049961 3963463 3884354 3994465
3982013 3842877 3937580 4130619
3910450 3856269 3992836 3895538
3856442 3900421 3839198 3947609
3846197 3844056 3851590 3759880
3816674 3805377 3856238 3814930
3816334 3872686 3883747 3859237
3943518 4046356 3934413 3880916
3983554 3885577 3948810 3848142
3922812 4041270 3841786 3878732
3838083 3834657 3821255 3800297
3895650 3874703 3949229 4034188
3714405 3731737 3778679 3749650
3885062 3852203 3859972 3935164
3875162 3800594 3811734 3846382
3937377 3957559 3927078 4042955
3730565 3819121 3985651 3898859
3997972 3948835 3978043 4049933
4118487 3824581 4046716 3968846
3964246 3882457 3962598 3932790
3868662 3698784 3825327 3798230
3738215 3703179 3792175 3588758
4043204 3709603 3900416 3867713
3878446 3804987 3831121 3665768
3943894 3534036 3730238 3743503
3677744 3730499 3814729 3712335
4203978 4228510 3960900 4081566
3990441 3967289 4100021 4048724
3962374 3869389 3690205 3794587
3682383 3764579 3841324 3810441
4009093 4009892 3883583 4035543
3803716 3864816 4001716 3901699
3885366 3878009 3782253 3836396
3682467 3698771 3772774 3796163
3937444 3960549 3988364 3964653
4098864 4140791 3990733 4068397
3674126 3653560 3906567 3734024
3861690 3962998 3733862 3795630
3810105 3797291 3995887 3816101
4007904 4070042 3929007 3895791
3710771 3686924 3765669 3678911
3897739 3851231 3712729 3816781
4055559 4073729 3899615 4120381
4087703 3919309 4108745 4175996
4023383 3763602 3719635 3842090
3818536 3768423 3739853 3920936
4056007 4031588 3785232 3907949
3973618 3880139 3918324 4100607
3896972 3900850 3729885 3828613
3856150 3698155 3734600 3870465
4108570 3987892 4092010 3970380
4056502 4146341 3999169 3902632
3836528 3727258 3825361 3779903
3764045 3860728 3780633 3767901
4001840 3877203 4064744 3912308
3867270 4007976 3977249 3901379
3800717 3789052 3913248 3741566
3762022 3862546 3826581 3807385
3877347 3886414 4059669 4026675
4015330 4037702 4031597 4179651
3753886 3637301 3774502 3739863
3831446 3801877 3817960 3970860
3890721 3851310 3864591 3869925
3916441 3866598 4037174 4086142
3698014 3733576 3781748 3698886
3877779 3828669 3854956 3894109
4011783 3643075 3859390 3940753
3896932 3761401 3805568 3729491
4006234 3690339 3742462 3855419
3912041 3722909 3792565 3787182
4040035 3819727 3971805 4001010
3857056 3867550 3912590 3886302
4035509 3753927 3836326 3909936
3932797 3829871 3952767 3830905
3927662 3930850 3844772 3881509
3825249 3868492 3860372 3891586
3990572 3994120 3839854 3935765
3727694 3787467 3895082 3874349
4099890 4023458 3832747 4051663
3843835 3846146 4093526 4008858
4068038 4034869 3818069 3937497
3805222 3802981 3967307 3998375
3729159 3743544 3905086 3775393
3966252 3888262 3876376 3868605
3755672 3728650 3880381 3783149
3923135 3928084 3810135 3910693
3834272 3888602 3970326 3874199
3991341 4082273 3924478 3913025
3915419 3729062 3992133 3944780
4047940 4034197 3893935 3952929
4009224 3896441 3812679 3837439
3852214 3865601 3869945 3969329
3969239 3943838 3784680 3947463
3862350 3781661 3841843 3963028
3963373 3985366 3849523 3963799
3904755 3875507 3883485 4045744
3944219 3986275 3860280 3970921
3967726 3867912 3947094 4045276
3918536 3851811 3930643 3945657
3781580 3893286 3895806 3957863
3834433 3872103 3891888 3864045
3813979 3874119 3898688 3869997
4021923 4010741 3989083 4022204
3927717 3998153 3936126 3995305
3983367 4005753 3973246 3921574
3893154 3886433 3942438 4009805
3771573 3843436 3875690 3834499
3898762 3827827 3894898 3994637
3792594 3800690 3890152 3864997
3876004 3837644 3898673 3993060
3934582 3942640 3985030 3906757
3973102 3949792 3966888 4071681
3935541 3861418 3940867 3852895
4025399 3892061 4009213 4105058
3861947 3678001 3799481 3761175
3726747 3729482 3781248 3716687
3983786 3782018 3852489 3922633
3822979 3865589 3897258 3792303
4035854 3772974 3998345 3865605
3836827 3801644 3960291 3862070
3861698 3598541 3799300 3687354
3713845 3567150 3631569 3722009
3951101 3881088 3791896 3883286
3779992 3788395 3925991 3833174
4082147 4004899 3933941 3938303
3760722 3929139 3975183 3953863
4114878 4109229 3843055 3935877
3813758 3885677 4022382 3938762
3853378 3819815 3717885 3835786
3708437 3734286 3846377 3682744
3757547 3716137 3874988 3718644
3934107 3936483 3845077 3850738
3857350 3813272 3903778 3904028
3973872 4057348 3960466 3976804
3867485 3837578 3964594 3952250
4013541 4050509 3843245 3912019
3591056 3662138 3821613 3646136
3820989 3924116 3727410 3771207
3904657 3949972 3842357 3761278
3843124 3731067 3837603 3924914
4027420 3997399 3837995 3960983
3934764 3931017 3960733 4042068
4059207 3927519 3861471 3943451
3913836 3857812 3944442 4024527
3822926 3842940 3723306 3804916
3755617 3731425 3758843 3915809
3785915 3797514 3847594 3780609
3809653 3808340 3839085 3912638
3953764 3828917 3973206 3934830
3863485 3917346 3963097 3903471
4009312 3914781 3981825 3902176
3939013 3952506 3969887 3919849
3860543 3725016 3722613 3748704
3735728 3798551 3856267 3755337
3804140 3733420 3853116 3874780
3781720 3866222 3822614 4081133
3902985 3854198 3917104 3873460
3966676 3882642 3907367 4103748
3877248 3857854 3938391 3873210
3981137 3921086 3990837 4085538
3706357 3683209 3737999 3772143
3783683 3771185 3766637 3957142
4097112 3797317 3888362 3921775
3923578 3844278 3844079 3846542
3906908 3703198 3842573 3742909
3769665 3698079 3774570 3658890
3948484 3795387 3872330 3841686
3839546 3759244 3844642 3726030
4016412 3762804 3953748 3882966
3846382 3723962 3825118 3816385
4080765 4081573 3953660 4047163
3870199 3880076 3916317 3919216
4023146 4014200 3794689 3814404
3754622 3815365 3866293 3918596
4059208 3987943 3930950 3921326
3804892 3698031 3931418 3920027
4045331 4028782 3831141 3932239
3811184 3876150 4007831 3927915
3786633 3848914 3989729 3868415
4041430 4105439 3928711 3967417
3661294 3718167 3848575 3772130
3903402 4017803 3721011 3821020
3786714 3767370 3884681 3783104
3910921 3994924 3861541 3910195
3768273 3794651 3939167 3842795
4010791 4048919 3877774 3823418
4053974 3986243 3813445 3933862
3979229 3871290 3935958 4043356
3825858 3919797 3741787 3800961
3866939 3763405 3825978 3935006
3902618 3949504 3858712 3864170
3854298 3835733 3940120 3919853
4005435 4019596 3802497 3901714
3835379 3925483 3916090 4013431
3940974 3893479 3885631 4024168
3859045 3986022 3949844 3926437
3878611 3935728 3863120 3822618
3830860 3902690 3872911 3847893
3933717 3890511 3915123 3817606
3881560 3861269 3907051 3920707
3988885 3846721 3866346 3843850
3931905 3945843 3931074 3931426
3951713 3916145 3859706 3969264
3989237 3956840 4031863 4077890
3750389 3801850 3773823 3736500
3841738 3832090 3868290 3939482
3794900 3814128 3884265 3856780
3902830 3921687 3854219 4098255
3865242 3868796 3787902 3838508
3937965 3950954 4000264 4072872
3915152 4049982 3938349 3897951
3853512 4011178 4007007 3948201
3753083 3863074 3777625 3786767
3812796 3885741 3958604 3825654
3944133 4002746 3898476 3872891
3911367 3977353 4109847 3977495
3867915 3868969 3836234 3881306
3915262 3932123 3972454 3857966
3810455 3893713 3866602 3940974
3842562 3896011 3900544 3982868
3795223 3842069 3841934 3855032
3820299 3690821 3975906 3877528
3857546 3915107 3879100 3898444
3903389 3928433 3909146 3942091
3836960 3888801 3728463 3819658
3838574 3803194 4011797 3973303
3887849 4095966 3846081 4027295
4028676 4113176 3921716 4025970
3830327 4049904 3835759 3863499
3912129 4012861 3814186 3904809
3916716 4053725 3880825 3943522
4046782 4002366 3906602 4006696
3847889 3978628 3889823 3931773
3958546 3946088 3812441 3895253
3959112 3998273 4062843 3954817
3890606 4005262 3802714 3894338
3979160 3926189 4024021 3970237
3790388 3959964 3820111 3738527
3991281 3956445 4162829 4024288
3845919 4066761 3807789 3935181
3885260 3925553 3921810 3990951
3873456 3933758 3869920 3781179
4011467 3925728 4000974 3966536
3903731 3953713 4069272 3916948
3871079 3836618 3902185 3847975
3876025 3811028 4022142 3816500
3920874 3952783 4005686 3990699
3896074 3937554 4094767 3942954
3886915 3923032 3949085 3878890
3853332 3900774 3994875 3819905
3867277 4010997 4085038 3916318
3826264 4167430 3954127 3950557
3726146 4037928 3953629 3770014
3847352 4093998 3787460 3826443
3929061 4043072 4018730 3892358
3927903 4154498 3977352 3903116
3893791 4038157 3977186 3867766
3838578 4092052 3883118 3949318
3836046 3788415 3836019 3823893
3845328 3822813 3963504 3817308
3714833 3721515 3639055 3696162
3749434 3804990 3800687 3706391
3776062 3713929 3822064 3761612
3820209 3812898 3893425 3907518
3763227 3979647 3794575 3871921
3779232 3849143 3944837 3896743
3893757 3847094 3826185 3786180
3865056 3763349 3974604 3878096
3653050 3729430 3705725 3827140
3743490 3641698 3840077 3899891
3748972 3801319 3715714 3781041
3808981 3668703 3813082 3832153
3713723 3835991 3832991 3820985
3881870 3743157 3875174 3915608
3781954 3874198 3869685 3827107
3906563 3900806 3708717 3848707
3735278 3825046 3717727 3740160
3813439 3820415 3637332 3816397
3780242 3861906 3809878 3845937
3875320 3818369 3711639 3861320
3838848 3928855 3809338 3913108
3974244 3962880 3761780 3898732
3947842 3939350 3966510 3852593
3679504 3940328 3777372 3918741
3836521 3844557 3928339 3794292
3610206 3845389 3640744 3774108
3840534 3885552 3927840 3913357
3679430 3949951 3773609 3728204
3968706 3965686 3946091 3890196
3765894 3991517 3770321 3758759
3862910 3913311 3884367 3839149
3890851 3810795 3978974 3833892
3811614 3679517 3856095 3760502
3822109 3680659 3903508 3790257
3866454 3764750 3895776 3760480
3785315 3734448 3976567 3756670
3846887 3896673 3990156 3870647
3830139 3933566 4016919 3820036
3777640 4000937 3992242 3754049
3736280 4024540 3883088 3838784
3694104 3842130 3795081 3656057
3739705 3897844 3682595 3732259
3759791 3890269 3913967 3741853
3772083 3998517 3844348 3794065
3786285 4000532 3897291 3711831
3853179 4077437 3838948 3849290
3767220 3819297 3772104 3882404
3883214 3833673 3954374 3875248
3905070 3903812 3786333 3868991
3841231 3974512 4108927 3891506
3692992 3790734 3752323 3702601
3737701 3873825 3835291 3726966
3889630 3990076 3922247 3911406
3943037 4016585 4059866 4006176
3865025 3863160 3797562 3784618
3816721 3795984 3907304 3794512
3889727 3903935 3835368 3956838
3904412 3840697 3978759 3967040
3666268 3696065 3759151 3752560
3664485 3702316 3833899 3861869
3900493 4002480 3923149 3923053
4000641 3886680 4109257 4113422
3798240 3900696 3767481 3849901
3822491 3954067 3719256 3896957
3908124 3944637 3846159 3922540
3922841 3989907 3827982 3972558
3782048 3888368 3721052 3780452
3808048 3852494 3578484 3807573
3993825 4027627 3972561 3996698
4096927 4105970 3921630 4044485
3898607 3885396 3932996 3959684
3787570 3921123 3770502 3747129
3939273 3949950 4044975 4014279
3785567 4097323 3772102 3875535
3799428 3661872 3787633 3786163
3639689 3911928 3728296 3682453
3983922 4015098 4192970 4038517
3845356 4098246 3936073 4009028
3912565 3858375 3941338 3777629
3832029 3826028 4001440 3870018
3933866 3932480 3987174 3885130
3895493 3888539 4109844 3918266
3784353 3713986 3855509 3768209
3649466 3770944 3979616 3785841
4024575 4038753 4060742 3940540
4005991 4008414 4138234 3942436
3860485 3952572 3952745 3823150
3765623 4063639 3881338 3795534
3893635 4048693 4095720 3850810
3885304 4111418 3968371 3933380
3693852 3950042 3935282 3668344
3716254 3926183 3663251 3838904
3899436 4108133 4092295 3891296
3946918 4187416 3989153 4010517
3697460 3688658 3762069 3727591
3738530 3822652 3825432 3824348
3915938 3816002 3871709 3853352
3851108 3898119 3906240 3908649
3703137 3828703 3836477 3834098
3754157 3816791 3970173 3753520
3803541 3968012 3881605 3822505
3819536 3915393 4043188 3852091
3747806 3749345 3740105 3762253
3771716 3702875 3911657 3789905
3866204 3884540 3860057 3871728
3931265 3822670 3906966 3911474
3679448 3789164 3764205 3708397
3799600 3785196 3959354 3852270
3750152 3861780 3768966 3882533
3980808 3778911 3979661 3930685
3781347 3850636 3728470 3781967
3843562 3818099 3723401 3830928
3792846 4008748 3884494 3888553
3932460 3903529 3798262 3904756
3811064 3883420 3699356 3791355
3826189 3906689 3698556 3957457
3875988 3943864 3892615 3909905
3962507 3944101 3783836 3901651
3814056 3801860 3950557 3870453
3602072 3881534 3717205 3701078
3888001 3882745 3913237 3924266
3739331 3978752 3862574 3763141
3860203 3874979 3997592 3844824
3730202 3804387 3779766 3791853
3932343 3996244 4095934 3958171
3763820 3962845 3792377 3877273
3843852 3763496 3809405 3746130
3692637 3804265 3893180 3828568
3965861 3873621 3911078 3871268
3877766 3850071 3976084 3896962
3790636 3766519 3882507 3656116
3699818 3790519 3991285 3746398
3969862 3963721 3932906 3910546
3855314 3874224 4162446 3916940
3695614 3903754 3940461 3654628
3731214 3914396 3796685 3732608
3773587 3970921 3966265 3815205
3807288 4081305 3890617 3889429
3682960 3881424 3899045 3650055
3809602 4009781 3791638 3808694
3796964 4032579 3947020 3797319
3890092 4135420 3871106 3931792
3846590 3989524 3849512 3858045
3909753 3919005 3941416 3844088
3841155 3896887 3821420 3894924
3928537 3865691 3992023 3876702
3762371 3914382 3807283 3787870
3843007 3829285 3876270 3777644
3635446 3684435 3718452 3686499
3652630 3774146 3814892 3748077
3877396 3877558 3860143 3882799
3896600 3829176 4013168 3882113
3888129 3868151 3899969 3895956
3866796 3829578 3908680 3971090
3806058 3815644 3726510 3853580
3889876 3854999 3886714 3915586
3689530 3728695 3638162 3724544
3788181 3611792 3779440 3750426
3932361 4011960 3891811 3848206
3899919 3988596 3742998 3877911
3841242 4008042 3875273 3980701
3912257 3939412 3806111 3863629
3795053 3878336 3742969 3839356
3908858 3893008 3787202 3921004
3650774 3727828 3740168 3770731
3745069 3798061 3593607 3730034
3939244 3934039 3974755 3974939
3854388 3962673 3885719 3834577
3990368 3917725 4051811 3989124
3815933 4004494 3797921 3909551
3769740 3903289 3953442 3828482
3753459 3887922 3689220 3797746
3724817 3706475 3762765 3837158
3707605 3839519 3617745 3629679
3996090 3887562 3969012 3884981
3897806 3875972 4098803 3908123
3914739 3971587 3998792 3916142
3866328 3921717 4107297 3891198
3883718 3832508 3938452 3786388
3797035 3794489 3984731 3771070
3787793 3737843 3857937 3721306
3651996 3679565 3871399 3679500
3812305 3976694 4035248 3779427
3767517 4089624 3904833 3840384
3815777 4014136 4008402 3812190
3825291 4050738 3944789 3970677
3762694 3969021 3975359 3755777
3824573 3988891 3821606 3875696
3664720 3810636 3787366 3592785
3647986 3854736 3747685 3619435
3653820 3670223 3685489 3635082
3683018 3772490 3706933 3719814
3811134 3884847 3788070 3760365
3802487 3739612 3968639 3793620
3783887 3877275 3793028 3884160
3813267 3894695 3968843 3809797
3873480 3897150 3928599 3939757
3911075 3951438 3948173 3923241
3667094 3725906 3636325 3682006
3727570 3644406 3778594 3733371
3689744 3752840 3738740 3840880
3783592 3769864 3806319 3803796
3779922 3850668 3652000 3751306
3885111 3717858 3927058 3918495
3858301 3961612 3854670 3948748
3873520 3838118 3988002 3964337
3667436 3807345 3606062 3683307
3812410 3805496 3621445 3718385
3771063 3828642 3753079 3757940
3953850 3811029 3692580 3809433
3916505 3920393 3868377 3814193
3864518 3954368 3744839 3838593
3888716 4044345 3868983 3978359
3942180 3917567 3804482 3897672
3748423 3871892 3850169 3724797
3576618 3792130 3681669 3669378
3859026 3853229 3907522 3923736
3737405 3892708 3717927 3716767
3868682 3983003 3990251 3836557
3789603 3993649 3779894 3794016
3898764 3838476 4021623 3948846
3856630 3989529 3821254 3824516
3741957 3714805 3735081 3685602
3692073 3683984 3819016 3735370
3854177 3881108 3894599 3811278
3729375 3783769 3928449 3761045
3805536 3938292 3944013 3888594
3885373 3794777 4011021 3861366
4006026 3848441 4053877 3953459
3872641 3981535 4107024 3914746
3520518 3730366 3818871 3607899
3640495 3843272 3736354 3632522
3803520 3888575 3957376 3715715
3769144 3988735 3713241 3882786
3721974 4022791 3861793 3754116
3815136 4033137 3960374 3854919
3896334 3968067 3959003 3882051
3907982 4111912 3935870 3922955
3799577 3848675 3866997 3841588
3912482 3880038 4008621 3960425
3809318 3796257 3815143 3761685
3866278 3828682 3894564 3867882
3769294 3929600 3857561 3799209
3922216 3858470 3993683 3915282
3712048 3834585 3738571 3786496
3821893 3828225 3878855 3790983
3931634 3909205 3867738 3890183
3853914 3699214 3947124 3936342
3803639 3788020 3747325 3781013
3883929 3788434 3936250 3898333
3871428 3924789 3791116 3932192
3787447 3708844 3882315 3880163
3739847 3716193 3717580 3814648
3865876 3788051 3821971 3782520
3852975 4011267 3904134 3948325
3948823 3951175 3823840 3963333
3793820 3870183 3805721 3772579
3877236 3876978 3752785 3810147
3854273 3956193 3922603 3865000
3963212 3967153 3852023 3911682
3708504 3842852 3830654 3805618
3864880 3891505 3608579 3815940
3947296 3902364 4085139 3924263
3905517 3987875 3893577 3762180
3848107 3922569 3892447 3927416
3767151 3928671 3760925 3728495
3872427 3873881 4018284 3918043
3764670 4038498 3916940 3799091
3863164 3854163 3900647 3842040
3721112 3901013 3812783 3741513
3969610 3894078 3992717 3900169
3912707 3890994 4028672 3906121
3901257 3828197 3924448 3796001
3757456 3822644 4021594 3829232
3973468 3866209 3939773 3811094
3833145 3944625 3999692 3884278
3828287 3788149 3911317 3752722
3842516 3786289 3974753 3799700
3915891 4088326 3968655 3834886
3880873 4062705 3934466 3909738
3801620 3899987 3963894 3772835
3821372 4071858 3776534 3838173
3794340 3958572 4017654 3775782
3837002 4099241 3940033 3886305
3686441 3866023 3976241 3805238
3733853 3973782 3803932 3804904
3718952 3793080 3794114 3727237
3790521 3888151 3989414 3724046
3767287 3904311 3980191 3862140
3874752 3886890 4041895 3927100
3811238 3870578 3864650 3921274
3900033 3854926 3999094 3918687
3824521 4025482 3991536 3961428
3956882 3891462 4034740 3914628
3735335 3722556 3682350 3840814
3774840 3677895 3828984 3834496
3835170 3969535 3891489 3917298
3956820 3848957 3903883 3934863
3903056 3955062 3835532 3869160
3984676 3926736 3939102 3969206
3803345 3901543 3823871 3913436
3892580 3819500 3980705 3948253
3764227 3858054 3802572 3872100
3897339 3834930 3727344 3869044
3867922 4026443 3848321 3877883
3894790 3910857 3703646 3940081
3920605 4010908 3951640 3890883
3932441 3949708 3872971 3960648
3928490 3886487 3923821 3906433
3993953 3962329 3837297 3941856
3848716 3914768 3915875 3793332
3721145 3898060 3730966 3760409
3944512 3910290 4055640 3962591
3895571 3955595 3843111 3821561
3890850 4021388 4044052 4011079
3792256 3972287 3829293 3816221
3914449 3997839 4034004 4021868
3748831 4033808 3805015 3878497
3816844 3860178 3891736 3769544
3843367 3775590 3943888 3835253
3915310 3840838 4023764 3823865
3870498 3892105 4142026 3939953
4003524 3908845 3941605 3873329
3913785 3899251 4043754 3906875
3929543 3992977 4083940 3911221
3967652 3856014 4143073 3958168
3689342 3984979 3985921 3733631
3868621 3976642 3888310 3805402
3768848 4085776 4004625 3829195
3825839 4156053 3966857 3997162
3914632 4068319 4062560 3782476
3898485 4114038 3867195 3917599
3816950 4082679 4065094 3772887
3870050 4184924 3924174 3937999
3826992 3914425 3854236 3741794
3827040 3926326 3957279 3871829
3719393 3793131 3730555 3725041
3702330 3801099 3899211 3804500
3735336 3929387 3766382 3861541
3813734 3878060 3863488 3767421
3772694 3870726 3790351 3710927
3779937 3817811 3957718 3825991
3809354 3845268 3800018 3794175
3929145 3709499 3930550 3931158
3707337 3739273 3738435 3804401
3743978 3718384 3822744 3858455
3792424 3834602 3815907 3862702
3878099 3750241 3946020 3876586
3769942 3739112 3777237 3723557
3798268 3716162 3872933 3807647
3852395 3952087 3911844 3893897
3944301 4013001 3751138 3967429
3805991 3887269 3763889 3807049
3765311 3859573 3667203 3886396
3811708 3942640 3817714 3822522
3917726 3956067 3757036 3949249
3772410 3842756 3835550 3773349
3912736 3844806 3690068 3763502
3869678 4020442 3988710 3980656
3833959 3929686 3782009 3784120
3825519 3793009 3906921 3897282
3620997 3891182 3719681 3734647
3968060 3906129 3980835 3848762
3771783 3974634 3815688 3821131
3836275 3892585 3950945 3864459
3653796 3882520 3737995 3729750
3916002 3891144 3974044 3941883
3817039 3904328 4021638 3886384
3792572 3755535 3859121 3781544
3744388 3771232 3946490 3775503
3797555 3824982 3952595 3804454
3723242 3815984 3945528 3797286
3807793 3863184 3899803 3668991
3771805 3833170 3959628 3736937
3749921 4008787 3967799 3778204
3802400 4056829 3940494 3869163
3739776 3904504 3868295 3614792
3734688 3989531 3761439 3806840
3691292 4039853 4012193 3748007
3823150 4040024 3814477 3810273
3734068 3881733 3968544 3714316
3725146 3932422 3870084 3716912
3741004 3883733 3793139 3840209
3787638 3776509 3901096 3843761
3721948 3755256 3843392 3838137
3719649 3752366 3890721 3794967
3865419 3844774 3844309 3826495
3809176 3855482 4016422 3812904
3861623 3984452 3873339 3898632
3897715 3956679 4083500 3963410
3749581 3853392 3723300 3752882
3808728 3701666 3817926 3860967
3723308 3781306 3669634 3796398
3823838 3716944 3849303 3852426
3753645 3857245 3797964 3866653
3837374 3751521 3975340 3834103
3849075 3859968 3828992 3969183
3923818 3748507 4042465 3910654
3808145 3931675 3892460 3665980
3827477 3900839 3664735 3892895
3751176 3837069 3740536 3766424
3839314 3792563 3608195 3760899
3823783 3987573 3808745 3873838
3878767 3943991 3793936 3855347
3818070 4004919 3882021 3891942
3978764 4005058 3781238 4028676
3885972 3871388 3908951 3823598
3695554 3887150 3720419 3790017
3755965 3848328 3918341 3757288
3614108 3819844 3717741 3698750
3844196 3913525 3981984 3873751
3744610 3930071 3763883 3868532
3919606 3977482 4013982 3963450
3786793 3978898 3924419 3857366
3883703 3742529 3902831 3890032
3837812 3821749 3900584 3807491
3818221 3719374 3818163 3714227
3828957 3746616 3932124 3747672
3925631 3875331 3897777 3755256
3878693 3916240 4026426 3785573
3953947 3883721 4029332 3947737
3925948 3844153 4103346 3905804
3766517 3897771 3991884 3764062
3812766 4003127 3855238 3760650
3637113 3860573 3877627 3761188
3695208 3940405 3768998 3875152
3728878 3993494 3988633 3846372
3814951 4075826 3828958 3824188
3774701 3939471 4013119 3829384
3859626 4137941 3970445 3932110
3853491 3849669 3912531 3845668
3921309 4057782 3998215 3933048
3944720 3937401 3916671 3968815
4017106 3978052 4082341 4026590
3677357 3802648 3827615 3753327
3773633 3892714 3898469 3808480
3839723 3905696 3934791 3876122
3879724 3834675 4052180 3876521
3852846 3918458 3764722 3887044
3962428 3841085 3954606 3901869
3873617 4014359 3909894 3945724
3908860 3871981 4038584 4037563
3833149 3860953 3744294 3766986
3817894 3680419 3807553 3758832
3827502 3836412 3819813 3829503
3859142 3794875 3962016 3896493
3856614 4044537 3928464 3932675
4002839 3957949 3863340 4020379
3914683 4082317 3914658 4012599
4031477 4047251 3795553 4008662
3789827 3823585 3771587 3767680
3874355 3935682 3787230 3870031
3845187 3910117 3890967 3829184
3851657 3902395 3757210 3996591
3960666 3954249 4059688 3981004
3778868 4015417 3839728 3817582
4009561 4006635 4081018 4005997
3882543 4064791 3894921 3892021
3804959 3846765 3895193 3851622
3710027 3864804 3734050 3738505
3888446 3991123 4017973 3910957
3732141 4043497 3795809 3776902
4041521 3937957 3976052 3943130
3918580 3907551 4051340 3934278
4035150 3890066 4109388 3983904
3946773 3974239 4072772 4012910
3870455 3837453 3849364 3789629
3791407 3805713 3909751 3772154
3912986 3904327 3940253 3921149
3895580 3898400 4017635 3816181
3862309 4103532 4079675 3836641
3889004 4080215 3984579 3926753
3867191 4100249 3978613 3901293
3877890 4205692 3953227 3898080
3697831 3920405 3947522 3709493
3760256 3949014 3834406 3814175
3782879 4000458 4014647 3803760
3798527 4011547 3785212 3896343
3924163 4104465 3970853 3975709
3957419 4037000 4126764 3962228
3816845 3856931 3832154 3871031
3841546 3922627 3973352 3918749
3712144 3879041 3785648 3649751
3775654 3845496 3889845 3717396
3715961 3741690 3662262 3717078
3699206 3764511 3891740 3707912
3923316 3988765 3925463 4010940
4006446 3926221 4102781 4065289
3854303 3956149 3742787 3827250
3904969 3830418 3927163 3977204
3707459 3762164 3717367 3752243
3723381 3621706 3865548 3827985
3624563 3683623 3696795 3792240
3719681 3686789 3804532 3795865
4064595 4106234 4030680 4035688
4090452 4132960 3890268 4048097
3809219 3966110 3908923 3928233
3983151 3982822 3824154 3944760
3657364 3824236 3788712 3750059
3781881 3848811 3712042 3840291
3722402 3800306 3729093 3694898
3750322 3777291 3687297 3783549
4095451 4112391 4172409 4006034
3876724 4175194 3986050 3950911
3903363 3889541 4043283 3984938
3763998 3992193 3903224 3763288
3825287 3886211 3946902 3774216
3626010 3922982 3776875 3742556
3830506 3797379 3869839 3769294
3619757 3753375 3636801 3744873
4096633 4006526 4090960 4020784
4059579 4023686 4229267 3947852
3961630 3887438 3951529 3859734
3828880 3883192 3965231 3839051
3802193 3788389 3826718 3789269
3748436 3768598 3907535 3808103
3820557 3799650 3753778 3665329
3785572 3705154 3900116 3715373
4005334 4224595 4064647 3905703
3966919 4226047 4025798 4112158
3838456 3988424 4008659 3746817
3844129 3999126 3860469 3889422
3719926 3985041 3880090 3729682
3745065 4031751 3774365 3792758
3647335 3904821 3932486 3762555
3778640 3880306 3789906 3661700
