3889261 3970525 3870590 3832296
3844102 3919474 4015215 3937273
3845148 3841860 3808548 3771022
3862931 3848065 3913437 3953008
3863819 3792224 3800037 3707952
3822682 3895640 4007365 3917275
3684213 3695945 3674366 3658163
3773373 3711835 3844040 3796199
3935133 3980336 3963375 3986993
4061156 4091506 3904582 3852042
3933710 3956759 3948036 4019356
3924679 3981624 3872945 3793961
3822850 3946901 3873049 4018804
3989838 4035025 3803789 3852894
3680114 3784781 3826098 3887272
3803934 3819491 3701553 3718763
3897041 4055546 3969306 3979884
4102562 3994450 4031517 4193621
3908439 3984306 3828816 3852356
4007656 3808635 3965058 4009751
3788881 3976059 3853329 3910464
3974665 3880935 3952581 4007396
3838534 3864724 3778917 3843905
3888277 3730785 3825392 3914618
4040431 3842174 3950244 3853470
3947480 4044693 3962459 3985080
3986685 3808739 3753907 3874776
3910056 3969225 3989934 3890141
3917590 3813253 3843513 3812541
3941310 3919631 3897795 3924724
3874684 3702565 3704534 3681320
3836564 3884769 3837918 3773880
4111161 3997982 3904881 3821538
3945162 4123991 4065075 3714304
4013065 3843042 3888660 3714048
3825092 4097905 3894655 3701262
3991162 3986873 3790151 3729555
3917679 4058495 3916190 3712786
3840428 3801878 3834414 3609787
3680928 3960424 3787339 3617445
4017094 3956793 3831102 3988843
3862218 4035073 4112324 3912278
3988999 3850454 3737891 3917561
3860067 3985024 3970324 3828031
4008528 3906638 3730511 3869625
3701144 3908265 3959713 3747712
3826417 3688208 3639980 3809991
3634412 3738505 3880990 3620028
3888417 3851812 3791467 3794419
3971181 3838424 4034144 3866026
3840104 3793689 3849695 3722813
3849794 3859008 3918264 3864399
3841220 3744616 3913942 3769088
3785637 3856034 3856508 3833896
3895118 3837566 3814657 3815143
3892585 3886550 3935515 3987725
3797768 3926155 3901767 3956959
4004133 4013100 3830328 3853018
3772616 3926029 3924376 3866661
3987389 3937755 3773607 3863753
3868911 3903645 3792208 3994938
3878195 3988407 3857652 3771774
3938838 3952975 3949576 4071472
4092251 4040459 3908441 3815083
3941686 3992500 3955463 3889822
4023748 3859546 3900635 4124863
3856069 3986403 3897040 3907139
3919601 3809702 3972968 4047111
3845801 3947327 3825515 3861410
3968450 3897662 3956886 4040659
3902969 4070895 3900681 4029798
4032379 3887841 3960594 4120197
3991930 3864156 3789918 3813157
3915158 4046143 3895804 3967276
4033287 3822470 3802512 3814179
3943939 3958598 3962038 3887583
3927681 3810297 3789950 3799301
3877255 3873901 3965138 3869734
4107541 3977637 3839541 3890721
4000940 3930156 3997595 4002534
4066440 3926458 3914934 3746881
3850820 4109452 3960416 3687682
4013682 3951054 3841301 3671917
3804386 4149310 3901597 3651989
4020191 3978683 3863274 3782932
3823423 4053822 3835478 3741889
4063625 4092169 3907160 3800252
3912402 4108570 4045505 3772137
4023515 3872128 3786309 3920840
3821483 3889584 4050975 3751056
3999968 3860945 3862707 3901573
3714766 3877880 3993797 3784896
3956816 3917518 3726476 3855778
3767762 3880896 3918829 3826592
4043844 3910151 3804480 3933005
3910127 3908223 4065922 3889066
3748322 3771484 3680083 3645774
3780592 3845407 3834820 3838234
3754116 3855435 3782817 3731582
3814771 3828583 3889599 3786455
3860373 3917788 3830371 3773420
3934007 3922406 3945412 3981859
3629701 3596040 3685964 3631264
3802932 3709389 3762956 3748166
3747144 3768744 3863964 3923826
3822833 3894487 3686537 3789450
3776367 3832501 3782873 3931679
3912739 3984640 3733887 3796794
3848746 3936484 3859742 4069624
3959899 4040603 3733762 3852137
3701050 3784670 3654505 3859689
3762703 3903243 3686532 3613866
3802017 3841057 3765076 3792013
3870097 3773460 3924982 3965219
3750500 3968246 3778574 3784742
3904029 3885855 3913192 4053894
3922376 3979787 3916812 3852050
3958612 3844886 3912115 3995090
3697374 3840970 3684441 3791619
3881536 3631390 3745942 3851136
3911717 3675642 3689866 3741034
3781179 3869423 3758644 3845658
3956827 3763857 3658627 3746046
3873113 3913449 3892604 3896715
4014995 3855970 3712436 3786906
3960524 3982910 3984410 3974773
3791028 3678996 3675287 3650961
3778295 3791565 3748844 3814042
3915843 3870454 3794026 3662817
3737156 3968593 3796394 3581778
3951605 3915477 3873126 3774720
3700966 4062628 3917175 3625486
3966788 3984673 3946387 3756022
3930560 4121309 3947297 3744251
3808197 3794533 3689731 3641741
3736248 3803090 3772336 3563959
3879111 3673827 3670936 3765628
3703485 3829791 3903633 3694372
3896175 3740529 3707091 3831974
3740534 3871105 3881889 3710477
4008052 3926615 3824021 3892525
3825871 3968123 4015522 3788992
3802027 3768393 3608422 3709693
3621864 3663506 3862261 3645297
3786690 3884217 3768390 3733343
3868475 3936396 3897435 3936887
3944597 3995610 3886061 3801912
3976334 3995701 4075526 3972680
3961579 4038432 3927001 3883226
3944912 4051073 4119528 4026202
3785344 3739291 3585253 3527868
3738222 3713936 3813769 3734104
3883068 3932014 3798801 3921541
3876106 4032025 3808580 3760973
3964875 4004173 3987562 4016607
4056723 4118654 3951545 3921200
3933332 4082085 3961095 4096555
4098171 4157703 3929179 3933809
3777310 3804148 3803829 3774044
3796530 3920111 3736262 3656367
3962785 3952336 3841456 3860452
3957201 3805793 3807969 4025879
4030216 4152837 3946175 3914659
4105722 3948344 4025242 4199233
4007339 4143043 3960236 3949424
4133841 3911456 4054802 4158652
3732767 3783588 3808181 3748662
3843595 3678257 3762549 3913178
3971597 3757906 3694189 3800725
3930799 3895711 3905757 3923877
4207936 3923397 3872655 3897593
3989800 4050073 4023475 4090740
4111698 3947822 3966330 3979937
4027392 4111773 4058915 3988611
3919335 3643370 3653424 3671265
3742639 3796278 3862233 3765755
4020378 3945128 3894475 3732456
3839895 4173650 3917839 3703334
4129951 4052972 4031609 3813935
3983502 4220578 4065958 3817054
4118029 4075923 4082810 3960606
4035131 4234442 4063066 3793556
3796824 3805406 3698697 3680144
3766272 3989598 3749650 3516634
3988771 3784137 3762623 3818106
3785363 3925495 4018704 3762720
4011361 4038309 3890778 4015037
3891028 4010699 4004841 3952226
4084819 4067102 3885219 4023745
3801225 4041975 4129643 3964377
3849545 3767372 3651452 3776854
3604721 3812086 3802792 3698721
3927041 3845855 3874940 3843175
3869887 4008552 4019609 3924066
3919997 3860097 3806177 3774747
3853540 3937967 3958920 3905652
3929237 3863901 3831426 3792057
3865449 3963613 3963914 3892077
3759527 3785556 3737989 3644122
3703716 3818993 3839508 3729140
3897039 3969260 3962314 3913293
3985460 3975824 3887924 3871196
3950444 3952918 3995855 4040117
3992731 4077204 3915319 3881118
3854051 3847862 3861674 3979151
3985535 3979178 3852169 3889052
3698526 3862594 3752296 3822363
3847791 3906434 3648988 3710724
3955272 3990893 3841600 3904863
4104047 3800138 4012061 4076931
3904149 3991996 3947236 3931577
4009199 3882634 4014527 4161977
3982570 4040773 3886197 3889459
4016077 3874555 3951889 4030297
3780379 3869972 3739998 3802380
3848887 3739279 3905447 3984044
4067259 3829948 3800274 3878585
3901009 4061641 3986463 3980978
4092896 3887247 3821087 3854083
3958617 4014375 3998071 3940890
4036628 3874077 3739710 3855159
3999792 3954695 3992703 3934711
3889739 3786599 3638398 3616939
3828223 3794853 3865271 3812643
4161576 3952039 3948833 3771603
3922749 4162156 3995892 3780756
4084605 3994917 3958121 3801871
3876221 4141991 3977148 3703146
4043242 4016843 3896749 3881320
3894470 4156716 3940285 3588737
3935496 3837714 3695709 3689933
3734914 3899009 3877267 3525942
4046576 3854837 3842720 3925044
3788279 3946937 3935047 3793433
3897795 3907688 3749752 3949049
3828818 3925951 4004604 3864684
3943849 3895522 3737306 3928167
3774218 4009408 3950396 3864721
3861438 3813126 3685484 3754201
3719709 3828546 3837691 3665116
4003682 3941338 3852400 3799399
3894370 3951442 4074454 3927854
3931685 3911420 3896927 3822579
3956852 3980734 4083168 4034686
3832152 3855657 3868237 3778717
3837066 3951911 3962774 3983692
3968256 3993700 3925549 3822237
4048958 3998597 4135912 4075622
3865023 3919239 3951440 3992108
4014671 4043469 3854069 3866380
3931705 3997794 3964082 4056095
4043716 4025769 3907844 3862710
3883423 4030991 3859539 4042208
3927607 3968882 3840469 3828029
3977291 4013112 4038685 4178604
4086905 4096438 3964082 3991282
3934616 3999747 3921339 3885332
4048772 3895721 3936389 4013156
4053577 4056950 3903469 4004695
4059255 3879388 3936871 4229067
3919700 3934928 3830022 3883911
3999802 3846529 3962310 4109323
4024252 4174929 4060414 3960484
4090239 3989474 4059541 4118424
3994834 3862359 3720998 3838565
3937881 4004697 3995673 3995383
4076094 3871045 3820965 3839770
3956459 3962656 3993917 3984288
3993871 3806817 3774363 3829128
3995016 4021552 3937320 3962471
4185419 3958170 3985388 3957375
4014406 4068148 4051340 4100481
4032153 3979514 3967891 3813610
3849357 4175963 3996152 3737100
4040776 4074402 4005826 3871311
3866059 4177636 4085430 3762335
3987161 3944576 3898321 3757979
3878183 4124935 3961954 3702950
4055597 4157841 3951103 3942043
3940957 4299381 4062786 3825013
3999624 3976513 3819023 3992010
3842794 3901534 4106345 3777647
4025497 3919817 3851652 3982417
3828190 4061695 4010427 3888118
3944105 3894959 3748107 3915652
3800122 3855706 3970007 3796734
4138521 4027081 3901127 4008954
3891167 3989474 4134870 4065559
3826298 3891708 3804863 3718562
3863749 3957106 3872710 3866089
3776119 3724909 3654594 3612330
3768399 3718791 3846874 3737007
3800996 3681752 3773991 3647796
3689160 3757285 3852118 3815432
3849167 3741099 3773713 3689454
3855542 3848960 3910893 3891598
3800615 3872777 3844542 3994328
3979715 3999306 3728690 3792884
3666798 3828261 3690735 3864144
3776156 3930005 3629796 3640832
3626213 3800624 3780025 3817869
3948190 3964289 3747881 3837346
3813132 3884939 3821728 4032330
3899329 3971712 3824322 3870851
3908120 4001166 3786395 3795823
3931961 3841094 3940874 4071834
3830847 3826397 3703688 3715414
3858799 3629717 3794864 3857896
3783226 3906427 3739629 3782339
3924143 3810522 3856624 3971226
3881312 3938396 3749500 3844131
3948085 3796997 3949169 4027168
3921613 3729898 3713449 3757611
3835741 3976405 3924054 3957543
3886987 3664464 3675071 3610754
3724202 3826732 3763348 3775517
3936198 3760069 3743496 3685786
3878196 3882586 3869802 3835714
3985138 3813823 3786072 3817125
3905326 3891517 3952116 3860244
4018778 3982749 3831444 3780444
3829842 4133955 4006532 3617332
3859598 3912452 3722574 3611487
3751866 3940792 3847542 3498103
3838661 3803617 3722244 3711610
3727845 4009270 3875846 3538301
4006697 3997964 3909848 3736207
3822006 4046573 3965113 3725756
3923414 3908271 3658542 3899273
3751958 3896029 3940773 3752806
3878004 3823843 3603484 3741761
3666822 3780529 3784063 3697677
3896908 3819380 3695780 3846975
3672819 3893585 3838247 3677005
3943717 3918230 3715967 3819168
3678003 3893177 3921714 3773685
3732139 3702106 3727598 3673870
3745762 3747438 3824327 3687345
3699604 3704748 3667665 3641746
3653908 3746007 3790629 3775226
3926692 3847821 3831595 3759646
3807682 3888574 3953557 3996922
3864397 3906320 3833871 3795490
3795273 3959138 3936188 3904700
3665542 3715550 3727213 3840859
3794386 3846792 3697677 3689865
3705063 3775372 3779875 3785169
3819826 3806266 3698091 3688025
3853823 3978531 3877851 4020857
3960521 4073969 3839757 3847265
3853626 3878862 3810731 4003645
4003096 4056465 3823246 3871263
3709949 3846126 3754270 3721618
3865348 3634660 3747296 3839649
3782334 3818200 3712588 3695610
3833535 3626768 3758337 3852786
3853549 4075010 3858789 3925737
4026712 3767163 3964831 4036090
3907050 4043124 3881481 3845918
3927286 3833068 3994014 4054389
3789816 3655082 3679077 3675078
3869438 3801335 3846753 3786975
3794080 3710500 3683768 3694923
3749992 3818754 3791266 3743605
4015614 3887828 3894149 3861645
3972376 3964144 3947158 3911222
4041452 3865681 3786147 3822508
3847047 3931999 3965113 3893373
3866199 3851319 3697305 3646532
3674953 3890004 3746413 3536785
3821717 3765421 3631136 3634621
3723559 3908431 3791493 3580155
3992167 3978081 3937199 3807864
3848146 4113551 3960571 3703695
4045979 3962401 3855636 3805749
3817289 4087467 3964990 3691057
3726420 3713352 3604322 3703310
3656680 3709348 3764394 3677994
3847748 3670438 3549977 3704602
3537447 3790579 3786278 3615689
4059912 3853948 3815767 3899498
3806113 3954456 4045518 3799843
3937800 3762754 3696926 3920330
3806410 3910533 4038538 3775274
3667944 3741491 3734142 3652596
3759106 3858358 3823579 3714993
3908231 3964779 3921884 3765393
3958163 3991533 4012314 3958007
3818824 3798419 3820867 3724670
3907410 3878091 3946947 3840480
3950767 3959683 3961611 3845725
3938103 3975777 4080509 4030530
3751976 3758154 3704467 3809562
3813614 3901989 3680805 3660539
3941461 4002334 3909711 4015270
4119504 4112939 3877659 3829886
3813465 3794558 3838983 3908338
3890829 3896632 3846168 3774992
3955191 4004864 3923413 4124398
4111723 4078894 3947962 3872712
3718507 3787861 3694967 3796278
3822431 3641322 3714714 3924407
3882725 4076555 3849671 3927975
4044486 3947105 3933673 4179883
3892965 3963840 3791395 3766237
4015735 3829832 3797777 3993698
4007000 4077411 3980187 3931908
4079401 3928889 4074496 4109940
3835189 3681006 3746104 3689885
3784727 3801479 3746350 3770619
4028868 3887587 3943121 3863931
4006043 4013465 4031088 3964896
3926978 3712648 3696714 3790462
3845766 3798596 3824234 3834365
4177554 3929819 3894014 3954141
4048692 4115522 4084800 4105514
3859715 3854404 3760004 3566567
3765739 3938455 3743590 3538148
4068176 4077442 3872608 3823542
3862919 4111498 4024357 3742828
3950035 3932745 3855644 3764220
3832614 3988776 3789860 3685441
4099178 4137947 3908770 3916005
3987421 4310353 4070126 3708581
3801384 3797604 3572057 3687577
3644044 3776863 3840463 3665118
3996944 3909881 3852249 3941996
3851280 3978571 4038448 3766754
3853212 3888546 3636271 3838318
3801656 3865390 3911103 3722910
4059979 3946832 3949895 4011227
3902022 4081686 4104503 3914071
3940451 3957128 3885549 3854022
3967879 3998211 4043082 3973650
3928399 3921932 3930299 3748832
3982526 3941276 4020673 4030606
3817509 3791334 3831344 3714134
3887896 3884986 3935810 3823540
3790963 3924885 3760415 3744870
3857696 3871982 3955494 3916418
3919848 4052751 3947088 4112169
4129705 4076735 3939371 3915484
3941687 4000880 3889250 4040049
3991133 3953483 3869678 3833810
3859904 3903810 3854747 3959819
3846458 3878789 3816772 3784017
3883158 3878405 3873886 4043577
3967721 4027395 3813587 3956693
4014065 4109498 4050876 3922458
4034961 3962283 4098646 4140214
4032352 4072440 3948822 3953251
4070407 3905299 3942682 4156985
3793700 3834574 3800631 3744355
3956275 3821373 3885376 3932591
3819978 3999850 3814632 3786215
4036879 3855150 3876728 4043374
4126678 3915880 3937766 3869252
4086377 4058315 4038477 4044397
4080036 3896376 3862834 3852203
4064006 4006502 3952472 3984228
3955036 3723932 3803989 3695544
3842302 3932819 3896920 3911510
3963995 3820517 3720520 3879290
3985245 3989983 3989609 3851403
4092050 4094741 3994779 3844357
3946260 4212473 4036099 3808280
4163342 4000094 4018904 3850559
3936581 4189294 4055300 3729498
3920392 3945331 3826840 3687112
3767156 4109216 3957650 3653187
3916558 3929836 3890353 3738187
3716850 4194524 3992468 3711298
4097133 3947795 3902059 3988813
3853864 4023969 4099461 3918294
4036525 3860192 3874152 3999497
3838564 4051961 4073692 3882717
3936377 3915659 3809119 3873072
3770082 3874472 3944768 3755352
3909768 3905284 3767329 3887216
3773815 3964006 3962383 3826263
3928147 3848549 3878930 3756873
3955090 3981134 3877726 3918753
4026134 4046479 3913848 3850337
4066674 3951332 4095569 3935714
3991687 3978496 3975459 3826713
4011757 4037132 4088042 4049983
3821559 3814410 3864347 3767860
3915457 3898953 4024223 3921451
3869584 3843980 3888422 3960749
3959842 3975100 3839748 3808791
3935432 3951332 3964462 4044267
4154893 4061267 3915096 3993013
3979899 4123289 4075813 4139950
4154738 4139268 3997138 3984588
3850659 3971205 3900901 3902073
3995049 4035077 3806990 3793359
3875084 3975725 3839527 3855635
3996399 3893072 3942149 4031542
3926847 4110131 3976414 4088332
4108475 3937109 4077363 4148659
4047270 4197726 3918501 4006684
4182354 3995879 4037756 4175558
3968978 4026539 3872970 3822696
4044600 3779827 3943574 4065699
4026694 3785155 3804106 3775825
3890010 4038173 3988848 3995545
4139153 4027155 3899277 3865868
4038756 4129162 4060166 4056791
4146953 3893842 3868271 3942068
4065749 4070333 4114552 4116222
3991805 3836526 3854975 3888295
3919502 3899117 3933627 3883248
3986805 3996396 3906051 3713426
3785381 4100878 3936291 3623007
4140763 4022610 4021173 3908290
3866624 4283563 4030082 3836683
4144135 4118409 4035466 3936063
3870315 4267579 4225570 3835435
3981240 3996925 3875318 3740484
3787271 4027182 3907942 3707907
3953304 3865570 3749259 3908472
3752477 3878198 3888180 3779807
4080831 3942248 3869933 4005076
3981192 4053776 4096009 3932187
4045099 4058105 3866198 4050743
3878430 4126520 4093907 3922650
3934561 3932314 3758284 3956014
3818297 3931318 4010800 3849172
3809432 3875692 3846684 3728456
3881320 3912918 4038151 3871587
3874687 3829213 3892347 3843015
3843665 3944354 4030913 3960421
3955718 3971294 3849764 3775928
3902408 3973449 3977634 4079140
3818649 3885955 3778678 3700940
3841718 3900378 3958865 3934968
3802431 3900945 3821449 4023004
3993517 4013647 3833771 3853904
3886964 3922116 3941163 4065756
4003320 4036572 3858794 3928872
3999689 4020986 3977673 4053999
4087732 4086817 3889779 3911208
3769132 3807856 3877439 4020582
3953776 3980109 3756120 3761198
3889705 4025765 3878979 3839587
3926922 3790342 3877863 3963825
3944940 4024026 3871295 3880782
4034345 3868596 3961482 4104194
3966161 4055599 3922411 3998439
4007357 3832810 3920761 4100373
3764878 3994898 3859601 3894346
3987131 3773162 3832068 4013388
3993734 3783280 3792478 3825840
3847266 3930569 3976654 3850010
4090370 3866870 3787384 3877397
3906969 3940992 4037618 4029291
4016438 3859785 3764555 3850329
4050212 3984259 4072369 4036289
4026887 3787085 3725186 3711921
3928092 3963315 3942271 3836343
4073234 4065756 3871276 3764060
3880707 4125581 3896415 3700043
4135001 4049124 3984583 3841578
3898781 4195683 3972112 3673265
4113682 4015311 3875028 3846388
3920583 4155103 4026811 3775876
4065712 3909334 3885562 3768845
3901286 4039373 3857576 3700835
3863306 3902204 3757566 3911868
3728616 3889354 3970557 3783100
4045096 3962267 3791539 4021064
3860487 3995130 3955247 3926781
4038531 3971722 3755955 3870421
3868287 4013441 4080905 3868036
3964384 3779971 3786602 3844111
3774529 3928257 3898568 3838787
3823288 3834282 3836888 3970422
3865567 3990070 3887289 3950516
3744515 3760386 3771110 3865454
3887426 3810611 3660260 3973464
3745616 3777331 3814148 3974564
3943414 3866159 3791261 3901070
3732411 3732935 3765103 3981893
3913412 3798553 3773085 3924231
3876824 4089900 3918716 3972904
3843364 3920602 3786287 4088001
3833752 3944814 3814282 3823659
3823999 3829361 3764691 3850871
3737039 3989370 3837820 3869456
3790776 3880487 3728506 4020823
3833895 3926502 3880430 3852670
3873158 3838099 3762609 3954371
3929727 3925467 3795860 3904672
4030905 3904226 3943776 3824221
3951442 3668221 3707551 3818548
3887442 3873838 3780727 3756714
3973672 3862706 3819053 3800261
3970077 3846551 3908810 3788202
3782947 3856488 3801479 3942642
3976207 3910492 3740376 3799624
3830742 3935470 3847231 3975727
3993581 3921843 3831205 3798365
3804391 3802246 3779028 3895078
3867012 3887441 3707086 3743167
3831559 3891521 3786623 3912741
3962409 3851631 3716205 3700674
3924600 3841405 3803668 3922649
3985963 3884646 3784465 3761985
4011448 3975439 3833281 4170034
3898484 3886204 3870975 3848498
3970697 3981655 3700124 4007984
3776410 3829908 3734031 3703122
3921388 3885217 3734746 4181958
3881366 3826735 3723104 3703657
3938141 3897446 3692898 4016605
3819661 3817476 3756492 3656933
3862685 3915348 3983265 3944320
3876021 4072399 3874510 3923378
3663852 3881605 3856192 3788604
3685097 3896076 3830137 3817505
3883806 3890261 3968518 3963823
3767115 3974914 3854463 3942316
3792464 3910876 3975603 3821516
3800338 3946363 3791483 3868496
3731189 3665255 3780390 3876431
3839627 3830302 3706626 3848088
3708733 3690504 3821602 3895122
3874362 3928237 3766437 3975623
3765854 3729717 3747913 3921989
3899585 3970981 3771635 3923071
3951983 3896299 3921746 4075593
4052009 4068597 3820198 4153026
3720180 3895243 3853421 3815243
3762867 3816322 3620373 3915216
3748553 3900580 3782625 3789075
3719565 3867710 3734899 3924060
3737458 3962295 3846850 3824919
3812394 3863975 3700521 3946148
3900103 4088803 4068397 4034069
3965929 4056534 3921746 4132615
3827302 3755999 3651790 3756506
3956570 3776922 3759661 3672404
3891781 3847945 3667431 3851420
3868053 3795271 3870030 3789754
3942129 3820900 3732209 3807287
3873593 3839963 3840339 3741005
4068355 3989335 3948437 3971441
4141013 4055975 3960924 3983888
3768080 3810077 3756841 3869503
3847255 3852465 3660733 3674333
3801001 3840729 3751434 3886898
3925218 3894377 3671252 3745865
3772745 3918858 3733797 3836306
3897421 3966727 3694292 3688297
3988615 4019326 3886408 4066898
4084360 4082747 3881780 3912064
3858880 3896646 3620471 3986392
3663051 3699005 3716558 3662774
3929121 3902083 3644157 4067443
3881754 3809862 3767230 3670007
3948657 3899973 3694718 3995484
3789269 3891116 3818304 3768587
4098518 4088715 3884545 4149371
4009669 4023760 3875924 3892343
3856346 3848861 3927892 3772267
3733147 3919987 3731929 3820068
3803076 3887674 3929445 3914794
3709294 3923604 3742398 3806656
3777168 3901494 3834751 3887291
3794863 3917991 3791171 3861375
3962244 4002543 4140505 4050502
3923813 4138570 3961289 4026274
3827282 3786617 3824250 4010284
4069541 4018254 3851019 4006962
3860610 3769108 3894308 4019698
3952575 3879490 3831423 4079333
3796280 3803607 3791776 3873505
3934369 3878216 3692122 3918309
3809057 3682849 3878692 3981696
3879919 3992581 3779663 3932557
3857132 4051849 3918674 3941365
3884162 3969677 3751539 3954499
3820793 4030501 3927089 3967778
3932733 3918889 3803047 4053910
3800754 3969203 3761799 3879851
3794107 3900515 3760072 3983303
3913167 3953527 3958001 3915025
3804573 3836766 3757698 3969064
3978619 3972584 3931750 3914139
4005634 3996858 3988318 3898291
3856659 3911228 3776129 3909346
4092579 3923946 4012319 3882791
3919468 3857491 3821121 3798327
3970702 3907444 3812632 3759550
3850382 3868035 3749663 3825142
3988885 3837727 3873449 3877482
3837553 3930182 3857351 3990963
3998116 3997473 3790615 3815540
3973046 3998510 3843353 3933731
3964146 4029724 3851996 3818397
3803140 3890639 3844413 3879438
3838377 3825949 3750845 3734092
3885594 3928194 3813670 3825665
3882993 3960197 3711012 3745142
4082104 4028104 3866637 4074589
3908591 3888322 3888266 3863802
4105988 4039413 3827168 4082695
3932625 3938788 3874582 3877862
3923832 3973763 3709826 3972261
3759110 3860967 3780632 3805299
3953159 4016267 3727082 4097310
3858481 3835550 3777799 3725224
3957651 3954881 3981715 3904184
3774040 3995830 3820901 3915512
3872396 4055816 3986130 3975908
3792400 3971376 3904311 3984042
3904428 3911117 3983926 3844806
3696494 3948515 3775850 3824952
3812300 3876119 4030916 3862096
3740014 3992165 3806505 3886465
3836809 3834097 3765116 3996589
3927520 3855435 3800408 3920649
3768090 3743643 3772399 3982032
3895291 3904325 3793691 3943173
3692586 3602466 3718874 3781615
3855102 3748535 3688463 3762647
3781166 3816113 3793790 3940236
3946840 3939469 3789759 4055626
3800883 3996836 3901339 3886031
3924773 3853921 3816734 4041812
3749577 3975710 3892792 3873680
3891003 3846340 3754369 3935895
3670972 3854364 3777817 3738782
3686093 3725126 3604797 3824561
3779547 4005971 3954066 3908713
3968917 3918294 3778992 4023552
3919286 3807117 3868269 3858098
3959776 3954193 3940470 3883614
3930669 3762835 3771075 3822947
3965592 3870717 3880603 3833880
3816953 3678478 3596336 3693162
3745815 3810971 3814055 3643432
3987397 3881993 3899177 3931005
4069603 3963789 3911016 3899531
3884521 3921014 3835607 3974303
3918458 3950451 3717774 3751111
3837809 3895858 3824301 3913315
3857944 3894824 3687405 3747125
3709140 3801333 3625800 3778362
3869220 3828626 3655002 3626018
3986499 3946317 3881519 3985224
3976939 3939664 3793723 3873927
4075070 3957625 3755230 4158025
3863913 3917279 3773761 3772928
4005554 3959759 3825152 4014577
3829358 3824816 3791934 3815935
3921782 3796573 3614742 3910144
3671158 3692905 3667283 3603922
3998543 4094539 3823782 4098451
3908450 3921244 3893010 3808945
3899330 3960142 4017011 3916286
3743937 3946308 3911893 3945154
3889610 3910192 3987912 3979156
3791537 3994693 3796365 3966143
3759465 3826458 3760731 3755696
3686546 3771448 3719844 3736358
3902405 3954618 3993719 3944800
3726750 4041219 3796618 3916847
3921019 3842799 3889429 4086336
4047345 4067868 3801564 4080794
3768126 3831570 3903953 4000921
3956601 3931260 3861863 4023639
3734670 3702818 3841031 3898860
3911586 3814626 3724848 3847824
3741295 3744545 3811135 3922837
3910998 3891630 3730868 3949099
3921433 4062318 4051260 4036859
3865380 3932495 3782688 4024628
3863939 4090479 3862697 3819236
3866752 3873662 3856467 3974822
3763811 3836490 3878228 3792520
3784942 3880907 3719507 3933575
3772525 3994947 3866090 3821802
3812883 3819413 3713751 3951951
4139009 3948894 3893573 3984552
4051134 3946818 3988465 3875648
3907248 3892950 3845764 3870418
4084369 3992359 3949213 3818614
3928119 3810136 3773951 3825902
3954149 3845415 3836751 3786641
3856436 3870289 3742098 3837558
3883722 3894771 3860749 3701691
3979486 3917658 3885339 4029620
3968681 4027922 3871970 3787899
3874726 3884773 3875850 3913482
3938484 4014516 3752738 3847872
3866817 3935211 3781465 3905974
3896684 3858649 3704403 3668940
3860684 3849913 3830432 3938343
3777836 3893624 3714720 3706619
4125964 4051080 3859215 4142209
3942170 3956143 3945714 3863273
3982995 4038286 3794140 4045689
3854416 3852298 3812140 3745831
3997294 3955052 3712281 3979553
3763348 3777396 3773207 3779446
3976855 3954042 3690435 3980616
3816383 3778229 3753751 3730753
3996858 4059595 4055943 4060631
3919329 4093562 3942335 4003661
3970417 3947866 4014978 3975314
3806577 3968866 3888560 3916899
3840562 3907327 3995228 3868328
3821784 3953427 3722155 3964592
3901258 3913983 3915447 3833511
3690760 3910767 3789697 3856475
3852217 3775188 3824038 4049943
3983297 3960663 3852535 3951283
3703537 3714805 3757193 3845462
3898316 3838591 3731611 3799811
3822671 3781627 3786728 3939812
3923404 3904594 3799783 3929189
3799418 3850130 3779946 3957476
3858907 3848470 3826048 3945127
3876865 4048742 3922665 3932401
3875280 3980327 3784791 4042540
3740351 3890382 3751750 3789220
3750596 3847912 3728542 3788357
3743261 4002098 3888133 3934931
3809152 3858275 3651516 3916459
3759438 3870512 3865000 3913350
3848479 3860495 3816181 4055684
3998692 3851098 3888690 3897766
4018592 3963176 3902541 3872496
3914005 3811242 3804641 3811810
3866549 3815078 3861896 3775148
3960434 3782036 3781716 3869512
4024984 3866443 3854084 3799298
3931777 3857733 3767914 3902291
3908106 3870921 3857081 3793657
3905560 3939883 3896339 4083094
3988932 3998553 3806254 3820789
3833170 3805230 3699851 3844688
3883411 3809605 3675548 3680375
3887740 3856340 3874714 3942692
3876065 3818918 3706435 3750633
3881177 3897136 3858238 3974391
3984909 3919031 3728754 3792776
4100714 4059125 3749165 4134060
3909529 3865202 3873585 3803628
3904234 3869191 3678782 3942863
3773274 3732171 3818249 3715118
3977349 3950461 3769785 4073355
3916905 3838814 3751125 3756002
4020042 3889951 3802930 4090624
3811561 3830747 3848607 3770178
3933496 3922234 4031272 3920119
3898354 3994177 3922288 3976830
3788665 3820049 3941076 3818527
3703359 3926507 3767518 3842635
3877583 3903863 3936683 3899789
3791178 3903220 3800360 3822209
3887099 3980883 3918679 3908702
3773935 4003262 3828039 3888528
3839650 3793579 3926272 4048699
4021177 3937837 3853445 3949778
3787175 3779594 3811864 3918020
3948283 3877725 3745797 3922694
3811762 3702357 3794050 3909329
3888456 3809765 3700313 3905987
3787925 3823793 3885974 4001640
3982690 4087159 3819446 4032264
3815615 4089266 3938203 3898894
3923226 3921697 3884315 4020495
3676421 3940674 3838199 3892277
3790471 3857131 3785486 3936618
3713879 3929487 3866799 3796366
3770407 3814591 3799577 3892236
3809409 4015476 3926240 3911644
3857653 3994451 3817357 3999865
3985605 3882737 3864914 3874397
3978182 3892971 4014279 3894626
3886633 3786139 3851091 3877970
3975096 3813011 3823113 3701628
3900714 3742536 3668657 3803182
3921889 3809478 3761951 3820781
3995006 3893262 3768917 3935854
4001611 3968172 3887083 3887613
3864867 3861866 3875438 3970726
3950373 3927477 3780128 3846713
3856989 3880641 3727907 3945341
3828242 3862477 3698057 3781495
3769514 3831135 3816690 3861179
3855365 3831169 3727766 3778537
3858819 3937959 3919129 3974567
3940304 3889689 3809191 3776364
3974619 3982747 3808784 4131325
3853373 3918379 3902411 3818166
3942243 3930863 3787095 4038989
3771266 3744610 3782983 3727802
3921074 3957771 3729480 3954462
3783774 3753227 3665432 3735983
3971940 3978698 3808432 4068626
3867460 3848673 3833444 3825738
3912944 3968454 4051384 3905790
3796540 4006692 3829998 3913752
3773546 3877328 3854943 3848612
3760105 3816812 3767015 3916425
3862211 3885022 3922550 3884047
3707732 3907458 3804854 3902260
3978690 3935837 3997049 3951019
3790435 4048239 3854518 3913556
3965958 3984352 3953191 4121472
4054839 4090282 3958080 4086656
3850781 3820849 3860868 3956046
3997027 4021505 3833093 3939726
3616892 3656031 3685084 3809659
3842112 3821897 3642181 3830899
3767768 3849518 3852846 3970934
3869287 3869801 3835530 3976807
3937562 4043032 3979501 4047984
3900837 4109011 3876362 4078159
3779466 4055340 3891964 3897490
3821735 3846861 3772904 3967208
3728239 3830046 3776673 3779303
3740336 3806071 3671666 3814135
3720222 3930934 3842216 3809071
3870195 3910615 3704892 4004070
4037829 3939136 3932576 4013297
4085856 3990188 4058416 3928172
3966244 3880427 3882295 3877573
4014005 3896131 3865801 3790037
3777506 3700182 3580487 3761443
3903042 3780493 3759404 3730140
3980974 3916846 3784349 3881809
3900640 3949831 3894671 3800333
3984245 3991587 3986738 4034754
4099570 4063270 3867901 3840650
3921112 3886755 3769513 3910749
3879922 3838051 3733197 3829889
3791905 3831623 3614390 3842617
3880841 3707789 3538488 3655759
3828652 3862002 3794021 3893590
3939135 3930510 3685179 3738750
4145452 4065022 3939854 4215287
4012436 3940349 3948876 3887820
4023342 3966834 3754712 4080325
3793684 3853410 3810009 3741365
3777164 3850792 3662953 3921634
3781267 3740476 3730743 3648190
3955040 3919834 3756465 3987951
3844142 3886741 3838133 3724872
3924702 4023270 4087583 4076461
3888337 4107747 3989163 4010093
3930617 3878924 4039190 3912756
3808921 4027535 3827831 3938590
3640274 3847104 3788599 3723829
3671047 3841072 3638460 3789159
3839517 3924023 3992343 3951057
3808469 3911503 3789078 3824860
3695688 3620364 3647524 3839427
3738523 3878780 3735757 3830489
3709001 3650650 3684656 3901276
3790393 3789329 3711492 3789735
3636618 3665518 3704959 3845605
3769224 3758396 3679734 3826971
3852422 3743669 3796414 3949026
3929549 3847819 3837470 3955724
3694814 3794913 3798150 3727003
3739541 3749725 3618535 3781877
3716490 3840977 3780381 3721988
3673135 3729556 3582067 3802490
3702964 3827489 3768450 3726197
3674796 3856642 3683785 3834644
3769726 3952923 3865772 3881704
3831914 3908356 3722321 3912977
3838956 3619607 3641153 3666218
3817313 3781198 3792486 3677856
3850530 3746571 3750047 3707942
3884347 3695536 3779501 3689036
3818548 3733637 3622088 3742032
3829032 3811004 3763169 3692588
3884367 3814409 3813886 3920109
4003657 3987781 3899076 3789238
3679375 3643038 3662121 3874921
3866846 3821489 3619149 3650755
3769564 3756635 3662863 3838795
3757492 3784388 3722335 3608595
3792848 3709205 3639920 3770728
3825749 3841960 3580453 3706181
3869943 3851732 3852279 3924892
3970323 3956246 3734462 3762627
3819419 3832850 3517668 3917392
3701280 3711764 3675721 3593906
3821774 3841555 3594868 3941453
3727670 3710175 3624446 3621206
3847779 3919976 3676067 3943329
3652522 3687369 3717676 3595395
3935169 3943444 3771917 4036280
3845464 3884021 3775741 3691222
3725706 3772258 3789179 3727894
3594188 3748372 3642168 3747399
3699544 3797624 3814214 3805640
3679389 3816538 3755996 3906929
3718612 3865212 3788261 3788796
3696700 3858601 3569474 3733489
3888200 3903473 3967279 3949374
3790440 3995931 3798435 3845720
4021095 3970258 4041068 4170262
4037258 4032157 3961356 4114125
3770136 3740064 3784696 3838554
3847274 3806682 3784705 3863982
3815711 3748624 3873143 3902206
3909295 3904735 3707552 4003049
3845693 3843569 3926338 4046590
4019821 3962915 3722853 4068363
3966028 4185640 4118658 4056358
4057373 4078075 4029669 4143564
3688890 3838646 3772530 3791331
3674308 3793571 3745216 3864797
3805322 3960647 3844826 3908694
3850019 3924778 3745442 3982562
3801559 3977923 3960616 3879793
3896628 3983511 3800022 4041806
4217281 3937555 3979264 3980424
4179644 4124189 4015733 4023691
3891232 3772217 3711817 3771087
3864990 3825341 3805573 3817130
3963609 3816859 3849739 3893850
3993285 3922021 3902787 3795588
4042618 4003619 3911969 3920997
4092569 3953188 3919155 3869915
4052597 4014003 3973415 4105990
4049363 4136609 3934609 3945390
3723802 3830370 3747851 3757693
3803611 3795644 3605145 3748636
3950444 3907022 3797199 3927417
3897659 3886070 3743650 3746175
3945527 3915110 3874990 4053518
3951823 4015878 3794220 3775075
4209162 4164146 3881498 4215128
4015365 3995811 3920177 3930783
3874801 3878078 3662873 3995076
3812188 3701921 3720497 3674321
3980707 3918876 3761486 4086540
3863612 3863388 3699801 3752790
4002027 4044328 3827146 4141212
3879610 3925939 3847966 3761224
4083482 4028800 4147863 4068722
3963396 4174529 3989064 4117955
3846099 3808280 3893070 3823882
3667199 3914055 3761962 3764240
3872718 3922932 3967729 3879240
3756010 3935282 3815602 3924101
3997067 4017812 4035409 3975488
3830909 4010928 3828680 4010899
3711444 3711312 3794076 3865905
3924231 3832153 3702592 3812343
3942676 3904505 3954008 4142478
4058322 4063532 3938186 4061117
3726263 3725670 3876026 3924589
3912548 3857677 3825087 3944679
3921755 3816331 3828460 3999909
4028611 3972460 3859435 4074523
3727419 3850824 3859484 3877471
3805993 3824564 3807488 3926631
3839825 4055706 4021838 3993481
3965854 4118641 3807673 4163055
3738323 3945589 3871545 3913209
3890407 3820891 3770694 3880595
3958946 4048727 3993929 3968996
3843026 4022503 3842811 4073200
3851591 3793390 3775710 3858507
3912091 3885267 3794146 3760306
4132890 4024706 3982538 3928622
4122733 4057754 3992287 4026877
3919938 3866281 3768884 3878228
3951626 3838674 3815576 3673389
3928449 3989591 3883303 3921589
4136268 3972856 3953793 3924142
3902670 3833439 3759743 3826887
3858277 3919340 3667589 3752957
4073283 4046361 3967365 4092472
4064917 4043348 3826455 3870351
3855781 3884043 3780449 3920036
3856948 3917190 3680402 3734968
3941668 3974570 3917962 3964040
4042192 4008882 3774611 3845182
3954341 3903348 3732180 4003000
3808765 3815432 3719444 3775484
4106031 4105769 3915775 4222205
4004563 3978700 3998765 3893056
3974946 3915066 3627560 4089504
3754271 3866156 3724539 3749167
4012144 4114445 3806218 4079551
3931998 3962765 3911359 3801674
3875289 3925988 3927382 3751953
3789496 3958679 3755965 3832160
4068300 4071765 4138052 4027873
3933106 4121242 3930295 4085859
3827464 3903764 3933452 3935354
3708239 3936643 3783270 3839392
3960722 4104800 4037271 3990463
3866883 3989078 3858467 4006418
3829701 3821857 3854509 3964604
3957328 3889152 3854997 3937311
3711366 3776790 3709048 3905221
3967435 3861866 3792870 4012780
3955616 3891206 3896842 4072454
3960853 3928935 3816848 3996185
3838812 3871268 3898357 4071411
4009593 4035866 3759564 4032226
3896514 3885378 3925991 3931605
3798878 3940080 3749252 4022515
3750227 3950536 3797463 3899308
3819066 3779197 3716826 3857698
3810852 3949764 3900279 3919904
3827149 3900499 3849890 4041944
3887302 4078427 3928558 3891286
4015453 3934298 3853331 3963959
3987729 3879472 3786830 3850203
4094053 3963729 3902967 3885435
3857914 3794579 3706697 3797537
3911923 3864872 3823062 3758928
3976361 3844493 3866908 3831613
4091311 3932222 3878343 3792281
4109824 3918373 3889593 3948871
4024510 3997757 3908463 3895047
3888604 3899032 3895230 3908803
3982194 3953698 3798003 3806538
3861814 3858756 3834601 3902718
3904089 3860699 3767820 3686911
3878943 3961770 3760858 3973851
3983964 3875080 3762406 3824969
3863633 4020310 3869715 4031217
4015757 4087577 3802366 3798042
3997597 4040566 3779486 4205242
3902372 3830632 3853339 3711412
3944800 3894261 3738992 4018966
3782660 3859993 3747008 3797898
4093282 4001457 3784007 4136156
3865289 3842652 3933517 3925974
4021076 3991473 3834505 4105228
3947376 3886098 3945441 3809061
3854362 4001759 3961376 3876133
3857399 4057865 3851457 3999099
3851967 3899063 3964067 3803751
3743658 3878775 3764298 3917587
3946695 3968530 4138439 3957888
3869145 4013476 3864739 3880343
3893676 3983689 4082517 4092460
3869514 4085019 3840390 3976631
3813539 3890050 4001101 3773930
3851251 3981135 3954907 3865828
3832116 3847517 3941598 3750710
3834157 3886360 3933156 3812321
3936178 3907730 4087593 3866644
3846560 4104558 4020900 3853107
3715711 3795844 3888360 3640402
3757513 3839497 3917758 3761903
3865646 3782957 3910189 3873180
3773381 3966470 3771675 3836254
3867755 3809930 3981902 3872817
3728703 3839503 3791607 3820016
3902012 3955175 4065180 3958365
3958587 3921840 3805847 3915872
3774236 3799497 3835409 3846565
3689820 3780715 3747153 3776027
4019852 3713413 3866416 3869449
3899525 3924200 3889441 3837618
3877215 3733482 3770194 3821501
3918958 3900583 3936729 3741500
4071572 3864578 3945383 4020130
3991022 3980288 4059552 3899435
3922476 3642106 3863977 3817548
3779418 3844316 3835475 3745436
3814695 3791278 3778274 3796491
3888508 3995601 3721504 3924635
3859700 3728936 3702068 3755890
3937857 3973087 3740765 3867593
3924602 3845476 3835745 3879568
4000150 4066459 3802978 3976961
3813851 3674750 3664673 3728416
3843507 3911642 3706520 3785789
3670427 3763106 3879467 3790054
3889224 3736976 3818062 3892283
3566582 3834803 3857037 3561580
3827030 3771787 3801758 3880867
3778320 3911223 3946863 3757883
3988717 3965063 3859321 3886722
3589554 3677107 3817344 3609153
3771805 3693223 3703882 3786992
3736001 3640401 3796833 3784241
3904921 3925995 3964032 3910962
3816181 3833042 3821464 3777449
3821199 4009065 3870804 3893870
3825075 3880745 3840058 3949308
3979179 4040339 4015337 3951355
3662629 3607032 3730620 3759313
3838285 3884938 3847948 3788217
3755801 3803305 3924198 3700578
3703437 3779474 3859697 3724596
3868097 3819227 3965891 3809317
3776264 3885078 3992863 3834152
3971726 3972271 4080356 3934865
3911416 4036697 4073194 3942056
3733656 3840601 3831499 3722289
3689594 3876619 3899549 3797509
3769546 3785713 3849200 3772390
3685827 3842342 3631429 3704576
3780188 3875498 3877473 3800958
3705068 3915217 3809777 3901238
4017762 3907971 4015117 3946734
3829910 4021013 3838715 3988384
3824811 3802453 3893561 3850321
3671651 3899378 3697641 3768439
3810697 3624388 3696898 3788425
3807921 3801093 3805534 3617774
4000946 3716573 3790282 3847131
3864740 3919573 3945224 3774426
4088352 3834621 3970695 3978930
3997407 4064887 4008046 3958255
3954941 3717592 3741291 3899699
3826289 3839307 3841399 3753667
3814991 3640600 3644894 3728048
3784427 3890152 3634340 3812567
3834347 3722889 3695178 3767863
3828934 3985219 3764717 3855626
3955514 3903762 3831552 3902005
4024966 4082207 3825511 4045571
3874289 3738754 3726654 3603057
3845964 3903117 3637462 3857015
3602678 3617891 3760281 3627277
3731343 3668284 3682607 3702997
3588886 3744062 3837716 3732891
3831268 3784741 3829945 3792698
3766592 3964395 3904486 3821468
3890276 3882012 3914427 3932495
3568828 3631895 3787377 3721031
3846295 3708244 3833142 3773444
3642677 3700852 3738141 3678437
3750291 3889341 3882657 3705455
3742577 3775610 3855776 3769984
3850614 4018295 3821836 3839790
3811983 3848221 3887624 3849988
3933529 4074638 4087831 3929645
3697027 3696868 3861580 3720495
3753744 3898248 3904816 3906637
4046598 3943415 4041481 3822572
3829938 3943133 4042231 3929773
3872791 4007005 3942739 3789518
3785669 3927855 4021810 3818205
3857790 3884325 4062172 3833277
3898608 4027536 3975006 3989585
3959382 4093384 4200952 3935686
3888285 4100887 4087022 3965558
3959270 3905017 4055252 4045092
3869120 4020005 4002174 4008637
3895981 3920798 3968520 3898390
3748391 3940444 3771431 3880547
3914121 3942075 3983747 3978508
3851813 3951846 3805336 3987275
3979923 3977983 4096628 4022833
3971671 4004479 3977746 4052711
4090001 3846494 3885291 4047493
3975771 3959285 4057498 3912715
4022998 3769486 3856700 3929578
3954258 3966919 3942240 3796565
4108916 3856294 3932294 3940580
4015846 4020476 3995628 3882703
4142807 3917359 4046748 4146841
4012366 4075281 4013162 4044764
3938796 3898186 3902304 3860483
3886076 4090048 3721268 3958658
3892297 3758086 3851156 3802090
3998400 4013778 3824582 3899219
3932588 3832870 3908916 3930157
3945349 4055372 3806636 3977995
3997935 3863166 3921929 4022838
4069645 4116036 3866499 4062373
3678251 3832012 3964484 3809695
3964845 3913641 3944885 3885816
3663355 3857215 3866439 3703473
3924673 3903687 3909379 3962364
3673302 3961207 3985824 3868925
3893573 3862418 3898841 3917782
3782501 3991707 3998161 3838737
3955141 3937399 4086793 4009049
3784711 3851204 3884153 3825649
3873101 4075622 4030093 3915756
3810625 3733967 3875354 3767240
3836719 4098031 3928872 3879448
3812844 3878048 3909029 3867082
3924587 4050694 4005186 3995468
3947020 3909626 3964389 3974338
3937082 4141016 4058452 4003141
3789505 3834143 3986728 3745269
3657675 3908402 3924403 3821529
3754563 3849036 3871699 3738216
3718364 3918724 3916935 3823882
3671881 3763872 3741847 3646406
3563887 3798610 3771384 3720390
3885993 3988856 4038924 3930832
3873381 3860690 4023461 3936757
3824661 3888674 3878538 3939025
3726889 3939294 3809509 3877087
3779438 3792301 3935487 3825478
3753093 3891228 3769988 3830055
3672813 3790402 3749106 3725604
3652483 3810000 3635526 3805251
3924974 3970639 3924397 3879555
3789705 3974434 3928130 3878098
3948121 3758985 3799289 3905569
3843503 3806548 3913354 3756066
3901411 3712801 3807377 3841541
3887171 3947017 3909011 3762467
3791606 3693344 3787125 3809709
3775861 3834940 3818182 3725354
4051102 3814832 3962135 3919737
3972453 4021992 3963810 3830260
3819222 3775028 3701044 3780323
3831210 4013128 3771489 3855247
3803426 3669565 3603414 3737442
3888200 3922623 3619128 3864333
3798152 3669220 3621196 3734812
3687308 3756147 3585428 3718574
3914790 3787293 3764486 3903302
3933908 3974917 3803236 3978746
3651051 3728234 3833636 3742253
3838599 3762881 3743872 3835544
3560532 3785622 3867690 3623402
3846038 3704111 3794406 3779879
3455079 3601771 3686663 3490993
3675617 3585065 3702056 3712978
3722680 3924887 3916432 3789642
3912195 3903886 3878092 3897254
3687183 3673802 3809305 3713489
3804504 3925154 3990956 3936258
3733818 3692552 3758263 3705449
3778525 4015819 3855537 3799142
3605481 3586346 3694942 3646540
3725455 3837363 3801747 3752421
3791774 3825610 3955486 3840583
3880547 4003724 3938726 3916401
3773276 3845469 3914778 3724586
3696768 3843608 3858241 3802766
3796171 3873795 3985095 3701832
3735652 3940744 3931829 3861087
3776181 3866384 3939306 3765958
3745164 3848593 3872660 3770358
3921214 3859563 4097473 3806761
3835827 4001056 3927941 3855446
3878507 3793469 3969836 3847034
3748975 3864930 3823738 3878120
3829645 3891259 3883242 3865928
3800525 3942195 3879275 3861008
3814917 3775986 3770407 3816708
3747605 3841499 3742628 3886523
3895491 3873202 3932781 3890084
3808575 4002756 3806974 3838877
3960194 3726834 3851971 3876632
3919012 3887182 3909054 3850579
3908676 3765710 3833782 3904818
3929550 3932886 3988460 3873651
3922647 3787718 3799379 3896272
3851406 3877642 3930810 3828420
4050733 3798886 3802007 3852625
3893317 3975586 3842740 3839422
3784064 3594876 3662337 3837633
3863071 3949198 3752652 3859222
3865985 3679947 3828714 3788318
3925980 3977301 3723303 3946933
3838564 3685547 3743406 3775363
3797812 3840191 3691872 3797541
3859699 3771979 3784360 3863321
3935017 4037956 3717973 3961294
3561790 3826723 3762242 3673148
3819281 3835886 3833578 3848633
3610596 3842745 3890222 3761897
3852156 3779170 3838546 3794174
3528316 3789571 3831954 3721318
3793682 3746995 3775017 3813603
3687916 3814047 3883051 3722897
4005790 3815041 3845396 3917990
3753292 3792858 3850989 3788507
3823160 3938649 3939163 3846919
3769464 3824400 3848819 3796876
3943231 4064509 3958195 3801379
3713138 3695886 3746893 3716451
3831960 3913889 3930819 3837862
3818405 3787585 3905157 3761802
3806084 4020989 3998241 3903491
3905441 3843325 4019628 3812891
3695279 3912640 3936021 3792083
3907284 3913914 4103373 3874610
3801906 3979784 4095761 3967560
3922782 3955926 4126692 3853714
3825212 3933416 4058382 3939746
3880741 3931729 4039331 3804566
3896425 3972571 4050359 3930356
3813523 3854554 3903197 3859485
3761939 3942353 3820392 3818536
3946599 3948638 4033956 3967843
3864903 3995396 3878674 3983739
3901074 3981704 4036013 4011765
3998348 4077369 3903673 3881682
3954761 3927100 4045033 3968847
3837096 3918246 3907546 3939907
3999417 3782786 3865523 3887830
3869495 3880211 3947286 3776997
4012958 3968804 3969040 3957037
3956868 4085084 3976685 3888534
4056660 3897410 3927728 3950708
4038189 4059671 4001214 3923623
4052434 3803599 3895909 3943575
3852453 3944615 3977239 3897024
3842608 3759167 3745177 3813643
3832932 3919153 3650954 3901015
3937237 3887517 3840831 3922980
4015333 4100409 3795326 4006575
3928728 3797762 3903560 3928391
3996770 4049613 3877752 3978247
3924320 3785349 3858111 3947821
4034251 4012249 3809709 3955841
3689002 3758850 3913868 3718324
3774901 3763482 3818411 3844724
3721956 3903196 3979772 3766826
4012646 3829861 3983169 3926236
3710077 3844771 3882246 3799200
3975980 3847294 3947144 3950714
3710124 3829803 3872020 3786252
3999589 3848187 3876978 3822912
3797761 3740878 3896447 3779507
3812578 3903376 3928964 3891598
3792969 3786794 3899899 3882081
3983104 4046552 4016482 3940512
3851649 3823685 4001898 3791161
3932553 4006656 4031480 4011115
3730094 3830402 3897363 3896156
3883874 4027523 4003741 3902159
3935764 3933085 4028784 3889160
3806123 3959218 4010410 3884801
3820562 3945398 3994438 3786130
3810350 3915458 3951509 3777618
3776813 3846728 3880153 3740263
3704772 3870609 3909697 3800684
3959010 3998971 4026343 3853989
3899185 3973354 4019003 3876780
3943212 3906406 4077264 3928578
3884157 3967716 3827566 3877380
3846442 3834544 3921977 3965729
3769459 3930274 3836613 3885011
3730427 3798526 3851434 3834694
3800705 3755523 3694724 3810164
3999837 3893562 4014000 3908966
3896354 4021041 3874177 4004885
4038207 3809117 3866248 3945271
3970536 3983444 4044369 3868136
4001609 3761313 3852562 3832105
4002667 4012751 3888152 3849117
3905843 3715972 3788413 3855344
3857639 3897068 3942855 3753866
4080907 3805625 3922476 3973948
4072477 3984454 3994638 3870456
3912931 3842099 3772699 3940746
3936805 3996325 3728905 3996313
3966237 3808588 3788527 3761598
3962075 3996903 3681507 3910166
3753980 3757911 3758994 3723093
3809618 3808934 3662486 3839580
3952308 3867673 3901716 3888884
3963132 4069312 3810870 3940884
3728107 3829103 3890039 3877773
3932165 3756149 3865280 3877572
3641175 3798433 3843772 3772258
3851695 3769110 3873447 3900804
3652297 3716837 3807395 3768632
3803118 3677966 3736166 3769574
3767956 3837881 3957822 3848529
3955091 3862890 3877954 3958229
3882472 3824382 3903581 3972530
4004526 4002859 4047110 3960590
3797380 3767060 3885480 3833795
3959856 4022965 3962843 3967814
3580661 3813994 3779541 3778417
3789443 3952912 3806701 3927261
3808161 3823108 3945785 3795342
3966829 4049337 3993356 4075286
3855716 3980247 4015698 3821816
3786608 3946794 4021376 3816524
3967004 3975648 4176253 3900093
3947712 4105695 4161865 4006282
3844953 3886120 3867042 3728387
3854718 3841216 3943444 3793570
3954150 4001337 4042213 3876969
3864583 3974464 4061341 3915330
3893156 3960453 3922245 4033166
3788842 4018364 3759603 3886318
3933846 4094433 4122612 4058696
3943901 4058471 4057187 4080528
3856600 3698603 3895469 3855102
3736950 3814921 3793219 3808964
3957983 3999494 4057261 3977779
3767182 4013261 3896134 3916808
4017909 3823555 3873484 4006930
3910587 3983911 3970012 3887591
4122837 3955577 4011291 4103866
4145913 4126786 4092888 4027407
3991478 3743028 3847916 3942147
3884205 3866855 3873490 3825022
4035407 3816303 3897518 3907976
4057167 3941796 3952979 3868494
3903488 3782762 3855534 3859192
3918709 3923661 3698231 3953240
3995754 3896508 3930840 3997393
4075559 4177364 3860855 4077871
3784983 3693757 3782706 3799639
3829991 4011603 3698968 3890035
3862362 3859707 3890107 3927228
3952531 4123427 3788670 4027027
3698821 3753891 3895814 3831470
3904694 3920093 3902707 3940418
3858828 3951823 4044884 3900285
4038713 3970885 4021854 4049944
3654661 3741111 3855228 3735903
3902834 3763409 3804966 3819949
3758120 3811303 3938132 3771326
3903972 3871220 3935386 3987523
3813678 3839256 3820494 3790576
3900423 4051284 3950004 3952866
3967374 3999612 4021016 3931980
4051224 4117560 4142664 4071631
3752430 3749795 3795562 3826856
3867633 4002360 3966088 3899963
3860136 3835956 3893951 3845143
4002854 4014249 3979160 4018103
3975989 4046043 4125536 3906469
3870364 4051723 4108656 3924194
3768242 3835981 3883255 3662855
3721483 3816018 3895909 3777174
3766142 3902212 3953540 3781584
3773397 3934765 3873519 3786495
3781641 3935992 4015042 3815082
3784170 3893098 3990284 3885332
4106178 3998959 4155262 3999790
3951857 4038496 3980452 4055705
3799513 3801058 3808546 3826005
3715002 3865949 3654942 3845234
3792297 3793678 3911606 3780062
3703556 3824797 3742622 3777195
3932445 3889079 3886020 3871551
3794513 3979717 3822084 3901715
4097513 3922214 3975048 4028528
4004638 4100213 4039989 3920637
3892811 3714082 3773080 3834826
3832329 3807784 3910219 3783294
4019029 3688508 3823128 3888814
3820829 3824949 3833276 3793597
4010697 3747121 3863588 3888148
3919100 3987220 3891944 3875291
3972948 3844850 3857943 3950284
4016621 4040488 3856491 4009240
3752553 3664774 3687430 3767589
3734369 3829917 3702006 3785734
3808643 3762849 3744697 3722274
3843069 3904920 3692817 3852210
3882529 3783966 3858808 3843021
3842811 3986118 3724394 3919217
3725468 3910786 3941764 3826738
4018347 3901015 3981620 3993124
3597617 3809711 3738037 3668458
3774904 3657834 3736190 3762067
3616205 3749284 3793586 3705663
3785966 3742078 3791727 3827069
3684080 3769640 3855147 3751467
3893543 3856662 3844462 3805410
3951890 3929059 3888277 3970506
3959021 4188480 4015590 3995819
3653068 3749209 3747521 3741568
3835059 3857122 3828878 3765243
3707476 3804475 3820336 3755238
3789874 3909146 3922523 3854166
3779462 3892510 3974626 3809919
3882054 4035820 3995093 3939460
3801580 3906009 3893936 3751573
3799485 3858066 3865282 3789395
3749220 3831364 3951727 3744763
3797672 3896255 3922912 3877108
3872112 3834754 3875973 3747604
3793631 3897664 3905596 3833698
4003064 3958458 4075739 3850905
3848347 3983875 3982855 3887162
3836595 3848475 3838190 3889292
3743688 3892562 3805131 3833740
3785476 3899198 3931578 3896405
3802681 3911916 3769166 3936080
3878335 3859232 3983684 3945472
3795510 3872572 3845970 3934262
3944808 3846329 3901366 3939788
3861056 3981288 3838500 3866502
3923524 3786858 3849447 3826209
3889822 3879682 3880987 3858551
3879117 3793863 3822733 3887684
3956694 3947577 3908084 3878568
3949157 3856042 3880508 3880187
3946678 3851044 3939023 3844489
4078008 3750094 3848806 3998337
4005199 4010342 3957356 3921780
3830030 3791555 3762444 3768087
3829084 3878735 3685371 3905858
3837908 3723669 3844103 3843709
3919050 3965067 3780126 3883424
3872295 3806843 3833076 3806255
3899532 3990904 3750512 3868217
3916166 3866409 3817535 3856028
4034731 4013245 3735272 3939397
3589852 3822665 3804635 3685803
3787497 3715137 3865994 3815688
3593427 3757978 3801983 3818149
3843885 3819619 3799788 3825673
3625640 3805636 3874537 3719769
3895634 3825022 3879998 3840370
3758127 3831756 3825635 3756973
4009564 3867375 3995337 3930822
3696713 3781572 3793913 3777434
3819782 3915263 3888227 3815307
3702374 3693586 3783025 3732830
3920941 3928967 3965784 3818757
3819288 3823040 3877819 3716006
3853984 3992791 3952345 3860829
3801598 3892177 3945157 3815501
3898043 4036604 3883075 3913412
3995781 4008081 4115949 3913805
3880051 4015794 4039222 3946268
3845979 3980792 4025892 3833553
3793087 4030094 3960725 3871085
3841801 3949071 3960818 3839115
3776792 3920567 3942713 3792084
4023777 4044722 4109434 3869443
3962141 4012056 4131537 3915657
4039725 3939557 4049443 3955652
3930411 4011960 3986328 3931203
3866239 3948843 3969676 3849238
3816063 3916516 3816925 3841142
3802510 3889930 3875022 3859553
3773124 3861493 3768993 3915733
4029843 3935605 4031296 3972683
3885547 4086088 3880121 3916405
4142484 3868094 3986111 4046211
4040808 4027739 4014850 3870978
3989924 3850109 3827220 3968944
3932849 3917632 3974374 3894772
3880623 3810655 3892646 3982964
3986487 3973270 3915661 3805786
4079604 3929904 3959690 4088917
4037456 4002494 4108291 3991399
3980883 3831917 3857151 3914504
3991944 4132105 3774186 4025190
3897548 3796675 3841673 3842595
3941458 3967571 3756320 3931405
3902760 3796997 3862743 3792815
3865428 4003960 3701922 3931242
3941572 3823089 3913371 3883064
3982062 4111297 3874029 4000640
3740399 3870758 4008134 3758259
3997529 3922585 3995504 3980226
3680686 3781557 3852984 3775359
3916225 3848444 3845675 3877391
3658451 3808979 3910227 3756134
3812667 3836471 3811672 3863691
3723041 3952106 3983504 3838143
3996482 3921469 3951196 3978050
3910904 3946140 4006445 3870497
4013467 4143565 4064705 3980862
3786204 3726526 3859076 3745144
3878708 3974677 4061045 3942121
3747971 3775761 3811611 3834427
3842843 4021675 3936491 3935958
3911911 3920019 3921170 3908254
3955893 4015894 4075344 4077631
3991189 3999110 4082484 3994703
3888388 4123393 4087129 3984388
3754051 3788675 3950311 3669232
3744606 3880349 3894059 3752996
3845129 3911792 3921772 3799398
3734212 3948854 3915473 3889025
3895675 3901139 4053832 3858611
3894788 3963077 3982575 3914425
4006701 3977366 4108793 4044845
3967761 4042582 3972403 4059454
3849300 3804739 3804702 3877035
3697936 3944696 3762251 3772356
3904572 3888302 3910771 3841332
3808737 3895045 3833119 3873002
3935285 3949055 3921314 3985005
3892733 3981056 3867635 3883277
4087053 3932441 3926064 4016539
4055002 4023161 4092394 4003620
3938239 3753967 3731965 3787629
3809203 3774997 3888348 3766850
3957679 3785325 3820262 3911393
3856811 3839790 3929175 3848388
4006608 3771468 3915808 4031552
3910257 3941795 3973061 3813842
3945386 3853786 3938823 3909253
4102357 4124996 3876069 4026637
3764946 3688202 3693835 3766251
3858768 3975453 3661230 3844143
3789048 3811907 3734373 3787963
3948105 3974225 3746306 3925489
3924843 3870928 3832156 3877695
3936180 4014440 3783066 3923726
3725419 4024539 3972120 3904646
3953240 4001336 3958959 3989506
3577494 3775380 3836293 3703446
3858737 3740068 3780655 3841495
3616690 3832787 3841116 3666750
3814461 3804498 3855351 3765622
3726593 3814820 3887729 3779591
3872085 3913296 3876620 3848233
3909736 3871512 3989293 3985515
3973923 4146044 4126487 4062879
3692021 3723219 3771678 3852946
3815818 3951382 3899376 3806252
3714226 3725670 3783788 3808327
3886210 3966388 3962388 3905999
3820979 3861272 3872655 3908997
3850392 4061300 3979366 3998298
3989069 3974951 3895486 3830137
3742479 3880436 3674145 3821479
3917145 3902644 3837850 3726422
3657975 3771231 3678538 3771791
4008122 4027624 3957147 3939447
3885952 3905869 3816178 3863376
3825156 3936277 3789010 3836366
3713542 3817765 3767764 3775452
3937650 3820860 3866434 3991904
3792597 3853316 3855827 3965798
3923829 3748751 3820052 3930738
3802462 3744459 3788025 3840259
4034479 3972982 3974372 4117715
3984555 3962899 3915278 4080242
3944658 3921962 3817817 4034333
3844242 3830807 3812425 3953593
3844852 3637383 3916670 3881532
3832324 3876318 3952981 3850472
3749064 3636030 3873306 3766137
3791705 3744625 3832986 3745266
3864189 3811704 4095772 3922736
4003296 3925509 4029172 3886349
3781517 3638304 4014862 3854131
3817621 3836049 3964047 3768961
4102464 3895797 3898500 3897125
3938222 3873679 3884529 3830413
3962515 3934668 3855724 3857582
3882181 3742983 3910045 3795447
4115377 4070717 4039155 4046487
3998683 3953386 4053879 3910370
4064033 3847511 3919846 3919908
3957954 3900735 3934455 3864617
3961558 4058052 3850488 3878108
3821497 3980229 3815012 3739783
3837277 3940594 3842158 3788775
3673344 3863078 3777689 3808841
4106777 4058394 3976839 4012494
3912414 4069634 3853057 3854265
3886203 4094201 3956458 3948916
3880111 3926517 3748706 3754162
3804066 3905754 3746271 3989955
3840220 3887372 3858701 3807923
3789538 3822575 3751677 3847609
3788386 3741495 3841318 3789980
3880791 4019732 3924946 4093173
3940189 3931172 3978172 3960589
3930134 3812324 3787640 4013919
3935009 3867706 3884415 3826171
3996139 3933953 3957396 3812498
3834909 3914611 3806108 3900417
3851448 3891219 3821536 3708555
3739450 3789482 3715865 3722525
3876801 3982697 3853710 3882070
3734861 3882589 3726552 3795024
3882393 3762124 3679086 3679304
3640644 3809468 3583927 3643102
4069961 3845522 3979458 4056691
3939302 3913278 3855887 4008367
3860985 3793798 3756136 3957919
3750931 3782719 3759359 3895292
3975864 3812304 3924380 4071048
3815746 3784644 3778098 3987296
3778590 3767578 3812997 3849473
3691210 3776769 3716014 3807605
3877980 3811049 4005844 3976151
3948526 3852899 4055344 3915146
3787904 3655828 3870862 3771687
3738014 3815156 3860924 3697443
3809861 3657857 3957678 3835288
3860918 3816402 3947402 3808608
3690861 3604403 3856506 3777106
3850147 3785425 3860186 3730003
4097600 3966750 3963856 3958301
4030861 3980510 4015971 3869870
4008168 3859738 3910350 3796296
3909939 3700945 3869138 3837069
4006887 3859099 3863266 3915156
3999899 3827305 3889561 3843337
3918738 3787823 3822884 3804688
3863374 3754729 3813529 3834010
4054637 4113585 3959529 3948186
3933819 4053124 3794960 3784951
3835579 3945683 3812860 3857168
3761785 3855103 3708703 3688291
3901934 4061003 3888950 3876507
3814672 3964923 3795450 3781626
3783776 3902237 3851346 3833157
3685339 3828829 3702389 3702723
3934183 3956222 3806742 3968002
4003782 3913160 3980044 3925873
3767536 3856847 3778998 3890668
3792456 3758130 3813184 3810217
3857243 3902865 3748286 3996729
3831932 3838953 3882412 3872253
3732907 3759146 3673428 3888153
3720451 3733916 3750385 3804994
3947791 3862243 3807462 3809223
3717961 3840269 3699556 3750480
3880986 3965917 3921317 3874098
3776835 3883465 3701615 3789462
4092761 4062934 3973520 3940076
3934034 4018376 3861970 3899790
3928928 3821118 3738481 3831558
3740877 3806159 3747106 3624504
3918441 3873415 3915932 4057450
3877161 3800956 3782873 4017827
3950414 3788247 3865874 3964443
3812994 3995159 3890293 4000129
4053730 4060001 4075821 4169108
4066643 3981598 3929360 4108017
3863652 3747968 3866100 3928702
3800543 3784055 3811140 3887944
3820799 3819679 3884265 3877181
3925276 3823118 3944139 3788847
3787341 3761199 3934468 3945761
3946957 3925918 3978961 3771993
3898337 3875273 4041054 4026961
4019671 3927261 4062218 3943879
3766683 3647205 3847755 3806706
3892917 3837175 3875331 3759593
4079583 3980680 3889725 3973674
3949018 3934930 3895242 3951384
4080798 3923503 3868507 3875228
4000572 3819799 3944767 3867504
4138755 4026877 4007241 4011723
4101115 4003786 4093632 4077055
3931532 3844899 3779327 3906477
3858924 3767316 3774094 3835473
3942236 4080397 3921486 4032843
3879696 3934908 3800877 3758759
3976393 4079269 3870826 3962085
3861782 3971933 3854520 3771489
4123580 4263430 4078183 4013328
3928279 4052066 3949627 3883141
3822260 4063163 3856738 3938901
3751399 3897803 3649367 3698681
3844868 3933219 3778637 4047155
3935914 3866951 3973255 3866644
3870325 3909594 3818155 3989063
3855893 3867045 3946000 3900926
4061159 4081664 3962858 4125924
4015257 3959666 4054961 3983688
3835390 3895215 3684361 3873971
3780372 3792543 3815513 3801232
3991365 3951621 3971298 3920385
3813883 3953100 3856163 3892608
4093696 4022295 3906265 3841256
3730433 3915951 3801094 3790261
3843691 3992276 3811378 3716082
3704624 3771212 3645191 3705186
3970117 4018641 3889893 3862836
3781864 3853844 3748959 3888379
4058053 3919506 3931046 4112344
3919116 3864054 3952275 4020340
3953634 3879152 3956674 4006907
3938660 3931331 3816964 4020606
3861369 3780044 3817418 3902966
3810697 3797899 3704130 3904051
3965304 3968183 3953519 4087188
3953656 3886033 3860180 4021490
3804377 3746928 4034641 3951331
3897846 3837529 4024976 3843486
3843373 3715985 3995822 4038649
3928565 3842633 3972015 3900363
3776732 3629912 3889899 3829444
3815766 3806989 3900490 3768722
3910556 3805369 3954175 3959037
3998253 3978997 4043846 3887146
4071081 4027444 3916183 3986789
3984125 3930029 4067508 3895978
4034205 3978526 4018267 3955958
4000316 3925910 3959436 3908830
4010356 3837504 3820439 3817864
3847952 3798587 3784613 3885381
4151805 3952606 4063298 3931579
3954996 3926691 3971702 3847854
4028619 4086428 4043478 3982436
3960361 3998260 3827806 3809911
3973058 4108076 3949246 4034375
3880612 4030600 3908602 3769340
3908306 3959854 3868789 3859956
3810510 3835855 3723658 3757253
4007635 4110636 3991277 3967078
3962550 4046189 3801371 3800437
3908762 4066277 3873868 3970993
3993497 3886411 4053311 3981271
3933418 3963950 3839016 4029553
3940823 3787135 3954537 3931023
3754687 3850276 3707364 3884222
3797702 3772010 3827538 3761061
3898304 3964078 3786894 4020925
3870993 3855267 4010232 3935497
4038357 3889261 3974853 3937732
3825988 3964398 3810470 3893074
4168218 4064418 3939989 3971351
3891514 3957360 3871129 3946564
3900438 3902950 3828425 3814422
3818216 3833548 3766726 3779644
3893002 4111746 3925120 3846239
3804398 3977722 3772093 3843021
4046905 3858523 3874294 4057917
3956505 3902630 3866574 4024076
3978926 3972262 3966840 3987328
3951119 3903226 3933947 4068013
3839598 3767885 3890152 3883367
3783271 3858386 3743098 4025520
3985590 3902299 3967291 4076236
4008601 3965218 3845355 3949306
3967288 3722981 4015324 3949058
3925330 3829605 4026377 3992072
3933496 3843160 4090207 3948329
4029604 3865257 4029013 3858266
3807161 3694574 3893802 3837495
3853440 3770402 3929386 3783162
3881571 3757577 4000669 3910747
3903133 3888156 4082674 3856852
4108223 3946032 3970784 3958992
3923327 3889303 3987878 3876809
4230403 4008444 4001308 4021178
3986208 3969029 4027428 3934974
3939179 3869359 3827738 3876512
3834343 3731008 3991890 3809465
4080953 4015106 3930664 3909156
3951583 3851198 3965151 3924923
4005338 4110168 3993799 3998909
3889987 4070050 3803959 3838172
4063048 4101917 4066447 4053058
3904954 4024437 3873369 3810034
3954996 4023586 4000314 3939330
3826548 4007336 3772283 3664801
3969251 4078875 4016076 4014608
3809939 3945132 3822680 3828577
3886691 3966400 3835024 3996504
3920369 3943833 4010201 3994699
3968968 4038391 3904554 4098804
3964103 3908383 3983824 4011383
3838233 3964496 3768644 3901090
3841820 3763090 3810650 3821381
3857590 3907308 3826975 3999948
3948779 3929611 3908206 3971993
3828194 3839528 3806138 3743233
3708316 3843900 3747198 3789005
4031335 4059282 3855361 3839460
3861198 3948805 3791816 3781755
3866765 3890050 3897005 3790480
3703960 3814316 3619146 3729062
3783783 3708358 3702316 3575036
3679228 3642544 3624355 3608638
3876618 3713367 3868113 3978496
3881571 3868774 3741002 3918646
3984165 3912873 3958147 4133426
3926165 3892184 3821496 4063100
3873717 3752763 3807133 3937721
3768327 3761593 3687035 3858057
3745409 3653116 3702863 3786574
3694182 3651670 3760586 3820066
3809652 3650620 3876007 3779838
3834335 3719630 3970813 3789360
3893220 3746008 3992199 3945851
3929191 3913481 3924852 3945573
3698643 3711062 3841210 3814256
3827973 3713152 3867843 3717464
3579304 3537771 3790931 3730544
3675258 3648739 3791071 3624752
3913407 3876979 3818582 3822101
3945133 3847923 3868893 3868923
4050910 3931056 4010310 4005083
4010016 3879345 3969722 3926833
3943411 3833856 3776500 3817324
3794448 3758999 3901122 3799172
3811370 3719249 3747089 3731014
3739349 3617304 3741680 3709358
3912904 4006984 3906099 3853031
3738965 3849355 3820710 3679821
4026679 4051369 3910390 4063586
3932929 4044028 3777981 3752503
3876213 3958998 3903706 3747363
3764273 3846663 3686440 3608978
3817048 3975398 3778383 3722400
3656182 3792965 3632288 3496984
3726980 4010320 3723105 3825689
3785277 3792364 3909518 3860935
3878429 3985901 3780189 4009063
3962284 3864881 4020235 3981505
3691084 3900335 3618859 3830227
3752121 3801528 3861271 3844289
3637922 3790450 3638651 3857592
3642762 3600786 3743544 3764566
3843821 3883839 3811835 3793012
3734893 3827133 3764316 3756677
3978548 4058100 3984703 3915926
3853978 3939177 3896516 3879207
3862875 3877751 3788934 3751907
3668217 3796554 3660883 3697518
3893252 3853765 3854260 3817871
3728821 3835240 3763641 3771550
3971279 3847037 3845981 4020576
3797129 3789711 3753220 3875294
3954733 3935877 3955439 4106023
3899126 3884720 3732948 3969262
3857095 3772797 3775885 3920662
3804592 3750715 3706540 3876838
3831129 3795528 3907042 3965612
3811769 3750632 3755187 3882452
3769310 3644337 3892550 3871169
3875587 3805494 3886288 3694344
3900409 3814345 4074637 3961488
3898163 3892796 3972336 3878476
3730721 3626290 3927186 3825799
3771241 3731757 3888614 3703993
3779599 3713672 3927232 3893878
3842415 3808146 3915884 3718356
4024992 3903163 3806817 3871020
3899809 3830158 3921111 3870655
4069571 3942664 3970478 3921486
4020261 3967313 3953041 3926939
3961910 3807849 3817525 3828958
3833381 3740840 3671024 3745767
4004566 3847236 3874151 3912465
3880759 3803288 3894791 3861407
3889894 4027566 3865154 3888796
3851911 3896369 3721537 3724293
3985402 4110415 4044179 3959225
3884100 3998295 3845263 3801676
3796673 3934310 3831752 3829853
3828403 3822851 3696242 3658194
3885941 4034448 3853480 3891878
3767747 3863681 3730316 3721790
3875072 3889629 3815927 3944516
3828089 3774327 3895921 3858302
3941402 3983694 3786671 4070896
3982697 3874333 4018299 3868636
3710183 3853097 3609149 3812827
3786953 3755335 3777214 3811620
3805508 3844716 3793187 3974186
3836009 3818393 3853042 3873958
3917699 3832188 3810956 3772216
3741641 3859230 3714637 3799665
3978072 3952351 3916023 3828114
3879592 3895148 3833270 3843698
4074861 3884112 3848648 3777167
3763493 3869741 3771240 3766462
4015747 4014196 3853753 3888115
3834190 4020979 3757899 3827087
3821018 3836084 3880196 3868252
3936383 3865531 3757917 3858740
3928372 3936573 3902893 4046396
3863882 3913288 3905830 4044006
3968723 3761014 3871048 3945364
3888771 3918717 3810568 4039280
3955889 3901671 3974163 4018903
3904265 3871667 3891656 3952455
3752267 3591589 3897588 3847402
3882060 3831506 3985395 3769057
3890891 3759821 4048071 3943489
3923251 3892775 4050398 3791067
3817998 3715258 3946833 3892560
3904790 3874854 3944321 3868067
3913354 3816906 4015210 3867648
4029575 3869774 3978498 3769365
3895598 3894967 3863901 3762062
3875024 3730220 4026495 3860721
4074466 3921835 3921209 4000940
3984668 3852602 3910782 3918582
4038954 3972206 3924496 3897304
4007784 3868982 3923005 3861819
4076960 3914227 3850965 3934418
3995894 3885607 4022011 3899395
3832233 4038016 3901972 3785412
3787173 3899700 3711768 3698060
3983263 4164054 3957735 3937279
3856519 3970264 3839042 3789054
3870794 4026345 3943675 3912811
3859019 4001941 3842996 3789822
3965239 4152764 3956532 3960140
3874302 3951389 3832470 3836156
3768918 3834854 3764748 3954139
3892204 3813423 3891594 3920904
3925231 4042395 3829154 4032453
3909075 3844049 3911189 3833766
3818647 3931707 3740672 3991658
3853546 3822105 3871076 3855356
3888915 4006673 3767645 3975508
3933630 3864609 3964460 3987145
3945568 3886588 3880342 3763828
3808741 3927302 3704181 3728660
3974144 3935195 3826567 3858013
3799834 3837276 3694879 3735383
3993446 3908206 3831995 3801527
3726320 3903206 3676093 3713801
3806108 3850649 3685146 3726161
3628712 3773858 3661193 3638044
3932086 3801239 3772259 3932132
3820606 3841948 3782931 3940015
3906043 3801147 3927770 3971523
3840402 3819463 3796212 3877835
4034336 3764700 3845073 3890932
3879044 3816379 3815379 3972584
3802866 3739855 3679492 3907158
3715723 3761085 3651519 3836716
3780291 3698026 3901126 3855357
3789950 3866317 3991930 3794862
3832405 3721830 3989309 3890539
3916004 3816982 3896085 3816142
3838362 3780811 3922382 3920654
3958098 3843690 3932288 3800116
3699483 3563783 3761220 3791961
3773646 3654163 3812430 3692492
3984870 3883873 3847491 3897632
3805154 3897171 3874692 3841441
3956148 3846802 3872103 4011410
3866895 3810357 3864603 3848894
3954669 3867333 3902529 3857786
3888375 3816969 3942180 3877541
3835680 3761270 3783582 3755589
3823351 3648604 3796919 3756044
3960937 4028502 3971565 3875901
3856666 3881741 3677920 3731433
3909075 4047537 3913183 3902054
3730847 3937488 3770508 3641953
3981244 4053725 3953692 3901583
3874465 3895876 3858071 3782270
3817757 3891553 3740382 3824323
3638372 3846911 3569134 3665760
3799664 3910140 3692567 3943861
3871199 3789300 3906421 3902550
3813525 3855101 3731313 3936865
3833201 3816293 3893135 3858725
3876618 3946524 3730220 3924695
3926486 3865080 3917593 3837041
3753574 3788610 3673258 3842794
3713653 3717973 3697955 3826935
3804085 3735753 3721923 3648661
3558254 3719710 3610453 3724052
3839890 3789976 3781368 3681700
3634427 3752521 3590517 3646061
3915626 3917985 3829993 3845123
3748957 3868241 3736507 3686407
4128058 4022426 4018154 3937934
3919433 4046556 3858069 3882257
3762303 3684039 3686245 3886788
3790004 3613654 3646433 3775156
3855184 3765859 3826270 3821822
3873926 3674670 3672155 3789697
3808544 3852086 3855244 3965258
3814471 3806695 3706642 4014699
4081065 3899007 4037643 4079086
3914287 3934146 3895778 4051661
3677648 3574580 3782398 3653313
3712910 3662376 3833051 3765985
3631899 3629021 3903015 3735601
3777882 3734843 3799412 3717142
3780237 3689386 3945480 3898408
3818682 3776246 3973362 3715038
3896654 3755756 4085491 3936673
4015674 3939534 4122505 3923626
3901227 3821752 3706842 3747057
3806750 3629000 3806781 3740365
3931031 3842728 3777850 3840736
3811355 3708256 3795619 3773089
3963101 3892541 3870903 3862237
3844749 3893104 3854953 3890821
4084793 4017960 3925930 3972324
4100684 3999727 4051487 3993734
3772175 3880212 3801607 3712193
3683420 3805822 3594280 3607077
3728002 3949166 3815821 3775637
3724332 3927267 3700236 3648194
3887803 4000702 3973588 3953242
3825656 3883310 3771340 3759409
4035701 4118367 4047719 4028669
3865451 4058590 3941986 3869898
3783399 3803363 3701803 3824099
3687989 3757692 3716724 3705384
3719892 3798398 3690770 3832657
3751698 3658665 3780862 3788570
3843908 3848019 3731603 3970457
3799678 3807081 3930487 3826499
3894634 4038113 3861140 4066767
3948500 3994454 3945214 3987110
3901294 3936188 3738066 3725948
3761271 3786599 3648714 3670006
3944669 3939974 3911284 3837521
3803038 3905304 3773572 3840276
3974265 3866067 3790614 3849246
3756100 3849724 3727359 3732979
3920398 3966538 3871347 3737057
3771458 3863168 3722771 3795519
3803457 3754134 3764985 3812583
3803200 3741372 3734981 3881366
3966657 3845562 3897614 3956073
3808766 3851164 3807647 4007397
3885775 3769098 3859505 3981304
3784598 3813232 3744168 4009925
3963421 3799778 3807788 3951715
3849358 3905523 3768480 3927190
3835958 3630109 3857160 3755376
3836175 3765127 3858508 3643436
3820258 3755608 3980638 3835957
3937570 3881718 3948702 3748133
3766814 3630092 3886306 3795836
3869689 3824581 3976043 3883382
3759427 3790884 3933436 3868766
3880981 3774856 3999669 3819647
3908316 3848605 3827869 3790448
3900927 3818233 3799685 3780198
4086080 3864675 3918527 3940276
3930566 3840054 3963414 3923575
3945396 3912565 3889470 3875636
3924272 3814290 3892265 3880249
4038896 3901248 3923496 3896714
3864315 3826874 3965819 3817315
3825317 4017001 3789388 3783705
3657329 3839810 3683338 3556769
4037422 4086128 3977898 3935240
3847761 4018592 3873334 3755875
3916776 3946544 3891070 3891312
3779671 3933455 3821022 3766068
4020275 3997316 3868946 3926680
3920444 3977789 3819940 3681974
3760035 3940709 3662460 3893124
3759333 3731821 3795057 3690024
3871495 3955905 3775953 3989552
3872147 3831061 3947680 3864573
3837763 3896349 3815090 3941644
3830358 3708522 3838363 3847438
3829287 3910105 3791403 4028329
3867236 3880334 3882260 3811205
4107458 3979497 3886030 3898472
3841008 3990787 3924108 3855034
4013398 3978574 3897000 3906108
3835047 3951939 3860704 3872704
3782327 3877808 3821254 3720584
3720649 3863054 3650132 3748144
3919939 3928948 3744440 3659932
3635777 3850846 3705283 3685892
3966997 3930636 3951972 4038632
3981062 3921003 3923363 3999095
3926697 3950277 3975583 4088906
3915984 3953753 3773703 4116609
3837610 3762072 3882937 3910993
3747671 3712870 3663518 3839221
3878004 3772002 3815918 3876042
3795030 3762354 3743538 3876028
3981391 3772592 4032176 3914878
3926816 3854262 4109284 3937642
3851489 3756812 4062393 3965608
4034683 3914882 4012676 3894627
3756370 3612403 3886127 3806319
3815859 3809493 3869227 3645090
3761930 3571968 3817167 3826499
3745971 3710188 3897014 3720023
4105423 3987721 3844772 3946320
4011421 3910778 4037242 3910676
4138484 3953849 3991161 3923343
4060406 3912550 3973072 3996685
3953085 3864229 3764396 3846291
3900061 3765351 3797686 3864054
3931273 3777615 3802286 3810623
3858548 3795045 3879612 3786655
4023322 4112760 4079468 4038460
3833944 3990332 3911103 3907218
4029214 4128999 3968605 3927862
3880008 4064599 3788497 3861152
3930398 4048372 3808658 3843748
3711261 3834635 3665588 3752649
3738991 3918631 3855869 3860808
3711225 3858084 3706133 3623609
3878005 3978116 3870635 4134584
3951684 3839081 4029184 3965480
3890900 4019820 3938725 4078372
3875838 3935594 3937344 3935944
3732349 3866296 3739004 3808259
3732529 3758409 3742346 3734720
3711123 3874075 3711024 3878903
3879534 3690538 3868245 3680930
