3942796 3856728 3909017 3952557
3831776 3858143 3913133 3922014
4002747 3893666 3984077 3983609
3901859 3921330 3925938 3950187
4030241 3807293 3983455 3996662
3820457 3882993 3942060 4004177
4291068 3988192 4090728 4077441
4068073 4039827 4048919 4010137
3846213 3884573 3779591 3830593
3996224 3893661 3874052 3937236
3884559 3993212 3819007 3900953
3896085 3951595 4039829 4000102
3838164 3906113 3798072 3891671
3979444 3944412 3866467 3983285
3999296 4044633 3979583 4067956
4202416 4088184 4019140 4178111
3866375 3886999 3793551 3819190
3880157 3801282 3883960 3771187
3794611 3888182 3855560 3893913
3905869 3893305 3948772 3849398
3844818 3822699 3963225 3809467
3830755 3954362 3957148 3775479
3960590 4051848 4172113 4033832
4040994 4012972 3970216 3990611
3950090 3902746 3839993 3949222
4006214 3903416 3876569 3735533
3940024 3928409 3940137 3913757
3945933 3895176 3934603 3736319
3943136 3933475 3863405 3846759
3941604 3958870 3887501 3749843
4065605 4091502 4110691 4085204
4155278 4097203 4005095 3985693
3882575 3798549 3790639 3865851
3871720 3915876 3884068 3919907
3803899 3920937 3767915 3914560
3973005 3907011 3854497 3979507
3858014 3927354 3794982 3947888
3930760 3871256 3943442 3996413
4006582 4069586 3949301 3981004
4178600 4041651 3942449 4054210
3987859 3755831 3883856 4027563
3666142 3809134 3894610 3791297
3970701 3775827 3939302 4014418
3711408 3852492 4003545 3935032
3981347 3789014 3905980 3978719
3710120 3885770 3999858 3865312
4175052 3988927 4006472 4112034
3872328 4048215 4135336 4096935
3992533 3891240 3832354 3888494
3779196 3817066 3710945 3866154
4057806 3752913 3914110 3848356
3742278 3777643 3855036 3837297
4124476 3893835 4083755 4103492
3937397 3993298 3946858 4072316
4013538 3829469 4069638 3934608
3884900 3922490 3887159 3911651
3820373 3883848 3839518 3740881
3896950 3920100 3759339 4004252
3817706 3817852 3798541 3802954
3933327 3881821 3796914 3901911
3904325 3966240 3937293 3938884
4053572 4090758 4025721 4061588
3909771 3883656 3796779 3947911
3997428 3918874 3892267 3958567
3746611 3717712 3857041 3863752
3732154 3879467 3740612 3726925
3763434 3794655 3824625 3840999
3850316 3870815 3873006 3743947
3937536 3968670 4014351 3992434
3915842 3934683 3938523 3797478
3816539 3851623 3907215 3885838
3913204 3897576 3916023 3739668
3908275 3772989 3875914 3814648
3864808 3899386 3870945 3778090
3795685 3833291 3899043 3933836
3906138 3911285 3864458 3753525
4041563 4066437 3981444 3928181
3974796 3938754 4007843 3841438
3905825 3937105 3945314 3915217
3987148 3828928 3894097 3828241
3733531 3856344 3838218 3750551
3880457 3879692 3800250 3930728
3819417 3908135 3776417 3915990
3880184 3754505 3856396 3930133
3867488 3977582 3921736 4026676
4119307 4042747 4015603 3958546
3833602 3914033 3915088 3866070
4018313 3907963 3893264 3993725
3926483 3696258 3867151 3897418
3619497 3797986 3891901 3895180
3961555 3783054 3856657 3925624
3668220 3733065 3895455 3764669
4069512 3851378 4021129 4051019
3702791 3888395 4015052 3995715
4009326 3825181 3884631 3906983
3710389 3855868 3952300 3856923
3857477 3780408 3857906 3920453
3818548 3803295 3793214 3769427
4089604 3905066 4014858 4050877
3901403 3973902 3862440 4052747
3941302 3757897 3904250 3933227
3835034 3833532 3836337 3809871
4102000 3915579 3959558 4054356
3950364 3977469 3951566 4020600
3737790 3837529 3773423 3771582
3860940 3770180 3819579 3894760
3959527 3963441 3893054 3959208
4063296 3979466 3964376 4073544
3782768 3813282 3761439 3844928
3941928 3822196 3829906 3918590
3985791 4002739 3896984 4043049
3982942 3998210 3992055 4052100
3737900 3830180 3822032 3803335
3740986 3785483 3753171 3712121
3840389 3894194 3927466 3966099
4019810 3937620 3914347 3838365
3738325 3823687 3906762 3816966
3858036 3819942 3829887 3797525
3895784 3925453 3923353 3964888
3973397 3941573 3923067 3740650
3801615 3810278 3824650 3775006
3919860 3745502 3852940 3694288
3922002 3971696 3966121 4006011
4074885 4014081 4001730 3842157
3889592 3839129 3904407 3878859
3906999 3791044 3871304 3768589
4048148 3954355 3898284 3983904
4103992 3949611 3949348 3867396
3799107 3854123 3681795 3791209
3881450 3805362 3831154 3830181
3949945 4015230 3840127 3954963
3976084 3981284 3847381 4005306
3804181 3857311 3722716 3778173
3855542 3855815 3824489 3918030
3917500 3965482 3772933 3941495
4009819 3980374 3945540 3957467
3829783 3704553 3728463 3834270
3648546 3736828 3826668 3842339
4073868 3813835 3993553 4067937
3837605 3856592 4047791 3934479
4001683 3732984 3850275 3922585
3681331 3801207 3902124 3837577
4010878 3857298 3953507 4073861
3751268 3914691 4033354 3952400
4006784 3870189 3983862 3946783
3798471 3905861 3908404 3884694
4109565 3830941 3979559 3939973
3854175 3879902 3835233 3927975
3931329 3785527 3951453 3975862
3815375 3872440 3823583 3828572
3950895 3774710 3852769 3958684
3833239 3818920 3826544 3819031
3904188 3852363 3874002 3899170
3965078 3990710 3901496 3981920
3907121 3878800 3861008 3897803
3969148 3886022 3919156 3916692
3820464 3954647 3692643 3873027
3948661 3896063 3939661 3991523
3878819 3895765 3843636 3826881
3898775 3914957 3849542 3893323
3873997 3842953 3950457 3911601
3863358 3917940 3881221 3754237
3856044 3780720 3906077 3856088
3931252 3914874 3916326 3799981
3806793 3805904 3781740 3805279
3866619 3846391 3853917 3758290
3767213 3845782 3868559 3798502
3859476 3791382 3766398 3716676
3921742 3952633 3927969 3916647
4011596 4025324 3855521 3910979
3933128 3897808 3913599 3820587
3997035 3901723 3937712 3774447
3890124 3861718 3765643 3846662
3984202 3885559 3875781 3776995
3838617 3797460 3837128 3762423
3888003 3826768 3751646 3752342
3874185 3926451 3843200 3907003
3973128 3914126 3853023 3937566
3799288 3917194 3781825 3948737
3913193 3895947 3887999 3939969
3756008 3895671 3853096 3861972
3925927 3824729 3872865 3936867
3804096 3794255 3808353 3881444
3892168 3850965 3786957 3861587
3990448 3817965 3937624 3956662
3739671 3910601 3930634 3868604
4034504 3842212 3884030 3987956
3721689 3796359 3941872 3941023
3944394 3670931 3857843 3963754
3690201 3784355 3936322 3836393
3876440 3681841 3835635 3895781
3650667 3795209 3865425 3716974
3942769 3820964 3893717 3912098
3845936 3846868 3797793 3906947
3991922 3810371 4008019 3907502
3908587 3880761 3845946 3932472
4014462 3929162 3948446 3939281
3925793 3901235 3783617 3844228
4012792 3789637 4031951 4049923
3837841 3871103 3859348 3867866
3783736 3902195 3780085 3841516
3909469 3819696 3799018 3853182
3804557 3952101 3886858 3819849
3939118 3891535 3916255 4019618
3849557 3963291 3841170 3855800
3839712 3922175 3943083 3961480
3857283 3994671 3842241 3898173
3981554 3994547 3936007 3998214
3736947 3771568 3810899 3794337
3852159 3752092 3833648 3724433
3867778 3865022 3924267 3910685
3919326 3859666 3864730 3791197
3847670 3921524 3945427 3899806
3921306 3894301 3851082 3773574
3738418 3891339 3838602 3781904
3858011 3890112 3819941 3789555
3780767 3881245 3835863 3848739
3901690 3846199 3756567 3723194
3951007 3867077 3903531 3835873
3949798 3959981 3847164 3794476
3855722 3951158 3873271 3853500
3896440 3853356 3888165 3817814
3993287 3975525 3940869 3901247
4002437 3906590 3937377 3849379
3827360 3745023 3802684 3879165
3955396 3780186 3830196 3932990
3774515 3980554 3918876 3840610
3923000 3929057 3960845 3988885
3875682 3917860 3829975 3852963
3918025 3936589 3933682 3984508
3741214 3966874 3830957 3898370
3966528 3864460 3797821 3968296
3863095 3662348 3781403 3886378
3667573 3763380 3836556 3809372
3955902 3798282 3906618 3986373
3701867 3860937 3959747 3852726
4030460 3760431 3935349 3951537
3706490 3830239 3857833 3900032
3969606 3763376 3877025 3958506
3733562 3902418 3970459 3882144
4069818 3955044 4003539 4064057
3947147 3984516 3907097 4026054
4022584 3803347 3969328 3939956
3877294 3856883 3867380 3842960
4041279 3887450 3989781 3993428
3823464 3877262 3885186 3945862
4010503 3773804 3859505 3925910
3859302 3818724 3773287 3941519
3896231 3982183 3931842 3985036
4068440 4034736 3994379 4103618
3898080 3893313 3842327 3852621
3922799 3926051 3856416 3983974
3912181 3951205 3831528 3962164
3958428 3918097 3839479 3898562
3795145 3894313 3753752 3875946
3948366 3890285 3915269 3940860
3829642 3903245 3911716 3952077
4011056 3924394 3979667 3793851
3774005 3817324 3985801 3895959
3936065 3939900 3853865 3696436
3875990 3834944 3921982 3904201
3916693 3958441 3887356 3888013
3714338 3830984 3867037 3794255
3869497 3787978 3790103 3817459
3914592 4010972 3950613 3877860
4034004 3934715 3929610 3929349
3803578 3816880 3927298 3894532
3995039 3913272 3834225 3844840
3970155 3943853 3951057 3922415
3986010 3902163 3910540 3859431
3807189 3838031 3788768 3873941
3989211 3886041 3901693 3733615
3916047 3992284 3884937 3958553
4035721 3849512 3960100 3987340
3865462 3853044 3836999 3885691
3929675 3844204 3909183 3939488
3778927 3881304 3802210 3867654
3969937 3972258 3900843 3920858
3849102 3820590 3820847 3793436
3939149 3838615 3758997 3980425
4017445 3837015 3999509 3995470
3822741 3898621 4094357 3980736
3894014 3730560 3804042 3948738
3664742 3888999 3950781 3896898
4006031 3855844 3892379 4032102
3777231 3904438 3921097 3919294
3925696 3706141 3862591 4001331
3702747 3885299 3811763 3865126
3991467 3879969 3956558 3935470
3800658 3827265 3913899 3858248
3981039 3819449 3848736 3854913
3849436 3747279 3740313 3819239
4050751 3844837 3974527 4026729
3898210 3909894 3863838 3959133
3973233 3848943 3958262 3962021
3878819 3885311 3822625 3897781
3894293 3952745 3819737 3920015
3967552 3913004 3925431 4006943
3844111 3891554 3701144 3769346
3837088 3868258 3813957 3751855
3886406 3928408 3807240 3990216
3960979 3931269 3908909 3986978
3761782 3858183 3750653 3848277
3867649 3880242 3876068 4016738
3638253 3776917 3923770 3773679
3948302 3890877 3763832 3764797
3817515 3772444 3780708 3730357
3760244 3838260 3802245 3658545
3837782 3832281 3857578 3881341
3955966 3918048 3920068 3802431
3799639 3816177 3796483 3743299
3924929 3853186 3880259 3729808
3896774 3960472 3838357 3899289
3955773 3961903 3841869 3813344
3765640 3827039 3733186 3803709
3927941 3821633 3821579 3712477
3911303 3894063 3920213 3902900
3896216 4009034 4001386 3781568
3867822 3884590 3917707 3899469
3965017 3847451 3918774 3771688
3828472 3879704 3780577 3797680
3879850 3883314 3774663 3864908
3683093 3861656 3723974 3794502
3847923 3808369 3795057 3944624
3890118 3957636 3808430 3927612
3949494 3892702 3883307 3945284
3864348 3867835 3790040 3795760
3957490 3866535 3843819 3919508
3953136 3786746 3849477 3929038
3729126 3797197 3862379 3820497
3932071 3698597 3917191 3825851
3607553 3786916 3892594 3781839
4038824 3865568 3954952 3953722
3755273 3894475 3893046 3873831
3944381 3765076 3851635 3966158
3728044 3808789 3942412 3807279
3951974 3792289 3877811 3998694
3817898 3854296 3774903 3870969
4058408 3905321 4021328 3991470
3896110 3910615 3859625 3891514
4095111 3925205 4035586 4049326
3928819 3935234 4009386 4026055
4103941 3928121 4105428 4079131
3996574 3954434 3943515 4016977
3788505 3876525 3722302 3775296
3899602 3905965 3832294 3888631
3869150 3906086 3785078 3920618
3967990 3958900 3916007 3999299
3872508 4090600 3852485 3914359
4048170 4025415 4006632 4097954
3943211 3970110 3919885 4041202
4073948 4092239 4006968 4063184
3806024 3768526 3796596 3850187
3894518 3777267 3782110 3716636
3819876 3791789 3938860 3915679
3976839 3924402 3911860 3765541
3840110 3975192 3930524 3879689
3942492 3997810 3950519 3846385
3965997 3992977 4046478 4000258
4062904 4039208 4007866 3905952
3811058 3843582 3837112 3853798
3917532 3965045 3880647 3744025
3962669 3954506 3885843 3921261
4029528 3989882 3884704 3854562
4032333 3933954 3975437 3953663
4101238 3933440 4035742 3834022
3985677 4073650 3918205 4003333
4154340 4026404 3972389 3872898
3812075 3912317 3780423 3889546
3861938 3838059 3782725 4011733
3822780 3901129 3838803 3908844
3966119 3886430 3900229 3981431
3918458 4002217 3966633 4003773
4004597 3878005 3991604 4023557
3969600 4010974 3926820 4007826
4058723 4071648 3940393 4071586
3939676 3757265 3889530 3903555
3613142 3826036 3893377 3816333
3925392 3721636 3862796 3978679
3712594 3810784 3929443 3903621
4048214 3820535 3918829 3971896
3753705 3902852 4010622 3974491
4093226 3865096 4013655 4085758
3767139 3925342 4025069 4015238
4196193 4005668 4113785 4157670
4000879 4013832 3951423 4169075
4034340 3841760 4054161 3958068
3849492 3910246 3865759 3984119
3963132 3786686 3906875 3811868
3776395 3818104 3787692 3912801
3992245 3830468 3976982 3914450
3878983 3857907 3835355 3837305
3970244 4091118 3973159 4001526
4095994 4117074 4054485 4210604
3775689 3993135 3830800 3988371
3961823 3980637 3974513 4068246
3700349 3846749 3706892 3805240
3933528 3869214 3779073 3865491
3826717 3990847 3850155 3886375
3897390 3884500 3894647 3937476
3979000 3995314 4017407 4052687
4002562 4034967 4113635 3984977
3835189 3874386 3983086 3874457
4000511 3831269 3950715 3816861
3764294 3791675 3829482 3793147
3861145 3923749 3876917 3794916
3856061 3950032 3902865 3920487
3898953 3925116 3933127 3798627
4138803 4052954 4034432 3953269
4209519 4099047 4112764 3919636
3924931 4004461 3986187 3985449
3991600 3914471 3908885 3952907
3821688 3855263 3897571 3732405
3920294 3790567 3874824 3744102
3846789 3917004 3900646 3888896
3919127 3920119 3894115 3849169
3997368 4001779 3971339 4022835
4151552 4089828 4047606 4150453
3826136 3958533 3873799 3942395
4042816 3943516 3971264 3961060
3770902 3818954 3785357 3781312
3876729 3857833 3763364 3859018
3906713 3941818 3792509 3888987
3925013 3908694 3809585 3874271
4166751 3940367 4076709 4156124
3853113 4013637 4096039 4053115
3981415 3813126 3876125 4004155
3727285 3860134 3973236 3983480
3905273 3714246 3808722 3866696
3684387 3699022 3938375 3874992
4016330 3745781 3928162 3977506
3698782 3849010 3970107 3897916
4031990 3851395 4000822 3969528
3874421 3871034 3912055 3918710
4105855 3910401 4066626 4042891
3926064 3993721 3969627 4027193
3723897 3597932 3653015 3758216
3644612 3672772 3704162 3710632
4030147 3913443 4070716 4018644
3821564 3979744 3856196 4004714
3916216 3943533 3822829 3848243
3926218 3966941 3894507 4021163
3878237 3970677 3877288 4036189
4005779 3948752 3943350 4016086
3589438 3646881 3623161 3589810
3705440 3699322 3609247 3767707
3880846 3921196 3852999 3921342
4023522 3935320 3917077 4053452
3807372 3826356 4057093 3960036
3918990 3791318 3906406 3893722
3869276 3925860 3968147 3957538
3960710 3947807 3822442 3833090
3595259 3616343 3659816 3650136
3710108 3699220 3649517 3592862
3866581 3870881 3910448 3817674
3951303 3906027 3864786 3804281
3913573 3956501 3912596 3871083
3954972 3918674 3894846 3789663
3903317 3955107 3998242 3926688
4030370 3993451 3981703 3850981
3713459 3764882 3736080 3644424
3816847 3832561 3638664 3594125
3904292 3951782 3991671 3867322
4018167 3982029 3897417 3814267
3889535 3999164 3856107 3886760
3952772 3945304 3839840 4029388
3983112 3983748 3935015 3999377
3996220 3912036 3976496 4037648
3621597 3735054 3615754 3692699
3785092 3702709 3600640 3750347
3846736 3903970 3964024 3971031
3939991 3909971 4006002 3940520
4030595 3816637 3919706 3973363
3713549 3909360 3968011 3829564
4056645 3732287 3898477 4042406
3772191 3857728 4006102 3934355
3773251 3568107 3647136 3813693
3475151 3659915 3738436 3676076
4076213 3708456 3918530 3964506
3656497 3896640 3971063 3905500
4018652 3910088 3980045 3925898
3800039 3885940 3787933 3935731
4002781 3851971 3962240 3946572
3879662 3957338 3950061 3917434
3953483 3803931 3886485 3859262
3866221 3897105 3828984 3875737
4010058 3830922 3957062 3999369
3818189 3887653 3891646 3863426
3728809 3935857 3802728 3875444
3946082 3902170 4002670 3950808
3873487 3906361 3738395 3958008
3991239 3964576 3881741 4012572
3774810 3880348 3688290 3831855
3894525 3884709 3810052 3869492
3747512 3901407 3683490 3912230
3956070 3987008 3888358 4019522
3846852 3811220 3905129 3823404
3912881 3898819 3835431 3784629
3837999 3841122 3902888 3844458
3987406 3903859 3868106 3773339
3755095 3842693 3823365 3810715
3948312 3779205 3852328 3745237
3774154 3792786 3823938 3820061
3896347 3845655 3827855 3735647
3922786 3941167 3818194 3902452
3981449 3853487 3842084 3849686
3853366 3863951 3878265 3863902
4024986 3925177 3931148 3764348
3853960 3935172 3881026 3920555
3954906 3823726 3882525 3746023
3932078 3962628 3922996 3883713
3978952 3901196 3828494 3792100
3862352 3891441 3749423 3938863
3944714 3884376 3876125 3943229
3807323 3908356 3825086 3895970
4004177 4006515 3851057 3976542
3819388 3901360 3876844 3787803
3900233 3848266 3813765 3960603
3775991 3904645 3781270 3879684
3888471 3882347 3866008 3944171
3969623 3685284 3852995 4004098
3720577 3823717 3837202 3856868
4052724 3752595 3903094 4029032
3726393 3863832 4050492 3838829
3924705 3703681 3900745 3906522
3748756 3841926 3943930 3854215
3985787 3726088 3876899 3979238
3661994 3840049 4033604 3850954
3994999 3861054 3908207 3965141
3914240 3906094 3914036 3910988
4005855 3836900 3940863 3921264
3866768 3890673 3858910 3917286
3990139 3895523 3843402 3999243
3904937 3912831 3825201 3934698
4118663 3928182 3980848 4057686
3917568 3977844 3936411 3944339
3804553 3876565 3781812 3876570
3886820 3961172 3965501 3921612
3785798 3865982 3745847 3882774
3858014 3886698 3823337 3972353
3875191 3951004 3850851 3953844
4023936 3904706 3863293 3911176
3953160 3977011 3900327 3918858
4055362 3948064 4068721 4039859
3785267 3902433 3961246 3831217
3913302 3907680 3922347 3816417
3828594 3860216 3874390 3878997
3818059 3897899 3849699 3775708
3802244 3922145 3920450 3857326
4012391 3967269 3915278 3814362
3874592 3958524 3994315 3941085
3974397 4003040 3915978 3880112
3912544 3895504 3884943 3913801
4004815 3928036 3907791 3821526
3922400 3932875 3888580 3829165
3864067 3961154 3772287 3703984
3810623 3926225 3837154 3889050
4032229 3920359 3909181 3819976
3898168 3993577 4002989 3909654
4089564 3997489 4053494 3904831
3914175 3900140 3746460 3917366
3941862 3852769 3818907 3999079
3795972 3858799 3807182 3860026
3903813 3896572 3881579 3939884
3850886 3969719 3821661 3939375
3946293 3910319 3935513 4025926
3923722 3947838 3825210 3920792
3950255 3912711 3988847 4084276
3990206 3762171 3902151 4014479
3689086 3874720 3986411 3927641
3943138 3712811 3798443 3971970
3662643 3767623 3836706 3869405
4030635 3810777 3891436 4028736
3759122 3881406 4028560 3899124
4121201 3841684 3959447 4046873
3778427 3863127 3988004 4017619
3953523 3852653 3987630 4088325
3959703 4021166 3921213 3937618
3856566 3780560 3796254 3941541
3759665 3841908 3878876 3834066
3986309 3842037 3879545 4051905
3822075 3970789 3957838 3929212
4038175 3888382 3989645 4077497
3905235 4027791 4060331 3941879
3884989 3918950 3891643 3998683
3805874 3937472 3966270 3789986
3813324 3892450 3819276 3899212
3810853 3725571 3878677 3624398
3858133 3955407 3899907 3934230
3802890 3878495 3946690 3828308
3950895 4007742 3969050 3987686
3961848 3931478 4040429 3785234
4002166 4021239 3969555 3725120
3908065 3897741 3759292 4016252
3941093 3926409 3861884 3683248
3798792 3748164 3744195 3961530
4044954 4100929 3890241 3806260
3856960 3983996 3845490 3951943
4118353 4138419 3931618 3777521
3949837 3942514 3803758 4040416
3826561 3823162 3952719 3993059
3862906 4060131 3889931 4035016
3710886 3817274 3891806 3902137
3797746 4080557 3795478 3939850
3785808 3818987 4003839 3937749
3867948 4088736 3892046 4057094
3846027 3932129 3987272 4054223
3910253 4242266 3885954 4027873
3847317 3948967 4051967 3970058
3962683 3911065 3903819 3977306
3725188 3809613 3930702 3797074
3918297 3868296 3771651 3844746
3863610 3842551 3987396 3934284
4060296 3935330 3910942 4023010
3955529 3995674 4121809 4003515
4097746 3972493 3992414 3930426
3859576 3890425 4027959 3908688
3954480 3779061 3916456 4035263
3685502 3709448 3919305 3823153
3884461 3719024 3728280 3743328
3814652 3902011 3974504 3996322
3890080 3739003 3924356 3824437
3893575 3978271 4104677 3955549
4026720 3917268 3871351 3948565
3895920 3712185 3760569 3971730
3836499 3808938 3860796 3779479
3860466 3762794 3945558 3974571
3874252 3855633 3903582 3914949
3978478 3884105 3890517 3995922
3839541 3952992 3980358 3894394
3965624 3758438 3932752 3924764
3824284 3839226 3823862 3883890
3840360 3845206 3755706 3836311
3846685 3751507 3858207 3690251
3886129 3894966 3890965 3966866
3857893 3976448 3992890 3749175
3951507 3967532 3935542 3981758
3851476 3910883 3983669 3709615
3882460 3817808 3805488 3985263
3806377 3900611 3884372 3735679
3843111 3974093 3856059 3692189
3762723 3753841 3793143 3828142
3982381 4013903 3950603 3700736
3844365 3898409 3864039 4063322
3966285 4098544 3938584 3740940
3930954 3879517 3836881 4020669
3932922 3981933 3848787 3662794
3795341 3833125 3817335 3954434
3776405 3789486 3984029 3944457
3738023 4015886 3833795 3924133
3789172 3824401 3938838 3952076
3832131 4153595 3831740 3962926
3742911 3890318 4009923 3977308
3888815 4137365 3831213 4000728
3686532 3816362 3931556 3865246
3833869 4046352 3852458 3909800
3819493 3820396 3949483 3825901
3953095 3811149 3777999 3886741
3851322 3860824 3987793 3850845
4011812 3884213 3890166 3949130
3925045 3907978 3970605 3974999
4007688 3978033 3974014 4035274
3827193 3826092 4010505 3842378
3958512 3874666 3816883 3954040
3752632 3804312 3881566 3828481
3839371 3649056 3750064 3811610
3843500 3842661 3996795 3863181
3976989 3728899 3809834 3858037
3880695 3857143 4057117 3865176
3988556 3705064 3822744 3889345
3804124 3817041 3923347 3885658
3921265 3675568 3771738 3858312
3984314 3920080 3961178 4076516
3950177 3989773 4021277 4029903
3866820 3664651 3731915 3895770
3705094 3781780 3851458 3847683
3935089 3850885 3848722 3955401
3832333 3927517 3875694 3907872
4045990 3869951 3966955 4046004
3915606 3895832 4003178 3870511
3994039 3986326 3957808 3913564
3944262 3942795 3984465 3780501
3805301 3798557 3764251 3872240
3782677 3777594 3832417 3677722
3772208 3868543 3924611 3961614
3877863 3881497 4027430 3850070
3961221 3965922 3954233 3935207
3873634 3913064 3976035 3761791
4051485 4105365 3942037 3868548
3947665 3894729 3908411 4032186
3792255 3924629 3804893 3642829
3716996 3814338 3755877 3831650
3975257 4125856 3931123 3734531
3860741 3896463 3868732 3901706
4019522 4029569 3992632 3785485
3893217 3850128 3882386 3968187
3885948 3938679 4098336 3986853
3886275 4122603 3921970 4118416
3704307 3719458 3884906 3847283
3799184 3882627 3761343 3856915
3730640 3878827 4045273 3931723
3816212 4120057 3904844 4055700
3785754 3850134 4068806 3932293
3900159 4140334 3853468 3920316
3897782 3958556 4087041 3929547
4125211 3947607 3945963 4005363
3771474 3707980 3851719 3732442
3871208 3757353 3775884 3887782
3906388 3899859 3950448 3925729
3899745 3991703 3966783 3945380
3847891 3983550 4059578 3924783
4056642 3828548 3926351 3957209
3860985 3892745 4096452 4006373
3946328 3787492 3856422 3900030
3709047 3776693 3923999 3832732
3820335 3567494 3714131 3828587
3846967 3871886 4008180 3987270
3953039 3752169 3852836 3889380
3852290 3934041 3993141 3956650
3881600 3807487 3913825 3926956
3862918 3785366 3869805 3915621
3843771 3813736 3815733 3883990
3720780 3715904 3782906 3921444
3766441 3748988 3769170 3792240
3879717 3802552 3870460 3953279
3814285 3879256 3873193 3856403
3896632 3825120 3877795 3906980
3845675 3903491 3922703 3923366
3863425 3836133 3882318 3884754
3733256 3786263 3773613 3717890
3837827 3745804 3706948 3804454
3705391 3763164 3814031 3693920
3808447 3840798 3855487 3896708
3767359 3839922 3870600 3688644
3926206 3878403 3941664 3841532
3856945 3830517 3953024 3772860
3909086 3992861 3846280 3694210
3791896 3809087 3752395 4001135
3854600 3894305 3825631 3590659
3735366 3881806 3750908 3819368
3914426 3996716 3969716 3773035
3853373 3774122 3762732 3950169
3950152 4023303 3902508 3783500
3825411 3874675 3894286 3992308
3728972 3750770 3968888 3829691
3781406 4042693 3841266 4012140
3654518 3737677 3802008 3860606
3751108 4004700 3800420 3879718
3637477 3738650 3935111 3887153
3790778 4089985 3848570 3997278
3744366 3785460 3991058 3905311
3853064 4103416 3868336 3984596
3795184 3861323 3960491 3790316
3929241 3855959 3856463 3790025
3726860 3789457 3939204 3784192
3862577 3804877 3837968 3852113
3816725 3840024 3887319 3838632
4042977 3933806 3855594 3940884
3876625 3800380 4041974 3889946
3991745 3890224 3838112 3920398
3819248 3846583 4052499 3838004
3925673 3657855 3799884 3805794
3685895 3860235 3945219 3795444
3799595 3636592 3726061 3752294
3746239 3849050 3995475 3899672
3933921 3632896 3873081 3818414
3870336 3914918 4033644 3913708
3883800 3790568 3798872 3971586
3935690 3743323 3900352 3988818
3900120 3906682 3907552 3877241
3923379 3788404 3834328 3983185
3870451 3808568 3896172 3836578
3942135 3779828 3889737 4035407
3832464 3879680 3931793 3918187
3899128 3751998 3762864 3945826
3745536 3846579 3835326 3775930
3950249 3916490 3922967 3974962
3945664 3929792 3826100 3780233
3904079 3830150 3868638 3859086
3843095 3860230 3910682 3672806
3874089 3940256 3956501 3960588
3861864 3843337 3953191 3761002
3785329 3873063 3800965 3798187
3814667 3798504 3887731 3681373
4006692 4084158 3961209 3774163
3876471 3909507 3830992 4034062
3900594 3979051 3829117 3673876
3762351 3866061 3781420 3930409
3941423 4071705 3971844 3712903
3785633 3879339 3882670 3883837
3898387 3979581 3806530 3657787
3828051 3782982 3778586 3907423
3797277 3777235 4038721 3977554
3838512 4090455 3801459 3933918
3820582 3726726 3963839 3854284
3827720 3989822 3812757 3950362
3776880 3825953 4021303 3860523
3891759 4012831 3884010 3992734
3754263 3751937 3888579 3803073
3844702 3954459 3821171 3958212
3865805 3834217 3991866 3992134
4051705 3863873 3885099 3923611
3804555 3842474 4075284 3794279
3991900 3758368 3838080 3897233
3835690 3923851 3941200 3907305
3991113 3930587 3882224 3910870
3798515 3757114 3954540 3753868
3921194 3808709 3817491 3774127
3829307 3849098 3893848 3992105
3981599 3736142 3883332 3827538
3748757 3789569 3991571 3884591
3791706 3708781 3776663 3867120
3837509 3823338 3999967 3892599
3900040 3733541 3837100 3897278
3736429 3714693 3928318 3851002
3836413 3632064 3749655 3772924
3988607 3828399 3850329 3958845
3814473 3936892 3913375 3859505
3932561 3770537 3890521 4020720
3880361 3946062 3958319 3811925
3915586 3853438 3925187 4014391
3910725 3960881 3923360 3883640
4050880 3880628 3971187 4136106
3894472 3942325 3977392 3945815
3913042 3853255 3817577 3902766
3751165 3828652 3916558 3733143
3854602 3914252 3818238 3894156
3808750 3822027 3903363 3771774
3902013 3931998 3945029 4043683
3877208 3930935 3962477 3777578
4015173 3994623 4004019 4078425
3906407 3923122 4055230 3825899
3926481 3965337 3839030 3745621
3864553 3875199 3819380 3988208
3938564 3963897 3859638 3745384
3801791 3854903 3842924 3946069
3919497 3987741 3970770 3809937
3916458 3920046 3865734 3984271
4081078 4167409 3928078 3791606
3937959 3838025 3889162 4103514
3661966 3827282 3979849 3888265
3815045 4106287 3719302 3982046
3799839 3849494 3981980 3871963
3762299 4033907 3814832 3997524
3804651 3782425 4041543 3919116
3909835 4091873 3903779 3991329
3872988 3938222 4014803 3983249
3869240 4175034 3947933 4061971
3813069 3885703 3913186 3875409
3939358 3893224 3821696 3989717
3894356 3781580 3991096 3856672
4085706 3860034 3909663 3920932
3828538 3893001 3989947 3789147
4050095 3901552 3903771 3849724
3915450 3963864 4146350 4021337
4087046 3911874 4024931 4038812
3796165 3768339 3947034 3870689
3900245 3702006 3802372 3818699
3726729 3832926 3939506 3923423
3872939 3769326 3830731 3902105
3862768 3977959 3992982 3898510
3973765 3804466 3864842 3880103
3926187 3922118 4154586 3920739
4020335 3803012 3910018 3994756
3943693 3744439 3956218 4017017
3841697 3860817 3856343 3860149
3960538 3927051 3938559 4061350
3874912 3916267 3926957 3920086
4029104 3796192 3890989 3970840
3832550 3967084 3883124 3974831
3951836 3801859 3942387 3982312
3810388 3891929 3817182 3914870
3833962 3858528 3860197 3911865
3861010 3906205 3980869 3719015
3960251 3934064 3932226 3988315
3941975 3911245 3925609 3798806
3962692 3874466 3882147 3936492
3847932 3902556 3958765 3804524
3886216 3924452 3871544 3919123
3784892 3899232 3973946 3755192
3883948 4049152 3876107 3749853
3889799 3891644 3757867 3961459
3931371 4052480 3933791 3781206
3872753 3831370 3905325 4008234
3894333 4032521 3911124 3691434
3870417 3852093 3889385 3916714
3913692 4068149 3987553 3718465
3894284 3896830 3825726 3944908
3770265 3841085 3885261 3931142
3765280 4052522 3829434 4035291
3775622 3857771 4052621 3971233
3894066 4159688 3938264 3992728
3774567 3910142 4024122 3943532
3891998 4149067 3838844 3991933
3777992 3827255 3978651 3964861
3811578 4055500 3804575 4046073
3845676 3882534 3931264 3767841
4024329 3830756 3927243 3875460
3904655 3910708 3992964 3880128
3956102 3880224 3941179 4035547
3934340 3941118 4045932 3834669
4012721 3929851 3912372 3998240
3834402 3909520 3985433 3826644
4040031 3929207 3857727 3921208
3794198 3824254 3960866 3898701
3899026 3796136 3790187 3879104
3880496 3836875 4079619 3927316
3999873 3775324 3903191 3987731
3854749 3954348 4057790 3905651
3991696 3755338 3889323 3889648
3885157 3878042 4005193 3964230
3938016 3786402 3850221 3931645
3870252 3781098 3799737 3959342
3801863 3929780 3786432 3821764
4019354 3919276 3985977 4106881
4051800 3989182 4035790 3993446
3958894 3869096 3973810 4045195
3950878 4034009 3927848 3933353
3829144 3775987 3832400 3986201
3704152 3879407 3847972 3766784
3796122 3811233 3824851 3787760
3813660 3855576 3855491 3711611
3991947 4022726 4007012 3975296
3846749 3891289 3999846 3860307
3966007 3931477 3920859 4023445
3944044 3999226 4012922 3809723
3774535 3917045 3746306 3880435
3755844 3756571 3854755 3638464
3867923 3899862 3872290 3691107
3758886 3804460 3771839 3784568
3995150 4165515 4030016 3768923
3938391 4053718 3952284 4149210
3992145 4087374 3889297 3803642
3903410 3910314 3881414 3980034
3961725 3960042 3871478 3722849
3815944 3744726 3757095 3923767
3772527 3699295 3940520 3894042
3790708 3998326 3781364 3941865
3883632 3904461 4126843 4010431
3928101 4202833 3960010 4135285
3778259 3813973 4017637 3855996
3847423 4112765 3886583 4001809
3776369 3749147 3916275 3858065
3811291 4054644 3783014 3884296
3736383 3787507 3953591 3699727
3983365 3858411 3829152 3854259
4032068 3990265 4140503 3937471
4166524 3994802 4024243 3990151
3944964 3842942 4010179 3833444
4044033 3985748 3987923 3934282
3745856 3802660 4013421 3773552
3933813 3812306 3859457 3843623
3704915 3803308 3888698 3747168
3921641 3581587 3731390 3846915
3910002 3945511 4129983 4036631
3967979 3840915 4010559 3989890
3873119 4021565 3990959 3950850
3897547 3784029 3884927 3953812
3762394 3830671 3961335 3857534
3842187 3713477 3819540 3768710
3966063 3905602 3903026 4075747
3945856 3917655 4092240 3978164
3997637 3810346 3886166 3985583
3940844 3964473 3975577 3963351
3860241 3856962 3883365 4024387
3933555 3979020 3987003 3900518
3882984 3881144 3856610 3942036
3842604 3945185 3970992 3889064
3983473 3932078 3996838 3954853
3926944 3955572 4009296 3809875
3909904 3905107 3916004 3976886
3909939 3876361 3945257 3781972
3840737 3906843 3908368 3909621
3841654 3921381 3934822 3878399
3965827 3865459 3850521 3871180
3887501 3861485 3910910 3698264
4015660 4111773 4014920 3851466
3886995 3917295 3901574 4011299
3944302 4063549 3895691 3726496
3834657 3859413 3895079 3934124
3914156 4041703 3922181 3807075
3909518 3933057 3885936 4096882
3945853 4035673 3869018 3754246
3855994 3859736 3917992 3952735
3854810 3978968 4037217 3994270
3892802 4187669 4019569 4051708
3777555 3826249 3960166 3909304
3869532 4097083 3844509 3888535
3753021 3837770 4011982 3962852
3885652 4136893 3866673 4082550
3742521 3821098 3911191 3929124
3817972 4111718 3813551 4002571
3947559 3898755 4124744 3980605
4125159 3992992 3998666 4037263
3872277 3859504 4038833 3910426
4006234 3862482 3888657 3940592
3911767 3895533 4063751 3831420
3932270 3954920 3893510 3981582
3874988 3882819 3935457 3860706
4035128 3818604 3847899 3828852
3935781 3964271 4021701 3931876
4071434 3764729 3864261 3945051
3859932 3957148 3979717 3869088
3955698 3704292 3826901 3974233
3882329 3909740 4068506 3984255
3869606 3723998 3788690 3930117
3812393 3889721 3954814 3943475
3837732 3765270 3772495 3912618
3994704 3926298 4001830 4098290
3976804 4096193 4091882 4106465
3905726 3819788 3854020 4131479
3880098 3885634 3948634 3928551
4013684 3924241 3966881 4010747
4001150 4040296 4021842 3982746
3903107 3808820 3824910 3950558
3814804 3844882 3950205 3831843
3962320 4010653 4041298 4060822
3999908 4051757 4013802 3858518
3805653 3936999 3922385 3893714
3789970 3986428 3896777 3790384
4039260 4025111 4034647 4039531
3969188 3929899 4046988 3836736
3854262 3821956 3873227 3813275
3784395 3821102 3939102 3720075
4146148 4118837 4045443 3870749
3936131 3964067 3932652 4091786
3965606 4000068 3873780 3756204
3913468 3836126 3885881 3930604
4096753 4130845 3987778 3891534
3870406 3973974 3830171 4074063
3848675 4040484 3881350 3744811
3878116 3808616 3790555 3991237
3876500 3951312 4192789 3901590
3991971 4221491 3961820 4174220
3868960 3867199 4069294 3972429
3874117 4156492 3943909 4056034
3861126 3956003 4187887 3957739
3871444 4144543 3987668 4177935
3727576 3829354 3955396 3906013
3784500 4080770 3841844 3955748
3976563 4040211 4146246 4033109
4148125 3963200 4023398 4032738
3857072 3923621 4011490 3842056
4006307 3925947 3892161 3991619
3946232 3895855 4060445 3937238
4098571 3952140 4021703 4001684
3800557 3839396 3933961 3822099
3960453 3822833 3837458 3867489
3921765 4027338 4101161 4072891
4092792 3863065 3979793 3991577
3793710 3966469 3961013 3899231
3837531 3780367 3796919 3892719
3996912 3947690 4105062 3966920
4008246 3825821 3917067 4044317
3767734 3906034 3932966 3894273
3929191 3756576 3801610 3894960
3888472 3720293 3743231 4045526
3852323 3788951 3872057 3874388
3846253 3795283 3805600 3932984
3814909 3853984 3855493 3831640
3993492 3865046 3898559 4120567
3890290 3922072 3977635 3937081
3908751 3794114 3847367 3982732
3794133 3909174 3774209 3884143
3859590 3844563 3867631 3831005
3775324 3796636 3876383 3693490
3813455 3901702 3817171 3780486
3804987 3783301 3761182 3678271
3918452 4031547 3946403 4006052
3866491 3954885 3956871 3827912
3791262 3867787 3875082 3873462
3834672 3833654 3867760 3752863
3876798 3948966 3883394 3691554
3786206 3876702 3703162 3945322
3834057 3968259 3868956 3633730
3772927 3780424 3764345 3777683
4029597 4110246 4008446 3930607
3954201 3981716 3956776 4025071
3831512 4038031 3858972 3739725
3801472 3819578 3840540 3950323
3830641 3724237 3956434 3973184
3752892 4015350 3813847 3896531
3686446 3731226 3937902 3870389
3732737 3994025 3848885 3997266
3858454 3882275 4013292 3979367
3924962 4113698 3889277 4043575
3796286 3786153 3931360 3890797
3805136 4033013 3867031 3946130
3778294 3799937 3948410 3824198
3972477 3763457 3862574 3900577
3760714 3764819 3894751 3817634
3902989 3774214 3834770 3917046
3979130 3881021 4033453 3929198
4026775 3973717 4040012 4036378
3845135 3855589 4031754 3815288
3956998 3853439 3843929 3881181
3715851 3833381 3930530 3885709
3914648 3643190 3757622 3714465
3675657 3755468 3973847 3880955
3882656 3764445 3725062 3780147
3892010 3961174 4061463 3955811
3936487 3819516 3890008 3909906
3753998 3833158 3960179 3851149
3834321 3693868 3788868 3852477
3903594 3747562 3857816 3972482
3786928 3856791 3923428 3802515
3760454 3617137 3776656 3914822
3765692 3741280 3758358 3784961
3927554 3830589 3867002 3959046
3897184 3898918 3903642 3912517
3950249 3734811 3908605 4138802
3855383 3792284 3904863 3834103
3884375 3860514 3905167 3918735
3804189 3740966 3937443 3657490
3733093 3788287 3753279 3772604
3709297 3789315 3747870 3614706
3901161 3845905 3945258 3930496
3817487 3855743 3913168 3718092
3902442 3878945 3822272 3850078
3731352 3851327 3965739 3777376
3876393 4050074 3866564 3620006
3824262 3868681 3883457 3855681
3859285 3923978 3708263 3634661
3739898 3707131 3666524 3874402
3944576 4028567 3924288 3740650
3816808 3843624 3836993 3905955
3999596 4026629 3956148 3707799
3864971 3848912 3804852 3989697
3742317 3780714 4010197 3867002
3853629 4034693 3850622 3956084
3617852 3713154 3831585 3819509
3655898 3941884 3735281 3850623
3797755 3819176 4093212 3937118
3858619 3987443 3858170 3911911
3766446 3841885 3985241 3925626
3876930 4097616 3772284 3928652
3911113 3853560 3925223 3851565
3961760 3801489 3810200 3853108
3710527 3775670 3889436 3709541
3835593 3701139 3757793 3764052
3857205 3929976 3927461 3814342
4062262 3923896 3860152 3945849
3802403 3892615 4014446 3887928
3993918 3868990 3835160 3887998
3824916 3799721 3953885 3836195
3895893 3711396 3814329 3867909
3649383 3661765 3927522 3882982
3754208 3637981 3649293 3731370
3892009 3878446 4014737 3905863
3960336 3682297 3802943 3896534
3803141 3860790 3957894 3890913
3883005 3702226 3737580 3773449
3725492 3728333 3772612 3942332
3813607 3973563 3662275 3831303
3604190 3717316 3669480 3840915
3761170 3969941 3592686 3709273
3770075 3895325 3773987 3990994
3854338 4001391 3694079 3832742
3707411 3766229 3906347 3961704
3867145 4022434 3756452 3849874
3754542 3723593 4004856 3805452
3752825 3745377 3813173 3882088
3666004 3646640 3877303 3639120
3732169 3649170 3725726 3735247
3810790 3851527 3984902 3791079
3776237 3764868 3855584 3927965
3805011 3764076 4026729 3799857
3768488 3803533 3932164 3920917
3652533 3708009 3775705 3708415
3908355 3863500 3858881 3712863
3562410 3621131 3714905 3708910
3801591 3793611 3785688 3663794
3626996 3750128 3792632 3798263
3955568 3822476 3839431 3702047
3652308 3835299 3776601 3826567
3959100 3850412 3830387 3773428
3730955 3820393 3823108 3900227
4062049 3886768 3990780 3832812
3781386 3727798 3745881 3786367
3888854 3767768 3872163 3708851
3832209 3796898 3923039 3973315
4064788 3859723 3842312 3825799
3859130 3875427 3860210 3940651
4082030 3919208 3968586 3816733
3771557 3728246 3881296 3774881
3799227 3894818 3800344 3966436
3706420 3679702 3676473 3576529
3825622 3832760 3742500 3896633
3926317 3771560 3908955 3686587
3914381 3998620 3819366 3963836
3843100 3869990 3975729 3720453
3887669 3950349 3890007 3902401
3963241 3921186 3824555 3779245
3848391 3880215 3826137 3807407
3790281 3929954 3710638 3742350
3845576 3810243 3670005 3763806
3980192 3958553 3891483 3889795
3873298 3937648 3854253 3742939
3926947 4001169 3872909 3923261
3979973 3956530 3899577 3901851
3752679 3953623 3927165 4065158
3930937 4139268 3831607 3971487
3824444 3862572 3834545 3930351
3907055 4122086 3732720 3932490
3749927 3890348 3764396 4014548
3935186 4071913 3796071 3881741
3621886 3768259 3732654 3871086
3797544 3912314 3670002 3754364
3930777 3801020 4107575 3900289
3915175 3939428 3919611 4046016
3856691 3818358 4040037 3777147
3759443 3811123 3909646 3906816
3896932 3899993 4055744 3788092
3843273 3752998 3841126 3917243
3712785 3747507 3926389 3840086
3682676 3746516 3737926 3813372
3838477 3903179 3897575 3876185
3920353 3913729 3907670 3857793
3727399 3801175 3830297 3818405
4020537 3849346 3938169 3793093
3637158 3775211 3878375 3779474
3936671 3967099 3951890 3781145
3755418 3758634 3751011 3757509
3924191 3808850 3736985 3707217
3905728 3931880 3981980 4054135
4123947 4013541 3991383 3928085
3905766 3900378 3907364 4042547
4137406 3958930 3992620 3949574
3861840 3893907 3942643 3940040
4152430 3913456 4033337 3867180
3745165 3771823 3774727 3888658
3939053 3818157 3909327 3817680
3884003 3929576 4061391 3818303
4010954 3978672 3913948 3983977
3871204 3865951 4018102 3846113
3923222 3980006 3932853 4015586
3877257 3812112 3970985 3707105
3843798 3892731 3922096 4028709
3867731 3849640 3838015 3706103
3798738 3822476 3835444 3883105
3998234 4085431 3990000 3943773
3935900 4049835 4101963 3908275
3968757 4077683 3969408 3941118
4000988 3994026 3978238 3916097
3946336 4027655 3862720 3884755
3858802 3904254 3893219 3830508
3789002 3924207 3791860 3738123
3829360 3883300 3775473 3812327
3692766 3847511 3765172 3947585
3792737 4009045 3762774 3822376
3681013 3839031 3792955 3973503
3828094 3962738 3717417 3896914
3684520 3764487 3742842 3917572
3791676 3950264 3660642 3823653
3716189 3806903 3806528 3914841
3802615 4043259 3710130 3838371
3759843 3791067 3967320 3846140
3770572 3740811 3787589 3988430
3843564 3795606 3993898 3748841
3739880 3722735 3854438 3903674
3793161 3713366 3921128 3809808
3733548 3677460 3807797 3781699
3838981 3768043 4017336 3814004
3779440 3816170 3789289 3865667
3686930 3834098 3780848 3844850
3850838 3850639 3838147 3738391
3691416 3775965 3882365 3851458
3914343 3904181 3826772 3725569
3605143 3736452 3678187 3756989
3956949 3876211 3814673 3661780
3675950 3786624 3810227 3823220
3862649 3817696 3923369 3680676
3867586 3818685 3935835 3871480
4097622 3832108 3912981 3829210
3840100 3959184 3831074 3917262
3974011 3824137 3938096 3823604
3749842 3756751 3784116 3852894
3952065 3797088 3865065 3710723
3807598 3792302 3870868 3913497
4077247 3873023 3964243 3807730
3845803 3816164 3846103 3707181
3877086 3914022 3815448 3957068
3896575 3869579 3897238 3727066
3830475 3822391 3822058 3956047
3750000 3760011 3808453 3619237
3809027 3849119 3773861 3884314
3816746 3786179 3848617 3729544
3877329 3950606 3837661 4008968
3865994 3963208 3877000 3839952
3871971 3942817 3881888 3869902
3919854 3968578 3775019 3812602
3790341 3877908 3913733 3839815
3746516 3893347 3768253 3849001
3843753 3836848 3837306 3826909
3947796 3991766 3879614 3897507
3853614 3932869 3932075 3817540
3801557 3897253 3875842 4039321
3945560 4124956 3758290 3927030
3831768 3813778 3809515 3935551
3832454 4097853 3744011 3919314
3820380 3890966 3813474 3944750
3930018 4178847 3843851 4015449
3789745 3842462 3907823 3976760
3911977 4108832 3733032 3964465
3832007 3837945 4079183 3869358
3764576 3904817 3895541 3969879
3841978 3802319 4044705 3863621
3874215 3810553 3850025 3946350
3893119 3893004 4145743 3848533
3818588 3854488 3943340 3960613
3892659 3878786 4057545 3853801
3843806 3812289 3888251 3939297
3788870 3794355 3826264 3840252
3938781 3945650 3927471 3826177
3712714 3823217 3781612 3834736
3927250 3882711 3932621 3761328
3773092 3941874 3972345 3938036
4044424 3989195 3945202 3826891
3808588 3772787 3873540 3857631
4024260 3938587 3917577 3771919
3869001 3943430 3901244 4074864
4104971 3925449 3941446 3905464
3895701 3849606 3904731 3908152
4114690 3922045 3967344 3889896
3967590 3964603 3988734 4105436
4213438 4042332 4057499 3960461
3901711 3942004 3927147 4005839
4147468 3964261 4022892 3893097
3874039 3904612 3904374 3778044
3934668 3983546 3899617 4009998
3881803 3766276 3972754 3768606
3911695 3945661 3895147 3925436
3972187 3998599 3970355 3816822
4064865 3953017 4001078 4081554
3940636 3927085 3923344 3810835
3951024 3973041 3885524 4119682
3926811 4037344 3894480 3833869
4056260 3931255 3943661 3919414
3919153 3995597 3881090 3861000
3962686 3886447 3898579 3860199
3981842 4155028 3954204 3970228
4018916 4041261 3961406 4039484
4026645 4085940 3947880 3972439
3944779 3993016 4027063 3916400
3784990 3862452 3760867 3981366
3878079 4100370 3712697 4019586
3676071 3749328 3789949 3869987
3776824 3967622 3657291 3739582
3777290 3724658 3729570 3906861
3801043 4122861 3737657 3817369
3615942 3722996 3708972 3924567
3767200 3997442 3645217 3779716
3960052 3898225 4008003 3839307
3868039 3903382 3866317 3965684
3786471 3737733 3877257 3797252
3734129 3714299 3747675 3849778
3733988 3700477 3993240 3747487
3744029 3708870 3845913 3876085
3736260 3737571 3995077 3758294
3781314 3794370 3729276 3866205
3743205 3802894 3870278 3883834
3950047 3952457 3885795 3832280
3666783 3727300 3766999 3671440
3819529 3883137 3833929 3720330
3704722 3756822 3817120 3772303
3866177 3894813 3790308 3774269
3640565 3688163 3792119 3709570
3881484 3802808 3777891 3660513
3929290 3925881 3875883 4014787
4145323 4010799 3994877 3894978
3791398 3761265 3826893 3860571
4037265 3921858 3884206 3750083
3835380 3819258 3891230 3975246
4041963 3841065 3944947 3819160
3747781 3805813 3789148 3851200
3992080 3788747 3877497 3754248
3929568 3899766 3974327 3817505
3921235 3942467 3906026 4069016
3793138 3726569 3891100 3632746
3865407 3853430 3822812 3903654
3781550 3822534 3847034 3702827
3882999 3855976 3789802 4002250
3766681 3787610 3850633 3728129
3825455 3907868 3816332 4007011
3999764 4017160 3945502 3860348
4028047 3909698 3982213 3909676
3836255 3912327 3831005 3896034
3874494 3781142 3853576 3840186
3917276 3866627 3830237 3814873
3945053 3867486 3861293 3852050
3850166 3893980 3754563 3844914
3820326 3908488 3801953 3833272
3814584 3939911 3939749 4061887
3950185 4064203 3833396 4023900
3778881 3841867 3818738 3950426
3906796 4031505 3825588 3890387
3675036 3816576 3757553 3939551
3861193 3965848 3616670 3899071
3715976 3804246 3874294 3938775
3925923 4130033 3736522 3893049
3824426 3881693 4101692 3981890
3845262 3922342 3968432 3982504
3817772 3770001 3906749 3798450
3908035 3786360 3918808 3967601
3723019 3842970 3933785 3760826
3714889 3795849 3781759 3890021
3801260 3804320 3919775 3795895
3818962 3815823 3888280 3951556
3844462 3819039 3887697 3814241
3979107 3967733 3994272 3801950
3712613 3812682 3795075 3741304
3925010 3865549 3878962 3700333
3626229 3793192 3785390 3728272
4029513 3821438 3852315 3708711
3689599 3677846 3819733 3786964
3883849 3951383 3862340 3636701
3960506 3957650 3895963 4071721
4132978 3979116 3980046 3886948
3821153 3848892 4011435 3962409
4120534 3869669 4036673 3776757
3803944 3864932 3793545 3860593
3981799 3821456 3918744 3780300
3853754 3916608 3796530 3883693
4098114 3850207 4025397 3869984
3853322 3944187 4002490 3796544
3883055 4069136 4028444 4076958
3798753 3794391 3961011 3898177
3913416 3858933 3827432 3925571
3837601 3779125 3923811 3673344
3812177 3897835 3860329 3922070
3869040 3781747 3897365 3776973
3991907 3902165 3840673 3854296
4011735 4094252 3980233 3998251
4004374 4027296 3978548 3931753
3919216 3928293 3912733 3852186
3971148 3923651 3881797 3924939
3788046 3934333 3878344 3803274
3828037 3851336 3918609 3835717
3938729 3987876 3856849 3938932
3863893 3907949 3892779 3831086
3808573 3881015 3914791 4035881
3962463 4178559 3841476 3952250
3647143 3726789 3780907 3905629
3738230 3981016 3664007 3778759
3683139 3676254 3776657 3814306
3792707 3906382 3645145 3760997
3717855 3728579 3797712 3845962
3763297 3966016 3623517 3806587
3879899 3828105 4019758 3905254
3867549 3917005 3973249 4062386
3765086 3740452 3846488 3766125
3731360 3763290 3740531 3909072
3738276 3709976 3871558 3694676
3708608 3747858 3757244 3768102
3757481 3734174 3929568 3730061
3816250 3732089 3756724 3890850
3715811 3816291 3879183 3900895
3992161 3991826 3972553 3786481
3668433 3759420 3746138 3767897
3789297 3807002 3827863 3700339
3719113 3732725 3721230 3733413
3862431 3764439 3694981 3727735
3672342 3731155 3752843 3777087
3894127 3791404 3731221 3666585
3971048 3878785 3977727 4108509
4208354 4041981 4039835 3920933
3799342 3785596 3752799 3911152
3972920 3929090 3848376 3793778
3774285 3824239 3742801 3855372
3963929 3827754 3886882 3717090
3833357 3872871 3803005 3877879
4034747 3853309 3896424 3854095
3904948 3941256 4038608 3877936
3916095 4080701 3899402 4051897
3846798 3756389 3863004 3682460
3856356 3842646 3740689 3893396
3797680 3757672 3771105 3625010
3773545 3787712 3722517 3835687
3747119 3767650 3802980 3776472
3885465 3907108 3786191 3967097
3990748 4121079 3982046 3979517
4048495 4014236 3976773 3958418
3838287 3973828 3749908 3888551
3869926 3907794 3873029 3785000
3821681 3949707 3789874 3740536
3764354 3786125 3829533 3753257
3833815 3882632 3864508 3836632
3954310 3835280 3787390 3795255
3888728 3910068 3868856 3990091
3936036 4135770 3797690 3925226
3687938 3842032 3816585 3835064
3787845 4031840 3655812 3741630
3786796 3795341 3755485 3889199
3838352 4045359 3705079 3802449
3669477 3657848 3716526 3844269
3720316 3939350 3580980 3745377
3912554 3913806 4079888 3826790
3861253 3854057 3853380 3920324
3825060 3764785 3869875 3706764
3716840 3682572 3770827 3868341
3858846 3765220 3995994 3717864
3681248 3783334 3718245 3950880
3656534 3662087 3827102 3690987
3800969 3619485 3671428 3829278
3786241 3852726 3849985 3741522
3963438 3961558 3891548 3704570
3632852 3735299 3741748 3731796
3867036 3810296 3757192 3687956
3720395 3789156 3844376 3875540
3921578 3912855 3844532 3694828
3603217 3647765 3767350 3670490
3826784 3781611 3737910 3581639
3914320 3921887 3932443 3991922
4110111 3983620 3996796 3943576
3735865 3780976 3802243 3830175
3960617 3835312 3924501 3739098
3854950 3880397 3806621 3923391
4026626 3837028 3968354 3831529
3743426 3805196 3709590 3898612
3989968 3734606 3829264 3720178
3914345 3881734 4049733 3741613
3891960 4012033 3906402 4059735
3685938 3767043 3901092 3708815
3774441 3818593 3743803 3908641
3831804 3886382 3907112 3736109
3905709 3927484 3768321 3917282
3787339 3660393 3798474 3689642
3725995 3863842 3731168 3778862
3903739 4048914 3856137 3939722
3954105 4064258 3893770 3958562
3794837 3912933 3815424 3789638
3867964 3887472 3797790 3791648
3944229 3959369 3913499 3801952
3983673 3822718 3829629 3789645
3746456 3859390 3758456 3745568
3790473 3760477 3749593 3738784
3841169 3887513 3928479 4068103
3980935 4179699 3788714 3953915
3671929 3720266 3765211 3825390
3757318 3901790 3610819 3732760
3664915 3712342 3644445 3837125
3747063 3927794 3622851 3753572
3794512 3856961 3774186 3981079
3910830 4101530 3705653 3881674
3887494 3844211 4064134 3878300
3867641 3956433 3907785 4048514
3732580 3678541 3913993 3724159
3816108 3698038 3728787 3852158
3702952 3692170 3898707 3701208
3670023 3696565 3714130 3867172
3819488 3735950 3960852 3769770
3826713 3733257 3864489 3860884
3716223 3902920 3876106 3861509
3978197 4011129 3902764 3808591
3646099 3649395 3747722 3742297
3882598 3767433 3725724 3639695
3545884 3644172 3725800 3740231
3835415 3822359 3630717 3656966
3619388 3763392 3859938 3749875
3839459 3859852 3785027 3726225
3956199 4015722 3981210 4099743
4117982 3955125 3987301 3889821
3667874 3732862 3829108 3904230
4024985 3829804 3801649 3653370
3758071 3804711 3745499 3884767
3951034 3861955 3837271 3725776
3853096 3912804 3858391 3905106
4049893 3874005 3946939 3809355
3944475 3911661 3970580 3795234
3992992 3997614 3978542 3963670
3689957 3705103 3791609 3676435
3731953 3761923 3801555 3892922
3816565 3739935 3825208 3664257
3763349 3729277 3767381 3885367
3881121 3852279 3858236 3744117
3912605 3956744 3894413 3862736
3923977 3988629 3980411 3941992
4085214 3963655 3930828 3952001
3809624 3775843 3721930 3810570
3760462 3791946 3832960 3743867
3826464 3869347 3680729 3746380
3864144 3799259 3704445 3776311
3905895 3995457 3849657 3843200
3972589 3858936 3859615 3838879
3919664 3964536 3881269 4002955
3971583 4112376 3816511 4003863
3752992 3811036 3808284 3929846
3845773 3943998 3721062 3811521
3708304 3905646 3767284 3832643
3816318 4064474 3763221 3880411
3873999 3857338 3887827 4023013
3917816 4074336 3806366 3875127
3884181 3915822 4106795 3889516
3893224 3818339 3871761 4023963
3817950 3786634 4024352 3886184
3771998 3807265 3801194 3921365
3761571 3789977 3998826 3847311
3741305 3748053 3777859 3991838
3887124 3891301 4075676 3833918
3858940 3824429 3992414 4028886
3734526 3816553 3870999 3898657
4055245 3989315 3922801 3773702
3672637 3760720 3829398 3761429
3849556 3864195 3919579 3787166
3730609 3822872 3802286 3777258
3854344 3851491 3881237 3694309
3733417 3842598 3836997 3790664
3978649 3971651 3907710 3830547
3918079 3974142 3991208 4066476
4211894 4006900 4091684 3909310
3857767 3798396 3848551 3909203
4023590 3887107 3895040 3824673
3904830 3851287 3913901 3974479
4082360 3921509 3859142 3784336
3900951 3981950 3907425 4053198
4248821 3949402 3983669 3939395
3823929 3920088 3996618 3855389
3989785 3968470 4058535 4103453
3796269 3828409 3895922 3697845
3895964 3972916 3839773 3941140
3794115 3803425 3953713 3768573
3865567 3927609 3825816 3936810
3914756 3917303 4046303 3805538
3973760 4004792 3965772 4045316
4041652 4060216 3957404 3979719
4001849 4006946 3920913 3916912
3858718 3967057 3786241 3841809
3975409 3936928 3876305 3821126
3920302 3960372 3835814 3841528
3834586 3919018 3880342 3912137
3968587 4080670 3924264 4002159
3970191 3992616 4083564 3836659
3880077 3859166 3872546 4016777
3918728 4009665 3793572 3901225
3727385 3783437 3850932 3844506
3850565 4042293 3740285 3845331
3793982 3836855 3740458 3946530
3873051 4010268 3792412 3911246
3806374 3891614 3896578 3981158
3941096 4210855 3832682 3978186
3876642 3858572 4088369 3868868
3891635 3865365 3876643 3905699
3813035 3823957 3964430 3720849
3756351 3736851 3837162 3936818
3842977 3762129 4025562 3780552
3800926 3755984 3830151 3978403
3876142 3772472 4127260 3954048
3897084 3869123 3867387 4020485
3723825 3925247 3984962 3874127
4015521 4014931 3983677 3766200
3673309 3763753 3792380 3749801
3970697 3855531 3847732 3677673
3730795 3783869 3740403 3803725
4013646 3819750 3880883 3779996
3761632 3807064 3892732 3828242
3974477 3847819 3889218 3730467
3965395 3926747 4017847 3977952
4163988 4031675 4069840 3964579
3919555 3840542 3796828 3969329
4077809 3894094 3965818 3803019
3817490 3913920 3795176 3984009
4164226 3941901 3902321 3833737
3973656 3971750 3940630 4026645
4175056 3943137 3967078 3871269
3896662 3895408 3997022 3785219
3941024 4060730 3995196 4037317
3904016 3833020 3853455 3726468
3924798 3952979 3835009 3909390
3865778 3802377 3943832 3903004
3925828 3916632 3866205 3949800
3886969 3904842 3899444 3754897
3918367 4027900 3932537 4045183
3984880 4108061 3938251 4000569
3997901 3987117 3975788 3922428
3914003 3962446 3819330 3854189
3939663 3824653 3864074 3823143
3898642 3949982 3907315 3835522
3914726 3957028 3911814 3837487
3983521 4058788 3966191 3866662
4024852 3997063 4027857 3978168
3672442 3759772 3711814 3804780
3755116 3884065 3618521 3769018
3789577 3884130 3879321 4027032
3878002 4074725 3744563 3962800
3608715 3716440 3732445 3817859
3761611 3993607 3643418 3852217
3786371 3826389 3912037 3907716
3987115 4021403 3818032 3930225
3705501 3655769 3830444 3741403
3701366 3670119 3699574 3925910
3968465 3827996 4031114 3814343
3860614 3799524 3874456 3957634
3712740 3684406 3891858 3768604
3580093 3647479 3776972 3847301
3881556 3730795 3969939 3909900
3836526 3816839 3853944 3977007
3621646 3626186 3637931 3651005
3808772 3721921 3798745 3614383
3672174 3826995 3868919 3888795
3964961 3915427 3987066 3756771
3697763 3698500 3751190 3694584
3969373 3806041 3799393 3645869
3840196 3865355 3854668 3847884
3900790 3933162 3922902 3796061
3760853 3752236 3827809 3859468
3926858 3702201 3796634 3758409
3921267 3932783 3934915 4036466
4148120 4001367 4010185 3870860
3801282 3809328 3850476 3858054
3942983 3869685 3804171 3700830
3915377 3904322 3894069 4024102
4088937 3963393 4045053 3908580
3766720 3701874 3777641 3726090
3762042 3825024 3735809 3790596
3878771 3844837 3938310 3888284
3946126 3943216 3922010 4060652
3752803 3686323 3808539 3628928
3765015 3857820 3812641 3825412
3868429 4000484 4058422 3740941
3922063 3919549 3902140 3960190
3777885 3808663 3822626 3792201
3816135 3732328 3862742 3700807
3971385 3974108 3935020 3936485
3940436 3899241 3870439 3859935
3767862 3901710 3799192 3734650
3790311 3837721 3833293 3774012
3949861 4030592 3937802 3929548
3937708 3926243 3955621 3980278
3776144 3859999 3823223 3867794
3891262 4011469 3746760 3668695
3960372 3894976 4016407 4059631
4072970 4169527 3944235 3876456
3779686 3791102 3955192 3860578
3869466 3952026 3757472 3755004
3672644 3766365 3864643 3773991
3758335 3957544 3674125 3630771
3863858 3801984 3684105 3786408
3862908 3954886 3911834 3770304
4092709 3883940 3860357 3941985
3950340 4172076 4027804 3894123
3946779 3894717 3769198 3834835
3802241 3910080 3931092 3953404
3787016 3697052 3646178 3702009
3813606 3854248 3845201 3788005
3911624 3854361 3737420 3865094
3772516 3735342 3798654 3956350
4102284 4042572 4031810 3982942
3984401 3923455 3996035 4126263
3938799 3886438 3793224 3841794
3909530 3772553 3779772 4001368
3836001 3766010 3694018 3919247
3813715 3731352 3752890 3923523
3818978 3808457 3924663 3747343
3826650 3860407 3962875 3973091
3987177 4013348 4079531 3852205
4019286 4151528 4148127 4104114
3791426 3902086 3852218 3743107
3818335 3913254 4017682 3921735
3742246 3684544 3879223 3813875
3786579 3838150 3921577 3905467
3774751 3940064 3842914 3889688
3828195 3856691 3719638 3766460
4026389 4108127 3996302 3992586
3995114 4041676 3946852 3987425
3868966 3863884 3833368 3879028
3840198 3863754 3816914 3818006
3810372 3858360 3830793 3797095
3707806 3825151 3693774 3803572
3698008 3922279 3938333 3924625
3923827 3914793 3884038 3824217
3969810 4136880 4048493 4026861
4160250 4012951 4089874 3895965
3697497 3895797 4015030 3884547
3955964 3896572 3927952 3736654
3723523 3784424 3847562 3859214
3772725 3800826 3868839 3704215
3788068 3849567 3896114 3928570
3904852 4013398 3724260 3826638
3785364 3829566 3978606 4003243
3819316 3986609 3858988 3704064
3790511 3815665 3855987 3862505
3857533 3987984 3651969 3776769
3743185 3817032 3911530 3887316
3917088 4062617 3708373 3766474
3939193 3920524 3762352 3777489
3871541 4065229 3844990 3897713
3951230 3864084 3798824 3796081
3805774 3954464 3910179 3840320
3955438 3829269 3646416 3746926
3756537 3986636 3867300 3803777
3998308 3885619 3680690 3820874
3839475 3993243 4012959 3920973
3937452 3892346 3851452 3888209
3866372 3749322 3712417 4148429
3914321 3899614 3871818 3877380
3859939 3769011 3745663 4060964
3947999 3814253 3756523 3781716
3784388 3672031 3630382 3957927
3832662 3864936 3795246 3945402
3917627 3788778 3792387 4082451
3810582 3943190 3927214 3836102
3887445 4035038 3958037 3968212
3846258 3858292 3955663 3797118
3903541 3918529 3950690 3942849
3709870 3800302 3868582 3763865
3825583 3898174 3850567 3935845
3822224 3832523 3851049 3799059
3817327 3916961 3985198 3992682
3835775 3935889 3948461 3869524
3868418 3965995 3819352 3910454
3836971 3949547 3857910 3870821
3820003 3895857 3843296 3858237
3718392 3847967 3820848 3857169
3759822 3808111 3804200 3720028
3810827 3954412 3894474 3852789
3873621 3859044 3792791 3846348
3794882 3845840 4036188 3886791
4003589 3980357 3882453 3862881
3812535 3904075 3946068 3872964
3924467 3881364 3957717 3858378
3749293 3797698 3908192 3850329
3953071 3822428 3967414 3678214
3870157 4040074 3974618 3947878
3984736 3831481 3895505 3873019
3901748 3902628 3943841 3915356
3873599 4079483 3872450 3759247
3803261 3836484 3986197 3927494
3900737 4031506 3732240 3848644
3736662 3783607 3968253 3823822
3812631 4019419 3812882 3719358
3804112 3809255 4033338 3832093
3919790 4061495 3687583 3799071
3908537 3917940 3859117 3880157
3910218 3934417 3905650 3856168
3952065 3924141 3745877 3874888
3925707 3941914 3989972 3903520
3906531 3827001 3690736 3788647
3814048 3956415 3862506 3906424
3895889 3817887 3794110 3797708
3849179 3971457 3963374 3796293
3931622 3913140 3946116 3960739
3866623 3859219 3780599 4082489
3912089 3804848 3778866 3881942
3952410 3804722 3847392 4073915
3885855 3828827 3860715 4012439
3847222 3771426 3751312 4059879
4021684 3812908 3836879 3934286
3834035 3771869 3810488 4059722
3847283 3870784 3965786 3807195
3899346 3901358 3931341 3986996
3874554 3911200 3955376 3870156
3903940 3998879 3959491 4039852
3815150 3831111 3839097 3784853
3904220 3901549 3941511 3916619
3773543 3815878 3888173 3728002
3895799 3953083 3952166 3921783
3884657 3924480 3898498 3859829
3793214 3955937 3844421 3779668
3888845 3934363 3936218 3914589
3801600 3869942 3782968 3897703
3859724 3948461 3844131 3821724
3761708 3768254 3776311 3830010
3838793 4009823 3900558 3822591
3792203 3825085 3735277 3859718
3840142 3948427 3967971 3948532
3977217 3907598 3941366 3764155
3932527 3935826 3908347 3927847
4010749 3927423 3961657 3826221
3774978 3887658 3907713 3927972
3937253 3935003 3929942 3770661
3759886 3920633 3917222 3875310
4036581 3931311 3982995 3806810
3757298 3866860 3949099 3953907
3880071 4116750 3666427 3761367
3627215 3723639 3756325 3805905
3731391 3904367 3644956 3644291
3819622 3850262 3981316 3856661
3915879 4056201 3791873 3809903
3707796 3745714 3833352 3708706
3780614 3968761 3661965 3666205
3862913 3872793 3724455 3806228
3823282 3991949 3874467 3820666
3776252 3727483 3602615 3665850
3667357 3867375 3822997 3747428
3919744 3956375 3757476 3799877
3853631 4040215 3948112 3875007
3821141 3747427 3649899 3670810
3689032 3845070 3740424 3690229
3857483 3887733 3812412 3788833
3901087 3680385 3718708 4040278
3718056 3733075 3732025 3796733
3756916 3663721 3718965 3889763
3927754 3886410 3907666 3876597
3850851 3847224 3771956 4063510
3787972 3745997 3786827 3762000
3812479 3643232 3696743 3940713
3801146 3809364 3822419 3790815
3833539 3875264 3998661 3997293
3675657 3706532 3801360 3673592
3726514 3815585 3808196 3910921
3855087 3857908 3923041 3855665
3935819 3990446 3984073 4046802
3681691 3733746 3790869 3648066
3749488 3775573 3888332 3848192
3719372 3935808 3854711 3803022
3833892 3844590 3695404 3777662
3721416 3787842 3749384 3743536
3671680 3750288 3652892 3675626
3802574 3972808 3915404 3878241
3838117 3965237 3818524 3861760
3733641 3875226 3757987 3675453
3642782 3780922 3618337 3698811
3820207 3889313 3892093 3921797
3968293 3923028 3880504 3771995
3680026 3752134 3761357 3840536
3731360 3731183 3748131 3681939
3810025 3965472 3910208 4009155
4060235 3897017 3849874 3830848
3645643 3745816 3786411 3757759
3868929 3730895 3829786 3669390
3859944 3899310 3937714 3916544
3971747 4034372 3761869 3791603
3830462 3801852 3951213 3886684
3860121 4088500 3755041 3830141
3880757 3815028 3896279 3862675
3869343 4021979 3858510 3633468
3821200 3776232 3898638 3806158
3863986 4038304 3705000 3717247
3973678 3915248 3851959 3836416
3846659 4007092 3961754 3853784
3862974 3787037 3738948 3743388
3779391 4044539 3861837 3789536
3959372 3912806 3737169 3844047
3963492 4054597 3864218 3854372
3935549 3791542 3696231 3750410
3789769 4013093 3864640 3789476
4037271 3981503 3819635 3937441
3828921 3858711 3816657 4106611
3923653 3941024 3855264 3885625
3874982 3757579 3762068 3968192
3938818 3935408 3860928 3870868
3918643 3817588 3743307 4013683
3889176 3814502 3834597 3802889
3766790 3745137 3746719 3989323
3820385 3922251 4005573 3846119
3904922 3984384 4004743 4080230
3834814 3912169 3926974 3780710
3828913 3880642 3953603 3885202
3836648 3883434 3923234 3816141
3851692 3955141 3930272 3931878
3759225 3859270 3807501 3726059
3798767 3936947 3932691 3924959
3887401 3992429 3854461 3887017
3888815 3959494 3874480 3832689
3893304 3843736 3868652 3781122
3808490 3947891 3727877 3842414
3861541 3864266 3919029 3883170
3752274 3918173 3764857 3820090
3799180 3836951 3812530 3787277
3709127 3803602 3757279 3793713
3835819 3883960 3929734 3934759
3963418 4002325 3973098 3843870
3811890 3834826 3925853 3928730
3970449 3865787 3937255 3806139
3831963 3933396 3921606 3929348
3976955 3882856 4006194 3869234
3769733 3804242 3906547 3881462
3946053 3903527 3902753 3783500
3758396 3827417 3891930 3960390
3897810 4053840 3737456 3723853
3689537 3718502 3787846 3704744
3835329 3872322 3626871 3613629
3737509 3795107 3872881 3807424
3810136 3991739 3755596 3789440
3834226 3877989 3874824 3871936
3859762 4044168 3796756 3780367
3906777 3873022 3729526 3803088
3837178 3919049 3944272 3839580
3823724 3693990 3727212 3695255
3785749 3938866 3756775 3746785
3943887 3870874 3639176 3731634
3840270 3937601 3854988 3850068
3931299 3921209 3806483 3863889
3849114 4011710 3946321 3795182
3855346 3861811 3847216 3873713
3883038 3714043 3817062 3916200
3802391 3759471 3706435 3793862
3850079 3622096 3684461 3856845
3851390 3887426 3827711 3923690
3791127 3788918 3727178 4016955
3954975 3918945 3788619 3904808
3875073 3839267 3885301 4015039
3885369 3804585 3873890 3857901
3866873 3931894 3919524 3952712
3673945 3728329 3857202 3709308
3788710 3799929 3840652 3848122
3813953 3783245 3890025 3685914
3856946 3876340 3857421 3957425
3851866 3872433 3857081 3761472
3949858 3932734 3990928 3973748
3807121 3841229 3829880 3813225
3822603 3830843 3791318 3812187
3707054 3862015 3771623 3688873
3726210 3749923 3639603 3700267
3796371 3866949 3871296 3747218
3782566 3853649 3745972 3811869
3819498 3980842 3899233 3812046
3801673 3882149 3747047 3814618
3799347 3877453 3846502 3923169
3981530 3914550 3956631 3847453
3654834 3839601 3822036 3870923
3866464 3756449 3838229 3678516
3700351 3830982 3930310 3853206
3967209 3868935 3914489 3747364
3778781 3884910 3915353 3912215
4024581 3940231 3911284 3789518
3874794 3962170 4069375 3988973
3965949 4161696 3851230 3841222
3755429 3838764 3940474 3874025
3804043 3995612 3798529 3693865
3750289 3748726 3902371 3746865
3866637 3989377 3642905 3697175
3857263 3965117 4007627 3983453
3916539 4077137 3794735 3849740
4027784 3988371 3915383 3934795
3990694 4160661 4024493 3989725
3955234 3921011 3727450 3796734
3819585 3960991 3877263 3823460
3839426 3726799 3690532 3751778
3738055 3897304 3797679 3773293
3926895 3911092 3741633 3820920
3890069 4009012 3952645 3956198
3987345 3968265 3940259 4021719
3929728 3880981 3923020 4123347
3926689 3898565 3813719 3884891
3848426 3762883 3868120 4038131
3861486 3724840 3726473 3868813
3829970 3747036 3618122 3873545
4053850 3975573 3873829 3904982
3900791 3794456 3788482 4130629
3844419 3986812 4022097 3928806
3998956 4030903 4024771 4084374
3891539 3873724 3956775 3894372
3872197 3977736 3947424 3948469
3703238 3802290 3800484 3674145
3816402 3833121 3908241 3851937
3911959 3936970 3939804 3868819
3916820 3993795 3974128 4052328
3919134 4015963 3976669 3922615
3841660 3991393 3866519 3976786
3847374 3922551 3903368 3819600
3799156 3899993 3757791 3885866
3708619 3837294 3769928 3722344
3746652 3788463 3663635 3749230
3928914 4014080 4046326 3899554
3893282 3957461 3807671 3939861
3963076 4112364 4037459 4000532
4187614 3989165 4056687 3888878
3889011 3973607 3899705 3887970
3972027 3889634 3970590 3768603
3675278 3845799 3737685 3840261
3907516 3833841 3873311 3733023
3805746 3928368 3983013 3944303
4025066 3889959 3964195 3806367
3857410 3894554 3951467 3905981
3957232 4035674 3848075 3769706
3776479 3898021 3973564 3860939
3936985 4059293 3738773 3843797
3774764 3800538 3956906 3843674
3887279 4050119 3824979 3719493
3820146 3862950 3881593 3848005
3942814 4064481 3721783 3802586
3995795 3861548 3774233 3791217
3857499 4093523 3897341 3935106
3986803 3948778 3817459 3860165
3846100 4081041 3846556 3847826
3935277 3872388 3746790 3846660
3915556 3981194 3877647 3924181
3991201 3776997 3830022 3878992
3806813 4043610 3884699 3833013
3904509 3874936 3834244 3844897
3898667 3782674 3816638 4058268
4007216 4013874 3925425 3924062
3980733 3728500 3833425 4054178
3977340 3895046 3855700 3866951
3911558 3769816 3775834 4079007
3939935 3828680 3794980 3846836
3892287 3742467 3856004 3950160
3793598 3869380 3863769 3758301
3859106 4025148 4016796 3978676
3850317 3958588 3962227 3782779
3951905 3912544 4046549 4092411
3858603 3868637 3958158 3842301
3866083 3912730 3971252 4084448
3764072 3889734 3888905 3827225
3910402 3935369 3995773 3946611
3780453 3937713 3854204 3867601
3831055 3813161 3857784 3886603
3838925 3898879 3952852 3872719
3822242 3845160 3804348 3894702
3839865 3895707 3794586 3846082
3826919 3925471 3825501 3867570
3830145 3865414 3921047 3872897
3853270 3876698 3781297 3808957
3862649 3880060 3968512 3948807
3924788 3988181 3917655 3813336
3771653 3931740 3963785 4007261
4049059 3973986 3951854 3804380
3860397 3909578 3895150 3954003
3973757 3932822 3888181 3828630
3810148 3974506 3858720 3931139
3911602 3959172 3902062 3795515
3896032 4037032 3958683 3974176
4006238 4095690 3863205 3813684
3831708 3922227 4014219 3968490
3909869 4111034 3862977 3759043
3998595 4012577 4084313 4020149
4090233 4196799 3922554 3986278
3812445 3806049 3884463 3811235
3898331 3961574 3771668 3806824
3996901 3918939 3825524 3895963
3919962 4077751 3960824 3946416
4053904 3931489 3804051 3887046
3848392 4150154 3975652 3907553
4093963 4013900 3918088 3996452
4026151 4234675 4061127 4068682
3830745 3822423 3761934 3820497
3818712 3936493 3911307 3828620
4023236 3998985 3870884 3990451
3988766 3851458 3793841 4080296
4062196 3911054 3920570 3916488
3970177 3791624 3906369 4090659
4193357 4036593 4034440 4118108
4039048 3988101 3955699 4199017
3927314 3832006 3842510 3846727
3815228 3761693 3805504 4020606
3935182 3975964 4046471 3915856
3933439 4016236 4086725 4070996
3865191 3876051 3985893 3833884
3961477 3977257 4017776 4046893
3994559 4014633 4069415 3963601
4065749 4170315 4159103 4127036
3807692 3783290 3809783 3805640
3875529 3969770 3952248 3989226
3936742 4017537 3981655 3950373
3890276 3962478 3808854 3919965
3892303 4034323 3942751 3834283
3840804 3962607 3866163 3852603
3941339 4167438 4076579 3997760
4019455 4021291 3988689 4107058
3763210 3900336 3870635 3761460
3802282 3805311 3759977 3743167
3832756 3945787 3964058 4033550
4017220 3994508 4049815 3905919
3831771 4048947 3989752 3943081
4017403 3988107 3980668 3781881
3940106 4076846 4142069 4125618
4143353 4029997 4080186 3966563
3829124 3848163 3914472 3927002
3979062 3929922 3998548 3769096
3729827 3777333 3841169 3777549
3788472 3978414 3721602 3735076
3705733 3818382 3896293 3887338
3809044 4037832 3696286 3710297
3725995 3843492 3922026 3892587
3951632 4027371 3743611 3721044
3822797 3907731 3913831 3911378
3909414 4069795 3811199 3757695
3810351 3691712 3668762 3737533
3829963 3790633 3798285 3715772
3772298 3794771 3742061 3806090
3771156 3927009 3868127 3810048
3914857 3840525 3687089 3764873
3779436 3977128 3935739 3807274
3924709 3839259 3752870 3884813
3911411 3949677 3933121 3889750
3868396 3793652 3701104 3751420
3702962 3715169 3728771 3904757
3888487 3882916 3836498 3839286
3884643 3801464 3724303 3978696
3884099 3834189 3839210 3823883
3890344 3786385 3844621 3971381
3898739 3840978 3911209 3860076
3836789 3826961 3762757 4162226
3705533 3890624 3848442 3728197
3806275 3786679 3866929 3925403
3809641 3838435 3924173 3754464
3865549 4018404 3935839 3967397
3797597 3808401 3992625 3805686
3891556 3943448 3836258 3935768
3788542 3907422 3898629 3865210
3861282 3999414 4007832 3981540
3757886 3877147 3823990 3733880
3687700 3713047 3715535 3765634
3839069 3888978 3880863 3815937
3823658 3763595 3723900 3799321
3808354 3856231 3930057 3761993
3782385 3942853 3825474 3847826
3848578 4008758 3873145 3811301
3819828 3937989 3828191 3842009
3666477 3898049 3816989 3780866
3943049 3816315 3791060 3705261
3750519 3835994 3884707 3890962
3980238 3909892 4012974 3759068
3777843 3902604 3876342 3877557
3989833 3928782 3876670 3801863
3816014 3936656 3952880 4024859
4035422 3925650 3968489 3812043
3583145 3650696 3816899 3646773
3707442 3899107 3628125 3605457
3896053 3992768 4061189 4005439
3976249 4122406 3896087 3954922
3961120 3939542 4029690 3965227
3999105 4071750 3867874 3854602
3786600 3779789 3887165 3893619
3846262 4064959 3675432 3780810
3706171 3640392 3613283 3743173
3690990 3797900 3685242 3689543
4012868 3989145 3846198 3911932
3878649 4144782 4024051 3936745
4038200 3911020 3815102 3811750
3988260 4134861 3990155 3922709
3880215 3875104 3697072 3802268
3770905 3999621 3859847 3814564
3692150 3634046 3635472 3704763
3661059 3552815 3676290 3875969
4002057 4014066 3936697 3991086
3957829 3864845 3932143 4109941
4004676 3980536 3975954 4072663
4012277 3888579 3899314 4105701
3873170 3863178 3811542 3807894
3898387 3779748 3720566 3970064
3704029 3703084 3795738 3650028
3693216 3795945 3801341 3840731
3857288 3968271 4016560 3941045
4016138 4026882 4117818 3987926
3956500 3975952 3986684 3921901
3990947 4074239 4072179 4047642
3808350 3857846 3912256 3741272
3920210 3914464 3862093 3941784
3682492 3801612 3695573 3667486
3625438 3667931 3617841 3618254
3917740 4070528 4006850 4003217
3898956 3916271 3907130 3992618
3929480 4024909 3911293 3959404
3964919 4025722 3800730 3892018
3792611 3807946 3842805 3745595
3754250 3848077 3659077 3813687
3622607 3738390 3744197 3779816
3797030 3664125 3774709 3670661
3940274 3980529 4091083 4035702
4066119 4044229 4054412 3929580
3930572 4018640 4067576 3935349
4124946 4034781 4030025 3892185
3829908 3899141 3931956 3891931
3914393 3860096 3965011 3795482
3692602 3707381 3739498 3703826
3657700 3884794 3603905 3587814
3885622 3886577 3967504 3942983
3981825 4156409 3843996 3720018
3898925 3812725 3943729 3890064
3873931 4074680 3746853 3768984
3839540 3989100 4054149 3922433
3924243 4178729 3834950 3836569
3800204 3681645 3590600 3626419
3668398 3835323 3772204 3691923
3941883 3900904 3831173 3886540
3886145 4160425 3957390 3904639
3965076 3890392 3711029 3765434
3904767 4046190 4063256 3930773
4051217 3942102 3832675 3916408
3943390 4136686 3995115 3910663
3848590 3720739 3681392 3709392
3716831 3649971 3634341 3871145
3983893 3997640 3899252 3999183
3932874 3860916 3785889 4102733
3945850 3930036 3817197 3878632
3968240 3789931 3788572 4018543
3989158 3999906 3895713 4032138
4037744 3912908 3817714 4136948
3582992 3786817 3777983 3655617
3758519 3704524 3794801 3790682
3882451 3884360 3924465 3905396
3905353 3998761 4038966 3980567
3884678 3895749 3906797 3913165
3844843 4072466 4003881 4027697
3879712 3929285 4018905 3878710
4009534 4073444 4061100 4073724
3677866 3746470 3623228 3701158
3668519 3735634 3610323 3762094
3894654 4039598 3988507 3861501
3836488 3941852 3764276 3892703
3848006 3992691 3841576 3885633
3856715 3899399 3852547 3926668
3999847 3997821 3920436 3951606
3820977 3959667 3852503 3965421
3628723 3682142 3722917 3702843
3846193 3712860 3779724 3596384
3837881 3956885 3984500 4008526
4009583 3965130 3977815 3875629
3835570 3898197 3891038 3876962
4052879 3880209 3979275 3854679
3929014 3976252 4019929 4067100
4046815 3994744 3933582 3922921
