3920593 3821343 3849318 3812682
3802979 3854651 3828288 3888010
3878469 3882042 3912582 3759103
3829646 3808239 3931374 3924495
3987779 3947517 3955034 3757610
3794736 3799517 3919752 3980473
4050390 4084753 4031136 3898627
3945146 4032895 4098406 4093326
3729571 3998910 3858385 3747387
3930400 3876546 3850849 3947936
3769066 3927182 3806680 3785806
4003612 3863916 3881713 3962161
3828333 3972604 3846964 3848757
4030820 3878019 3922697 4016230
3925265 4072609 3944519 3992651
4094878 3959879 3971017 4147563
3885054 3760967 3800385 3890740
3692638 3914585 3950840 3867181
3893635 3800052 3822256 3867958
3853014 3822462 3917022 3871829
3926878 3810444 3870291 3853849
3764870 3810936 3960956 3925898
4041027 3891543 3901393 4062255
3899525 3979765 4053107 4068470
3869388 3825213 3847661 3719589
3784685 3848320 3873617 3928891
3933971 3951067 3873479 3751521
3951716 3915002 3862685 3980658
3925996 4056412 3884647 3761505
3866985 3905128 3879359 4004065
4002556 4024295 3997573 3921573
4044232 4031378 4029329 4130080
3926521 3825127 3972176 3836797
3826088 3869067 3686337 3881879
3927621 3869197 3980860 3892670
3812166 3749783 3824806 3809534
3904072 3858232 3970784 3929350
3855132 3779416 3783036 3968049
4097080 4048408 4174325 4040417
3938121 3985049 3843547 3998169
3848090 4004259 3757818 3937359
3768953 3978301 3694226 3831311
3786325 4057020 3963807 3876639
3848284 3990367 3693200 3767266
3952967 3936551 3874762 3953255
3737426 3890538 3752529 3776822
4029816 4046294 4063165 4051198
3919882 4037914 3863675 3894288
3777274 3844119 3845367 3686658
3682387 3806288 3799839 3896143
3855978 3875216 3884992 3695004
3726665 3761643 3822154 3883819
3922301 3953345 3905155 3780257
3870808 4008055 3957175 4016130
3876664 3953956 3906828 3708558
3714106 3897733 3910446 3923996
3777546 3863639 3704285 3750612
3935622 3806850 3762261 3901607
3752633 3870527 3764210 3763897
3906285 3738311 3777284 3903274
3909068 3978257 3872719 3903210
4126396 3952321 3920182 4074372
3831123 3945497 3848555 3817088
3945486 3824755 3896935 3931063
3828278 3700550 3685718 3769126
3740940 3651189 3872280 3827831
3853477 3736537 3736496 3787961
3739967 3797214 3796387 3771217
3954909 3922622 3855171 3974455
3824677 3913171 3958999 3844877
3923278 3816774 3812488 3890089
3827514 3781176 3846601 3890152
3824544 3860798 3786486 3655008
3841998 3883563 3826149 3911823
3827665 3859745 3770605 3680716
3844456 3739110 3799775 3885176
3961559 3973136 3940221 3820999
3928382 3962625 3988687 4041117
3945674 3935397 3917048 3750278
3842335 3780304 3896300 3967381
3898621 3749876 3893467 3834047
3761193 3791915 3647896 3769616
3813063 3741474 3917167 3869510
3766726 3741010 3725423 3814449
3983678 3852284 4092108 4041080
3971078 3907376 3806110 3894120
3909982 3808688 3969464 3897525
3836557 3804073 3785960 3869517
3824659 3861249 3791186 3819042
3697524 3886922 3644908 3702397
3800155 3912423 3895967 3832610
3724445 3952453 3626138 3775155
3944359 4082137 3925998 4029267
3909020 4085536 3807390 3878991
3862160 3939917 3917588 3877145
3745566 3976492 3755773 3791706
3835655 3793232 3792414 3630106
3697068 3855194 3872599 3768885
3982363 3966916 3909780 3803714
3882069 3914390 3964814 3997435
3827033 3844759 3796842 3710650
3732080 3844013 3771846 3845118
4012242 3931867 3952880 3777364
3925813 3865133 4008681 4007944
3753222 3826522 3674931 3702204
3764559 3702491 3742795 3951777
3865444 4059873 3850571 3822271
3928084 3911758 3913737 4028632
3745678 3903721 3749217 3807302
3913525 3806611 3729241 3907620
3907367 4037360 3851231 3906907
4019967 3946793 3884616 4014834
3791768 3680455 3686802 3771492
3714880 3740904 3816968 3718181
3933833 3862023 3843917 3890651
3895218 3897621 3960564 3864829
3775750 3730008 3796311 3796676
3722944 3759244 3866673 3884445
3959113 3820765 3790612 3981406
3850117 3848085 3951426 3889729
3753617 3913423 3685022 3672705
3790861 3757279 3859114 3924339
3934271 4009311 3856051 3834545
3914381 4006910 3975758 4027943
3868188 3862901 3782827 3660222
3747463 3806417 3856799 3946200
3989796 3963430 3854625 3826126
3912219 3886764 3952977 4028393
3777574 3702722 3873085 3791064
3695619 3674901 3593466 3801627
3992089 3962487 3944251 4038435
3860281 3931354 3771876 3905200
3891590 3815719 3913867 3789812
3793885 3830381 3749679 3861981
4001775 3926253 3980529 4007188
3880457 3890653 3810144 3986883
3818700 3829679 3803670 3867947
3654350 3863505 3634745 3706379
3909981 4087493 3924804 4010447
3818440 4052140 3763698 3873592
3854012 3912001 3836543 3863312
3746052 3890511 3651947 3813654
4000668 3984090 3930906 3968632
3902835 3971966 3741671 3803982
3992576 3905712 3925611 3744333
3762896 3874822 3922580 3922296
3897965 3905459 3804841 3730477
3831874 3840950 3955610 3880339
3857916 3874042 3984965 3648914
3744470 3801848 3916899 3882658
3839501 3818575 3793687 3683188
3722330 3705849 3823832 3910887
3872561 3993195 3815868 3818487
4006703 3930571 3823930 4066704
3811305 3842011 3731824 3831754
3995283 3860429 3811299 3973781
3783831 3932630 3818515 3805106
3961774 3937018 3861643 3919705
3700560 3897284 3689923 3846318
3853100 3787989 3773329 3815584
3863790 3729035 3779630 3832597
3816893 3811730 3928174 3881445
3874939 3837541 3787115 3933719
3838216 3895905 3923641 3947095
3813900 3715271 3792856 3886059
3774830 3824193 3841319 3765318
3776770 3658679 3771313 3741350
3746756 3699591 3856408 3832809
3906615 3952806 3799508 3702624
3879919 3885427 3908603 3960955
3979082 3972968 3807101 3736094
3886741 3852817 3831955 3891404
3934366 3906738 3750624 3696378
3837970 3831597 3883932 3890642
3883651 3819383 3808418 3610790
3795313 3812416 3850658 3871726
3989289 3861698 4007904 3966521
3959996 3796786 3753313 3918394
4011747 3848823 4034755 3964624
3844084 3799722 3781612 3887687
3858969 3828658 3877396 3960708
3871578 3753256 3754539 3875474
3880930 3717852 3967316 3868661
3747360 3755358 3675612 3797927
3875723 3989720 3857602 3879949
3780208 3996073 3773800 3831916
3862890 3959117 3839718 3878321
3793218 3951490 3747760 3792564
3869887 3978004 3805755 3825454
3804486 3959012 3707891 3831006
3789496 3841908 3824753 3792697
3758003 3853055 3656377 3714888
3846259 3852927 3797457 3739760
3760123 3733750 3830938 3890565
3870928 3938234 3918881 3751446
3779234 3890360 3880254 3959426
3896713 3925708 3877584 3728126
3764527 3904366 3904481 3959161
3870688 3897426 3918295 3746154
3773552 3903906 3887881 3846097
3782750 3915840 3680256 3716722
3918095 3736913 3738863 3947896
3851846 4013343 3833076 3837984
3908339 3873914 3776897 3894084
3786401 3933811 3750253 3822061
3902090 3825150 3827906 3996559
3835250 3997909 3800036 3845284
3964229 3853465 3840424 4001105
3823287 3694208 3685753 3765768
3736175 3740671 3813984 3759343
3936000 3779048 3832970 3934895
3846726 3798621 3935743 3832753
3866436 3830008 3798176 3954312
3820912 3827930 4000273 3894457
3928737 3828948 3782598 3838707
3809905 3780561 3850215 3791423
3833243 3986523 3766038 3713488
3848484 3788311 3831287 3944296
3908706 3893409 3811398 3778926
3785945 3859714 3910929 3876130
3955551 4050653 3895202 3775069
3885740 3866506 3985701 3975055
3935797 3959954 3884933 3765453
3805631 3856708 3909751 3970578
3879881 3821226 3961207 3829785
3755093 3767247 3715748 3845277
3934369 3838909 3949959 3923651
3851910 3771307 3797879 3875621
3883803 3884381 3965144 3935771
3930509 3858914 3758177 3893299
3900734 3815614 4037254 3907311
3822102 3744932 3747238 3965954
3794457 3865791 3792183 3767718
3718337 3837936 3674271 3696069
3936352 4020573 3769636 3907922
3795848 4056376 3803618 3724091
3836115 3908274 3871708 3936744
3780989 3913547 3716835 3811146
3903492 4030392 3860306 3946330
3830465 3940520 3666989 3777068
3954473 3982760 3946664 3837715
3788975 3888226 3943536 4008198
3871765 3918919 3885145 3724886
3782173 3857967 3881948 3980570
4057278 3853504 3924475 3721839
3856960 3919684 3884286 3950171
3873644 3861365 3837309 3668543
3765461 3838157 3850884 3807586
3848386 3974993 3828076 3873372
4059002 3929671 3967287 4009951
3822937 3943457 3750812 3820994
3994192 3839144 3781795 3957688
3871247 3950111 3810080 3841311
3997550 3798284 3931068 3888516
3773852 3868420 3714625 3810596
3976011 3856323 3915599 3876727
4066984 3795733 3857708 3844847
3847095 3882122 3905330 3953437
3806861 3810612 3793171 3843757
3843096 3791044 3862852 3837934
3874959 3770745 3844334 3979647
3768546 3784409 3924200 3914297
3886956 3709733 3730366 3809030
3741842 3748728 3856955 3759987
3943176 4029693 3881507 3776489
3943351 4001174 3966533 4009007
3853431 3941135 3846531 3699344
3813360 3838608 3873745 3950903
3955302 3949323 3951835 3765787
3854432 3869764 3883212 3981879
3901841 3934771 3789032 3750234
3706667 3777957 3812510 3872629
3976511 3907684 4044697 4032139
3890065 3847310 3732256 3944783
4005189 3856110 3911857 3972335
3828641 3883558 3699107 3898293
3916118 3866572 3994759 3923781
3821589 3806953 3768496 3908184
3889355 3775781 3867356 3842475
3773391 3747145 3662330 3840918
3908309 4031919 3981150 3979877
3888523 4027158 3780896 3871138
3867544 3923139 3781840 3876528
3816304 3888346 3730784 3745991
3871037 3959251 3896647 3937064
3817441 3896641 3739010 3868195
3867761 3930668 3825463 3889724
3719216 3898218 3754112 3722916
3958279 3793556 3849160 3604547
3793035 3869297 3837647 3849578
3770623 3826452 3837888 3719959
3706722 3735861 3821317 3808008
3896083 3921889 3844851 3712133
3748991 3849144 4034844 3894509
3852667 3842110 3863489 3766002
3717287 3817091 3835153 3926043
3755200 3893415 3812494 3722042
3927729 3878231 3829411 3890988
3692183 3911994 3815163 3708988
3934648 3773645 3749976 3953392
3804587 4011272 3823620 3821227
4073321 3832465 3830767 3944090
3786608 3979795 3759906 3819458
3914917 3758167 3824132 3936429
3888176 3796208 3740188 3875654
3767533 3728695 3839868 3792068
3745065 3721861 3647431 3818195
3696068 3701217 3855860 3724401
3893363 3745805 3837240 3820404
3797777 3807551 3922007 3881783
3790816 3734425 3817042 3908149
3876800 3803576 3812426 3895518
3850330 3916499 3854363 3697626
3815363 3769108 3897542 3923827
3839832 3875143 3698061 3701501
3752404 3801917 3812796 3789781
3832613 3934456 3854331 3721754
3823207 3842772 3868859 3995926
3858840 3935819 3825361 3717528
3850732 3856786 3824931 3903442
3859514 3890001 3923831 3876544
3797633 3776409 3701473 3831686
3822535 3742939 3885839 3811397
3819930 3737954 3670505 3864423
3975766 3788578 3968200 3966315
3744190 3846247 3774251 3971055
4021319 3891503 3952290 3896357
3926086 3814510 3761786 3911698
3809955 3952580 3833553 3879553
3744843 3940376 3732620 3777350
3829123 3898793 3809311 3774398
3727653 3980287 3621006 3724076
3882009 4044352 3898523 3991957
3762120 4022791 3749638 3869974
3915421 3889752 3836957 3904812
3832072 3978512 3681656 3674854
3752819 3889488 3868524 3773130
3749675 3758037 3870340 3801798
3912481 3947319 3901415 3758944
3801795 3858881 3842200 3914395
3926725 4018047 3893725 3842667
3842610 3956838 3971031 3958337
4049449 4000580 3963588 3815727
3914395 3935305 4048464 4059088
3779180 3872390 3711175 3813341
3877458 3818679 3855170 3961453
3798452 3931944 3822212 3836867
3962283 3874940 3866017 4023939
3934274 3945392 3870426 3863299
4060341 3933803 4007742 4019118
3877409 4018356 3851258 3980829
4086548 3896170 3921586 4055584
3849280 3694473 3757455 3777211
3787450 3824404 3916854 3833649
3916715 3882382 3754978 3796951
3803011 3836259 3911461 3880064
3947538 3809311 3876772 3956305
3823080 3885321 3928862 3913803
3983769 3847600 3923665 4031596
3901114 3895053 4018586 4027765
3871830 3897127 3760818 3750465
3739089 3694074 3832081 3952208
3875371 4024076 3805849 3759126
3886875 3819187 3907954 3950297
3973582 4032999 3984075 3827400
3881755 3904425 3949921 4013267
3988401 3948347 3987418 3952261
3976554 3963568 4011108 3985793
3886823 3857319 3892759 3833656
3735709 3748834 3723188 3868965
3939411 3873448 3968732 3891153
3808004 3876990 3770241 3987597
4004192 3833082 3989584 3990100
3851731 3855499 3789970 3908831
4005233 3957502 4073923 3964595
3996832 3920153 3745817 3893250
3832146 3902487 3885033 3857636
3752129 3922770 3651324 3732601
3876807 3952142 3888312 3983734
3842022 3938038 3714429 3802983
3980017 4002586 3861483 4037860
3833688 4125494 3803975 3900349
3925609 3964893 3970472 3992702
3975036 4061115 3738774 3847786
4060296 4075554 4100752 3880973
3897928 4070018 4053579 4077189
3940723 3989489 3889537 3761568
3811978 3882417 3957228 3958472
3811784 3824825 3897898 3612740
3767170 3806330 3728109 3903808
3889343 3881763 3804905 3721363
3831948 3931023 3907622 3930910
3982488 4150381 3975721 3978897
4163926 3985100 3993530 4129241
3852548 3990562 3908348 3863736
4030485 3882460 3791418 3983088
3778046 3930052 3771677 3805952
3931516 3790499 3783882 3844661
3846603 3964316 3831940 3800475
3858042 3894729 3900276 3960510
3990608 3863626 3892330 4081534
4018911 3988983 4021625 4131545
3901853 3795208 3830215 3948387
3833473 3825801 3928754 3874145
3795473 3760475 3715664 3784670
3768049 3801920 3868872 3783227
3877364 3816676 3758565 3828461
3814914 3819197 3825923 3850830
4103941 4084021 3974302 3913219
4061934 3994821 4099533 4146311
3960081 3861447 3952334 3769822
3979193 3829096 3843680 3958953
3843555 3830921 3764070 3755184
3772570 3697062 3844256 3885203
3895689 3888175 3870826 3725922
3824503 3874394 3901290 3924695
4176440 4009959 4233148 4092872
4023436 3951930 3939555 4065537
3965839 3936510 3971480 3860969
3923511 3805547 3792075 3908601
3877145 3807743 3955509 3830067
3777001 3758838 3663514 3820713
3838039 3798403 3938077 3869401
3891085 3772469 3772852 3836611
4007332 4188462 4042482 4156203
3932421 4134817 3950939 3913795
3972508 3956914 3875715 3870408
3871629 4027460 3724051 3810577
3828467 3877769 3799272 3813862
3723882 3833681 3689382 3706988
3876666 4011060 3847524 3859126
3716488 3905605 3675577 3847532
3885199 3983803 3936695 3694790
3880536 3861176 3855573 4005650
3889816 3981404 3880599 3819733
3882552 3925392 3991677 3956214
3672403 3704884 3664924 3527015
3666454 3581327 3723678 3668563
3867090 3980152 3900633 3696247
3828276 3885198 3887615 3977441
3864647 3931961 3744785 3793937
4006421 3913378 3918780 3942844
3883109 4044258 3791686 3783276
4020989 3937878 3894184 4048188
3613137 3807941 3450811 3653474
3716012 3605484 3676534 3779745
3856386 4053483 3861004 3765987
4020201 3876219 3862217 3960433
3853507 3773069 3805078 3907585
3784020 3848489 3998505 3910203
3978313 3830957 3907992 3983997
3914580 3891516 3939196 3926570
3705692 3556711 3589444 3623853
3617203 3617161 3666222 3676494
3938456 3780626 3821972 3842367
3897011 3827691 4002873 3929707
3971961 4012525 3851443 3792819
3944406 3850732 3870468 3978323
3940676 3991505 3878229 3801844
3924072 3932342 3962416 3998272
3672265 3703019 3682905 3487528
3624535 3597513 3647601 3730981
3950505 3909596 3862929 3748544
3861528 3865597 3924620 3939190
3908045 3903004 3964228 3916744
3872287 3838953 3775542 3941264
4009870 3963700 4065725 3994365
3870102 3890833 3815590 4059303
3735197 3631821 3814926 3679690
3602230 3646716 3504256 3682364
3964489 3859433 4032696 3922003
3829031 3885416 3725762 3832676
3843220 4024369 3876439 3901396
3863260 4006500 3720741 3863133
3977983 4009941 3847572 3896620
3900382 4044461 3808882 3875907
3703456 3765170 3690968 3613057
3668463 3750048 3444216 3540843
3876801 4014546 3915217 3912362
3812492 4061003 3795903 3824272
3875039 3863415 3862734 3716934
3816046 3864830 3880716 3963458
3879524 3912983 3917407 3752989
3783840 3838497 3905898 3937858
3827068 3829433 3880729 3563945
3784393 3768725 3866738 3904283
3888258 3915594 3836927 3660326
3800755 3908639 3878304 3985179
3803513 3938442 3776819 3786139
3928494 3856240 3860348 3960588
3928661 3992888 3766884 3794030
3962324 3893916 3854118 4021853
3813586 3941741 3756116 3915398
3941204 3776485 3836561 3904672
3754727 3980035 3790309 3813139
3943192 3797071 3846226 4000031
3914498 3754642 3770754 3814083
3932287 3829776 3902126 3892980
3904710 3834365 3818945 3836771
3805952 3810767 3943008 3877141
3767865 3618670 3804271 3789240
3823945 3807755 3923221 3801830
3940082 3822607 3761101 3830428
3727959 3838878 3919708 3765404
3913120 4008632 3824659 3693946
3839442 3779472 3874827 3941780
3904160 3890044 3813456 3765251
3881132 3856257 3873229 4022360
3884438 3900085 3885264 3742188
3762257 3783737 3860174 3925007
3961552 3850863 3847775 3718710
3841960 3873392 3900586 3928504
3903815 3900692 4056636 3893994
3777332 3815870 3695139 3895868
3979776 3808249 4028905 3954478
3771728 3833452 3698311 3862974
3907148 3870464 3911469 3926964
3787081 3799985 3716483 3861096
3838818 3880928 3991983 3895168
3780826 3819784 3696432 3944708
3819557 3990693 3831095 3890793
3741120 3942422 3736706 3730875
3863727 3921513 3831820 3943517
3809661 4000366 3757927 3781333
3828610 3967444 3808366 3879120
3815694 4003770 3696383 3832859
3845565 3997209 3751540 3905358
3738922 3924095 3703685 3776130
3848947 3880807 3789818 3807297
3794849 3852333 3904438 3907337
3871749 3956001 3824213 3727980
3778503 3860175 3875959 3895190
3827410 3940983 3933222 3823006
3838647 3827145 3945258 3983177
3937001 3972076 3905636 3856192
3908979 3914500 3974316 3987010
3775498 3935538 3792475 3859253
3957746 3822054 3870404 3969818
3770575 3890073 3831345 3753609
3941648 3740640 3832728 3961876
3853900 3964496 3915736 3863492
3996870 3899368 3843028 3956268
3914207 3977359 3862557 3848447
3942625 3936223 3917527 4071442
3863271 3808540 3712817 3842433
3870666 3825928 3878653 3864870
3800286 3782336 3799936 3846121
3775060 3805130 3846325 3769564
3917692 3781632 3804299 3925593
3780246 3879523 3932499 3944957
3959821 3811899 3901773 3916380
3799677 3917526 3907079 3987878
3930693 3863048 3802646 3765183
3846192 3928899 3852196 3953591
3872911 3878242 3800830 3720720
3873766 3765510 3863532 3918731
3928862 3989748 3870492 3758650
3917316 3894858 3867268 3960475
4074085 4033933 3971413 3786379
3931447 3957310 3962126 4080321
3917278 3795863 4053173 3905753
3827183 3769868 3798269 3875345
3848963 3799420 3984992 3909062
3828312 3744251 3747822 3936113
3943785 3911284 3988285 3963910
3896659 3893243 3784390 3806990
3950757 3867222 4037208 3990549
3901602 3953288 3809677 3934439
3807487 3975730 3847775 3900845
3865191 3979528 3612583 3794080
3737771 4010714 3794887 3875220
3747676 3937346 3743925 3767338
3879437 3997489 3881616 3919927
3751104 4007591 3735824 3830416
3943240 3958642 3908145 3997148
3831139 4055885 3802496 3937213
4096135 3990451 3794427 3996545
3904569 3895424 3949005 3962397
3950127 3865600 3749377 3944947
3754511 3842049 3804959 3897161
3998789 4002532 3844754 4014851
3798152 3974178 3843937 3968772
4065645 3979260 3936009 4027930
3932800 4004389 4051122 3957484
4129641 3786084 3816230 3844868
3861506 3923513 3865710 3825886
3887963 3716867 3816471 3823943
3738952 3765514 3867324 3717982
3980721 3807669 3815883 3887760
3861456 3904192 3850098 3888815
4083949 3963208 3906202 3980962
3832894 4009495 3889739 3949255
3945615 4041845 4043382 3999692
3898158 4082150 3897225 3902550
3843989 3987825 3839940 3822029
3828520 3988633 3730800 3718476
3894047 3971795 3934261 3955119
4003525 4064287 3844015 3863907
3931428 4046798 3971095 3974230
4030599 4159720 3890606 3918679
3916281 3935996 3855414 3912724
3895026 3919284 3899040 3785973
3936015 3947090 3700867 3912455
3735234 3867682 3662328 3629442
3991320 3984405 3849479 3917102
3872193 3909823 3766063 3712152
3993110 4038923 3857327 3974832
3827923 3976929 3884765 3866103
3852158 3802761 3881081 3824785
3949863 3889704 3955042 3768077
3817370 3741907 3894398 3729550
3890308 3952462 3872593 3731251
3867543 3937215 3810573 3761624
3943633 4012886 3873907 3801625
3881553 3928196 3998778 3861481
3950676 3988953 3901036 3903479
3857458 3997662 4024569 3852100
3922747 3864156 3975304 3974371
3813883 3848372 3795681 3750128
3929466 3739001 3822283 4039661
3879282 3941091 3935363 3863390
3936131 3802697 3917265 4021236
3942014 4004180 3972028 3976939
3891484 3991524 4016342 4131132
3926912 3826328 3675205 3868899
3766505 3791635 3787149 3861510
4001235 3965042 3872077 3988890
3914099 3943868 3789587 3902986
4057844 4002209 3859842 4040862
3848576 3847895 3892621 3873532
3883909 3887644 3793137 3909247
3835476 3876082 3848582 3801407
3956266 3733389 3819783 3879114
3609929 3767306 3768951 3745831
3939006 3847467 3875102 3890492
3906972 3864400 3913871 3826225
3965386 3811650 3839344 3870588
3862870 3988415 3807421 3876352
3971136 3765088 3749449 3833455
3743881 3793268 3853114 3759249
3864077 3937472 3807638 3859800
3855941 3991619 3741922 3810238
3924706 4019358 3922828 3945114
3944650 4051261 3826327 3839741
3882085 3984547 3910317 3977272
3969414 4061654 3904080 3871505
3892731 3957639 3920036 3955029
3916140 3981906 3814948 3789110
3850691 3908689 3670501 3872738
3776879 3860048 3781133 3715644
3985682 3912147 3882795 3908092
3882915 3934563 3824613 3705521
3928451 4026072 3860647 3897423
3917001 3898060 3873565 3744000
3872480 3929330 3699199 3846706
3737939 3848801 3768152 3674660
3694474 3783038 3791625 3729298
3939682 3911401 3805823 3770604
3829283 3864955 3899077 3799135
3926196 3924362 3968735 3813417
3861122 3940968 3853888 3854845
4026777 3890777 3941987 3937901
3747042 3751439 3893773 3694804
3975288 3885149 3829572 3860853
3747477 3884662 3768470 3746495
3874548 3891816 3758795 3926881
3844998 4012367 3901347 3760792
3914298 3932028 3963392 4084344
3903719 3969278 3982292 3803787
3875664 3967421 4034094 4011789
3779023 3917506 3910335 3767260
3754778 3795674 3877984 3838999
4078380 3923070 3878462 4029155
3891254 3993381 3912465 3870252
3942636 3772160 3735805 3874864
3791540 3814276 3682686 3789092
4039891 3863036 3796235 3935377
3875671 3971686 3762572 3862901
4070329 4001509 3836271 4042253
3942457 3920189 3825278 3974078
4035953 3826781 3905128 3922465
3828723 3957553 3889969 3888909
3890448 3685160 3746040 3761737
3668991 3767685 3759353 3690768
3944766 3820932 3809121 3915273
3827846 3839298 3884768 3842444
4066568 3872437 3850702 3874150
3780832 3849119 3876276 3932475
3976914 4075100 4029938 3959249
4088236 4106643 3952174 3892354
3793648 3872251 3853446 3893188
3914506 3921523 3753421 3822526
4012232 3997773 3904304 3975758
4015223 4061739 3864678 3902167
3913653 4038660 3895481 4038535
4003652 4158957 3892261 3871639
3967825 4020716 3923247 3973353
3919946 3955009 3878426 3830509
3766570 3887862 3689143 3735402
3716752 3804170 3689056 3625339
3981767 4059710 3753847 3910209
3816038 3986907 3785123 3779649
3973719 4014032 3816226 3880365
3838707 3917623 3824496 3764626
3851484 3990411 3960941 3857728
4075652 3955313 3951850 3919990
3668511 3782543 3788402 3655457
3880207 3803154 3816553 3694020
3866752 3899069 3889663 3803601
3952784 3876059 3905266 3841398
3833296 3840584 3944201 3921408
3941270 3935672 3899530 3927965
3887602 3967528 4002668 3920519
3976573 3914991 3959891 4117146
3803577 3895457 3797216 3719456
3881416 3701649 3846932 3880468
3789567 3863502 3917118 3823969
3926323 3875811 3874765 4004796
3859369 3981231 3970078 3887700
3901160 3955873 3938048 4077788
4038300 3847919 3757095 3932404
3785985 3837515 3828564 3847035
3908963 3846740 3739180 3945915
3819879 3844710 3739171 3811273
3974488 3800544 3774261 3922227
3881810 3808208 3794458 3826105
4083122 3903970 3877280 3986456
3896489 3937318 3884233 3943586
4063823 3751625 3743232 3851760
3658452 3770608 3816839 3756412
3924937 3666966 3696069 3724158
3671792 3777044 3737909 3700071
3962938 3760103 3680186 3823439
3710361 3837481 3863118 3698217
4120255 3827869 3771629 3938477
3796273 3846311 3897463 3805817
3899258 3994355 3857746 3810783
3923186 3976772 3785194 3696876
3830987 3997970 3891390 3857057
3852242 3895940 3751957 3812475
3807487 3965214 3827567 3908991
3909769 3912431 3870905 3769024
3957507 4003927 3913251 3985556
4036152 3993969 3829484 3832400
3912158 3923190 3830351 3813206
3762018 3918135 3746442 3602075
3839963 3927819 3698032 3780537
3715792 3800009 3660913 3700227
3820621 3935396 3808627 3835937
3791168 3920313 3742698 3727614
3984389 3966557 3807557 3912552
3750184 3898612 3820783 3788518
3647998 3864686 3809872 3728263
3882941 3867561 3848017 3801198
3703280 3687358 3830258 3733197
3851866 3868573 3801517 3696963
3741586 3846212 3829935 3765661
4005660 3874472 3856278 3785495
3780711 3869374 3916185 3869717
3946259 3893069 3962352 3798435
3780368 3888022 3805949 3763370
3810720 3781610 3876397 3992995
3796466 3796959 3797752 3784997
3749333 3779134 3785371 3969565
3754190 3855299 3860591 3793871
3887529 3835708 3948696 3949382
3902150 3962543 3900444 3786389
3899309 3843390 3926453 4054232
3991654 3980609 3927802 3962642
4003379 3888479 3877801 3962664
3960434 3893695 3786614 3929482
3844134 3917624 3790726 3902425
4004780 3869633 3812133 3926942
3843191 3976516 3834003 3890930
3990277 3761558 3689825 3794185
3799573 3852640 3711646 3809732
3992380 3769486 3891717 3825579
3799108 3892073 3922854 3876773
3960590 3774357 3747825 3842605
3709735 3889160 3790668 3747676
3997134 3827213 3867754 3951167
3738340 3790782 3825791 3735528
3908079 3783425 3794882 3833688
3718091 3818232 3718614 3643944
3968109 3937827 3994834 4045333
3998276 4063872 3874397 3855508
3883855 4032074 3929054 3959861
3919692 4005668 3871600 3823712
3872295 4027847 3933895 3940328
4015068 3983376 3891862 3843762
3852371 3892335 3854598 3817515
3859980 3905122 3744414 3809092
3927938 3906142 3835080 3910889
3883072 3942424 3810142 3797443
3847027 4000647 3830314 3825442
3764956 3874764 3768319 3673151
3945412 3987753 3796540 3818038
3821974 3915648 3790489 3713680
3853133 3989790 3711061 3822708
3806623 3791472 3715464 3627078
3775530 3865340 3855343 3820782
3969454 3870323 3895208 3778820
3756573 3858253 3959652 3695696
3879828 3917239 3915982 3817232
3794827 3796881 3896653 3826734
3914418 3981979 3884394 3855208
3689019 3816153 3854637 3656508
3905303 3836978 3717081 3774820
3871281 3975641 3889526 3838803
3913564 3880277 3884883 3984759
3771199 3936662 3898123 3819985
3919285 3766326 3941191 3960192
3856096 3960284 3964952 3769547
3884684 3952846 3919154 4013502
3791086 3874621 3823653 3745004
3811870 3810085 3893476 3855604
3960642 3812960 3767344 3967906
3862552 3869186 3783248 3812077
4012295 3857414 3867221 3927969
3845872 3939446 3788125 3908272
3955905 3940621 3784581 3934706
3850375 3972506 3875089 3918974
4112860 4048350 3918706 4000897
3914061 3954698 3833839 3986997
4009734 3834481 3733521 3843164
3767390 3833969 3821811 3761818
3915064 3832433 3738166 3843689
3747733 3851393 3865148 3772266
3949806 3760319 3784088 3881820
3827545 3877851 3915061 3877077
4084585 3819284 3850721 3920527
3884431 3950995 3912862 3829222
3869168 3967619 3873763 3830003
3899655 4041939 3917713 3742554
3838706 3939189 3981778 3945847
3961032 4022214 3874055 3859676
3879802 3994893 4025409 4034797
4006059 4079403 3844485 3881478
3989796 4129707 3950179 3907601
4058388 4074612 3924049 3868765
3906820 4015773 3844873 3855979
3749299 3908478 3739041 3741807
3956943 3984193 3841963 3880896
3772518 3864777 3714493 3709335
3882060 4004173 3868544 3938840
3878252 3949693 3804571 3753886
3981663 4123846 3886854 3915343
3837190 3934449 3842176 3775074
3789225 3836677 3854922 3755166
3877644 3862461 3899434 3824791
3798914 3885631 3896125 3770154
3936118 3911463 3900713 3854713
3825951 3913901 3928899 3744623
4005719 3898932 3991794 3842839
3869189 3931350 3992622 3947551
4055981 3939871 4046085 3917708
3812032 3939142 3966586 3833894
3887011 3898013 3852333 3942946
3866727 3962718 3915474 3847944
3878707 3869086 3935418 4065019
3887254 3955635 3932452 3846653
3945929 3931308 3954027 4032420
3902781 3894019 3983487 3955066
3944679 4008619 4032585 4099373
4019413 3915944 3888519 3912112
3824631 3866742 3823774 3871161
4032387 3903373 3917173 3973605
3870368 3982760 3911073 3925507
3971065 3964499 3761530 3918451
3917826 4009527 3871075 3849766
3979540 3934252 3859457 3979973
3834603 4000573 3744306 3788325
3980216 3828052 3814728 3900620
3706733 3911213 3852469 3794766
4122174 3930430 3840742 3912611
3789021 3849121 3860934 3831997
3985207 3805046 3873699 3869475
3762811 3822728 3890746 3806249
4012876 3784468 3796360 3876500
3810989 3800914 3889830 3799055
3836183 4025481 3896831 3999503
3968613 3992032 3744201 3782813
3918279 3985875 3909249 3971370
4011724 4041456 3912225 3851527
3902623 4015075 3936143 4023738
3978540 4106669 3897847 3758428
3872431 4016100 3884898 3995090
3876051 4038166 3860691 3880899
3913074 3980222 3820420 3846613
3839085 3915193 3778370 3709947
3961244 4057503 3834970 3938519
3843651 3957314 3794005 3797266
4012038 3995190 3826571 3961202
3851764 3928984 3804004 3807357
3921715 4046508 3816858 3844162
3817032 3875024 3810502 3744582
3788418 3833644 3931950 3799501
3916211 3938659 3898197 3781399
3892975 3801570 3890991 3916101
3915505 3913482 3988306 3919967
3846422 3843331 4017949 3754839
3888129 3896387 3882502 3801976
3838744 3938959 3850440 3824419
3906900 3854291 3905813 3907180
3757728 3956872 3841137 3802067
3832460 3827568 3932828 4010865
3851392 4027200 3964996 3888860
3969913 3774109 3946285 4060624
3851092 3883432 3909120 3852424
3955800 3887745 3902449 4008074
3801428 3972747 3968771 3836251
3930221 3770024 3881302 3996610
3876322 3822940 3790263 3796148
3799492 3761284 3859121 3746716
4137552 4038598 3896623 4086609
3919073 3965391 3948950 4000779
4051227 3977761 3898646 3988602
3874598 3862870 3897065 3911023
4001601 3871062 3732626 3809260
3766776 3868233 3782917 3791421
3905953 3687682 3727157 3786698
3645815 3848675 3810929 3767932
4113361 3947329 4031382 3974355
3918737 3994955 4020909 4005418
4023028 3847331 3819890 3931831
3844751 3879606 3934530 3872123
3842184 3776738 3823052 3773047
3738656 3777128 3820937 3799147
3811814 3927637 3804026 3847817
3823931 3971394 3754118 3781035
4080284 4083980 4055305 4041155
4141304 4109581 3923615 3971256
3872661 3979646 3911348 3931169
3933851 4009898 3915882 3881958
3833549 3927763 3878081 3869036
3882522 4043708 3782074 3891857
3940330 3930069 3750385 3754589
3747338 3827977 3731009 3714828
4131881 4118181 3960679 3961972
3956545 3974400 3901327 3826960
4079116 3975127 3887991 3880566
3878407 3891922 3832254 3769991
3879616 3934621 3703754 3863860
3738373 3857756 3742647 3628981
3679088 3730384 3832447 3721337
3931717 3799767 3836389 3644113
3980936 3977915 4069574 3878447
4043461 3994119 4040836 3919122
3790741 3963432 3976930 3860779
3963006 3963974 3942915 3930417
3726925 3829427 3769237 3748141
3964836 3881818 3875547 3658780
3824609 3961499 3853042 3824738
3784732 3835073 3895498 3957090
3993360 4036554 4000739 3909034
4005314 3962605 4084706 4151801
3860266 4000702 3971752 3892783
3958504 3908725 3924044 4094646
3797405 3934796 3839558 3734682
3795156 3765947 3838772 3983791
4088123 4052070 3893521 4035679
3868013 3944628 3965811 4044530
3974546 3955267 3833802 3986705
3806968 3875351 3871149 3886608
4002159 3980209 3865008 3991532
3863693 3946992 3765412 3905417
4030960 3901617 3881812 3960580
3868871 3870002 3787298 3849380
4191908 3869989 3902901 4030812
3843675 3991724 3884183 3809607
3975512 3816629 3854858 3793573
3725808 3835876 3876597 3891855
4106317 3892967 3823348 3970773
3795793 3937791 3909751 3828914
3982710 3770754 3793502 3925535
3759655 3881637 3873900 3681149
3955093 4072563 4041336 4051339
4047914 4161862 3957562 3881583
3926672 4034016 3854739 3924254
3977936 3958511 3811639 3899317
3888345 4010646 3980394 4015288
3991565 4035219 3866177 3807332
3890545 3980450 3888143 3891745
3991878 4029661 3775724 3863747
4027341 4032502 3946549 3889112
3849156 3964366 3907177 3801587
3990691 4007036 3885867 3943017
3807690 3943012 3836229 3746149
3913567 3980299 3854324 4002285
3949695 3887336 3919675 3815470
3905223 3967902 3825806 3907405
3819323 3858900 3729455 3727732
3839173 3967442 4042487 3836843
4005236 3970787 3957942 3923589
3765718 3790826 3882990 3753123
3909802 4002944 3855881 3861141
3776169 3873082 3934638 3848158
3996529 3960781 3996442 3848436
3824208 3848931 3840997 3739003
3984434 3861719 3885318 3762301
3921942 4027590 3956849 3852318
3941970 3957487 3965801 4131558
3871462 3935588 3949283 3840776
3894221 3805392 3911987 4090358
3898967 3936648 3998226 3789648
3934364 3901082 3986272 3924603
3843489 3949158 3969022 3822249
3958092 3861518 3926403 3983464
4046444 4029476 3917424 4031322
3930928 4018908 3959725 3998717
4003745 3992406 3823829 4024972
3946042 3899501 3780880 3955583
4063864 4001846 3948608 4080426
3990861 4030203 3902885 4003474
4012961 3924332 3779690 3927951
3870686 3908622 3788542 3875810
4110825 3912450 4006121 4055116
3868545 4033849 3989664 3948645
4104224 3888210 3830597 3939068
3789114 3814529 3809296 3769026
4028686 3866600 3867347 4029017
3832492 3955470 3976337 3847246
3963979 3787412 3784423 3798992
3775328 3785544 3820238 3785719
3938386 4101156 4111947 4046031
4094228 4117056 3995811 3954210
3861800 4001292 3955651 3930219
3939900 4028132 3852983 3771875
3967457 4059868 4010882 4020824
4156263 4187571 3927449 3976532
3780755 3985608 3873758 4006536
3964658 3972545 3790478 3817159
4157017 4053618 3977805 4050124
3947609 4045229 3919541 3893294
3922679 4029241 3863280 3914215
3776111 3898753 3776942 3699668
4027141 4048550 3906708 3911841
3912220 3983955 3934529 3802473
3796898 3984149 3793033 3940494
3817535 3896682 3702995 3702239
3928682 4033628 3996715 3912868
4108901 4072645 4037713 3943668
3858767 3892781 3983126 3832253
3997968 3963450 3904096 3858439
3941318 4005493 3974673 3892648
4020368 3951779 4061192 3924034
3674451 3801021 3822773 3708638
3932795 3898005 3928205 3707081
3975441 4033134 4131453 4014299
3997839 3994111 4071332 4188589
3892182 3942895 3952102 3851122
3957995 3887663 3897566 4125650
3970049 3973516 4054225 3949447
3927684 3908312 4022228 4036947
3844578 3930684 3856602 3818465
3905166 3862606 3892150 3924276
3934524 3846699 3859467 3858740
3855291 3895121 3774686 3886664
3951524 3842732 3725558 3853140
3829907 3824716 3680326 3830914
4121879 4013928 3943254 4008069
3957196 3978433 3885323 3938731
4005265 3879277 3779275 3914906
3821253 3812361 3811447 3902867
3940222 3767149 3706200 3836770
3686518 3855117 3848816 3741243
3841066 3710561 3739343 3835252
3741105 3787423 3747953 3676598
4127929 3896861 3888280 3905750
3815684 3959858 3916331 3865719
3924026 3747738 3852064 3860186
3809465 3833620 3840778 3789543
3855092 3990497 3827885 3877989
3832733 3959405 3825880 3715113
3870121 3900877 3952075 3843707
3879912 4006550 3778961 3768929
3909213 4110128 3992056 3968480
4030326 4082124 3898379 3957480
3901355 3890116 3879994 3936232
3994482 4014850 3889342 3757872
3889649 3921419 3777301 3886233
3697789 3836310 3718879 3717081
3827868 3878096 3712656 3838017
3798870 3826772 3725013 3704711
3996998 4106721 3897462 3899556
3878645 3990341 3886481 3815687
3903753 3950650 3772912 3785250
3819498 3922574 3689877 3724031
3750107 3842452 3705202 3783220
3844914 3905105 3920535 3755894
3698925 3798491 3809562 3729670
3882722 3846851 3819675 3755428
3949416 3982349 3920094 3894631
4012799 3935877 3970814 3933831
3788890 3852331 3871033 3724176
3969938 3816944 3897377 3885959
3829649 3820534 3764877 3789139
3855461 3830764 3805033 3970107
3732439 3936612 3785330 3757854
3797543 3792506 3751234 4009224
3973890 4027717 3914388 3945518
3993835 3919844 3968845 4131980
3849728 3875806 3865761 3735911
3887810 3839898 3957590 3909906
3974941 3844912 3787914 3849825
3822194 3842994 3819408 3838981
3817482 3773926 3740419 3801802
3642261 3815667 3652133 3766577
4003652 3941569 3898281 3986230
3879855 3929647 3818597 3956987
4046289 3822177 3714673 3872099
3827473 3935153 3861825 3831244
3944684 3775739 3807477 3921128
3707604 3814723 3781397 3742764
3890756 3638810 3666948 3723555
3619647 3717493 3690260 3725800
3942781 3824289 3861060 3940649
3753576 4006979 3895771 3867848
3969962 3779827 3747539 3841703
3878181 3890898 3867902 3771235
3895400 3978022 3964109 3844501
3913988 3997289 3796332 3900565
3765459 3863035 3841308 3770291
3843586 3833108 3640489 3706147
3899239 3989272 4005282 3924589
4036042 4068499 3854327 3944062
3887935 3972432 3925877 3870084
3938286 4027366 3867499 3895738
3922440 3992768 3827077 3836236
3818586 3962317 3756948 3684665
3789717 3869107 3762863 3661137
3607756 3749999 3611020 3658969
3846989 4036787 3942056 3864390
3834637 3948900 3822621 3728862
3929903 4087769 3727574 3783034
3738261 3975044 3759225 3723863
3742407 3858863 3826899 3788576
3933971 3945299 3847132 3778747
3621675 3714380 3710947 3680265
3878737 3762562 3813252 3675571
3810582 3792087 3960874 3739634
3999686 3992303 3979937 3781803
3819716 3833877 3892981 3803258
3933071 3960905 3915014 3776858
3746435 3905405 3849388 3852486
3848957 3879975 3981861 3988155
3776263 3830114 3791662 3696338
3832198 3789017 3713850 3915437
3868151 3953565 3927658 3847280
3976858 3903267 3947129 3941227
3899724 3930016 3897967 3824418
3941322 3828032 3872462 3960622
3728083 3989005 3830088 3846264
3911058 3823603 3786826 3674978
3706351 3950577 3845403 3805599
3734374 3740456 3825786 3721791
3718697 4004561 3923368 3880241
3940284 3884177 3786262 3697825
3783195 3984460 3900759 3912277
3881056 3904927 3794274 3776518
3884024 3908576 3966847 3844668
3879467 3769635 3875177 3817550
3780109 3737466 3926235 3701381
3780830 3744529 3761671 3793926
3950332 3946215 4065404 3855837
3859175 3886684 3815607 3853826
3925470 3973094 3976940 3896400
3903683 3779623 3890686 3894510
3865582 3717706 3887514 3844455
3838748 4026259 3897501 3625472
3777677 3628425 3793979 3747100
3708628 3958764 3775107 3646445
3819020 3674496 3877600 3770178
3809327 3998384 3902932 3740909
3915150 3806868 3906906 3948860
3869044 4089881 3837507 3731065
3826772 3909239 3807903 3781295
3831771 3805038 3840574 4080504
3778727 3834402 3755791 3596554
3683917 3802969 3808078 3895241
3903351 3896951 3789281 3848446
3818782 3888022 3842327 3992237
3848286 3931171 3901452 3787081
3816058 4016682 3916321 4020401
3967633 3833886 3893319 3917254
3986294 3930900 3790020 3874596
3825053 3816739 3835465 3773768
3848991 3819115 3782166 3794260
3995220 3792520 3969717 3927316
3975515 3946865 3743627 3857199
3998699 3871927 3906995 3859641
4025888 3973297 3771923 3889352
3764731 3847262 3703480 3900930
3967250 3649831 4001572 3798876
3741002 3748829 3711548 3774505
3894755 3636891 3897346 3765280
3804854 3941317 3712242 3892619
3984915 3728655 4017108 3835499
3832154 3893803 3825483 3909208
3940088 3770453 3964268 3858915
3772498 4038386 4011501 3955713
4004767 4012962 3896661 3967853
3913200 4083948 3959475 3946168
3925009 3933208 3824844 3876130
3805324 4022468 3922128 3842774
4023425 3938338 3761200 3771959
3671692 3953644 3861602 3827118
3912834 3822983 3769060 3685110
3958380 3996058 4178786 3984712
3979131 3859531 3945754 3990440
4019129 4134038 4096048 3876446
3895260 3849600 3953000 3948111
4028318 3888392 4064809 3898088
3857539 3900879 3962800 3884218
3868007 3837775 3963525 3823284
3714209 3821321 3764532 3751968
3985029 3765399 4052247 3951428
3889212 4120051 3924068 3769831
3977894 3828782 4014051 3935928
3895598 4042300 4006421 3802661
3956554 3773101 3973775 3890171
3872962 3976138 3880703 3701753
3830031 3640932 3848644 3793218
3809293 3979361 3850718 3666903
3962645 3956710 3821694 3904052
3949810 4046747 3961964 4089361
3821122 3946049 3881307 3845336
3809822 3910517 3963510 4134090
3901547 3921195 3877745 3832239
3840720 4019538 3919797 4079437
3676023 3830693 3796352 3672264
3688244 3852577 3918604 3842818
4097999 4048296 4006293 3946051
4091709 3962372 3924498 3978665
4056691 3951996 3987804 3878816
3950328 4011992 3887044 3957190
4097124 3906013 3987843 4038330
3996396 3985385 3718033 3862399
3892032 3857740 3801779 3841128
3969585 3931504 3736347 3782043
3903074 3972106 3863442 3964168
4041401 3821631 4168913 3972303
3891106 3899007 3774850 3940617
4112791 3785476 4075115 3914134
3838354 3815606 3878625 3894721
4115432 3756360 4071765 3836124
3714149 3818664 3683493 3819565
3883137 3632715 3908593 3761521
3733909 4035481 3873326 3766386
3852688 3847729 3798206 3764393
3707545 4012134 3932912 3852616
3916485 3895800 3880908 3811811
3664366 3879067 3770235 3827184
3814307 3810433 3714783 3799997
3791932 3952322 3912504 3893954
3990087 3887422 3765945 3724645
3828449 3911097 4061323 3874858
3849337 3862352 3816111 3859969
3959535 3852776 4022773 3893878
3889575 3860950 3914506 3863780
3858788 3878893 3945797 3815731
3765706 3783067 3849514 3825431
3916650 3800842 4018598 3838299
3939707 3837197 3948352 3879979
3919147 3789228 3934409 3785718
3837706 3946829 3830235 3720282
3892855 3707286 3951695 3968456
3911546 3982522 3840664 3829120
3772020 3646078 3811946 3848352
3796369 3952542 3817461 3628200
3839308 3791626 3895991 3849061
3846716 4049336 3922950 3741590
3813944 3802246 3892825 3793713
3732924 3948354 3897937 3975124
3878522 3906004 3777283 3775234
3792723 3919878 3875309 3919538
3764948 3771689 3759530 3777768
3745449 3916832 3819795 3936249
3842552 3887466 3838169 3800596
3847854 3925829 3975626 4049111
3908593 3893818 3879729 3857318
3922830 3930935 3799285 3845040
3941878 3876256 3954391 3799860
4092883 3978247 3824096 3943034
3940124 3838790 3833328 3732374
3852649 3875521 3753614 3700005
3925997 3816978 3997436 3888729
4026739 3925754 3802191 3894828
3768536 3850133 3823958 3837887
3929462 3727894 3928599 3820676
3718198 3846654 3763419 3863625
4025163 3829120 3890008 3858760
3697022 3805582 3718018 3804509
3904902 3698206 3952552 3793215
3758434 3827800 3779522 3868409
3986575 3677730 4006256 3856101
3822427 4010227 3975514 4025132
3983107 3937564 3836644 3916321
3773063 4003122 3925729 3954355
3912425 3869253 3833259 3774708
3924700 4111324 3984304 4006391
4099682 3963485 3956212 3818638
3823775 4063842 3889360 3923038
3909437 3914753 3882199 3807464
3916633 3905152 4041699 3872572
3866121 3894048 3915770 3957483
3922883 3943722 4033398 3873220
3879546 3929009 3918348 3868946
4046174 3977889 4178360 3960018
4060145 3940502 3923015 3970585
3926360 3991426 4105854 3943450
3928852 3880352 3923135 3928351
3872655 3865248 3887723 3911257
3830283 4036768 3945335 3868668
3896207 3776423 3919249 3915848
3896222 4018171 3915824 3806303
3916100 3932131 4096235 3901412
3930371 4087610 4013510 3836149
3981171 3840791 3991291 3919974
3967716 4073277 3956450 3840935
3876159 3924467 3843192 3852503
3801422 3955932 3910536 4164152
3859309 3886439 3873377 3801468
3852823 3962961 4006862 4106539
3970885 3945072 3891875 3951091
3890952 3971782 4025908 4079642
3928108 3905335 3869748 3891715
3812179 3990232 3934867 4117729
4012530 3941600 4008572 3949844
4103672 4049323 3961155 3952710
4004603 3879651 3928138 3986350
4092120 3920563 3747574 3845210
4083583 3894067 4022501 4004679
4110927 4031415 3912078 3978812
4004039 3972567 4026173 3953049
3966571 3987639 3878697 3934745
3862663 3890320 3758509 3913343
4005433 3752001 4071229 3952315
3800926 3846445 3833793 3923159
3965551 3812350 3995884 3839354
3870536 3842694 3901697 3918721
4091927 3860759 3983501 3981756
3837359 3923438 3856157 3916069
4045469 3793352 4085338 3893221
3837707 3961871 3972725 3983629
3930690 3946584 3969890 3865705
3695005 3953347 3777806 3783175
3790088 3882428 3854759 3791468
3683669 3929548 3883015 3862283
3874802 3831939 3800343 3871355
3652734 3872950 3896443 3765421
3859834 3806363 3779491 3787124
4050024 4022137 4084016 3821527
3965001 3933774 3879936 3953700
3850888 3833603 4019067 3816869
3793652 3812047 3828096 3845556
3849875 3838258 4041076 3795983
3795184 3845805 3869275 3897983
3895009 3844254 3933931 3811723
3849355 3794796 3788258 3881429
4003252 3872960 3932742 3944231
3949136 4066913 3965909 3731839
3847836 3710614 3893625 3782357
3742577 3931853 3834235 3699078
3920911 3797506 3911537 3802719
3817914 3968544 3829676 3761160
3860807 3725094 3833962 3827757
3795825 3906354 3828295 3706548
3923715 3993307 3925633 3872606
3928858 4084618 3984648 4080535
3824839 3762930 3820477 3695452
3740669 3928535 3803423 3990482
3844450 3846939 3855715 3752447
3792043 3944529 3881500 3994959
3818542 3801757 3751146 3807942
3706226 3854610 3888690 3900953
4070701 3941491 4027683 3908150
4092634 4050717 3862677 3952781
3901721 3856412 3935223 3761314
3943785 3879253 3763440 3791496
3969698 3920918 3885273 3879419
3959117 3995354 3813684 3913681
3967438 3778062 3923899 3833609
3903374 3922892 3676369 3779290
3858934 3908785 3807014 3920689
4098321 3746889 4092996 3932853
3774910 3764297 3675750 3839745
3939333 3745818 3925512 3777657
3797111 3918327 3796246 3751090
3984317 3737948 3982284 3835850
3676608 3759603 3787285 3758345
3880323 3700436 3875482 3808948
3800250 4088135 4031245 4007273
3998913 3952552 3962906 3913968
3791195 4098522 3883053 3986237
3910340 3931933 3806927 3803067
3794291 3995791 3892541 3797306
3902822 3832959 3805283 3744224
3727554 3975784 3905063 3864241
3872037 3936026 3761805 3711636
4036746 4080246 4110872 3969750
4022275 3912181 4002700 4065538
3928485 3971624 4036084 3871920
3887786 3826051 3869593 3901054
3914950 3919076 4016266 3825066
3875904 3821601 3868240 3842639
4003356 3991733 3961388 3898176
3903731 3819308 3876778 3948236
3957961 3850529 3997833 3931265
3947221 4126203 4051156 3854084
3989828 3831106 3913041 3835337
3852110 3963013 3903698 3772575
3889199 3635053 3823806 3891811
3822636 3929646 3859639 3760370
3920264 3804959 3972373 3934492
3885422 4034965 3881810 3780765
3858918 3958221 3933119 3925264
3926259 4007197 3965154 4082284
3854615 3864958 3845866 3838644
3854559 4031214 3916601 4046679
3887034 3865306 3867695 3711614
3813264 3812398 3948832 4040414
3793099 3886365 3893170 3783285
3734296 3923357 3812969 4012211
4052743 4048621 4029899 3928022
4050828 4021300 3812974 3929744
3966916 3915315 3932345 3841207
4015499 4034462 3792007 3890180
3995672 3774144 3861428 3847408
3932734 3896444 3750108 3834815
3943453 3884553 3868475 3899762
3973265 3988762 3745736 3886755
3872872 3967025 3813212 3950354
4107463 3886628 4112410 3980177
3901979 3841658 3750962 3926601
3994577 3780887 4007726 3846056
3706716 3790398 3711262 3837215
3955652 3680714 3884467 3808967
3767445 3839797 3782214 3904777
3971985 3689730 4045989 3844231
3818335 4068563 3936672 4004233
3980639 3940047 3895888 3934264
3711048 3847824 3888572 3852283
3861587 3784957 3720195 3692877
3621594 3929188 3859449 3730464
3761278 3758507 3747148 3663083
3780591 3939294 3782584 3809946
3812968 3840029 3733604 3784407
4014663 4052491 4120353 3952046
4053821 3857029 3974709 3986525
3883632 3856995 4019881 3838725
3820110 3818188 3928077 3830750
3809067 3845219 4016112 3790950
3747572 3694994 3824423 3821230
3892386 3836513 3927469 3798204
3811837 3845189 3815076 3893371
3984677 3970916 3997263 4010580
3941757 4044682 4053666 3844602
3823506 3636867 3779635 3847035
3770879 3960568 3838869 3659547
3810174 3659943 3805003 3867799
3828577 3909051 3857721 3654772
3818539 3747750 3951916 3816572
3815222 3987739 3891412 3709104
3896876 3934592 3866554 3942334
3937580 3995821 3911921 4182157
3684143 3864412 3839540 3742873
3730751 3857336 3755666 3870409
3781774 3790040 3732161 3699947
3729812 3884717 3852919 3892686
3811677 3896436 3835380 3685211
3720845 3852277 3893402 3979925
4042572 3970299 3965283 3961305
4081440 4085258 4002546 3971400
3957137 3782706 3820135 3780545
3935796 3889928 3718117 3742528
3818408 3837931 3880544 3752536
3864884 3878803 3746285 3759878
3891911 3879425 3959397 3751583
3940111 3892451 3792966 3811419
3920001 3938381 3865175 3972115
4060503 3799939 4091043 3878069
3819174 3686357 3791086 3751057
3854523 3743058 3952950 3770239
3713865 3779457 3623813 3843959
3892408 3651791 3838916 3758441
3798712 3811323 3763887 3849901
3925371 3630661 3979092 3862645
3823638 4113130 3988191 3899382
3949601 3961909 3853788 3823590
3734582 3994759 3866534 3763592
3818971 3759314 3681607 3747618
3774648 3968949 3840637 3963656
3837651 3853565 3736202 3741394
3610420 3866171 3712739 3783180
3796620 3798401 3679607 3683198
3919052 4005152 4053160 3992334
3936044 3865338 3963507 4018702
3849247 3844816 3943943 3821003
3845598 3814945 3801019 3870156
3833407 3895734 3974452 3904371
3862293 3758526 3833300 3828406
3778128 3824603 3895856 3727660
3792534 3737853 3788955 3800334
3936825 3850815 3962872 3909245
3940076 4065803 3974664 3711393
3869497 3700384 3813079 3837049
3769317 3923057 3836181 3696738
3823978 3790634 3905344 3821933
3856069 4009693 3818010 3713605
3815692 3659693 3756760 3820260
3715970 3901466 3749083 3614419
3987971 3883522 3927406 3805229
3825787 3995311 3856544 4096060
3762894 3818852 3801397 3651379
3758183 3827517 3863049 3978611
3885894 3831201 3847683 3768943
3794763 3868925 3933634 4017933
3765739 3829334 3774698 3711122
3715387 3888014 3769893 3885206
3977412 3896137 3934925 3974474
4024385 3927478 3855287 3940635
3920622 3832000 3798938 3806230
3920159 3859170 3811707 3843274
3905320 3889334 3935498 3765890
4046618 3904962 3833797 3850886
3805584 3733181 3836608 3778282
3877466 3862897 3645121 3766767
3855842 3837598 3884392 3932879
4060316 3880081 4093665 3910430
3636091 3807396 3730230 3801053
3917106 3724819 3916138 3809447
3830763 3845392 3728762 3762367
3939985 3713980 3878580 3852007
3756773 3810894 3719996 3726020
3828860 3641035 3950943 3723788
3868795 4112511 4006416 3890185
3971511 3949006 3927858 3822302
3648198 3904752 3791859 3728762
3774057 3858742 3674230 3718119
3679248 3823432 3791213 3728803
3820954 3726649 3743117 3597372
3770703 3998424 3894296 3824263
3905688 3897045 3836771 3749543
3991591 4069340 4133896 3881936
3952631 3999614 4009490 4021083
3768295 3808423 3948853 3742118
3815404 3804748 3775277 3831572
3819347 3792151 3934796 3766892
3767732 3788984 3823971 3780242
3982073 3896879 4059089 3864037
3896211 3768683 3775682 3892127
3991523 3808381 3979013 4028762
3962929 4080238 3947328 3896807
3851707 3677330 3788752 3818897
3764501 3872032 3768222 3571092
3808948 3711462 3779483 3766765
3749929 3918292 3842876 3682573
3837598 3755575 3915532 3923572
3843413 3975432 3848785 3673147
3963787 3985571 3912356 3924897
3913768 4071614 3910793 4128850
3767303 3807338 3674703 3709697
3648338 3844720 3887158 3957465
3800621 3786193 3720681 3694940
3722596 3832559 3842725 3883574
3876761 3910956 3797048 3814356
3830338 3994909 3880233 3979255
4071063 4027395 3986391 3993628
4067889 4058261 3779810 3948779
3838502 3838849 3849480 3795378
3835452 3888337 3681982 3782264
3868391 3774406 3873912 3793841
3849843 3871538 3663248 3692145
3944362 3867694 3858033 3971557
3942689 3962975 3849890 3886952
3845393 4005102 3876887 3939891
4109787 3853288 4101233 3980055
3733762 3834850 3688166 3746254
3812388 3638831 3931034 3775900
3655874 3786338 3675608 3760794
3845682 3588692 3898949 3801234
3724030 3822967 3735610 3829866
4010353 3813603 4004450 3779097
3812180 4080277 3987348 3974500
4017068 3926621 3868182 3903400
3786320 4025735 3922841 3855129
3875891 3892566 3693916 3755979
3717866 3923257 3946184 3874840
3861711 3936083 3790260 3843754
3856094 4087767 3992311 3925959
3891687 3900887 3892257 3917445
3966533 4079302 4101310 3882681
3955717 3888703 3968021 3957385
3951882 3927290 3987546 3865323
3866837 3801902 3882104 3849683
3922189 3891427 4057048 3908027
3916997 3850445 3762846 3925271
4047032 3978198 4104606 4023956
3955588 3929011 3964755 4008650
3968896 3853737 3981966 4042195
3904566 4151063 4065058 3833764
3811288 3815328 3893139 3784985
3884861 4035376 3839123 3694279
3906494 3746829 3859445 3899004
3815722 3990323 3914149 3711372
3999468 3816498 3917162 3939603
4004504 4036563 3944777 3820720
3906483 3972121 3947692 3867295
3795923 4083041 4053042 4086116
3866838 3912108 3835656 3734817
3766706 3883748 3858669 4024028
3863199 3905349 3733939 3768801
3754109 3916641 3893991 3963772
3911238 3973684 3942514 3865369
3810247 4025247 3994002 4158800
4058535 3986247 4073485 3923014
4131675 3977724 3912522 3975684
3946594 3871493 3866647 3925238
4032122 3987783 3843334 3890715
3995991 3939608 3864761 3889869
4011230 3930480 3784413 3848377
4021199 3979759 3971076 3872432
4055758 4017793 3846177 3925505
3855906 4007857 3761041 3906818
4165757 3789020 4033268 3939957
3735630 3896026 3723596 3875057
3924150 3782537 3983430 3784006
3794259 3858200 3669210 3911970
4003965 3725181 3885633 3894532
3948272 3978404 3823186 4003119
4186230 3801115 4070064 4056888
3932054 4049362 3910381 3935967
3926971 3993878 3942197 3826106
3821954 3931477 3833015 3885506
3963339 3796499 3877130 3763784
3830632 4002706 3897089 3878544
3902442 3904876 3786374 3886278
3777883 4087755 4015483 3916999
4013527 4009923 3817842 3910830
4054877 4020991 4094546 3956969
3977367 3866695 3957722 3969345
3902214 3912590 4062092 3745379
3822694 3819373 3847704 3863827
3933805 3969061 4055581 3959733
3941979 3846372 3871692 3886523
3960010 3974677 4104764 4001634
4014641 3873165 3876999 3994425
3979172 3867094 4007189 3914028
3891439 4066471 3998469 3825784
3883668 3767298 3914427 3845142
3809217 4019939 3929846 3670069
3866182 3793727 3936293 3986906
3880000 4033982 3876302 3719190
3934550 3846010 3955871 4002443
3898031 4013807 3938617 3802665
3969682 3954845 3829150 3939463
3808068 4068463 4045539 4106652
3807258 3904870 3799073 3893617
3864154 3848348 3915202 3992524
3906313 3861599 3894630 3813524
3816648 3948868 3903832 4044028
3947059 4041886 3906095 3819921
3864445 4025041 3921351 4054803
4061451 3943952 4002620 4010454
4110427 4052626 3899632 3997892
3938935 3893987 3856010 3866320
4054616 3925945 3785565 3848391
3935402 3920568 3939150 3859203
4044270 4000129 3844287 3933165
4016067 3885467 3916947 3962376
4023301 4019087 3862644 4001056
3840697 3972206 3826842 3970199
4126421 3905730 4076807 3977151
3742360 3860665 3768832 3825800
4012392 3692090 3969402 3852883
3845816 3871861 3717605 3912668
4004526 3801410 3986354 3857566
3842288 3890179 3808680 3970259
3965670 3817247 4030822 3938561
3665790 3901101 3687224 3813869
3761505 3811058 3704594 3673978
3829987 4068182 3943372 3930747
3920158 3931073 3806492 3722798
3606638 3966599 3819629 3818525
3813243 3802149 3708166 3616384
3832347 4123671 3950597 3967470
3895378 3932043 3816250 3934877
3861564 3804312 3967812 3791670
3772322 3716620 3787272 3802176
4019431 3993965 4142349 3924472
3914561 3847075 3906730 3955518
3868007 3854950 3924402 3724548
3825130 3703225 3787695 3886671
3919785 3865281 4035735 3881972
3945445 3861769 3931116 3913406
3800887 3656654 3769444 3809157
3799662 3886928 3763227 3583814
3960362 3781242 3980414 3905089
3818697 4065336 3962328 3788862
3754256 3687109 3847883 3777563
3779366 3956632 3810284 3638152
3892301 3836821 3907062 3905133
3890057 4054214 3920471 3797314
3746828 3868539 3753942 3733275
3705540 3750143 3835967 3934693
3936327 3932965 3891901 3913490
3870882 3979967 3940330 4049272
3728038 3822469 3824028 3757823
3740954 3804507 3790220 3903593
3913600 3943078 3858708 3828266
3838032 3986373 4019318 4024888
3765768 3743333 3822723 3707021
3813162 3887392 3716286 3799859
4069594 3928702 3995042 3912849
4016652 4032413 3897622 3898660
3917721 3832334 3784852 3780670
3898505 3861737 3683376 3889516
3944137 3965988 3929953 3893119
4055874 4033484 3842110 3904361
3702335 3770517 3646515 3788879
3819842 3612190 3918136 3830375
3873639 4016430 3906135 4042587
4031404 3918529 4115392 3918223
3694662 3710107 3677307 3746239
3887754 3671427 3889481 3806862
3792522 3917236 3774242 3879147
3986224 3896515 4032703 3857572
3936335 3934796 3893803 3765847
3802309 3796687 3805461 3839264
4009596 4131201 3995141 3987720
3915423 3907803 4046148 4021664
3916805 3949230 3989342 3774560
3868987 3852414 3844279 3816524
3920097 3901089 3816447 3671180
3768518 3814050 3729383 3796889
3873482 3781031 3816163 3802655
3894887 3866674 3793021 3877189
4023154 3939923 3993038 4098730
4103442 3949927 4072729 4025001
3938725 3800687 3823422 3842286
3952871 3817699 3903732 3842394
3933643 3712238 3783986 3891508
3833296 3788932 3736441 3757247
3829229 3853078 3879223 3894275
3830337 3881521 3988456 3881493
4000774 4102961 4059567 4104198
3974921 4050949 4165104 4108906
3956723 3851274 3797401 3972861
3812452 3845864 4070836 3929525
3797769 3880594 3809445 3851999
3849119 3809423 3974831 3930976
3826164 3823987 3826178 3838410
3895713 3809137 3896661 3740669
4032341 3979239 4023576 3965875
4028735 3998568 4089528 3912340
3848289 3876601 3861539 3770965
3901443 3797884 3904891 3771160
3842954 3811887 3794491 3708890
3886513 3720921 3778015 3714408
3756941 3931822 3967911 3921941
3822815 3939136 3950584 3975438
3927491 4199558 4112537 4119701
4009446 4084755 4193192 4233914
3804521 3935887 3889360 3868740
3857194 4024536 4024726 4060211
3662239 3987855 3972825 3838907
3746842 3880085 3890220 3973009
3823358 3807772 3860899 3744851
3816569 3972503 3894474 4003265
4003765 4038934 4047847 3959188
3960866 4095877 4060680 4212785
3896987 3823515 3888832 3779004
3819118 3960009 3941812 4050296
3837071 3708727 3780905 3714425
3665077 3950505 3800309 4030497
3887437 3992183 3895554 3800804
3852024 3888685 3834346 3914809
3923284 4002724 3993352 3829870
3825713 3908451 3870837 3855413
3879655 3964269 3892769 3782867
3779270 3837171 3841751 3820208
3897660 3957671 3938341 3722167
3894692 3892495 3843636 3860315
4061061 3816221 3850597 3933984
3872133 3893696 3774393 3877040
3834663 3796075 3851869 3928551
3906874 3895693 3862043 3878652
3853728 3668576 3739506 3819681
3843764 3785792 3796556 3801161
3998062 3834299 3879769 3925460
3919033 3882401 3845568 3825043
3895037 3921678 3836700 3990840
3858050 3930113 4088659 3995927
3890149 3952899 3896419 3998225
3840023 3970410 4071131 3887270
3811403 3774729 3781187 3897222
3726570 3830715 3899506 3904230
3900199 3955878 3864360 3984353
3860144 3949764 4033498 3871475
3916751 3846244 4028430 3915950
3996717 3841829 3913858 3819927
3896772 3870946 3938629 3877380
3970517 3895729 3879755 3811625
3777159 3870451 3952660 3854198
3918767 3788633 3852046 3743932
3935650 3820327 3920484 3929775
3975712 3766256 3844226 3805417
3753137 3997528 3957836 3941931
3892831 4008913 3978529 4036603
3823872 3991529 3987480 3951358
3901223 4055915 3990410 4009060
3743754 3902952 3955732 3865726
3911018 3928949 3895819 3938689
3770754 3884211 3970745 3941645
3901398 3961250 3893489 4028235
3896619 3931641 3858092 3750275
3782614 4000555 3905348 3928836
3930862 3845489 3918303 3766070
3832564 4059629 3920383 4070328
3887604 3775120 3812950 3744821
3667770 3897189 3897007 3998608
3884515 3831079 3851769 3750780
3741528 3931303 3936266 4074243
3989899 3982480 3915921 3820376
3877214 3925917 3882799 3914857
3966583 3938091 4008576 3817019
3832794 3990962 3924913 3880698
3842032 3946217 3932756 3848750
3876785 3864878 3865018 3870449
3921577 3950752 3962192 3759925
3818239 3889829 3848670 3907696
4010663 3771637 3861935 3962812
3930490 3929745 3924024 3893681
3908474 3888433 3831860 3915169
3922718 3928690 3847637 3884718
3944253 3794898 3871872 3887344
3987443 3901897 3923529 3880881
3978353 3751365 3814558 3963309
3937406 3796243 3886990 3856311
3888085 3914922 3894319 3987541
3851735 3899959 4109009 4023929
3899758 3946697 3906664 3938132
3789187 3962507 4116781 3988157
3886317 3796593 3808329 3867460
3879860 3909166 4018518 3912376
3926014 3921682 3885677 3956693
3770106 3898177 4068323 3948502
3897106 3895392 3906253 3901603
3974685 3800316 3948656 3861615
3890221 3879846 3955599 3928207
4009368 3845849 3933150 3805106
3799780 3887968 3851226 3776772
3922368 3801947 3901959 3814934
3912081 3862204 3860725 3915904
3968662 3826671 3933280 3787939
3861116 3994871 3961727 3888100
3912350 3910158 3995385 4001728
3748524 4035936 4038198 3938426
3953292 3985707 3938212 4046548
3785639 4046969 3972242 3933752
3899042 3890108 3978008 4044980
3752949 3998274 4019430 4037643
3896848 3945594 3913223 4029853
3976317 3871552 3907469 3900149
3862972 4043307 3942297 4088675
3888714 3830379 3895483 3756855
3754391 4007367 3991954 4144068
3917934 3878757 3870086 3800946
3811939 3958393 3957388 3980622
3907686 3911243 3922084 3798250
3775812 3978223 3906003 4032338
3915432 3875394 3844667 3767775
3857134 3875533 3853496 3921156
3813666 3806889 3812463 3694893
3738263 3782474 3761672 3743675
3920707 3963577 3893490 3812455
3945909 3850621 3979086 3923765
3816930 3754755 3813985 3702390
3716476 3787273 3862301 3781079
3793915 3750587 3853631 3901095
3860902 3848075 3776703 3904912
3768975 3607059 3673562 3795360
3819379 3789175 3720683 3657301
3963640 3840500 3874594 4016137
3923983 3883929 3887064 3907886
3774977 3612487 3714291 3789442
3827566 3762519 3741495 3696484
3936110 3839485 3860658 3866361
3893661 3850321 4055043 3960754
3801348 3662015 3713516 3760377
3791938 3807733 3905384 3762449
3914610 3966575 3859107 3962298
3860811 3871714 4001506 3889039
3776969 3770729 3716669 3936952
3678075 3790231 3860147 3859496
3959318 3866085 3838307 3782198
3870595 3774778 3873459 3759178
3716641 3726149 3776977 3716920
3802291 3644106 3817760 3591896
3901177 3882636 3881730 3839795
3977494 3806547 3979520 3884995
3680997 3768862 3729762 3712480
3771543 3711915 3746344 3701853
3856077 4074974 3952370 3863130
3930918 4030219 3931498 4043731
3694681 3900651 3828585 3792578
3812548 3811671 3845113 3914827
3805951 4014809 4000117 3913649
3921163 3944003 4010396 4050973
3671106 3929927 3808223 3817425
3767849 3800196 3770907 3838449
3912663 3855449 3818855 3711117
3730309 3992825 3780788 3994134
3848933 3872506 3785996 3678250
3689907 3756928 3708950 3863487
4064918 3965840 3882049 3798173
3795391 3999061 3903364 4056602
3832846 3740144 3716037 3709181
3649418 3860382 3782050 3909429
3939772 3987771 3888774 3920532
3847675 3883911 3983974 3910963
3917455 3907951 3898548 3843355
3799755 3813957 3867289 3806259
3940955 3975783 3944569 3870506
3843096 3898500 3888168 3931812
3916880 3905921 3860946 3696509
3713521 3821201 3850844 3779767
3965756 3878872 3973144 3967344
3889756 3952814 3821692 3927647
3870969 3730389 3786199 3817244
3926640 3897441 3877820 3853020
3913314 3785528 3834734 3856366
3929828 3927008 3796724 3947516
3931557 3728124 3736891 3820579
3847204 3840821 3753598 3831933
3975746 3954720 3897801 4056779
3914418 4004455 4135416 3967617
3854883 3886912 3806459 3938114
3799429 3845826 3993330 4021068
3944722 3914572 3877153 4040658
3758376 3876653 3959483 4011307
3902426 3775133 3745487 3926383
3834306 3911677 3969746 4008899
3912975 3848102 3877505 3883624
4051858 3886324 3946448 3852421
3914798 3843122 3827483 3802862
3995644 3777145 3843435 3792542
3911255 3847492 3836594 3817148
3908013 3695172 3963090 3853850
3882285 3855389 3835710 3804544
3831516 3832047 3871384 3761165
3825129 4134933 4034409 3948879
3925543 4044786 4006562 4007416
3715293 4022038 3931133 3901996
3856912 3925871 3934418 4049806
3787229 3984969 3917871 3899855
3903270 3921762 3961716 4061777
3733176 3944041 3920206 3807382
3782251 3933661 3982226 4024741
3980267 3856050 3972931 3893999
3825995 3913992 3945032 4090499
3899522 3787992 3904502 3760121
3745727 3904588 3825303 3937363
3910766 3845394 3872389 3851084
3775755 4059537 3850969 3966432
3843171 3796943 3866118 3721802
3651082 3988523 3858294 3953538
3907960 3840132 3907682 3804999
3850426 3849598 3957729 3910048
3844034 3830886 3773561 3715544
3669330 3823889 3745796 3800170
3910898 3899288 3861697 3748343
3799201 3774697 3849194 3836680
3909633 3949572 3900639 3857635
3843418 3907476 3839617 3894259
3984447 3725785 3831647 3903694
3866779 3845569 3831042 3792451
3778232 3683158 3766423 3859324
3774431 3720489 3702701 3763590
3879992 3686812 3742363 3926207
3910102 3849408 3791470 3956584
3899541 3829455 3837662 3869782
3871258 3864505 3899797 3890071
3935029 3877434 3838630 3857278
3813585 3888820 4035686 3906187
3816709 3712426 3726455 3920826
3735152 3767380 3915475 3836681
3868363 3833971 3794185 3864680
3736166 3881336 4053658 3870928
3931727 3902960 3845361 3989474
3812653 3915686 4039157 3938680
3879097 3912386 3940304 3816929
3854259 3841919 3940377 3839319
3797596 3753491 3780794 3729785
3816096 3719832 3814338 3651506
3851651 3808516 3855259 3834553
3929061 3766474 3910081 3713809
3905114 3920134 3915427 3815242
4009730 3870750 3944536 3872765
3766099 3998311 3971274 3935018
3914173 4002722 3978956 4044378
3653065 3801962 3844646 3826959
3810327 3772688 3820004 3940294
3733330 3957402 3957029 3897157
3809922 3871283 3925578 4031775
3736214 3970520 3939969 3938799
3866741 3975318 4055715 4044514
3879918 3831990 3928216 3722903
3726513 3967353 3916558 4091204
3818319 3729948 3757105 3608719
3603705 3850700 3680795 3955490
3922952 3883804 3828399 3757318
3741866 3958892 3897601 3984777
3899066 3857581 3874585 3811113
3861131 3976168 3874743 4041080
4004743 4078576 3985453 3986100
3924970 3979906 3922149 4005502
3859199 3887907 3931509 3852428
3779696 3832147 3786892 3889177
3845056 3823713 3829168 3731422
3689817 3814514 3777771 3787768
3930804 3966571 3972099 3841365
3849531 3881130 3969578 3891791
4051411 3880494 3965042 4084437
4068862 4019205 3924522 4023991
3863574 3762392 3856640 3911614
3951118 3870051 3901085 3891888
3782740 3742084 3771878 3828140
3837380 3809198 3802925 3725451
3931304 3812716 3860948 3948638
3923814 3966502 3954787 3942658
3997777 3999395 3959341 4088638
3945808 4076662 4066942 4035084
3910170 3883968 3890313 3932802
3834495 3930329 4094440 3875889
3830094 3761170 3734289 3887668
3772401 3808860 3979135 3852517
3989970 3937654 3922164 3982772
3956218 3957511 4085357 4016659
4002728 4010889 3962934 3955370
4017656 3929168 4060055 3913115
3818815 3891224 3928875 3803361
3863232 3820654 3940732 3898410
3848710 3754355 3817187 3704089
3849016 3654672 3725253 3628164
3937845 3876182 3966469 3826653
4056074 3836269 3958628 3857398
3923069 4147276 4092164 3947225
4021312 4069428 4022733 4128395
3730774 3976687 3948244 3926178
3837899 3993930 3914731 4053691
3659094 3890832 3807066 3868357
3839295 3876094 3815582 3980800
3816436 4014931 4049796 3907989
3911198 3956771 4050631 4091769
4038249 3995198 4005466 3873734
3853940 4069223 4003717 4142858
3893988 3856240 3825216 3794004
3819431 3986086 4007872 4034518
3851975 3703472 3808547 3736441
3808063 3832118 3802164 3955335
3986106 3918979 3903956 3831338
3768027 4066447 3934032 4014745
3901268 4031055 3996686 3792122
3871548 3925825 3870237 3834600
3937110 4016073 4018559 3849030
3889370 3892627 3855262 3890759
3830910 3957431 3908337 3775914
3834301 3914572 3825459 3813092
3880737 3941490 3910283 3786982
3758346 3815550 3839184 3880106
3977929 3790079 3796158 3929094
3999476 3855728 3865317 3801207
3987321 3738061 3844549 3945394
3944940 3955996 3894959 3901756
3917501 3802762 3887462 3916290
3940494 3960800 3956085 3864783
3870581 3850770 3866121 3900719
3928935 3862683 3799328 3842145
3915716 3888061 3851496 3887779
3771088 3928044 4107177 3940811
3847780 3866806 3911579 3982707
3898339 3962791 4020640 3978698
3911202 3843981 3937236 4005349
3898510 3923143 4072837 3950967
3836711 3828007 3829976 3930133
3844543 3910570 4065471 3974686
3907782 3991476 3989976 3867107
3949650 3815795 3976144 3791422
3919970 3810986 4027355 3878145
3965653 3849071 3923086 3804930
3834617 3886058 3926840 3788268
3850917 3803961 3916199 3813300
3900344 3798264 3938633 3863867
3927312 3828999 3923477 3785388
3783078 4018281 3925968 3890934
3895824 3943288 4016390 3997529
3781508 3959226 3921005 3976787
3950330 4013545 4016702 4087966
3877087 4002440 3971799 3902577
3879449 3977159 3978755 4088600
3718868 4018276 3975566 4032087
3913150 3991596 3967916 4022756
3967199 3818549 3958490 3893895
3769063 3984606 3947263 3983000
3947053 3885585 3913203 3778962
3856322 3962675 3975943 4110614
3933101 3800182 3929584 3765886
3804722 3987327 3874050 4036801
3883905 3841633 3903116 3773807
3739230 3982331 3900880 4034767
4037014 4026363 4087609 3871985
3976808 3949276 3910059 3944484
3939973 4039188 3913048 3863860
3889095 4002944 3966248 3966897
4131452 4152490 4070461 3968969
4043491 4070240 4066064 4079183
3803540 3971275 3907988 3841579
3771380 3852858 3929587 3828381
4039108 3904114 3962846 3948008
3989862 4013476 3911919 3945566
4053829 3867591 3962346 3968310
3902630 3902845 3911783 4003513
4079819 3932384 4026578 4090338
4167106 4055512 4130192 4011895
3896634 3785421 3826725 3878787
3895175 3888462 3819876 3843873
3947029 3958449 3895454 4025956
3945788 4029069 4117282 4074889
3975864 3934166 3941398 4088258
3902738 4034135 4125970 3990453
4095149 4159850 4052691 4129069
4041432 4077906 4206363 4101975
3876200 3969532 3815669 3904775
3820567 3866286 4028925 3891666
3918713 3958357 3994801 3908819
4118592 3963300 4074443 3850805
3999247 3917994 3935345 3935500
3993461 3899138 4006899 3840973
4039965 3973520 4010289 4008982
4104388 4048256 4082178 3969963
3809471 3887349 3873827 3783129
3933844 3848513 3866997 3791928
3916369 4079312 4031968 3929051
3939940 4099698 4037501 4128482
3865114 4073265 4027523 4005747
3847330 3987284 4020047 4074731
3964614 4274117 4124589 4131520
4122098 4150871 4150321 4192805
3763779 3949424 3948006 3957987
3893382 3945230 3950583 4017655
3988984 3958309 3958863 3849068
3946536 4091618 4043245 4181920
3932253 3951437 3971261 3804452
3810769 3951465 4005651 4116635
4118334 3994100 4111300 4002086
3933887 4067736 4079855 4274995
3923908 3837871 3932784 3719160
3806267 3973762 3953266 3984186
3821882 3820505 3801742 3735774
3736131 3766066 3844006 3758266
3834968 3888332 3899168 3705543
3790267 3865219 3846915 3821851
3881611 3942413 3890792 3717963
3726360 3819852 3850840 3826386
3936143 3927297 3941328 3854792
3848999 3968076 3845995 3917130
3843509 3698778 3735954 3792810
3841061 3752263 3675915 3797412
3907137 3760087 3821434 3829356
3921258 3931238 3839129 3914267
3830560 3819855 3874423 3946571
3845734 3788713 3896646 3818844
3943743 3711928 3833925 3960582
3949871 3906183 3963103 3908066
3778193 3773993 3747133 3878773
3758812 3853586 3881245 3769798
3902102 3885606 3798146 3958049
3838084 3842002 4002711 3839355
3821836 3907120 3871347 3977909
3813947 3916379 3989099 3923235
3981042 3908918 3893839 4021778
3955835 3991742 4067185 3932199
3698338 3720241 3813245 3714756
3917772 3698721 3777914 3717624
3876999 3799421 3836797 3927506
3861152 3806639 3997107 3821445
3892160 3905114 3873130 3850301
4011414 3805763 3928536 3801118
3918086 3917895 3934106 3880378
3977185 3805000 4014525 3816707
3680900 3991425 3859443 3810728
3810121 3823207 3904141 3896588
3701121 4005068 3936589 3853550
3835820 3937341 3888921 3976350
3770965 3929318 3908878 3946253
3849311 3928642 3969713 4015690
3842158 4004120 4070069 3861235
3922879 3931617 3977481 4042672
3807856 3743226 3794647 3663955
3672334 3878005 3834609 3944316
3868041 3823743 3804192 3800828
3841479 3946296 3766129 4014001
3965401 3910354 3870558 3796577
3869282 3917588 3871200 4020862
3962538 3869441 3859428 3844261
3786244 4015028 3969388 4135009
3726048 3802468 3724539 3609478
3600158 3702922 3709214 3600831
4030105 4054281 4085452 3916747
3956658 3935961 3976621 3988481
3997922 4027160 3953795 3911848
3972967 4041483 3932226 3974596
3916166 3903015 3772916 3812945
3791936 3854311 3850702 3847552
3745492 3598951 3697598 3770705
3702433 3737215 3649327 3704042
4055072 3894952 3916380 3990476
4035540 3968325 3834705 3952843
4050981 3914452 3941350 4026587
4075910 3989035 3871859 3981789
3896449 3767631 3834225 3835243
3866270 3866850 3798175 3833029
3775511 3703327 3622139 3716206
3695088 3757777 3869407 3768859
3927429 3963454 4005800 4047826
3940108 3999818 4114968 4055972
3995289 4012205 3971686 4080437
3928240 3982252 4099146 4097134
3943136 3944627 3825664 3893780
3771549 3887142 3985104 3956782
3643350 3742731 3787140 3668956
3717112 3667242 3775470 3607192
3948644 3945752 4015036 4009031
4082444 3987243 3991212 3834074
4021864 3974320 4010178 4001110
4049932 3906638 3986939 3927601
3851068 3874205 3891263 3798783
3884007 3841922 3935311 3822499
3549066 3738972 3718594 3709510
3694890 3794495 3781319 3848510
3853315 4135014 4010168 4002071
4023095 4091890 4116444 4207972
3865055 4138113 4074584 4029765
3999621 4151821 4134968 4111675
3713867 3920886 3896498 3930812
3886762 3989444 3894063 3950282
3825953 3694210 3700425 3648419
3594659 3732873 3680233 3864267
4061637 3987384 3985529 3885881
3918755 4116099 3922199 4166446
4010178 3988227 3941955 3900238
3802976 4052316 3991617 4170654
3844657 3798465 3843189 3759322
3711795 3954087 3820886 4000958
3735794 3767535 3712964 3642351
3705517 3672434 3769371 3734729
3912298 4005014 3981573 3880284
3897708 3895395 3979757 4000741
3903084 3980494 4015099 3816388
3911655 3987688 3912959 3892182
3998752 4084831 4076478 3917483
3846757 3990235 3976646 3951797
3769716 3597491 3674357 3749674
3827779 3721973 3736933 3708221
4000605 3826072 3983534 3931705
3985989 3981764 3861503 3970281
3969489 3781069 3869764 3930907
4008902 3949342 3869296 3938332
4006409 3862499 3894973 3980697
4040816 4020505 3963428 3957569
3772370 3699653 3699454 3730942
3720130 3820406 3823414 3873454
3960663 3944755 3925868 4050290
3925259 3980973 4127698 4038748
4011691 3947787 3954485 4002002
3925033 3938204 4004344 4050775
3983096 4007820 3961333 4145661
3940884 3985280 4147331 4118539
3635305 3759242 3765540 3616811
3798803 3703027 3751924 3640386
3947840 3922655 3956083 3869110
3997285 3843294 4074304 3884893
3922517 3926717 3963952 3849326
3933312 3878036 3982202 3828378
3985404 3962333 3981406 3872007
4008736 4003616 4026570 3960575
3617894 3759093 3796931 3798265
3818322 3739962 3738327 3890027
3881657 4088728 4034938 3977789
3975724 4066691 4063133 4003841
3815147 4036467 4024778 3887518
3921429 4081658 4005942 4083944
3749061 4080149 4115960 3971460
4001258 4087618 4023924 4131832
3854942 3684361 3751456 3661465
3665269 3851829 3695312 3838499
3918724 3930046 4017097 3806563
3854306 4094012 4012951 4098229
3947708 3967127 3961571 3750472
3807358 4013506 3950441 4102153
4014643 4006446 4008233 3893163
3867461 4081227 4052957 4204211
