4047747 3855536 3932223 4003151
3900215 3838195 3850410 3921632
4128417 3996465 4034071 4027601
3906964 4009062 4002366 4031703
4084264 3956225 4042345 4067148
3950752 3944500 3953086 4023465
4092248 3915942 3938934 3942077
3917525 3941168 3876327 3835435
3842597 3933539 3822369 3924821
3954690 3868107 4003920 3941781
4037837 4000342 3913898 4029306
4015222 4075635 4001301 4096218
3858541 3957996 3895684 3980295
4121795 3961587 3981473 4023171
3903717 3887423 3930341 3877720
3977336 4015871 3964753 4106989
3828482 3840876 3872542 3751175
3929401 3930786 3880016 3827281
3917698 3939214 3965682 3886070
4008785 3938179 3999592 3882197
3847607 3871403 3988182 3859421
4004758 3970361 3940387 3879848
3869321 3838702 3986597 3902985
3887832 3932248 3828862 3825988
3884608 3934862 3941261 3816334
3972002 3911969 4004710 3801042
3999167 4011425 3984969 3938457
4008782 4023606 3953250 3962574
3959509 3994591 3993066 3942308
3991917 4028474 3969429 3890830
3955052 3977026 3934541 3899716
3958437 4047523 3931550 3781418
3836501 3973608 3816215 3777832
3930809 3882327 3875425 3964907
3923811 4069652 3972260 4031828
4090421 4056513 3993462 4128277
3876551 3907801 3836846 3934999
4005753 3929336 3911694 4025883
3819923 3943951 3854510 3921659
3985866 3974550 3888141 4031321
4023296 3734256 3870419 4009524
3736674 3853346 3974843 3798332
4076868 3889436 3956982 4069836
3832708 3952179 4085508 3948858
4063460 3823438 3851473 4038361
3856341 3851330 3961153 3870736
4044682 3777648 3911310 4048738
3686721 3888061 3926948 3891466
4004961 3906775 4010712 3941949
3917034 3862496 3875210 3772064
4040886 3897387 3971378 4000973
3850285 3910206 3866097 3915328
4053252 3888438 3964442 4021586
3912182 3889222 3822054 3904693
4082755 3829312 3917878 3984304
3825733 3918776 3870330 3797743
3881446 3900246 3773349 3874580
4039598 3945242 3925091 3918965
3863376 4011992 3927423 3937749
4038347 4001340 3928251 4019912
3916933 4018815 3845199 3919403
3974573 3982772 3941459 4012144
3912384 3905199 3826349 3865075
3922737 3901534 3946803 3991701
3864424 3846106 3860417 3848743
3900019 3891561 3807496 3774559
3903038 3940690 3908308 3918326
3939382 3892784 3918156 3756690
3910885 3930403 3941435 3867911
3902794 3909413 3917620 3833455
3803387 3814833 3887509 3820417
3866875 3883215 3853852 3742157
3926868 3945648 3932884 3917277
4021013 3918121 3853153 3837203
3994928 4044019 3998638 3949327
3991714 3928674 3975188 3799042
3922902 3899020 3901884 3925173
4005710 3955419 3975817 3730482
3894407 3931217 3889789 3825626
4009117 3942851 3851125 3755778
3840106 3971238 3861806 3857532
3961319 3895066 3877237 3921388
3893345 3987853 3934567 3933610
4050451 3883531 3963579 3868371
3858638 3952388 3861749 3997253
4037474 3907056 3880766 4052078
3898251 3917374 3779755 3829815
4039650 3881742 3853995 3917963
3946918 3762384 3915819 4016395
3673960 3834177 3983839 3908399
4020995 3825424 3949194 4005497
3745070 3940554 3876038 3888820
4035660 3788036 3868805 4031150
3701130 3906513 3999341 3878052
3876529 3760491 3872692 3925695
3582594 3875993 3976585 3956622
4194440 3945138 3970057 4108022
3962801 4012510 4008913 3990119
3881610 3721034 3865474 3896521
3713487 3766128 3820409 3741498
4056354 3786483 3958642 3900611
3906647 3845083 3935854 3970330
3997815 3912496 3962691 4018309
3923770 3900515 3784421 4011606
3891257 4045828 3890936 3954408
4000665 4019717 3979498 4100495
3784957 3832120 3703302 3767387
3844679 3854549 3777386 3880247
3787491 3924996 3847929 3866336
3929932 3944693 3926218 3960367
3902053 3933758 3887481 3950275
3997128 3944005 3940385 4043406
3906623 3993888 4065082 3852589
3931697 3932496 3974086 3903843
3724488 3745606 3821741 3682088
3815169 3835015 3752921 3693173
3800041 3787555 3943545 3931310
3906801 3971577 3872324 3766497
3856849 3895079 3965925 3977670
3914585 3930869 3972944 3893628
4049771 4020768 3948291 3951142
4050039 4112880 3999819 3870427
3763883 3778126 3777887 3838788
3859075 3896168 3757190 3756737
3866724 3838206 3917847 3886091
3938583 3921755 3897049 3814669
3985602 3942767 4001726 3889995
3983744 3989496 3936628 3808516
3934234 3967976 3974099 4002125
4084089 3995315 3936542 4068921
3708303 3803726 3730794 3837528
3802447 3798240 3848257 3909676
3826515 3910325 3807110 3902977
3936174 3885269 3910028 3957860
3896105 4028488 3938164 3929770
3993779 4000938 3860040 3961411
4115453 3892380 4019551 4141905
3791985 4014681 3993224 4052111
3971841 3677831 3780754 3925282
3589084 3707257 3877533 3781244
3995507 3738980 3939583 3966062
3733765 3794872 3958384 3870172
4006745 3784264 3913443 4054295
3798152 3990193 4002774 3999265
3900005 3783698 3869185 3927103
3726886 3889762 3814569 3849289
4000798 3892374 3939153 3967876
3792857 3926619 3868058 3869135
4159030 3889473 4044518 4067875
3981315 3911098 3915113 4032889
4005816 3789412 3906626 3898286
3705795 3824314 3849868 3809054
3711041 3832932 3711696 3861364
3840975 3887331 3843410 3872260
3826622 3957882 3801398 3829309
3919228 3821104 3888593 3940451
3877499 4051769 3897851 3973851
3989663 4019824 4078850 4082961
3780279 3828657 3784737 3837223
3867540 3817302 3874974 3879646
3740369 3819385 3813781 3806493
3868836 3799375 3761616 3727919
3732523 3892946 3835313 3860729
3977895 3822520 3715668 3701847
3934666 3919926 3974303 3988330
3977500 3974398 3927346 3826553
3808335 3788770 3900964 3806656
3827746 3881609 3798516 3701197
3799356 3886672 3805738 3783527
3863861 3778022 3794035 3628016
3843164 3921744 3921448 3822365
3884015 3948927 3932433 3813741
3905348 4004846 3978809 3929439
4018709 3995055 4001771 3941278
3891264 3834427 3752893 3841023
3956198 3854902 3828545 3745581
3755357 3849965 3742202 3823461
3899006 3784195 3738807 3818380
3835906 3948083 3796327 3912632
3901802 3857142 3901332 3891857
3898642 3948738 3872481 3970985
4057145 3991372 3904085 3986763
3812895 3857019 3793066 3837175
3911185 3837051 3838940 3929737
3922679 3628338 3755866 3922431
3610090 3758412 3895266 3839363
4015262 3783491 3912007 3974463
3778013 3788357 3961911 3970655
4027031 3817177 3958537 4160843
3742570 3907157 3979113 3966341
3953776 3691801 3833721 3907324
3634903 3850334 3896828 3750144
4109559 3921293 3975338 3988857
3938686 3960132 3859366 3955578
3975131 3679249 3832704 3869392
3769026 3886790 3781701 3833761
4070583 3958362 4079608 4082270
3961261 3968170 3917665 4029415
4042360 3845080 3941962 3935461
3851857 3920473 3870514 3874236
3957160 3983993 3861499 3991125
4010252 3963409 3912097 4012773
3875303 3884627 3716776 3781302
3872146 3848724 3757488 3965865
3987239 4021691 3924620 3883961
4044327 3973072 4066494 4115243
3858936 3869744 3731037 3849462
3926945 3966782 3886922 3909473
3867788 3859179 3872772 3966564
3973431 3946838 3985642 3777301
3677311 3706796 3902440 3780175
3813281 3795701 3745575 3768090
3943111 3947506 4015999 3873321
4038554 3954445 3898051 3837554
3851267 3882524 3906918 3824493
3923882 3843637 3886580 3784205
3984085 4006284 3879169 3941225
4004836 3944520 3990515 3860740
3809871 3823104 3833708 3758264
3940199 3828544 3776865 3754730
3967234 3977268 3983120 3943275
4045963 4137180 4049696 3898580
3857414 3855751 3929355 3809873
3987187 3907508 3915833 3770096
3838020 3985075 3849995 3957129
4085753 3974471 3962081 4067819
3793520 3753631 3704153 3854848
3931975 3873224 3715555 3893529
4056866 4036066 3904877 3925073
4102226 4035883 3961795 4067262
3829287 3869593 3830283 3816791
3961612 3918967 3893831 3916826
4015797 3842289 3939464 4053698
3775102 3885722 3917491 3870580
3973737 3786158 3819056 3944666
3644389 3729025 3820561 3833153
4096612 3828340 3972160 4073591
3796415 3945679 3978225 3942672
3923683 3792380 3792656 3872849
3697300 3775823 3924130 3803527
3932655 3767112 3793351 3841131
3759368 3797066 3759763 3783517
3969446 3824904 3844589 3871876
3830627 3811273 3842981 3816717
3971068 3822392 3941272 3932670
3786519 3870018 3809469 3801609
3977060 3828152 3937366 3968068
3867907 3869257 3775299 3938231
3680074 3763962 3699162 3833084
3844493 3757276 3741707 3832534
3821569 3885013 3859212 3887900
3916803 3903959 3791713 3883734
3782777 3877271 3725351 3910957
3942663 3902312 3780639 3932902
3919973 3945395 3809960 3884990
3977502 3907798 3955434 3936420
3706077 3662505 3740273 3735826
3816326 3718360 3673944 3629121
3750413 3764683 3832327 3813727
3874930 3833888 3771612 3690313
3780782 3739700 3886001 3817968
3799327 3861586 3860103 3688667
3793749 3882685 3910903 3826468
3992733 3912823 3887657 3740971
3771482 3815176 3774967 3754812
3792778 3796762 3741481 3664041
3858628 3774793 3769517 3820687
3970140 3875829 3836752 3763334
3870216 3819732 3908136 3854259
3988646 3938006 3856987 3787776
3887838 3929724 3935687 3857659
3987392 3929234 3865905 3835622
3640724 3750192 3705144 3682332
3785532 3722332 3752548 3803780
3807958 3890581 3790523 3882279
3897333 3881094 3856368 3921738
3878932 3960953 3794218 3862838
3891884 3872515 3792397 4034109
3795214 3881951 3846377 3796337
3940129 3808138 3843158 3906785
3804930 3629610 3679068 3829411
3600088 3739079 3817506 3716516
3946726 3753389 3856676 3897462
3657528 3837228 3860900 3865667
4013230 3780865 3894400 3944192
3611440 3823256 3894230 3829457
3911645 3728718 3872408 3902576
3659695 3826820 3986894 3889449
4102230 3962441 4016984 4073694
4008841 3954874 3979724 4027874
3886191 3747682 3851373 3865406
3704456 3894984 3779584 3946805
3973501 3814695 3911864 3879569
3764143 3802382 3765157 3906423
4111851 3947336 4107916 4056732
3931729 3978654 3979212 4038782
3967332 4060360 3930220 4041123
4091012 3986411 3984852 4149703
3716773 3821789 3787119 3880715
3886030 3806953 3821169 3947866
3749745 3825855 3781572 3905240
3820899 3927327 3851314 3975180
4014573 4038120 3908860 3991422
4058448 4059853 3971413 4162759
3972023 3925669 4059623 3910524
4020134 4013561 3927193 3866587
3786546 3789973 3929322 3869054
3807915 3798935 3773862 3714278
3778302 3777682 3896373 3813813
3834063 3806036 3793521 3754881
3932310 4017596 4050304 3995395
4017140 4045384 3915728 3917087
4013855 4055591 3928169 3956489
4113912 4047028 4021638 3913377
3852185 3905469 3864769 3736656
3918636 3932549 3806154 3688790
3794736 3773369 3909362 3806454
3919216 3785309 3800650 3779818
4035366 4073484 3927060 4009929
4119025 4060295 4044815 3879772
3866032 4037871 3977013 3953656
4029113 3954218 3955908 4064259
3816853 3881828 3772431 3816910
3863454 3877803 3749940 3833930
3697039 3876954 3784822 3882533
3921071 3777535 3841663 3904258
3991003 4056199 3884210 4062301
4111189 3980423 4000991 4029689
4065660 3827025 4030594 4059050
3802539 3943106 4089333 3995229
3886932 3740292 3873345 3937590
3636537 3759824 3899212 3764837
3862559 3682159 3803045 3855703
3701775 3806762 3839270 3778506
4119286 3825820 4037409 4130292
3790813 3920103 4065789 4046775
4175198 3931150 4062636 4081624
3985071 3979230 3903569 4095543
3905778 3743537 3773609 3877107
3748910 3791937 3772878 3806462
4130597 3899925 3927033 4060181
3945203 3912454 3864461 4006837
4153856 3966749 4091126 4082025
3967958 3983444 3947753 4050626
3953646 3977086 3927839 4020627
4079152 3970938 3975801 4075826
3700387 3816104 3744124 3766900
3903516 3820799 3844121 3924267
3914898 3994113 3859422 4006736
4121463 3957758 3951018 3977257
3901988 4047411 3976181 3992624
4129144 3982410 4040425 4210223
3863262 3936488 3924997 3906705
3996048 4014716 3959712 3947378
3645954 3730471 3767988 3747012
3760099 3818080 3807164 3694827
3853827 3885025 3999246 3944550
4012033 3861376 3833205 3792588
3965006 3988394 4018057 4019119
4035555 4023906 3994446 3954540
4005392 4007170 4045408 3997469
4094765 4018219 3979698 3970745
3777740 3792784 3837565 3765380
3966200 3836301 3778600 3735543
4056872 4002458 3986057 3909219
3972782 3956838 3943904 3862145
3997558 4033769 4058525 4004393
4125689 4027538 4009149 3874393
4009117 4052685 3848222 3939608
4037848 3987673 3953177 4055325
3777628 3896496 3725558 3718435
3825662 3848537 3835911 3806755
3904296 4036081 3861643 3894351
3989505 3937426 3898696 4124205
3927889 4075894 3955473 4065362
4172795 4010309 4037559 4159257
4077405 3854068 3962286 4115611
3808181 3857183 4030256 3977468
3863547 3615981 3715733 3884192
3587705 3735431 3854985 3817953
4035216 3801394 3967999 4005223
3860470 3946011 3939785 3884960
4067013 3916160 3966060 4107495
3801774 3922194 4083709 4000674
3995512 3817804 3907323 3958907
3812744 3849372 3777789 3906434
4112124 3897901 4026574 4036336
3956825 3888324 3928207 3989449
4160649 3999954 4034818 4077816
3976913 4007270 3915683 4112349
3950949 3678243 3897432 3857351
3760160 3752142 3690630 3855909
3819519 3895239 3773887 3844387
3865878 3918986 3859749 3899333
3970601 4064773 3965124 3977786
4147135 3923906 3973194 3976880
3939741 4054846 4008551 4000981
4079219 4018502 4038591 4065877
3772299 3836314 3661929 3773237
3832381 3783197 3871645 3925422
3841843 3777885 3907072 3808036
3810271 3808540 3854006 3730824
3903724 3931365 4039812 3916733
3990921 3974244 3891467 3886199
3990906 4072492 3950492 3993854
4065100 3954553 3999018 3955719
3688013 3799632 3807196 3862910
3765622 3772284 3791338 3701253
3838603 3924247 3813144 3874382
3826519 3839576 3756028 3747470
3932576 4088890 4032838 3941595
4068820 3995069 3906257 3836017
4036090 4094465 4116123 4042039
4093859 4021419 3962233 3935065
3784383 3756120 3850028 3874137
3832036 3851058 3794324 3654489
3675262 3913251 3780327 3843584
3829686 3893090 3835316 3890393
3906448 4016983 3860586 3914897
3991901 3962630 3986025 4087088
4000294 4148075 3970615 3990208
4068474 4019486 4029613 4073855
3827649 3778736 3637812 3820320
3919296 3802137 3786689 3782855
3932254 3697094 3790255 3887646
3609697 3786671 3784623 3778600
4087945 3775105 3914994 4113561
3787416 3905378 4067814 3978076
4084870 3861639 4030905 4107873
3833918 3972249 4069838 3977855
3957415 3697049 3837739 3867862
3534666 3759664 3775668 3790846
4060551 3977287 4027410 4069204
3941868 3904049 3947402 4016524
4103254 4001685 3988366 4019203
3930283 3891730 3920426 3939525
4066653 4016371 4006068 4006278
3870448 3808867 3951638 3929971
4021024 3840644 3945330 3943814
3788844 3869205 3920972 3938872
3961436 4087254 3867056 3977704
4029485 3908937 3902645 4071512
3905331 3950913 3899878 3883914
4069931 3935485 3956964 4109033
3935118 3976417 3849175 3937832
4040136 4017003 3980789 3989044
3813922 3918984 3808272 3897905
3971447 3964749 3829609 3960964
3847864 3964135 4091827 3955215
4011097 3982046 3959072 3862711
3878686 3905028 3964138 3919534
3948822 3995764 3976467 3800416
3847938 3910910 3934023 3901675
3920954 3907682 3889657 3829860
3826219 3879680 3844992 3825438
3860717 3888914 3861742 3832144
3946408 4072623 3987731 3887860
4031248 3995038 4018607 3862845
3914166 4016897 3947985 3907326
4069519 4013696 3986565 3873045
3908319 3957603 3941180 3874078
3991100 3969702 3921721 3772149
3943888 3918056 3848098 3877635
3950888 3949362 3828004 3754583
3891541 4009922 3870215 3971182
4052547 3969950 3931620 3932034
3942502 3962503 3870372 3985751
3955255 4044202 3926208 4006230
3881390 4007957 3838559 3976193
3970834 3989279 3879120 3961600
3886561 3945645 3775697 3832519
3911979 3958788 3867712 3914108
4064282 3829710 4007459 4060007
3821229 3873596 4006673 3910604
4063695 3825482 3927609 4074486
3712981 3856841 3952787 4008511
3968766 3855440 3932705 4046127
3839578 3893449 3989192 3908212
3962345 3839352 3853913 3893543
3704761 3829915 3932768 3915280
4002927 3742800 3888325 3880993
3813337 3744839 3813938 3817192
3923073 3782193 3933534 3881368
3771709 3784140 3775633 3853029
4060942 3852809 3994045 4029215
3918936 3880818 3863017 3965809
3984041 3900251 3953621 3908405
3850216 3904425 3840804 4009366
3660952 3815923 3756478 3803425
3936985 3872858 3849505 3970511
3656612 3759167 3729717 3762203
3876742 3862233 3881035 3851904
3916533 3940266 3853166 3890552
4011354 3937126 3942114 4014342
3809451 3905475 3774193 3920462
3960618 3917385 3852877 3908404
3751932 3771956 3840138 3797297
3849981 3802701 3840500 3582192
3660562 3795040 3851566 3733873
3789683 3839433 3746569 3670738
3813791 3873716 3934839 3920927
3951629 3915030 3888007 3819409
3811121 3772281 3857006 3726846
3914972 3861187 3923935 3750738
3823721 3864135 3909950 3759713
3927688 3887215 3799649 3809643
3770849 3786166 3740820 3762775
3929471 3834997 3779945 3706929
3919076 3943258 3987105 3918133
4059095 3983147 3945606 3835796
3923537 3963568 3861687 3892202
3982364 3951781 3810348 3784005
3821729 3841280 3809234 3843201
3928298 3808943 3860705 3868155
3724640 3870164 3739245 3723520
3789154 3839851 3815380 3875881
3898423 3941100 3877674 3839216
3981762 3956723 3848378 3952062
3920260 3902327 3822818 3924623
3980459 3885611 3881967 3891055
3920781 3687770 3901769 3947360
3624331 3798425 3799495 3854113
3838870 3660941 3754260 3893379
3629384 3758471 3777603 3807545
4035206 3764328 3896016 4031853
3734946 3813095 3934667 3882126
4038046 3728343 3901145 3939903
3589185 3830534 3922043 3854540
3986435 3875149 3918036 3936773
3867508 3834401 3870394 3935086
4088748 3856777 4063005 4035171
3888137 3956158 3787181 3971124
4060548 3898529 3968093 3988565
3899968 3959196 3808737 3946486
4107506 3870550 3939762 4016599
3928655 3997110 3885906 3938372
3911407 4021465 3882577 3878123
3910523 3967237 3876930 3948930
3965770 3911368 3774676 3940525
3965583 3925204 3962673 4066521
3858308 3889041 3780036 3970025
3997477 3912335 3907133 3963485
3875155 3909887 3808269 3963634
4035055 3980523 4009901 4027543
3822237 3863233 3962455 3831586
3956827 3790432 3856266 3847433
3889706 3923756 3953697 3823197
3939343 3977300 3847691 3807318
3875067 3871291 3966555 3964963
3900771 3990087 3834349 3812918
3779521 3894751 3906679 3885675
3947658 3910608 3899228 3806956
3918241 3930294 3942258 3882371
3976648 4022784 3940365 3792593
3904324 3955835 3945680 3901974
3974488 3914605 3934923 3812744
3859436 3885340 4048590 3940646
4044313 3994450 3931032 3749573
3825177 3907551 3893415 3837025
4016242 4013507 3922452 3751120
3889797 4009029 3872053 3965267
3997305 3897391 3944435 3999769
3872313 3924638 3820698 3979551
4040147 3884730 3876445 3955609
3856897 3991482 3822439 3893684
3986464 3955121 3817109 4084639
3857249 4010340 3875895 3926527
3981563 3967654 3898568 3986669
3913025 3848354 3999764 3988081
3756260 3815750 3969356 3929594
4064296 3788747 3924382 3999359
3725433 3926099 4037850 3966067
3984301 3792530 3940434 4005289
3793649 3887574 3956019 3892687
4047977 3735409 3900239 4028824
3736285 3900196 3999997 3924984
4041950 3944840 3971043 4067516
3928373 4036678 4040680 4024213
3894038 3809771 3860197 3974588
3730558 3867405 3906550 3855766
3812533 3780474 3761854 3911587
3827166 3709280 3801979 3781789
3896845 3871372 3957524 4054652
3901421 3856648 3949959 3863364
3931789 4046235 4009758 4011654
3932341 4052465 4097678 3832663
3940328 3854747 3865752 3822809
3766305 3846663 3910216 3769397
3679631 3782833 3841147 3810993
3702689 3826036 3844726 3587462
3952589 3871724 3849061 3941549
3853072 3913088 3998529 3757932
4024663 4126166 3941873 3828687
3907139 3941297 3884885 4173053
3970412 3957672 3891870 3688456
3836174 3795534 3878357 3896459
3888233 3903986 3852319 3630094
3732569 3747375 3728091 3855186
3975200 4090824 3936315 3809857
3942289 3903249 3839326 3997352
3958007 3885659 4082841 4060235
3907889 4192361 3934527 4096208
3760736 3894499 4033420 3871900
3853273 4015650 3845404 4003338
3688254 3773491 3826139 3846201
3775009 4029780 3717919 3886876
3788898 3884577 3923592 3969785
3839666 4143459 3855056 4018542
3974239 3993585 4103492 4017126
4148528 3950967 3954374 4031003
3878353 3854558 3971091 3870448
4007665 3844145 3820774 3919157
3720928 3798474 3979760 3760648
3918225 3715386 3739372 3812944
3881640 3991663 4059632 3912202
4123739 3930915 3895334 3918668
4011421 3941134 4073673 4035397
4021917 3809903 3983087 3981483
3783838 3890670 4017036 3917938
3870416 3584837 3769449 3854719
3749649 3731250 3870001 3875152
3857714 3682299 3767388 3857546
3785860 3875363 3955549 3916566
3962914 3755158 3791855 3963060
3802588 3755580 3796077 4000473
3788474 3835797 3840392 3882870
3957446 3869210 3933449 4033512
3842458 3947466 3939014 3944348
3961298 3876080 3868708 4071075
3873809 3933153 3881127 3915762
3863671 3681295 3898288 3936015
3776428 3784132 3862927 3784401
3770380 3820796 3863947 3933336
3894179 3875315 3809243 3696019
3948594 3980246 3884075 3962341
3836824 3817056 3932093 3830614
3936109 3976264 3894690 3868585
3891904 3948171 3904918 3728085
3812150 3786889 3792479 3907230
3613447 3769522 3847629 3601906
3894025 3996542 3830985 3668727
3786383 3800373 3806920 3932484
4013921 4011330 3996744 3817570
3873605 3868910 3952697 3969146
3921369 3987465 3934315 3718170
3841576 3876820 3882976 3979035
3858946 3939365 3835424 3725447
3729974 3811919 3698140 3874665
3778851 3857910 4007823 3837629
3814038 4035486 3804175 3847648
3852962 3855405 4028308 3939328
3929179 4101533 3864440 3975812
3816034 3887169 3970476 3943368
3892322 4093442 3812514 3994326
3548791 3728773 3915472 3827446
3861762 3920230 3702599 3907333
3837579 3877155 3952612 3799474
3978439 3792596 3821706 3855861
3940105 3880254 3990100 3892731
4004495 3983306 3897695 3938359
3793225 3932451 4044358 3896316
4060049 3827718 3923237 3939799
3734651 3801961 3858568 3784777
3911397 3761949 3736284 3844154
3792642 3844903 3917357 3831054
3866296 3595508 3756435 3859000
3855697 3841409 4086570 4007425
3899485 3797763 3875944 3920796
3761749 3873361 3981171 3931460
4006587 3791557 3838144 3893198
3725982 3735836 3861022 3732605
3891549 3627038 3674969 3819513
3789675 3727505 3820106 3940834
3850699 3845255 3916794 3829614
3906161 3766249 3862372 4013137
3873020 3991691 3902615 3891355
3842071 3715288 3776885 3952900
3702912 3808043 3891864 3797842
3821130 3719799 3706265 3880606
3826731 3828550 3734889 3831737
3811813 3849454 3857052 3877740
3803003 3853432 3786892 3690720
3886616 3999814 3984148 4066292
3925572 3974189 4049050 3761200
3851852 3824592 3887423 3825075
3745497 3825402 3914229 3702589
3736697 3795050 3818920 3719882
3735664 3824728 3818208 3586313
3938264 3985517 3908944 3671540
3779868 3815875 3757762 3876232
3996121 4122391 4005092 3825759
3858143 3926642 3867731 3914911
3889716 3968071 3793326 3667943
3795582 3750201 3780018 3928966
3845078 3886883 3785759 3609867
3752659 3725618 3716495 3826012
3633116 3795818 3916698 3850913
3757763 4137517 3794203 3864641
3838117 3913543 4158956 3964415
3947046 4131796 3940213 4049860
3698199 3746290 3954539 3855060
3730245 4056725 3741592 3884176
3751072 3732488 3869308 3826484
3739286 3988090 3707959 3856454
3754205 3804405 3912518 3790029
3848751 3807514 3845421 3846119
4030967 3959706 4003523 3941534
4050920 3922264 4032589 3960255
3774223 3771867 3934573 3811254
3921713 3810078 3876937 3876512
3760247 3709048 3862546 3712790
3942302 3727163 3846767 3796806
3791104 3790100 3901322 3840845
3801314 3709248 3781882 3722620
3930848 3941172 4078134 3915924
4016823 3864738 3992429 3939866
3709620 3717416 3953251 3839443
3788739 3642395 3724545 3763249
3788359 3846016 3963410 3780995
3821184 3639084 3694648 3822028
3865604 3755658 3874260 3974518
3826291 3935460 3941851 3935231
3843650 3739288 3787126 3934745
3834126 3826937 3836634 3734126
3983764 3918504 3899706 4016609
3929205 4032233 3952782 4000665
4157655 4014355 4106097 4159898
4042786 4052589 4162661 4040828
3865168 3858467 3892239 3857699
3826321 3775468 3883283 3744011
3846033 3798066 3795852 3867437
3800275 3779861 3831895 3595469
3880302 3975290 3980945 3980821
3870972 3870272 4029679 3800597
4042254 4159686 4106799 4081723
4001898 4040106 4192504 3970425
3943077 3999164 3832911 3724028
3851093 3925814 3852153 3970347
3917417 3940945 3910193 3680094
3793023 3837914 3880143 3925176
4060538 4145444 3978793 3804665
3970159 3977531 3884114 4083735
4106949 4273640 4111375 3922809
4061785 4022063 4082796 4169857
3758625 3800622 3958037 3867114
3796945 4079908 3888533 3952411
3687601 3832299 3899097 3867728
3766395 4134682 3854341 3884437
3781255 3888291 4060215 4024814
3904521 4093692 3927038 4077472
4005973 4068723 4209748 4168966
4121413 4321047 4043265 4158168
3866850 3874234 4001422 3896672
3995130 3829287 3826131 3832225
3812117 3755075 3882635 3768438
3947639 3755622 3861072 3817327
3909442 4034839 4021453 3928767
4111336 3954578 3976277 3951136
4078967 4043533 4168768 4163089
4292201 4021904 4057554 4120695
3800438 3862039 4002479 3862241
3848362 3690788 3837230 3871328
3643716 3812096 3945998 3877193
3907563 3732611 3742343 3847069
3840860 3889398 4145451 3982474
4030844 3811736 3883912 3989809
4044227 4123030 4224653 4071856
4073458 3883357 4061083 4114008
3838076 3719112 3863533 3923531
3853450 3898527 3899048 3860804
4032601 3900681 3982051 3987057
3964863 3986908 4023951 3935107
3984367 3827216 3904239 4044490
3973568 3869360 4007889 3904201
3819791 3806587 3782115 3888375
3733633 3842386 3808584 3796991
3858199 3827755 3771951 3816914
3685160 3893755 3857041 3687489
3972700 3996565 3970382 4044669
3944308 3943096 3993176 3822773
3959067 3897362 3990155 3971143
3856414 3884380 4039657 3797970
3899262 3804482 3814058 3788385
3822736 3763778 3811743 3658330
3853966 4045652 3871517 3712613
3794283 3825567 3746476 3925376
4075511 4125147 4072529 3842825
3958839 3962372 3886622 4091167
3939920 4067855 3983719 3790935
3894893 3895950 3879196 4072127
3861148 3992584 3803620 3643260
3748135 3783400 3735040 3859748
3743951 3751258 3891601 3900091
3794685 4063884 3786785 4005662
3825137 3948965 4119589 4005241
3913752 4240815 3899959 4068686
3817281 3836111 3964656 4000082
3940286 4147628 3927941 3991477
3738652 3754821 3889593 3895158
3743681 4054941 3730026 3826257
3783710 3926475 3872387 3796483
3957659 3806483 3820185 3903168
3913899 3943728 3997973 3938834
3974947 3950983 3979528 4034090
3872399 3877370 4082715 3860095
4016752 3897728 3994019 4002751
3818549 3783421 3925960 3760886
3837328 3767312 3752131 3859399
3772334 3820813 3982861 3867474
3917027 3719125 3720065 3816991
3906736 3887545 4092372 4054520
4018195 3790060 3892983 3980193
3798897 3912701 4072494 3968386
3951067 3756193 3979884 3994447
3738856 3769625 3917475 3845093
3767286 3676958 3749310 3759972
3918361 3764932 3915049 3940091
3888815 3892504 3896773 3883893
3909374 3825670 3926416 3961851
3935735 4036743 3902092 3937430
3948255 3745971 3928087 3961483
3873773 3971200 3825275 3889778
3942893 3849908 3838696 4100875
3880249 3878683 3780531 3843655
3767748 3885328 3806818 3886615
3753957 3873829 3916686 3825844
3870731 3927543 3882749 3905899
3829693 3938475 3946142 3751931
3896096 3846430 3928174 3923480
3909795 3901363 3943272 3714136
3886910 3868201 3750933 3864571
3792143 3848515 3782381 3687740
3983203 4028599 3933494 3784184
3796744 3864195 3838345 3984808
3930793 4046016 3967623 3716654
3758753 3862500 3951784 4028237
4003988 3981399 3905929 3734212
3855778 3918383 3832327 3973863
3937138 4012055 3889444 3668869
3800639 3785855 3789444 3913713
3789548 3859255 4008843 3877594
3882059 4068737 3772354 3994489
3806222 3846636 3950005 3863725
3876288 4094042 3898668 4031423
3804581 3779516 4035376 3888143
3890311 4072989 3813830 3952066
3738918 3760660 3977972 3919567
3867203 4012482 3776627 3968392
3861597 3831315 3981733 3948608
4087797 3851490 3903136 3949145
3842915 3972032 3969549 3818277
3982704 3851718 3891114 3885051
3795942 3880913 3940562 3937111
3976089 3846374 3878177 3967551
3836737 3870723 3964010 3799120
3935592 3850883 3916450 3937560
3793011 3907649 4020504 3871143
3901631 3731155 3817178 3946642
3795340 3878385 3997988 3920874
3907596 3686979 3836775 3938514
3770075 3884105 3999222 3887311
3970315 3743883 3876938 3854555
3786283 3786860 3984898 3825337
3894348 3651856 3865576 3802540
3880307 3741883 3785798 3919667
3807398 3907918 3861389 3803976
3867052 3798851 3818252 3907761
3799017 3897996 3884591 3812761
3906464 3820643 3874357 4038400
3826507 3943394 3957234 3910841
3879331 3800080 3887737 4017103
3878078 3979559 3939352 3919775
3784323 3782450 3831977 3879752
3790035 3757622 3822241 3619172
3857188 3957228 3886667 3860818
3888966 3845017 3908860 3752764
3909460 3879750 3940881 3900805
3814236 3889458 3875644 3796227
3944777 3980166 3946599 4001773
4000741 3884766 3970634 3800236
3841835 3973578 3826023 3652777
3788681 3730029 3762242 3947336
3901084 3957436 3915960 3672559
3855925 3887837 3819169 3967349
3998607 4084076 3945464 3791179
3892149 3854824 3891110 4023662
4008256 4079131 3984308 3758608
3852752 3878667 3907512 3966599
3684593 3734840 3912935 3879112
3767917 3947967 3808850 3962142
3777522 3814717 3917781 3972205
3847502 4106768 3804693 3877350
3775431 3864066 3956851 3879344
3837412 4034185 3854046 4015266
3836459 3863002 3995885 3922200
3799490 4106900 3935865 4037111
3729350 3830130 3887100 3681837
3879476 3781365 3797672 3883969
3823308 3858717 3948456 3892415
4011253 3937736 3844019 3861602
3814300 3901456 3991823 3883540
3942394 3929727 3833101 3876199
3913391 3890509 3983526 3970378
4007388 3867008 3912232 4002602
3744314 3743643 3860763 3806498
3874744 3673951 3703090 3819333
3794820 3889417 3927779 3913296
3885864 3736942 3811751 3848444
3747223 3826616 4028179 3874656
3888099 3770611 3800175 3923094
3872953 3876628 4031445 3956403
3968729 3770757 3871236 3994544
3925891 3947208 3989381 4123552
3972435 3981053 4007655 3993062
4018525 3840482 3937918 4027349
3912641 3969249 3979908 3982462
3974771 3897863 3969994 4117658
3936111 3977395 3953807 3998593
4024315 3851905 3958373 4060293
3955028 3946989 3986979 4110639
4060351 4073493 4009668 4067781
3898575 3996224 3994250 3785409
3942471 3948056 3951583 3962201
3929928 4058688 3924867 3760065
3998366 3974461 4003645 4004279
3949426 3903374 3959277 3932489
4024432 3962361 4005017 3990979
3929460 3962550 4050767 3779486
4090192 4084390 3961996 3804780
3950059 3925556 3892553 4071935
4015270 4091202 3941862 3807154
3845909 3820917 3870448 3989875
4049422 4089287 3970631 3758938
3959449 3882837 3979734 4017977
4181250 4174524 4000626 3874465
3931147 3959285 3967859 4067935
3825351 3896145 4061212 4069841
3910689 4248824 4018230 4096558
3820250 3887683 4094464 3926305
3879819 4135666 3875814 3983726
3935924 3884185 4087970 4027093
3940176 4167599 3977897 4133230
3771064 3974550 4051975 3958978
4000834 4156898 3899394 4014426
3964833 3938545 4132714 3888147
4081742 4007451 3932875 3991029
3875036 3888205 3968803 3902048
4095712 3931620 3969136 4012467
3897189 3920412 4127862 3925997
4097896 3923901 3939837 3977022
3979764 3935697 4126042 3932304
4073143 3966027 3945662 4060138
3854891 4049298 4139880 4005623
4034133 3851997 3927179 3933424
3782427 3893941 4050321 3899100
3966557 3737159 3852730 3919574
3922916 3937012 4085769 3981190
4089903 3763712 3865137 3991802
3875817 3963743 4122415 3995758
4043494 3876324 3986567 3989131
4042072 3834607 3957314 4064493
3916442 3879850 3959238 3887131
3905057 3859431 3943714 3947733
3884020 3911611 3848216 3957576
4092248 3938832 3956135 4133391
3968346 3973589 3983880 4015851
3934163 3831866 3969420 4024216
3901515 3980713 3913255 3913381
3926746 3938981 3930005 3880874
3876801 3951885 3954448 3780641
3843630 3894533 3865250 3959414
3829227 3929250 3993990 3700649
3948279 3940480 4014520 3954559
3972971 4074129 4030612 3782258
3882270 4020815 4001534 3985017
3918433 3919969 3944099 3829134
3921969 4062156 3961517 3724475
3912926 3928733 3882206 3987041
3962741 3989297 3929706 3823896
3917504 3944571 3845082 3985281
4072189 4164348 4002114 3815025
3939545 3970450 3955005 4106741
3953876 4048807 3902855 3797443
3874653 3913633 3914558 4049846
3846591 3778240 4007475 3905730
3830170 4102865 3878075 4073213
3738585 3865642 3967337 3931785
3762845 4089821 3851101 3994856
3838120 3877193 4101952 4016483
3900390 4232143 3896223 4030932
3818151 3885803 4087639 3920664
3913324 4166331 3890331 4045821
3930119 3909346 3996258 3878541
4029663 3864353 3943959 3908916
3813877 3932275 3981214 3901798
4033751 3886133 3871355 3953362
3895507 3964098 4102445 3941365
4113939 3960840 3986850 4014473
3924033 3917196 4053440 3875821
4132533 3976464 3971878 4020643
3788767 3893606 4003426 3911643
3971139 3770579 3913582 3981063
3797470 3857725 4001425 3942838
3895457 3686216 3817254 3909817
3964672 3974395 4130199 3898869
3991641 3832432 3888943 4018848
3974344 3918453 4052469 3896471
4081040 3763350 3879301 3987815
4030758 3881504 3899775 3998694
3821448 3989697 3905542 3938884
3905349 3880959 3918116 4052181
3903399 3965324 4017718 3915209
3787680 3780613 3708188 3888009
3759469 3722335 3833982 3798480
4016166 3884474 3971922 4018021
3950895 3995904 4038256 3920213
3869558 3884300 3940141 3962005
3873629 3904585 3991307 3756304
3941641 3978673 3952410 3989902
3908103 3879457 4009870 3791686
3755269 3832752 3858957 3809387
3814278 3748079 3814030 3675057
3963082 3969975 3990315 4044122
3899372 3963108 4024150 3831098
3911772 4042285 3986679 3834387
3899634 3921627 3810220 3961187
3968361 4138899 3917241 3779608
3853037 3894738 3914970 4044831
3841568 3932863 3844359 3615061
3765628 3807677 3700512 3923410
4019923 4158286 4056837 3844544
3885373 3934271 3916645 4142222
3820606 3861357 4006032 3976542
3845860 4093204 3894162 4045182
3814140 3866960 4027078 3966320
3812599 4112061 3873963 4051732
3698189 3714706 3897324 3763508
3801730 4012816 3817089 3917372
3843559 3875528 4115634 4061088
3949744 4219162 3964906 4065504
3951224 3902671 4044971 3953549
4098691 3903898 3961721 3927319
3863805 3889553 3968749 3915982
4054130 3954391 4003462 3968650
3766161 3807741 3846373 3719889
3920051 3832979 3773307 3865401
3939269 4000567 4087961 3946157
4116829 3937301 4039455 4036839
3970370 3937841 3992081 3949390
3945837 3843000 3808974 3933710
3828223 3975735 4049354 3989750
3898873 3819663 3840335 3833649
3692205 3768805 3970144 3823624
3870766 3632180 3777524 3777985
3954483 3944298 4045601 3941972
3992533 3768069 3956835 4034197
3890713 3757610 3888005 4012539
3820995 3956808 3869407 3885279
3937738 3672300 3835344 3897238
3867113 3783320 3872567 3855870
3853253 3814244 3841737 4032710
3858870 3875273 3865852 3897986
3817208 3746332 3824960 4008728
3830127 3836553 3817322 3815230
3873294 3927082 3883897 3910019
3822846 3814476 3915835 3731592
3842749 3913091 3823957 3844153
3743075 3801733 3919988 3697069
3848129 3784254 3828328 3763398
3775531 3770649 3891537 3689272
3818984 3777521 3752344 3856252
3768030 3825477 3842645 3645220
3951861 4029819 3947442 3745343
3871983 3819476 3749550 3984822
3817883 3988410 3857765 3652751
3776643 3848480 3756782 3921330
3876189 4134223 3909803 3675215
3804594 3857527 3737988 3959813
3839688 3968629 3824519 3652546
3800255 3707277 3715471 3889270
3797672 3906758 4009316 3923137
3829588 4023227 3800069 4061764
3741811 3773576 3881868 3812322
3784276 4051495 3822199 3946375
3680591 3836566 3892290 3904417
3814992 4070224 3812209 3928794
3722496 3724366 3956306 3824651
3756659 3970521 3843828 3963031
3955684 3825805 4008050 3781907
3986935 3870704 3826818 3899032
3777161 3816864 3962081 3846302
3947480 3838490 3805573 3937539
3803466 3858791 3900381 3827192
3976619 3810464 3842304 3849466
3763480 3774995 3933350 3804839
3985857 3843496 3842993 3865349
3756015 3985029 4019437 3946645
3947994 3715085 3828493 3817339
3736311 3800204 3990402 3730960
3889328 3739582 3693774 3810268
3749021 3818894 3946081 3866300
3824076 3667736 3750619 3862181
3650341 3763032 3971961 3772663
3904562 3671693 3675452 3824529
3882470 3705385 3720249 3914205
3762260 3714515 3828624 3723912
3826326 3753918 3823515 3895267
3761386 3831324 3801427 3770815
3921653 3847225 4001689 4038319
3861567 3900111 3964096 3891717
4021090 3975079 4053211 4149808
4023495 4023165 4120031 3990208
3766015 3844691 3798626 3863318
3750429 3761470 3904053 3654902
3688966 3856383 3883793 3779071
3777921 3705313 3831217 3598337
4006619 3956076 3908639 3979898
3804483 3904454 3944901 3765727
4025168 4071735 4021040 4063127
3882273 4025483 4072019 3845264
3865939 3975758 3837558 3660677
3761063 3725719 3742319 3836728
3797122 4012695 3844705 3701247
3658482 3751583 3790531 3942852
3941185 4053990 4008368 3773292
3874689 3849730 3847439 3912708
4102460 4211618 4072943 3862196
3983989 3968162 3912199 4181597
3712272 3740605 3895860 3874420
3723748 3970300 3708817 3857662
3635342 3740001 3869722 3824155
3806168 3963435 3807318 3955338
3854161 3872718 4063250 3910379
3860284 4085936 3841697 3982863
3952626 3854051 4111908 4063654
3910764 4133655 4076532 4108507
3760605 3792370 3949843 3716647
3929693 3795349 3790896 3834880
3878627 3848487 3949222 3797327
3878625 3784259 3750722 3821861
3867469 3913534 3967472 3865592
4063630 3970978 3858270 3885547
3984125 4005946 4166040 3936394
4088561 3966937 4093963 4103634
3748615 3771881 3888761 3714075
3817529 3613714 3700149 3786700
3654880 3808890 3978263 3732302
3891823 3634284 3748665 3814795
3736176 3927511 4064629 3880500
3916915 3811507 3848671 3938889
3903143 3999575 4243130 4147831
4075439 3842769 3868490 4053472
3684996 3788761 3773262 3835911
3797809 3985753 3604990 3786603
3801114 3845797 3851968 4049262
3939676 4123338 3779894 3949799
3746502 3809845 3793221 3995468
3899456 4022098 3717013 3806870
3696468 3728634 3726588 3853712
3733678 3902822 3619198 3753221
3720194 3645965 3965451 3752051
3884686 3756110 3737749 3851958
3855376 3874517 4068985 3881439
3856139 3818700 3864570 4051429
3839224 3787302 3972775 3825121
3757571 3886669 3762405 4016160
3734853 3717108 3926499 3680718
3731158 3717588 3635835 3890427
3607740 3749907 3748540 3709039
3843948 3908543 3821349 3747108
3725424 3904832 3846353 3776700
3958536 3919929 3998788 3867267
3785385 3784441 3843672 3765399
3894073 3858201 3924109 3726469
3530164 3689451 3730680 3753236
3817967 3778907 3738870 3669220
3801988 3847713 3798660 3933123
4071559 3803253 3861966 3810912
3929906 3897642 4009199 3975528
4155372 3950102 3973222 3891925
3940434 3865483 3870811 3997183
4107963 3899129 3927663 3844341
3806131 3707621 3771828 3888603
3936544 3795862 3851610 3653239
3795213 3816135 3954867 3665270
3856055 3882201 3843659 3870109
3887255 3872330 3886648 3773542
3994854 3946647 3936233 3956113
3859917 3910123 3899660 3696282
3958766 3894446 3772229 3944053
3721797 3778120 3691501 3669244
3820019 3827617 3771008 3819124
3868953 3891085 3801532 3807048
3899413 3878513 3781146 3831279
3998282 3973354 3927528 3935181
3966313 3917877 3955319 3865121
3915197 3957079 3841629 3956822
3937011 3889825 3911643 3883378
3834656 3849524 3832522 3729189
3786657 3793523 3778982 3716937
3854062 3929149 3856006 3940174
3989727 4180242 3806416 4018074
3864828 3962198 3861413 4085717
3977086 4131957 3888871 4011084
3799698 3927976 3782813 3888497
3919456 4025324 3715295 3974525
3831926 3953839 3886514 4055428
3978097 4204263 3910492 4014550
3986285 3865790 4065695 3913117
3861237 3775322 3948412 3996938
3951811 3926660 4098108 3879625
3977524 3942058 3944515 4065403
3831528 3759923 3924387 3873184
3923922 3823653 3764685 3933075
3976571 3876023 4138939 3913002
3928342 3962906 3950445 4067573
3819052 3856751 3924528 3933366
4097797 3850736 3990157 3850453
3805372 3845866 3861696 3908623
3983301 4066119 4014931 3817714
3755695 3806725 3780087 3840576
3850917 3883254 3909110 3677783
3876407 3952297 3941805 3931369
4120011 4009917 4003904 3838451
4000515 3972400 3987615 4095538
4143529 3986030 4075702 3912610
3987305 4038277 3963206 4041030
4237582 4041727 4120984 3907047
3831668 3863650 3851085 3994458
4013967 3876575 3930683 3812821
4029136 4015990 4052569 4122918
4198025 4110998 4081368 3977243
4066859 3980492 3987075 3815179
3961414 4037677 3911503 4024437
3979475 3955968 3982777 3859246
3939123 4041331 4014344 4030451
3818181 3910757 3911086 3632804
3848816 3922567 3890414 3974920
3958245 4029088 4054467 3885984
4026828 3926410 4009303 4082101
3949920 4122977 3899292 3926804
3989627 3941838 4003641 3962763
4055816 3991940 4023189 3971574
4049656 4047076 4029727 4073302
3829835 3924028 3843496 3900301
3905822 3913014 3893815 3884964
4064424 4066090 3999800 4030998
4080351 4059538 4047281 3960249
3639698 3761176 3751198 3886706
3791947 3974593 3721355 3830471
3759672 3866962 3875520 3944922
4018813 4036151 3776881 4046139
3754408 3854861 3878941 3952671
3940075 4088317 3768804 4005356
3676745 3718629 3753962 3874119
3812424 4023348 3634349 3816514
3749743 3789016 3949563 3753985
3683154 3718739 3701995 3874937
3865691 3909225 4051865 3810258
3829994 3803743 3923160 3941075
3856101 3735795 4022068 3848954
3853212 3750942 3803827 3884306
3828502 3754486 3928914 3718898
3680710 3716755 3741602 3959704
3636895 3674668 3758020 3684519
3881671 3769755 3804908 3620213
3745030 3811431 3897360 3798585
4062056 3989833 3873753 3802035
3683120 3814353 3851777 3817303
4003898 3868046 3846576 3730376
3644740 3704729 3774436 3746099
3827627 3765016 3753985 3595682
3729568 3780755 3770914 3798174
3935390 3745912 3883153 3764889
3901758 3932603 3935184 3995378
4212430 3954965 3959685 3927035
3909219 3877046 3924518 4002809
4020003 3892783 3902371 3741563
3785385 3770715 3874928 3811367
3991664 3784929 3924685 3786684
3807246 3780886 3826374 3651542
3837000 3823270 3755946 3806044
3907284 3902025 3988619 3844609
3992196 4046422 3935996 4058666
3914690 3890359 3944565 3744105
3887073 3910100 3956141 3989299
3875677 3746974 3833301 3641530
3795961 3856096 3779369 3919340
3801536 3826413 3771244 3762204
3825417 3717344 3829767 3792213
3930642 4060557 4001588 3915912
3979198 4014235 4005975 3877232
3927217 4036339 3847511 3898568
3948785 3909017 3904919 3860578
3883755 3977527 3720430 3802801
3891511 3799590 3881072 3844144
3760749 3888223 3880604 3961675
3904588 4107595 3766122 3874585
3728127 3694945 3721843 3829256
3724251 4003948 3649159 3854328
3575184 3665094 3621216 3757499
3625236 3811285 3525731 3700836
3688414 3700448 3755112 3885621
3777643 3935514 3660602 3830677
3842100 3830384 3948630 3808919
3812041 3911404 3830654 4006018
3733248 3662085 3873702 3759033
3738963 3673302 3735455 3866317
3629382 3687960 3876342 3610606
3612546 3549053 3622438 3723055
3698474 3730917 3866276 3751842
3737016 3655272 3724082 3819610
3789847 3807723 3949874 3807374
3966032 3882347 3867420 3762045
3633074 3716022 3732853 3818525
3857722 3807194 3845068 3713048
3479397 3639324 3675655 3585084
3808682 3719809 3713674 3595777
3576459 3720201 3783219 3691363
3870478 3805154 3789089 3650671
3877992 3947850 3918726 3953759
4115240 3917904 4008325 3850436
3782050 3778875 3785243 3872522
3921008 3896339 3808964 3798422
3742188 3662028 3707120 3781927
3889243 3726285 3747688 3631771
3722976 3765281 3763436 3850530
3988350 3843823 3816732 3721173
3862528 3891449 3987894 3704509
3918534 3915512 3932356 4015857
3781951 3774929 3778341 3708309
3777944 3783711 3780839 3913931
3703725 3647783 3765363 3592078
3718551 3756608 3675881 3721429
3774974 3704549 3830468 3718361
3840473 3820742 3757490 3895398
3920081 4020162 3913956 3938695
3994904 3930718 3912432 3940332
3719632 3929184 3725742 3742809
3866933 3765214 3798958 3716341
3662274 3891864 3675020 3677704
3737581 3729738 3689926 3706070
3814745 3944759 3815762 3806138
3860229 3880069 3799331 3850654
3632923 3711395 3646422 3849399
3784376 3924407 3639778 3722750
3801710 3900392 3842686 3991382
3950226 4101131 3867427 4014707
3847008 3951817 3957352 4079700
3980528 4188387 3895781 3917997
3726602 3941197 3836181 3946582
3856854 4063621 3800197 3959397
3659379 3659716 3868766 3690593
3752615 3698797 3714316 3754077
3865299 3928982 4062660 3883812
3926243 3899998 3918030 3941189
3971078 3991093 4048129 3933649
3926233 3916058 3942846 4114890
3899746 3807358 3952552 3814328
3812025 3756204 3876641 4013020
3603845 3733256 3715782 3663300
3743184 3774051 3779730 3587501
3780813 3892320 3968748 3853379
3958882 3931547 3943043 3739552
3819137 3866469 3974443 3913853
4076443 4030708 3948146 3872092
3734268 3797739 3768449 3863299
3933806 3889941 3808420 3734683
3656275 3790767 3799490 3883942
3899622 3770851 3909124 3769079
3919175 3944445 3961231 4025076
4152120 3981636 4076784 3940466
3980955 3963393 4053850 4132578
4209193 4052558 4127985 3980113
3902080 3886981 3971267 4013006
4082566 3911624 3988557 3919583
3729915 3764727 3825042 3648330
3772252 3853066 3835734 3871820
3974481 3953693 3983556 3828613
3934201 4046058 3947957 4054548
4024125 3972476 4037403 3927844
4024350 4039053 3950973 4180812
3822105 3921472 4002298 3730061
3898129 4035713 3871174 3975439
3825171 3859603 3712183 3740250
3784847 3816888 3760905 3780052
3915678 4123172 3898652 3963592
4026260 4036218 3998986 3926865
4020964 4165580 4060167 4000179
4117914 4037624 4000301 3950523
3915544 4057599 3856149 3911206
3931405 3908482 3936072 3929616
3704103 3830111 3741174 3923507
3788733 3961317 3750131 3831204
3732739 3881973 3858763 3926550
3817102 4047597 3791215 3953949
3785428 3788789 3851845 3997613
3816026 4120650 3688193 3926482
3763619 3878664 3872295 4010440
3894076 4150745 3865782 3939647
3828826 3758483 3936402 3776033
3770782 3778865 3786768 3916615
3743778 3855568 3935408 3822589
3775102 3772088 3811258 4057557
3815069 3737239 3994910 3761674
3893522 3827486 3844172 3933032
3789947 3870384 4028832 3826662
3852185 3800555 3800621 3949463
3740281 3822713 3798282 3782920
3974570 3884901 3846323 3798594
3780052 3806857 3875995 3818627
3989591 3943204 3868921 3734939
3741918 3803509 3830675 3775785
3926870 3917550 3876973 3638568
3824942 3778099 3896843 3885013
4074381 3878381 3953018 3815926
3879851 3845183 3814230 3907177
4082452 3844447 3889187 3864308
3834255 3835009 3906216 4018876
4110705 3900674 3951111 3915992
3842197 3884742 3844568 3923937
4037632 3923953 3960515 3802348
3823978 3896229 3938750 3983674
4171450 3929602 3997613 3928771
3838149 3743977 3908372 3737453
3865518 3962035 3813874 3961626
3967615 3851088 3831499 3732778
3829376 3950825 3901082 3922761
3839286 3901678 3929109 3791090
3931558 3972708 3918637 3900238
3879029 3854097 3987674 3753429
3935512 4000059 3998601 3974285
3782231 3956119 3904353 3883502
3909573 3870737 3881673 3805009
3857061 3995799 3891843 3916756
3863959 3898307 3922282 3777219
3767621 3975604 3813258 3815165
3999652 3886011 3910658 3954839
4013089 4037779 3901982 3896570
4016366 3942326 3929682 3987460
3828038 3867740 3865438 4025132
3896417 4058481 3794694 3866552
3744039 3795244 3783693 3991556
3858423 4058928 3748663 3841548
3800152 3794682 3866997 3951631
3918733 4023925 3788791 3852165
3794494 3841013 3810209 3877935
3822323 4093072 3764138 3908459
3830373 3878786 4000390 3812881
3769888 3791375 3855818 4021110
3748706 3805151 3896119 3794353
3721297 3737234 3785499 3807407
3878468 3862452 3894154 3841503
3816710 3803541 3762068 3928031
3829429 3827528 3963534 3950305
3790408 3868953 3851714 3983470
3722704 3756715 3831806 3807679
3913699 3963682 3792661 3811479
3675630 3687427 3790203 3766374
3937733 3787252 3853015 3778116
3698247 3792109 3839320 3788201
3876725 3831834 3801345 3736913
3704992 3791823 3837332 3791575
3923594 3861965 3863407 3680356
4040398 3880325 3904128 3967915
4138366 3979399 4023666 3822851
3903101 3860916 3815355 3874366
4037267 3858697 3927279 3713385
3841292 3895872 3976277 3965869
4039676 3860072 3937341 3790278
3863415 3848478 3813574 3953897
4129114 3830087 4000681 3832241
3951896 3823485 3940446 3736428
3902814 4002631 3862138 3969155
3859660 3820929 3869033 3776005
3854936 3922386 3830499 3924465
3853309 3820794 3860702 3731637
3829946 3918624 3893794 4012067
3849209 3921028 3836485 3754022
3820150 3893435 3892973 3979025
3879377 4021808 3879796 3960476
3972528 3976837 3827387 3929638
3882749 3939035 3930854 3833279
3978862 3874266 3774832 3844850
3979670 3996337 3838234 3817201
3904557 3880767 3950167 3795775
3886772 3965460 3847898 3946534
3920217 3920657 3917981 3877528
3715556 3759324 3678344 3971648
3769337 3998438 3732910 3759450
3669805 3784932 3748374 3781752
3798098 4015079 3678528 3779463
3828901 3886863 3802812 3964977
3911251 4147225 3677616 3903995
3643002 3783698 3674000 3912324
3849517 3986988 3752390 3784465
3725670 3680324 3903955 3743240
3681303 3663748 3775926 3951352
3745042 3774260 3808045 3787322
3728688 3747522 3785245 3862278
3862102 3798784 3944388 3793271
3811081 3765715 3870934 3928770
3750089 3812420 3941089 3798604
3678695 3702658 3781959 3879266
3663154 3705379 3769269 3707317
3886443 3843200 3736127 3626672
3601585 3715776 3747784 3701699
3775601 3801499 3841171 3649223
3703275 3836287 3814371 3762007
3989273 3876228 3866254 3718664
3607110 3710012 3743106 3689037
3910244 3897322 3835306 3640824
3763452 3773792 3832597 3932713
3936592 3800621 3849931 3729667
3833216 3804478 3852892 3885396
4088932 3768703 3835799 3799204
3860732 3836302 3920472 3966251
4090307 3880578 4016959 3791500
3850044 3822730 3828098 3926815
4057938 3799104 3942442 3755838
3756891 3786125 3724223 3573428
3856997 3839050 3722694 3853234
3814582 3784881 3810750 3739158
3820932 3875250 3779398 3902540
3942129 3828724 3858097 3747355
3914358 3915951 3837517 3983644
3843244 3780661 3856075 3712398
3815936 3918607 3747290 3898677
3833083 3929288 3753956 3752001
3803529 3800363 3807394 3744539
3828843 3940393 3855953 3787464
3865175 3806201 3821940 3818522
3913993 3950986 3916384 3879132
4000301 3938837 3867486 3841933
3882094 3939775 3842620 3849031
3861010 3854256 3848847 3772196
3682406 3687116 3739753 3777087
3737862 4009561 3654600 3769659
3717970 3775975 3831375 3949086
3840346 3983095 3739208 3823809
3673949 3667890 3773759 3768034
3776280 3990596 3612650 3790276
3763816 3750240 3816865 3952047
3745678 4017489 3747632 3866908
3690873 3669105 3852369 3757888
3678189 3719433 3804002 3869895
3785016 3739214 3989018 3785092
3737306 3773891 3762940 3880063
3719394 3649844 3937271 3732076
3731810 3741267 3669520 3829275
3826873 3712870 3933514 3724407
3783722 3684650 3811571 3883409
3640276 3720031 3721668 3664359
3914749 3837916 3765515 3718216
3660589 3702773 3863612 3757703
3885668 3830148 3881870 3709965
3613215 3741144 3707237 3707317
3792524 3764063 3680420 3722439
3712853 3752773 3757087 3770687
3865885 3840803 3783324 3679247
3714099 3718076 3815514 3838834
3940281 3816544 3808471 3817720
3901756 3788054 3870813 3917726
4033824 3843747 3897120 3760919
3744806 3779195 3714551 3818739
4039349 3756976 3926841 3721436
3778313 3789275 3881497 3948217
4101612 3868618 3897839 3759224
3782359 3827648 3940547 3712840
3847481 3927198 3818720 3829620
3886211 3723137 3891677 3716055
3871986 3926282 3788709 3896544
3771953 3753002 3879096 3754725
3798466 3827001 3819880 3867789
3813716 3797069 3846418 3785772
3867785 3856923 3767884 3973328
3823315 3906347 3846654 3851907
3839534 3792681 3835152 3810593
3962525 3886576 3859471 3855411
3826108 3823681 3884077 3874003
3793855 3848721 3744352 3822150
3814716 3816860 3781462 3805169
3921778 3846701 3800384 3808372
3871827 3924567 3809602 3708134
3797210 3815921 3830300 4026289
3929686 4050222 3779270 3934682
3693785 3828629 3828864 3879908
3854310 4034849 3690665 3905284
3618692 3686163 3645108 3852633
3702094 3916536 3534649 3686939
3773657 3754597 3737793 3825950
3901622 3987486 3700251 3795735
3899941 3857863 4042238 3895761
3795215 3834759 3949179 3930586
3851178 3772474 3955241 3792957
3888412 3799626 3910242 3946710
3700357 3643947 3838543 3705418
3751130 3726394 3702315 3797952
3799549 3770836 3903966 3835573
3793266 3759471 3832412 3933666
3825214 3853184 3849411 3809597
3995422 3965005 3948546 3735987
3695115 3782167 3902920 3809308
3964054 3796086 3799218 3673370
3543989 3601083 3696158 3616948
3806993 3701941 3787818 3630035
3664926 3722493 3777236 3743008
3870727 3805783 3817902 3670007
3878484 3906269 3925622 3978301
4202357 3988885 3979116 3864340
3880922 3827071 3877682 3983438
4040961 3854456 4032914 3867501
3671444 3723603 3780921 3767093
3912293 3758289 3783615 3720160
3747014 3857433 3848068 3881316
4047371 3960349 3938133 3783961
3853289 3928266 3970772 3748989
3995990 3946152 3905929 3924155
3831175 3844748 3873912 3693602
3963865 3966593 3904580 3990254
3670118 3752062 3796838 3547066
3801237 3772682 3711319 3779023
3863649 3767282 3859922 3692971
3809578 3930171 3845288 3963618
3992882 4016524 3875962 3994430
3995402 3925293 3976937 3922719
3964264 3984908 3892852 3923628
3907981 3891599 3972082 3815783
3720836 3800923 3742011 3774658
3786523 3788329 3769011 3669004
3910714 3862546 3811335 3932950
3960818 3905635 3858333 3835692
3795342 3757709 3758230 3818270
3798730 4007749 3650392 3809535
3892890 4033822 3959367 4150446
4028319 4258185 3900038 4085450
3874001 3884717 3874318 3979981
3896058 4127583 3896660 3963706
3763352 3756224 3787959 3918715
3858961 4052014 3734708 3941212
3772535 3753910 3957897 3696070
3693965 3741833 3757404 3850097
4029811 4029338 4097767 4015980
3920741 3881742 3959953 4101141
3904106 3868942 4107707 3879322
3908524 3827400 3935589 4004940
3804123 3788238 4014218 3819976
3675719 3812857 3854092 3920516
3631510 3657730 3790706 3706976
3794082 3789229 3786845 3717222
3857708 3934986 3978304 4018513
4082456 4056329 4092493 3864852
3774702 3825974 3908509 3886312
3996204 3913997 3971867 3848157
3684889 3824651 3866552 3811172
3950442 3858602 3817075 3747405
3806600 3746996 3752494 3935251
4002564 3856287 3883375 3742967
4022167 3980494 4036053 4116562
4243614 4031844 4151867 3977974
3998877 3893038 4033476 4020361
4154959 3992016 3992764 3908449
3900956 3850048 3923789 3983098
4120248 3896074 3893172 3796841
3802567 3712250 3831477 3757085
3801169 3920832 3754905 3865781
4024849 3966607 4090620 3990736
4050459 4115965 3982878 4048408
3906251 3914454 3947491 3827943
3943617 3958089 3976023 4140993
3801988 3822405 3899158 3710153
3843696 3902497 3823237 3947107
3852616 3950251 3855121 3848473
3891705 3960636 3794563 3866712
4192245 4194511 3987528 4014117
4041874 4054550 4024527 4035049
3943832 4031756 3969847 3944395
4057713 3986837 4011635 3909699
3871692 3998059 3891844 3837014
3913526 3853680 3948032 3818895
3714294 3720721 3666674 3894410
3775431 3963118 3672561 3824691
3739285 3794746 3741444 3926983
3848950 3931509 3674768 3828432
3787200 3856412 3833013 4001955
3839183 3987398 3825088 3883994
3709573 3867965 3821459 3918155
3852099 4016221 3741165 3794555
3718463 3768546 3898167 3733558
3689244 3650315 3819017 3807858
3817770 3734124 3948017 3753272
3792244 3712332 3779835 3873474
3812102 3836601 3977461 3889439
3886877 3882541 3829562 4045494
3863349 3752113 3955813 3819517
3860566 3845486 3832007 3985949
3651681 3687085 3763803 3721388
3822140 3818932 3779242 3603391
3621261 3724957 3747989 3708804
3835258 3848698 3810973 3697889
3742103 3788571 3899156 3781946
3957669 3956480 3896372 3780282
3718312 3721651 3814029 3783664
3904747 3843215 3839207 3798311
3758358 3789656 3888173 3849639
3985548 3816394 3891962 3697347
3902013 3893131 3854589 3828095
4035141 3813758 3935865 3790722
3866115 3865739 3951390 4026647
4111598 3929380 4001748 3970024
3858180 3896558 3847007 3959124
4062029 3881534 3964092 3823947
3823109 3769614 3835797 3644431
3772348 3868330 3841547 3935767
3744006 3740085 3839210 3663233
3771718 3937169 3790471 3891362
3902763 3886816 3967253 3708703
3934028 4012620 3807384 3897105
3850305 3804141 3907152 3734992
3842209 3942120 3909742 3951421
3862865 3924571 3827241 3824085
3901847 3832563 3859888 3747400
3829902 3936505 3827135 3760177
3893824 3823640 3781334 3945781
3928999 3976050 3850597 3930423
3918887 3991940 3917381 3839146
3963764 3960688 3884999 3862139
3889078 3896010 3938893 3914555
3838428 3821190 3846556 3923116
3776310 4033012 3720926 3712832
3842750 3852559 3866192 3886816
3896507 4048086 3720189 3848245
3747062 3806268 3894875 3846434
3771376 3913136 3673988 3712910
3834399 3887599 3980894 4012723
3896265 4139338 3856572 3863049
3924083 3860497 3742691 3807193
3799332 3960659 3900344 3834141
3876806 3962043 3700574 3765640
3836851 4002078 3951217 3882657
3866395 3780819 3784091 3786974
3830676 3939692 3891116 3852741
3959806 3921888 3812168 3898712
3848209 4079038 3931601 3953860
3850318 3832911 3822802 3873709
3794639 3805165 3768657 4100297
3955427 3841584 3823798 3890506
3837988 3802444 3852452 4005689
3953571 3783044 3716624 3777791
3764401 3701146 3698086 3966345
3977358 3968241 3849830 4000374
3979852 3888186 3896334 4080788
3760518 3895842 3932458 3755336
3847819 3943302 3892505 3959907
3809674 3901955 3835662 3793761
3946434 3951140 3957536 4043857
3788118 3764984 3857206 3711946
3803701 3851241 3924279 3979551
3868393 3986749 3976621 3803723
3888442 4017686 4054139 3965124
3752301 3972939 3854681 3810573
3850018 3808493 3843866 3782634
3826051 3884906 3865781 3797152
3809654 3988464 3724388 3872749
3788051 3766639 3774794 3852187
3853024 3848877 3746326 3799754
3971107 3992866 3964441 3956584
3909736 3955732 3880060 3968135
3789802 3945366 3907859 3976168
3986056 3960006 3959734 3805524
3878713 3937636 3922323 3957501
3976498 3887175 3919297 3895707
3764895 3810060 3818116 3915798
3970696 3825774 3839499 3721469
3908716 3989899 4073479 4033040
4055493 4045890 4018490 3821758
3807852 3809818 3958593 3832071
3905161 3985962 3766550 3828634
3745953 3688225 3882799 3696631
3808039 3980995 3628808 3713971
3820316 3980013 4128555 3964695
3964469 4143670 3855254 3852073
3911673 3941466 4073175 3988490
3929324 4112255 3807008 3769199
3890745 3803206 3680698 3809791
3904711 4023821 3960095 3911078
3911362 3739807 3719545 3792151
3712635 4010316 3838358 3704286
4050615 3923887 3848691 3898980
3963668 4093321 4073555 4010569
3962240 3951625 3830594 3890394
4001154 4113285 4047424 3986319
3887294 3829403 3873876 3874349
3851786 3750905 3831188 4047685
3857960 3737515 3760219 3880613
3843016 3706566 3738224 4007783
3989788 4007393 3846904 4006843
3948164 3871289 3883776 4137919
4039064 3949032 3918062 3976650
3959864 3931492 3902246 4075083
3821980 3943709 3894667 3774997
3838019 3895984 4030195 4003983
3810811 3824902 3843527 3725728
3841272 3846851 3885187 3878685
3900468 3994294 4050219 3858517
4042576 4062860 4026097 4084897
3902752 4028177 4029288 3885310
3988037 4033650 4015441 4069654
3806711 3909251 3858374 3862964
3883979 3820342 3718448 3821912
3824998 3908966 3896900 3755205
3790688 3823577 3670403 3798952
3975314 4095323 3986387 4009352
3871233 3966167 3857532 3902378
3933772 4057073 3956956 3913209
3913352 3980268 3798887 3961025
3855301 3881645 4000975 3959608
3939305 3935987 3939944 3703285
3752943 3823457 3832167 3833424
3859233 3830329 3833641 3736527
3873656 4037584 3977149 4060884
4082652 4054279 4121678 3942660
3880997 4011872 3988419 4041217
4111095 4023062 4042778 3845853
3872910 3935428 3904120 3873068
4051276 4039014 3823478 3721504
3843286 3941801 4018852 3887672
3999853 4135484 3819676 3822097
3615595 3644774 3780504 3780865
3824360 3908430 3648133 3656707
3860515 3806255 3967732 3880560
3860036 3917053 3794098 3756895
3995574 3945051 3785050 3862836
3836733 3999689 3989025 3938443
4018798 3996617 3834791 3874589
3954572 4024689 4038203 3954391
3827510 3740975 3642986 3723922
3710671 3840187 3758515 3740935
3961877 3950956 3802682 3828367
3745330 4037464 3961023 3786199
3925003 3861839 3823750 3963902
3902401 3799399 3880332 4107985
3974918 3928446 3845661 3909169
3949373 3828957 3919323 4095964
3793216 3802702 3652649 3817151
3823652 3635041 3570721 3886008
3957528 3857511 3833494 3860499
3851460 3729638 3846487 4042662
3726443 3890572 3920016 3807808
3953145 3987137 3928949 4019822
3902986 3951014 3973463 3891456
3903084 4053356 4006133 4068661
3652162 3784367 3822546 3702168
3801211 3790521 3857993 3917990
3806212 3862800 3953597 3716633
3836175 3949473 3961057 3949368
3896142 3980005 3947681 3831559
3865704 3877014 3773027 3920946
3873082 4057653 3958758 3880939
3949566 3833863 3865014 3837407
3676692 3856477 3753606 3701673
3739044 3706974 3637052 3748146
3892080 3983840 3857082 3887246
3865989 3900971 3777748 3831458
3804971 3927347 3884136 3937864
3989869 3929795 3904821 3789693
3906959 3930237 3980028 4016344
4024886 3976282 3997664 3900940
3711485 3760581 3808057 3886199
3813397 3818508 3766458 3733112
3770641 3909570 3920543 3962153
4038261 3877570 3974587 3786279
3889402 3872708 4006685 3941797
4039655 4080158 3837295 3813032
3740254 3845908 3980852 3858794
3891747 4022067 3747359 3790879
3856878 3837113 4008070 3949260
4032699 4107625 3892066 3917301
3697088 3735649 3791444 3709140
3748391 3822242 3611602 3657468
3882877 3897237 3765985 3828888
3925492 4070866 3883354 3905464
3848950 3845804 3702701 3809033
3807276 3975831 3986049 3853494
4030601 3928291 3760625 3877737
3893403 4009699 3937833 3933082
3800226 3675155 3606627 3666567
3682713 3834007 3720323 3764072
3851555 3860040 3892527 3869865
3907165 3771339 3767616 4045315
3928201 3896028 3846582 3848389
3927700 3788027 3718288 3955875
3989398 3910028 3909114 3921040
3970042 3882421 3857998 4112846
3810855 3726432 3645058 3709486
3694279 3645489 3646998 3929923
3852540 3843384 3992592 3802486
3920098 4005501 3977505 4020754
3853326 3874495 3952288 3773707
3931201 3921278 3885880 4097173
3864209 3954541 3955261 3833609
3930904 3972128 4010513 4091714
3642719 3610449 3706997 3668582
3701187 3804014 3865945 3845807
3867745 3941246 3905558 3860797
3884096 3942057 3832841 3830894
3810147 4009141 3866133 3821847
3866719 3852201 3743555 3784954
3942704 3960389 3941935 3879832
3914658 3952386 3797152 3887081
3631310 3765749 3754856 3706130
3667337 3695729 3573764 3735274
3764612 3953295 3959191 3962560
4075558 3970493 3969113 3833340
3828196 3907385 3945991 4013142
4028319 3890987 3957539 3795147
3809292 3933835 3989945 4045981
4085706 3903822 4050144 3878275
3724131 3823912 3780685 3824498
3826359 3828891 3744952 3698665
3806531 3869162 3956266 3913877
3881323 4014195 3810648 3790671
3782177 3798250 3846309 3816211
3855428 3958525 3714013 3695918
3907117 3853805 3980886 3962975
3937479 4120576 3768897 3856858
3763983 3803314 3874866 3815887
3881838 4102930 3740209 3777903
3975533 3866429 3761654 3788666
3925844 4000777 3841589 3869103
3842688 3784894 3622562 3824274
3760693 3919784 3935489 3831664
3946585 3880952 3721517 3797418
3898351 4026103 4027541 3839620
3963695 3901696 3821145 3857367
3895922 3938839 3891493 3863801
3949031 3825264 3786263 3922531
3826965 3756423 3761264 3933496
3929769 3780120 3795020 3862986
3836306 3754787 3663042 4009975
3997050 3933194 3953573 4003079
3902083 3832365 3841682 4018839
3910215 3835261 3873492 3884681
3863129 3794903 3828898 4065716
3769439 3911725 3915829 3806044
3853793 3998227 3989820 4029903
3797250 3806972 3863986 3684133
3859488 3832609 3854437 3930308
3850896 3939879 3980289 3845418
3894196 3998096 3935671 4006843
3807551 3887902 3974257 3810822
3859245 3958768 3981600 3971893
3859755 3896797 3915526 3863178
3794724 3955036 3770780 3915179
3734845 3890185 3854799 3776349
3774712 3864310 3713301 3837830
3932694 3969423 3976628 3899583
3832489 3976174 3919225 3887851
3740197 3910667 3882128 3905494
3857359 3827330 3774865 3901937
3745420 3938894 3932323 3939975
3943604 3817509 3941978 3768359
3793590 3810943 3795249 3824298
3921937 3849850 3893316 3727757
3826427 3972546 3986968 3941671
4008490 4017874 4058592 3880533
3813186 3942011 4010288 3978880
4061542 3852386 3985441 3774088
3678690 3831033 3924054 3801472
3807948 3925285 3632667 3727590
3846635 3863984 3936332 3985802
3887287 4078917 3857712 3803881
3730329 3749835 3863744 3828889
3808388 4014380 3709294 3663169
3660119 3722783 3740258 3723354
3739806 3885967 3599016 3735512
3789804 3737361 3705145 3781255
3725754 3914768 3859267 3818342
4018301 3897961 3850180 3904322
3841640 4023654 3989722 3890686
3899211 3839750 3697090 3785730
3851815 3933971 3868944 3741492
3734836 3709315 3602180 3678534
3833557 3910024 3694258 3778927
3819617 3780061 3731228 3799455
3784752 3720757 3712011 3964103
3958934 3886710 3963399 3875936
3996579 3897526 3790656 4031568
3835334 3751930 3810253 3814315
3847410 3755396 3717671 3993181
3771022 3651797 3731650 3726210
3681901 3692142 3632459 3847542
3685984 3780985 3846528 3771515
3809622 3960206 3896822 3943976
3903779 3943713 3906798 3883424
3976371 3945192 4116341 4014621
3757459 3736204 3825374 3696217
3810321 3836483 3937601 3956617
3670401 3754570 3692293 3646161
3658515 3777424 3825748 3786178
3686606 3932134 3755517 3721721
3796840 3792108 3714152 3833692
3819511 3949454 3947500 3886963
3894139 3913289 3828387 3935629
3733963 3848599 3849223 3811652
3784531 3790753 3679052 3790448
3764740 3804264 3688248 3568873
3814353 3780425 3729829 3698713
3746356 3915233 3817091 3956055
3908864 3861996 3784140 3752708
3839112 3988990 3951601 3975470
4069684 3965279 3944365 3778936
3713913 3918155 3878158 3863739
3905830 3914745 3864032 3759500
3743068 3747618 3851448 3760301
3838075 3828718 3869973 3652198
3861683 3843484 3996378 3969735
3908079 4136894 3876786 3760743
3821054 3783770 3900631 3819961
3783555 4086735 3746083 3790804
3663967 3708735 3793725 3846233
3790656 3908216 3598389 3628789
3762332 3858058 3829661 3866439
3834342 4071700 3777587 3738130
3963992 3904011 3787117 3878712
3868847 4093754 3974810 3975242
3889533 3850341 3676767 3795776
3827499 4020013 3837530 3795543
3845646 3787963 3682494 3681605
3766409 3948383 3753677 3714111
3914912 3829712 3769012 3658451
3848337 3952857 3865314 3817107
4022058 3932927 3880070 3901802
3917884 3796713 3853027 4125525
3892182 3862259 3818527 3865619
3871256 3831616 3674072 4012578
3776344 3780136 3670691 3762695
3788539 3718929 3735267 3897228
3868834 3854643 3802786 3863605
3867369 3799149 3807548 3958881
3869765 3929445 3886224 3913942
3994046 3999812 4019698 4052277
3790997 3829306 3869015 3728002
3830868 3966745 3956586 3979384
3684916 3787917 3753618 3738416
3765167 3839936 3874962 3872872
3778129 3879358 3945848 3717970
3885208 3910276 3913611 3935040
3901972 3887998 3977795 3864801
3856782 3921803 3876734 3883780
3789558 3816512 3806817 3848725
3828100 3751352 3722176 3841531
3698408 3877063 3749651 3696671
3670468 3776081 3724496 3685458
3770992 3880458 3894190 3875800
3771533 3904706 3795962 3814753
3937429 4009927 4000741 4102109
4089375 4003381 4059844 3827322
3806550 3752590 3912005 3863625
3966709 3930261 3895023 3777470
3741995 3818654 3864471 3841006
3887282 3778880 3828579 3613722
3752793 3911688 3859151 3851484
3843621 3883696 3983319 3821578
3755807 3685323 3849447 3810827
3837465 3898252 3655154 3695017
3747226 3783700 3914166 3773035
3784987 3942298 3669759 3669546
3792542 3847692 3980786 3894017
3910944 4058746 3738685 3827389
3881517 3881685 3959713 3886326
3993862 4120799 3873858 3850082
3654498 3716453 3614459 3665043
3734459 3826750 3815176 3712930
3833833 3768443 3731867 3742796
3698599 3972836 3854465 3759865
3911336 3865982 3744888 3833157
3880757 3962908 3987155 3869053
4016600 3896562 3840297 3841178
3866723 4006046 3964318 3895904
3776655 3829320 3788459 3777850
3843453 3709775 3691357 3915351
3867967 3801430 3831071 3886533
3855198 3749761 3697654 3964033
3871042 3962018 3866679 3907370
3872043 3840251 3789981 4038855
3959032 3902930 3928566 3939402
3982682 3841617 3861433 4039654
3670963 3812025 3761796 3704332
3767243 3904912 3824341 3967709
3772018 3822674 3823773 3667128
3845848 3866937 3815211 3951383
3863314 3940108 3894749 3803716
3887498 3938273 4021837 3998684
3851088 3926587 4087770 3869532
3978201 3992056 4011758 4081311
3651905 3841006 3763760 3701592
3703234 3766328 3652477 3725545
3826568 3955265 3827002 3717924
3820136 3691151 3673635 3775076
3895996 3936355 3869319 3897794
3857943 3875295 3807586 3914909
3893903 3969581 3943083 3888294
3907120 3975534 3853035 3920934
3742400 3846893 3770083 3837038
3901225 3770688 3807427 3722643
3740299 3819309 3882480 3910577
3931475 3808625 3926879 3723196
3742867 3912273 3882265 3975480
3932853 3966116 4008695 3803928
3790913 3872537 3930715 3990920
4056045 3931334 3965891 3815260
3682468 3692209 3880682 3755802
3816442 3978215 3695802 3771259
3648177 3771267 3881383 3779096
3762596 3888043 3771218 3702061
3772818 3734633 3877662 3899867
3884007 4067881 3684319 3738344
3957490 3912871 3996174 3948990
4033840 4114873 3739696 3806345
3772288 3718052 3766408 3708828
3767579 3971809 3886902 3721280
3819764 3686265 3656711 3714639
3787433 3924235 3718185 3769337
3828543 3848326 3743234 3808853
3781078 3994016 3824106 3802883
3998433 3803813 3726045 3791969
3935084 4084810 3943435 3994479
3890893 3823793 3749206 3873825
3787534 3686332 3743965 3983548
3810893 3792956 3719508 3825685
3708910 3697101 3670986 3834247
3871301 3813520 3815336 3904925
3847569 3789611 3768390 3959807
3961750 3903373 3839309 3987005
3831559 3881221 3865688 4055469
3784266 3798920 3783982 3780620
3803612 3857884 3971466 3868689
3669096 3754253 3778375 3699088
3736298 3822426 3837082 3855755
3754193 3776964 3892934 3765015
3826480 3893665 3919294 3907839
3784148 3899652 3982399 3738618
3947132 3977568 4046246 4125604
3737242 3940329 3808925 3721242
3855624 3741169 3666965 3767516
3728703 3823782 3752591 3699669
3719566 3737126 3630616 3717245
3785138 3943912 3809384 3804588
3884221 3796609 3727148 3819875
3892755 3946310 3874158 3925301
3949649 3906641 3832918 3812389
3758257 3828507 3817494 3854597
3850456 3856344 3835211 3685969
3679099 3803957 3809018 3842310
3943364 3758160 3864459 3683931
3758435 3863181 3892121 3852703
3940337 3910740 3914816 3706661
3736946 3926998 3964827 4004846
3986041 3966492 4043420 3861195
3846258 3804758 3905243 3898176
3827857 4020257 3795770 3819155
3889837 3889054 3917359 3855239
3959469 4185700 3726074 3855514
3810618 3886326 3840928 3935230
3905669 4053690 3750919 3721366
3775599 3889272 3933411 3936645
3869367 4025176 3818159 3802428
3901942 3844463 3756474 3802260
3826284 4030992 3906792 3827185
3993221 3794176 3746160 3876302
3890695 4014781 3940815 3925737
3907826 3929437 3859201 3788832
3831419 3992147 3903963 3893051
3916977 3932486 3872629 3818922
3911055 4087278 3940750 3869198
3921435 3858113 3823690 3896363
3817012 3708678 3755873 4021852
4062569 3913293 3911877 3897902
3825366 3808327 3870931 4028212
3934365 3854171 3819303 3882491
3855753 3812595 3776972 4037117
3925125 3935983 3829997 3937887
3852657 3772000 3826492 4082730
3781636 3848627 3879500 3775279
3956968 3913278 3876939 3962272
3820001 3881798 3934204 3832899
3919865 3952667 3969330 4013834
3788123 3865239 3858932 3826002
3912182 3969696 3982714 4071525
3862369 3807374 3924130 3831742
3949915 4028783 3966358 4084822
3846851 3861283 3824939 3827825
3859816 3922215 3802473 3869196
3826857 3952982 3934684 3895337
3848371 3864643 3829673 3902548
3832877 3968134 3887391 3862271
3809002 3891455 3817892 3834867
3857888 3984893 3924036 3862467
3878130 3950490 3854889 3909053
3770618 3907812 3893070 3925996
3931054 3940847 3971933 3803989
3725343 3988089 3946645 3984378
3992398 3927969 3906742 3846531
3769319 3907031 3903083 3945986
3995621 3913863 3985897 3891150
3725939 3983733 3999032 3959309
4045099 3961861 3940334 3775632
3824049 3766264 3905073 3833807
3799373 4074209 3757872 3770254
3665550 3827520 3891617 3865682
3808606 3983062 3682584 3676144
3833649 3834467 3905223 3856913
3880317 4005548 3729565 3833340
3713124 3801005 3865700 3826029
3867183 3950190 3644142 3739253
3976477 3814162 3707635 3828166
3841441 3981085 3924898 3851209
3888742 3798040 3650021 3717211
3861331 3948021 3829335 3854970
3846900 3794609 3630227 3838305
3835267 3947869 3839899 3794250
3897025 3722642 3720864 3751141
3710442 3926025 3841758 3759522
4036442 3901002 3829260 3928206
3964478 3834913 3844314 4047166
3853849 3832869 3830451 3827572
3816441 3738599 3703711 3872570
3876650 3833618 3779941 3832799
3908623 3707704 3803835 3975986
3842826 3823691 3788922 3803709
3742551 3738796 3730090 4060878
3859410 3918781 3996204 3754019
3877508 3907313 3987724 3986529
3744469 3809684 3898688 3717530
3789949 3815142 3919512 4022669
3718789 3811381 3912100 3769262
3881018 3908317 3960058 3869327
3749014 3801515 3843126 3702313
3788193 3858732 3912136 3986602
3893413 3954712 3824263 3894257
3814530 3871216 3824591 3825985
3834012 3803140 3914937 3814137
3760005 3801598 3742353 3755536
3852303 3938212 3811381 3786851
3803802 3780041 3739947 3743114
3752219 3853501 3824442 3741578
3772570 3871659 3719471 3705524
3855285 3877354 3913933 3986922
3984356 3816171 3981759 3795643
3728201 3776515 3933819 3865607
3855231 3831587 3890018 3729045
3773608 3915528 3915772 3883796
3982528 3822938 3924645 3792215
3749423 3822660 3872503 3848488
3903577 3865139 3858467 3654689
3848998 3846125 3877902 3974350
3955690 4078962 3783918 3797107
3715773 3754873 3760724 3674125
3830528 3880570 3764322 3674874
3813937 3793692 3958760 3788834
3780561 3997439 3713034 3761337
3855165 3824314 4007446 3906819
3879753 4092215 3800398 3805746
3902062 3794671 3801645 3899472
3879624 4070941 3919441 3913605
3855615 3867223 3612719 3772405
3748044 3870657 3834059 3773591
3889423 3878391 3675651 3750078
3739342 3940827 3786717 3821591
4012546 3897639 3792764 3850360
3874607 4038630 3876146 3881074
3984793 3848310 3849635 3884299
3914599 3754012 3812303 4135049
3793293 3780046 3792158 3728205
3732891 3746536 3700191 3897954
3830892 3826267 3837699 3797768
3749306 3709711 3701057 3973292
3970667 3904269 3915308 3992465
3917626 3747968 3908770 4122337
3893507 3876463 3999943 3876659
3939505 4021594 3899272 4090884
3697901 3800760 3807239 3746803
3801907 3822702 3880494 3910929
3812060 3816417 3895241 3695158
3903304 3869824 3923278 3981004
3834492 3920400 3880602 3939778
3909096 4015945 3931789 4052884
3904060 4004178 4008663 3854614
3879746 3921278 3863591 3837686
3684141 3877001 3799438 3781946
3770845 3821312 3627775 3690826
3788741 3905959 3780273 3793832
3735555 3774564 3709249 3837426
3818885 4014791 3904855 3872437
3895291 3884740 3833453 3820569
3819285 3934491 4011014 3922839
3997530 4041687 4001764 3829008
3708532 3790525 3791190 3780647
3895259 3863063 3832421 3686845
3777271 3848285 3892180 3852465
3950300 3858595 3904363 3702507
3773648 3905328 3965224 3954258
4093817 3990741 3949986 3823192
