4030512 3885317 4016943 4017232
3888517 3847009 3857626 3995181
4157316 3910010 4081617 4025719
3959663 3991982 3895948 4011422
4100475 3955226 4046503 3998262
3871487 3960915 3891933 3995314
4071373 3879265 4033159 4004467
3987564 3906886 3966074 3949646
3875331 3989385 3908129 3837259
4000715 3976193 3893497 3966740
3969447 3991298 3924750 3891585
4055849 3978952 3928206 4100931
3937583 3979040 3838754 3937446
4030620 3894715 3911780 4071732
3953037 4002761 3923090 3966596
4020718 4028700 3984321 4165065
3926262 3888347 3845364 3862753
4007400 3907085 3935467 3868901
3911539 3889509 3949642 3911887
3964922 3981764 3942403 3841705
3849685 3849960 3892547 3881342
3908211 3870767 3907620 3777333
3887370 3933094 3930340 3939015
3966191 3922289 4010682 3890898
3891100 3921589 3943079 3937869
4045115 3967780 3972403 3870622
3963319 4057344 3967097 4019213
4039979 3991293 3991629 3876381
3924499 4021493 3910786 3906751
4012653 3970522 3934642 3765411
4030487 3999465 4031230 3978225
3980319 4005201 4002924 3883174
3956752 3955465 3891011 3923527
3935615 3916973 3938183 4010279
3865405 3942266 3864918 3971627
3931844 4016125 3948742 4109417
3912092 4021158 3789791 3978320
4017632 3907249 3865594 4119267
3899402 4078637 3900487 3963858
4019430 3980414 3995999 4095612
4009429 3781788 3905338 3990794
3659231 3927531 3970538 4069529
4055503 3846257 3995166 4063520
3765940 3945871 3994376 3971865
3966987 3864450 3927674 4040442
3808157 3921760 3952242 3877736
4102757 3861884 4060241 3999131
3743678 3834986 4017562 3925492
3993657 3890095 3937310 4008804
3817312 3875397 3794251 3892813
4018247 3923683 3960939 4061774
3812274 3871100 3829872 3916094
4057399 3974111 4063906 4062032
4009330 4053634 3928969 4124332
3947021 3785958 3857954 3970654
3869205 3911733 3917451 3857818
3796316 3796417 3771641 3799703
3861926 3918970 3815822 3962247
3865742 3914074 3835518 3866476
3981976 3936328 3945731 4031903
3982453 4014874 3920475 4033806
4096233 4069533 4081995 4065389
3829212 3908335 3858238 3886725
3989816 3935472 3834684 3921574
3791613 3857676 3887986 3854705
3931948 3920787 3801612 3716040
3811352 3883250 3964134 3888391
3945368 3887288 3945537 3787904
3872666 3933052 4036834 4064151
4093278 3991143 3946015 3867585
3803959 3847223 3923002 3848317
3914598 3856605 3846080 3786235
3904325 3833240 3852024 3826079
3961077 3868929 3918203 3743255
4006780 3944625 3874584 3872764
3964269 3952851 3954608 3819229
3978675 4061748 3961420 4019692
4103515 4077568 4014685 3850647
3876285 3898706 3841336 3868215
4011513 3894951 3887505 3723281
3779969 3901157 3766769 3898959
3931093 3900680 3836014 3862739
3851592 3945950 3749628 3952398
3956407 3943139 3906232 3961389
3939374 4065397 3981585 4035665
4035915 3999924 3950151 4098329
3838045 3910493 3843949 3857901
4003496 3862034 3836883 3882875
4007289 3778787 3928797 3970056
3713274 3794062 3954110 3847350
3954225 3824145 3883219 4056915
3785960 3840424 3892630 3918187
4072727 3937585 4045805 4202855
3822848 3907291 4031186 4032526
4005807 3835063 3859899 3885813
3705123 3800070 3873226 3837729
3961547 3799974 3923586 3924492
3866944 3903545 3782211 3898213
4021869 3876133 4013411 4012092
3879676 3904353 3902550 4017786
3925001 3696895 3768033 3822544
3743803 3797234 3737626 3776136
4111294 3959430 4042054 4065893
3948060 4029247 3964467 4090930
3714537 3892108 3756863 3837992
3924700 3821841 3881037 3959146
3787292 3966570 3853202 3933820
4032981 3922950 3905161 3956608
3699207 3831425 3700233 3755985
3817139 3829212 3753793 3877143
3907543 4045930 3994643 4046318
4089072 3959190 4003173 4047346
3728918 3808856 3924447 3813679
3903542 3846529 3903303 3789039
3861345 3870215 3971162 3892206
3860642 3929258 3912884 3763192
3734934 3731711 3758291 3773061
3794138 3802362 3792063 3607521
3920273 3953622 3940188 3989461
3999844 4013661 3891356 3911089
3794799 3868820 3843908 3875635
3966226 3954490 3939570 3814978
3834513 4012734 3909790 3851260
3985211 3935239 3889402 3803026
3703410 3837652 3784395 3801117
3805766 3903656 3791028 3696995
3973919 3973313 3977275 3988311
4130653 4031291 3945628 3952883
3841990 3893042 3820396 3770255
3903116 3925583 3905385 3943159
3942503 3934501 3761805 3848496
4024985 3921230 3965818 3979676
3624907 3813271 3685598 3801064
3851283 3802424 3779372 3893087
3952160 4095605 3993423 3998436
4053485 3959209 3955022 4082717
3958490 3749580 3943817 3937458
3738101 3745247 3919875 3821485
4023734 3867623 3870019 3981952
3727162 3872719 3956540 3985115
3905918 3544870 3791445 3866212
3610346 3687495 3812607 3780446
4085582 3874807 3975638 4083506
3775710 3886159 4036255 3994133
4025099 3803117 4036525 3962692
3893503 3895057 3932575 3899040
3987263 3825951 3893196 3941373
3828110 3769825 3752135 3881272
3933097 3803266 3882205 3896964
3810480 3850076 3828389 3866128
4128253 3872476 4061263 4051449
3925673 3998282 3967481 4033159
3839033 3886020 3780444 3858697
3912039 3941108 3965231 3994843
3776876 3903547 3812321 3848762
3939768 3935612 3830421 3945214
3832850 3879569 3863166 3850631
3873582 3909919 3888688 3961518
4011290 4073909 3905137 3917918
4086108 4004625 3999909 4076516
3771871 3785199 3914035 3851952
3856120 3878455 3823319 3769071
3754532 3777132 3886923 3909406
3879957 3797762 3792224 3713058
3780688 3790281 3913102 3962331
3891766 3841930 3842884 3782343
3886761 3908698 3961226 4018779
3941461 3903733 3990345 3900197
3896467 3914352 3851975 3842231
3900834 3921712 3884379 3741896
3889065 3929598 3818967 3818697
3997536 3871230 3803895 3812674
3846906 3811722 3895341 3827311
3893424 3903345 3919767 3804280
4056513 4057748 4006660 4002645
4013877 4047197 4014900 3894956
3835279 3926930 3822603 3840425
3941425 3873107 3843068 3947237
3825380 3800398 3885949 3879346
3937263 3891769 3850662 3925118
3827111 4009841 3766053 3917189
3839124 3849076 3822456 3881463
3960505 4011618 3853477 4068414
3991177 3940426 3916235 3963736
3945106 3725210 3866177 3956064
3629295 3792755 3799707 3832292
3888281 3638478 3849302 3942849
3680246 3875433 3871065 3882613
3994266 3749246 3907214 4058207
3753439 3790244 3962817 3794985
4087026 3863850 3952493 4088424
3764307 3902561 4098405 3957684
4050167 3900988 3967693 4013105
3917225 3897274 3938746 3944707
4030403 3855196 3984337 4033576
3937825 3997485 3922574 4024200
3862176 3727701 3951091 3902524
3768206 3793806 3807327 3895908
3995580 3825619 3915625 3916535
3802976 3786528 3814540 3757522
3903445 3931178 3917708 3993618
3994300 3935744 3959379 3985020
3916267 3979332 3947555 3947805
4044930 3920893 3939366 4095753
3828497 3794130 3706370 3829551
3914086 3896048 3858125 3942204
3762988 3804950 3708513 3773328
3910096 3839802 3826020 3952281
3900633 3916750 3933904 3850640
3983938 3982347 3892743 3885399
3884894 3849248 4000598 3964975
3958984 3924160 3912775 3851839
3765904 3836546 3855979 3765075
3861181 3764166 3765150 3610282
3709743 3772455 3805519 3775981
3812780 3850047 3758124 3674653
3893429 3876712 4004598 3940314
4110941 3956045 3948986 3787688
3965235 4058133 3977916 3900282
4051103 3997149 3968662 3786422
3798017 3951163 3805933 3914304
3920255 3826431 3755345 3667767
3764586 3850090 3869431 3786060
3899654 3787409 3827794 3763814
3866506 3895594 3864513 3905367
3998065 4004382 4006916 4026583
3856320 4048600 3892912 3979804
4043590 3974115 3943717 3982821
3742488 3796830 3696958 3798088
3832775 3785356 3723294 3860467
3711873 3824288 3771496 3834295
3828433 3802428 3823983 3836466
4076719 3788554 3960763 4129869
3765558 3944595 3946830 3952538
4145519 3801552 3996775 4014374
3790407 4002899 3984660 3957764
3881012 3732404 3817876 3820628
3562023 3709966 3893641 3741307
3918114 3607177 3808626 3876778
3656861 3729878 3860371 3794293
3936386 3752473 3908243 3841219
3767661 3733021 3745584 3796942
3915135 3722942 3873440 3800204
3748368 3818015 3731226 3819873
4086257 3902470 4042346 4091226
3948417 3948892 3935960 3993196
3981510 3718170 3938053 3835999
3775285 3870705 3824476 3822054
3661862 3786226 3716087 3756447
3791022 3791191 3754380 3834333
3793371 3806829 3691022 3743811
3830442 3800160 3794975 3904360
3873814 4035327 3898469 3952392
4002891 3945361 3999932 4016552
3771715 3881754 3759400 3762361
3914188 3813924 3775100 3917032
3703937 3785897 3809514 3799592
3749561 3802371 3765916 3716433
3651197 3706694 3852733 3794641
3739870 3775984 3752488 3712955
3860744 3895638 3994168 3891014
3930513 4005809 3924392 3784823
3789829 3813005 3850630 3764744
3843086 3812671 3789982 3731790
3871741 3832006 3786002 3684432
3841042 3863604 3817724 3698804
3750149 3807671 3760159 3740260
3836612 3812615 3831615 3696406
3919592 3937943 3924410 3956861
3989395 4023188 3970029 3884219
3780842 3862705 3785571 3728917
3993051 3839735 3841423 3694441
3683742 3865703 3670434 3777033
3797105 3730076 3715671 3838769
3718784 3825289 3713002 3812825
3872990 3788445 3704993 3800333
3892291 3940995 3883023 3858500
3991715 4015292 3901722 4007328
3729891 3789625 3783969 3776637
3840428 3828520 3800824 3854022
3928723 3631343 3790916 3880044
3645086 3695616 3794600 3774297
3868849 3633235 3725561 3860155
3560764 3676843 3776686 3738076
4003550 3885209 3914782 4001854
3751845 3825195 3992116 3901279
3846258 3694318 3828765 3935770
3631552 3679075 3885191 3797946
3954845 3714135 3850299 3879010
3728747 3726166 3732043 3863827
4147086 3855327 4057917 3993343
3931943 3978480 3994363 4033131
4067308 3817851 3978575 4017036
3872060 3856397 3833985 3908447
3915995 3724550 3909985 3886096
3748597 3829077 3756855 3815707
3695328 3822728 3716450 3808566
3846025 3802101 3787096 3915646
3852484 3930714 3826728 3928297
4006089 4006488 3970562 3989536
3864524 3926460 3822037 3916499
3906649 3958276 3798828 4008934
3805818 3889063 3730653 3853144
3877107 3827921 3840227 3892556
3715045 3706734 3779727 3766254
3742386 3849357 3720980 3722229
3901059 3919799 3967137 3879594
3948676 4006058 4011765 3869244
3820626 3917564 3893530 3936302
3930199 3847869 3809626 3816109
3763770 3795487 3891856 3770482
3856153 3839629 3848511 3803207
3805434 3837722 3789549 3752610
3823564 3848576 3803273 3771105
4035821 3971171 3941261 3919953
4019164 3993760 3943936 3884686
3956633 3917109 3946784 3891831
3993526 3937085 3950371 3771314
3855117 3825536 3798583 3882567
3862878 3913684 3812761 3711419
3760616 3811190 3701150 3810860
3850151 3763670 3733900 3894728
3972109 3987555 3877946 3962624
3996797 4005901 3953937 3997007
3894453 3943381 3873730 3870505
3969181 3960505 3893893 4021314
3776218 3859763 3853350 3783547
3807902 3821894 3827748 3899196
3911300 3649348 3785009 3843953
3555888 3700454 3837097 3697400
4128688 3805421 3962037 4051082
3776312 3988776 3994004 3930313
3967584 3753331 3849424 3921490
3679637 3883142 4031944 3865225
3919611 3691067 3804602 3906337
3575940 3816728 3827620 3829354
4043206 3771513 3904342 3870530
3864764 3776390 3816881 3840077
4119885 3871065 4092320 4074926
3943163 3960627 3901026 4020844
4018720 3853948 4009525 4023939
3986953 3970960 3924891 3930298
3998678 3902414 3928694 3872302
3820317 3889141 3830961 3825302
3781489 3871031 3765214 3902438
3916198 3890885 3934798 3954983
3909785 3972869 3853740 3982704
4033353 4038821 3951172 4071844
3896950 3860515 3853744 3914014
3971449 3949986 3891301 4011375
3776406 3917290 3775041 3866826
3929853 3901605 3905270 3880746
3735369 3832413 3840753 3878755
3932623 3794385 3810840 3764074
3900038 3912984 4034995 3913227
3831815 3941421 3849311 3812298
3874522 3920828 3881234 3890542
3924513 4013033 3906016 3774749
3735232 3805195 3861143 3818656
3804617 3834378 3812607 3725848
3866262 3823544 3870135 3841297
3888579 3885256 3834517 3708695
3965226 4057802 3989165 3872499
4082881 4019037 3934182 3863467
3920521 3933333 3914803 3903247
3987313 4011000 3966877 3835192
3873643 3888439 3823249 3882967
4006412 3906406 3809069 3750916
3822358 3844233 3788341 3804756
3956760 3753103 3887590 3921097
3912461 3898606 3969796 3935202
3964746 3978564 3969436 4032790
3811263 3915494 3800045 3873147
3997353 3900795 3907448 3997612
3841616 3917366 3807058 3825078
3913166 3832451 3802681 3916267
4019069 3763958 3883978 3882931
3709547 3861347 3887747 3816662
4061748 3806335 3893860 3998264
3794684 3828975 4093895 3854060
3999478 3817202 3836486 3977332
3800270 3901083 3915593 3959141
3889324 3748748 3829759 3952454
3729862 3737062 3845623 3789906
3981989 3827808 3923026 3952320
3863131 3823854 3814134 3900809
4114268 4040505 4026850 4035937
3897748 3992364 3956892 3923855
4092376 3934027 4119829 3992646
3914741 3914310 3933275 4006759
3995686 3858416 3913444 3900894
3819010 3906829 3813250 3874997
3819247 3888241 3748589 3938745
3931165 3919765 3896024 3924950
3945469 3933556 3920296 4018154
4020005 4039958 3998031 4121570
3822548 3913198 3903766 3930156
4033803 3933974 3975997 4003875
3803018 3922168 3832256 3859675
3922151 3944151 3821915 3874239
3790390 3764727 3861803 3810541
3873476 3910699 3904319 3748294
3887510 3885405 4022509 3943899
3946998 3980575 3949775 3777051
3903953 3800023 3984650 3834581
3955403 3886189 3875340 3782562
3713308 3795249 3807844 3763298
3877370 3794109 3755708 3763966
3839614 3879707 3824872 3796118
3963755 3859856 3845722 3723077
3997088 4065661 3996857 3914628
4082796 3956105 4034945 3871513
3898330 4024052 3968129 3897317
4057368 3922328 3915229 3767938
3868016 3832725 3878053 3864946
3888488 3910815 3805963 3769981
3809544 3904324 3784843 3773704
3938314 3881545 3837886 3966323
3905145 4007308 3899687 4005336
4062957 3965830 3914505 4026806
3994562 4014075 3878311 3974988
4025882 4016348 3866759 3922720
3829575 3849993 3758250 3864230
3909572 3900637 3860011 3905917
3990986 3731883 3857745 3969291
3776486 3794448 3867235 3882699
4029481 3771839 3994198 4006205
3759373 3948095 4059828 3929876
4061406 3725281 3917853 4037225
3711330 3953297 3987147 3854570
3951284 3679741 3803038 3898741
3742222 3789524 3908781 3851282
4025750 3941455 4029984 4043041
3887164 3977153 3944164 4012686
3931768 3740051 3828597 3884950
3721125 3710914 3745242 3746616
3856028 3795286 3893965 3860688
3752631 3742270 3718304 3726939
4211810 4027335 4095180 4121131
4057372 3942302 4043506 3983596
3880998 3949296 3900603 3955541
4014890 4016787 3953026 4154321
3788875 3800455 3744416 3715347
3802160 3826236 3756693 3895512
3776223 3870302 3587987 3691573
3881462 3865246 3826641 3835977
3980994 4039204 4052820 4054000
4140133 4078850 4107814 4236727
3868139 3840168 4013619 3897955
4004431 3981868 3888302 3857283
3741374 3791471 3772102 3785259
3799395 3821111 3748752 3604351
3749466 3752880 3815142 3736370
3812615 3786132 3725357 3668947
4042362 3924965 4100084 4037017
4093162 4026541 3961981 3961726
3999233 3957988 3990769 3975411
4015075 3937604 3964331 3838930
3761181 3863422 3725649 3740074
3833020 3854449 3783115 3726135
3729792 3771909 3832763 3787972
3833839 3716651 3668794 3639886
4086006 4068172 4074721 4009286
4131448 4080748 4100008 3955694
3887216 4022625 3834938 3848169
3957940 3872817 3949995 4054552
3715250 3831061 3728718 3757841
3841107 3813508 3669679 3833804
3719785 3800739 3725625 3717554
3815685 3865635 3762609 3809983
4004705 4160498 4000089 4043687
4084471 3999246 4055066 4137764
4118640 3808797 3981866 3993556
3784450 3919659 3986469 4013927
3804107 3630545 3811708 3848454
3598815 3729156 3852465 3706809
3918080 3637067 3739043 3846341
3574022 3774686 3717523 3883597
4185833 3999557 3974693 4084192
3836458 3985880 4100059 4078534
4036200 3954535 3979716 3995319
3917741 3972710 3852173 3934995
3933301 3836713 3887638 3941682
3910174 3857302 3776350 3885614
4144024 3958966 4142860 4064100
4058480 4047245 3942793 4061679
4148482 3924120 4097078 4144123
4033687 4058456 4068046 4068468
3882046 3983051 3818989 3935861
3945864 3933683 3922374 3946614
3837637 3914848 3776057 3885507
3996784 3921734 3928871 3958219
4026779 4056967 3931295 4000971
4139149 4136107 4044173 4062427
3942075 4081228 3961678 3976300
4138482 4085261 4011514 4106849
3917518 3822887 3994738 3860844
3904011 3996256 3874518 3837411
3806424 3798025 3954969 3802285
3892294 3812234 3856064 3814235
4030085 4090909 4057200 3980821
4079029 4067730 4044913 3853514
3964988 4022339 4026363 4016229
4029487 4076852 3984581 3996204
3959862 3947638 3862270 3893768
3987875 3944182 3965691 3807150
3919092 3936262 3823113 3893601
4003831 3895917 3907617 3813768
4091530 4075192 4118410 4064574
4075387 4110526 4067524 3969280
3992137 4108830 4060707 4049381
4145367 4028766 4126219 3933247
3860260 3923733 3800607 3900821
3883972 3947176 3868236 4023568
3843512 3865035 3792170 3990856
3854292 3873067 3850345 3935017
4016865 4074676 3943056 4100909
4168183 4027283 3994987 4056604
4010146 4096475 3973353 4039125
4119093 4092941 4029816 4147755
4023444 3810865 4013556 4004381
3702596 3901162 4010596 3947483
3917010 3768205 3905217 3841975
3650099 3825274 3841832 3888007
4131523 3914568 4088667 4125499
3891258 4011766 4060658 4049564
4140449 3827018 4082977 4124985
3846885 4055230 4133094 4040102
4040448 3948713 3943742 3980751
3912438 3839127 3936111 3905953
3953784 3836464 3925797 3916131
3702988 3783541 3869087 3877149
4108840 3959030 4093195 3992020
3990087 3906879 3872392 4024754
4025462 3916814 3999288 3968357
3832168 3881685 3866407 3926493
3889488 3969720 3888069 3942852
3938198 4021428 3901668 3990511
3781803 3865458 3764318 3871088
3859149 3898080 3837704 4008424
3969367 4028614 3853522 3952837
4135634 4017318 3925685 4021351
3850012 3943871 3820801 3845709
3914536 3906180 3843992 3979681
3843433 3879455 3852477 3857451
3818617 3878332 3856725 3777498
3781140 3789345 3749421 3814133
3814325 3851428 3816019 3732912
3956991 3907704 3903810 3869329
3928571 3955992 3898587 3862044
3874435 3845938 3881356 3798696
3902576 3867217 3895477 3752379
3923019 3886418 3952600 3882809
3954253 3904887 3907759 3871915
3882828 3873637 3833509 3826363
3878627 3914559 3836706 3768775
4034477 3930155 3976106 3979351
3996728 4062409 3978990 3838347
3935479 3939055 3936544 3874099
3990931 3871555 3918750 3717905
3819990 3898255 3765378 3862249
3938501 3893776 3846218 3984687
3819600 3838654 3768827 3931681
3936759 3823159 3868799 3916312
3923675 4012502 3930550 3986778
4079748 4005703 3860504 4021934
3788378 3899346 3835792 3895410
3857766 3914738 3883594 3942283
3963345 3771884 3888419 4068878
3734323 3782477 3937099 3894653
3959555 3732588 3897338 3958143
3660400 3819643 3840731 3844407
4062125 3784370 3953088 4116701
3772581 3924525 4002852 3975375
3949134 3675095 3900616 3958832
3701288 3861329 3914477 3931796
3749695 3640624 3730444 3828670
3625555 3710043 3746096 3766815
3996999 3909765 3938388 4025805
3893205 3918129 4036183 3946565
3971958 3852462 3902544 4051006
3971363 3951526 4015444 3979855
4011127 3855000 3942025 4074198
3857601 3975318 3944322 3958391
3820117 3704071 3670402 3751313
3601713 3759093 3762193 3556182
3906798 4000249 3918230 4026349
3881274 3877431 3887483 3746064
3904095 3948781 3974227 4023572
3903199 3895168 3944058 3789810
3987001 3988798 4003660 3955969
3949168 3927640 3955784 3800478
3738390 3807054 3770875 3611528
3659439 3701370 3709834 3782710
3955287 4030413 3959312 3806752
3867084 3830978 3876012 4022469
3955103 4016147 3955143 3812169
3897180 3971610 3828999 4068976
3962610 4097224 3909011 3898424
3871823 3858765 3923446 4008571
3611997 3705645 3895474 3788846
3660098 3982551 3639194 3774434
3841197 3874305 3985985 3946905
3795646 4173762 4002990 3986814
3828267 3933832 4012164 3944751
3931094 4110993 3929556 4042412
3867640 3838727 4069074 4035084
3956211 4162760 3955795 4059070
3732824 3754583 3785929 3715650
3891561 3608529 3808742 3743927
3833523 3842383 3968346 3867008
4060944 3874165 3861833 4001124
3876153 3926893 4033614 3964857
4052021 3956922 3920427 4037289
3916712 3894961 4058103 3916575
4094581 3987538 3916161 3933677
3684173 3677807 3834415 3710713
3772592 3563512 3737791 3729103
3790357 3882775 3998854 3908947
3964743 3844127 3807321 3959402
3835001 3841935 3999527 3979429
3973786 3779757 3781246 3930435
3921616 3931538 4135097 3950150
3945800 3741438 3865229 3940842
3807484 3801387 3742544 3900651
3733527 3876185 3850452 3855821
3926861 3867658 3964281 4074628
3956355 3967037 4004082 4010039
4056061 3909023 4023772 4155544
4054968 4085174 4051565 3993081
3863113 3709767 3794841 3932976
3807770 3835563 3733456 3784438
3862810 3863322 3778923 3832444
3751844 3831772 3923700 3645276
3948136 4080786 4012507 4058455
3939913 3996420 4097534 3827174
4003266 4096255 4032794 4014309
3928935 4003986 4019261 3923233
3739022 3796934 3743090 3854428
3696476 3742432 3765681 3670389
3837991 3922734 3895213 3702531
3750993 3807101 3847390 3940270
4024237 4200856 3979268 3886290
3882126 3968550 3909714 4050595
4059582 4123584 4075408 3806126
3963415 4025725 4039529 4093802
3824313 3885752 3768648 3647965
3831527 3731526 3717770 3849879
3780678 3757380 3904971 3811304
3840237 3978400 3798965 3914759
3899381 3915334 4119107 3995554
3908170 4129846 3971390 4064321
3929952 4034364 4179602 4049052
3964010 4252541 4029137 4120253
3637017 3815311 3893303 3835355
3727619 3981639 3744630 3900849
3786395 3790182 3848069 3811397
3837527 3770460 3857146 3851835
3980640 3891381 4000304 3996129
4073850 3916529 3958183 4042707
3996008 4005180 4130072 4096008
4142522 4054770 4008488 4034021
3740371 3751559 3877087 3734550
3914132 3771446 3795617 3838079
3717332 3805209 3919664 3747912
3827935 3606173 3754973 3813476
3888069 3952092 4142608 3987995
3994962 3793834 3991495 4011229
3940344 4063591 4141224 3975088
4022713 3925009 3984134 4053859
3653378 3750696 3915438 3800827
3850905 3689189 3695935 3719460
3912679 3870913 3923686 4078092
3903533 3988586 3920898 3990432
3859444 3688897 3815586 3931729
3835655 3766604 3852982 3782388
4010324 3835320 3804940 4049463
3896593 3926152 3903986 3979934
3901178 3928675 3940746 3989275
3905492 3913186 3948962 3986688
3968674 3922010 4000413 3975624
3932107 4034261 3942571 3847583
3887177 3828046 3790211 3820387
3762934 3844181 3910184 3715653
3926872 3872011 3836913 3958519
3889141 3943978 3943333 3756297
3914283 3981171 3863440 4002340
3791313 3880791 3962815 3775662
4086398 4104160 4065477 3769688
3866233 3954778 3984975 4024840
3925212 4012487 3842335 3661349
3762968 3738042 3764670 3978313
3960827 4088397 3873049 3758667
3839341 3899098 3823560 3989810
3965146 4068842 3967320 3793692
3891527 3916522 3879355 4030125
3809317 3916776 4085333 3902093
3923745 4126552 3924822 4026200
3632163 3847638 3942213 3883221
3791888 4079595 3773993 3927563
3839246 3844629 4003850 4056902
3862406 4102896 3874561 4052766
3795226 3919359 3991291 3985916
3901136 4066973 3859555 4037118
3883052 3890239 4049923 3957300
4097810 3948474 3910738 4011377
3794271 3905829 3855064 3829958
3867079 3765514 3935264 3824327
3837521 3874264 4041218 3919015
3964339 3902012 3893324 4005388
3915584 3946867 4057046 3931914
4074587 3911244 3980103 3910586
3787115 3966105 4036845 3995667
3976069 3805479 3886620 3941769
3708036 3814448 3931317 3770560
3910412 3661125 3679294 3826731
3846539 3811597 4045106 3854840
3975846 3747361 3833708 3877458
3835619 3930392 3998790 4006825
3971684 3799571 3918617 3876918
3763988 3677639 3894045 3930552
3724884 3819825 3761693 3865992
3955783 3757345 3792096 3909678
3886607 3834405 3884371 3935496
3905215 3809242 3853765 3962326
3730300 3915143 3859081 3886338
3886551 3828422 3908893 4076752
3844131 3932509 3923463 3830987
3870498 3753320 3812597 3818873
3776362 3747427 3826686 3691034
3789681 3847321 3858773 3854963
3812339 3807565 3835896 3676547
3864942 3866365 3905725 3877087
3795797 3913799 3945780 3762099
3875778 3952342 4024455 3974122
3855915 3871196 3929293 3717434
3828253 3867327 3805110 3703558
3764605 3743941 3814759 3987992
3878267 3923199 3781081 3657436
3773719 3795526 3773923 3955938
3852169 3997012 3866989 3789504
3818545 3882381 3918783 3957498
4047353 4108910 3952298 3735307
3779305 3799118 3833011 3997169
3640958 3753891 3859313 3809573
3808682 3959741 3820280 3849963
3761206 3717983 3928163 3874596
3747751 4008241 3810186 3899599
3774305 3798465 4005945 3912787
3856159 4019761 3847245 3981347
3810920 3753348 4028613 3967447
3872863 4035482 3849126 3930773
3836348 3704538 3874015 3800251
3937155 3821659 3774705 3868747
3803393 3824658 3960748 3867548
3912014 3822019 3826199 3885574
3793842 3851829 3948062 3809665
4005976 3872233 3818983 3935565
3866153 3936202 3966509 3863305
3926839 3940805 3815944 3897944
3779841 3820592 3868308 3807373
3757747 3571255 3700820 3835728
3804697 3799833 3940768 3819703
3820020 3682198 3763301 3778155
3811751 3792473 4030947 3905359
3897513 3702147 3859460 3877260
3756012 3839323 3978754 3901829
3924747 3805134 3855813 3875517
3844825 3771722 3806855 3977523
3850986 3895538 3796045 3823807
3940030 3813631 3935916 4071810
3861738 3888544 3889566 3875036
3760422 3735128 3758083 3954430
3846259 3833405 3822888 3791774
3871822 3699876 3812191 3958428
3802991 3822209 3868082 3884763
3865189 3799107 3823371 3918405
3823039 3791893 3794303 3725306
3852466 3955142 3940863 3996812
3870310 3977073 3937290 3780498
3706550 3766649 3721714 3800299
3798501 3746394 3909959 3643980
3771903 3894314 3898536 3858289
3787006 3874741 3985981 3740437
3880782 3971464 3802789 3671564
3752901 3806955 3778977 3883746
3930427 4123208 3895723 3678249
3810400 3850460 3818859 4005039
3825855 3939086 3839367 3669632
3702151 3755898 3814691 3840205
3935045 3990272 3947604 3694473
3846649 3875057 3831439 3920938
3697742 3819513 3823018 3830752
3750642 3971164 3739292 3879042
3823508 3904053 3966344 3875153
3865288 4094610 3840084 3977610
3769458 3714523 3908565 3756894
3779734 4088884 3796034 3847076
3755409 3812259 3911829 3840715
3753015 4031144 3809763 3964715
3706617 3818284 3931682 3798288
3945718 3877762 3770013 3950963
3858146 3926056 3953451 3892440
4080992 3886627 3948338 3948554
3818564 3769726 3862342 3807156
3954257 3740458 3808468 3779627
3762990 3817036 3992654 3810669
4057252 3908684 3833841 3918966
3734521 3782190 3914412 3862385
3892174 3670341 3816403 3848278
3774044 3925531 4028802 3952487
3886088 3697505 3852585 3888972
3641422 3783077 3985201 3782681
3852241 3702886 3755279 3878711
3856666 3892615 4060078 3873927
3963826 3692319 3885212 3912392
3865865 3713643 3875502 3990557
3859864 3924742 3900591 3812188
3896877 3759394 3829875 3976994
3831247 3907912 3905739 3812000
4025777 3857308 3931038 4096146
3933094 3968525 3919955 4005140
3969762 3995038 4020241 4145463
3989010 4033644 3998072 3991737
3785373 3875993 3878157 3880577
3855654 3833554 3912309 3739916
3877725 3851958 3888266 3902808
3869909 3812297 3885865 3733818
3903364 3956148 3917886 4004359
3857945 3968113 3945992 3784413
3924703 3938666 4027784 4037944
3912765 3950645 4008887 3970466
3929481 3994324 3922958 3739999
3810711 3795932 3851670 3867335
3938183 3980354 3902490 3751162
3825286 3898152 3916723 3952140
4010230 4056420 3949275 3659300
3918520 3930972 3934310 3971972
4062399 4091295 4033025 3838761
3943777 3906573 3983832 4090971
3768068 3853513 3930134 3800355
3735326 4048902 3775236 3954988
3786275 3793154 3913407 3923145
3907418 4072319 3847372 3954650
3840660 3914438 4048894 4045574
3872903 4114988 3897862 4016567
3892510 3952363 4082575 3996133
4013529 4244798 3972652 4067938
3819127 3904652 3918917 3821219
4003681 3879156 3791173 3895369
3924583 3922827 3986695 3852443
3941264 3868150 3925766 3878568
3846485 3949221 4000795 3892171
3992410 3933302 3989514 3905860
3992471 3955296 4110479 3985791
4131201 4005561 4027354 4037943
3872334 3852812 4084608 3908394
3930727 3694326 3725776 3892998
3779026 3827094 4017002 3878240
3951181 3764137 3793606 3944629
3871310 3909636 4062129 3880334
3928607 3708576 3849432 3959837
3902276 3938835 4140475 4060662
4036105 3863344 3908036 4080344
4003370 3928006 3937607 4189557
4005861 3982494 4035932 3978943
3801708 3759709 3810563 3906793
3803160 3816885 3830326 3683846
3856417 3644778 3724315 3871217
3810696 3766748 3829781 3727737
3809130 3725386 3776087 3961093
3801033 3788260 3863840 3816937
3925357 4050856 4087518 4032105
3943063 3987483 4035958 3898741
3666799 3776888 3751852 3789763
3702390 3859941 3910570 3701759
3825052 3859428 3758639 3793319
3692728 3715752 3879525 3646519
3748294 3851809 3881376 3848513
3724788 3823372 3860009 3711247
4089893 4191012 3970233 3790827
3948654 3990591 3942480 4067647
3857233 3912714 3883339 3628482
3808789 3733819 3724003 3929469
3853910 3857999 3826503 3605014
3655571 3784975 3703156 3854901
3910082 3975058 3817979 3633582
3737930 3799715 3729556 3882603
3915365 3961841 4095018 4035141
3952070 4216271 4046551 4146300
3653862 3784874 3926720 3843233
3721555 3991992 3732104 3821189
3703668 3677699 3773159 3932000
3754856 3884137 3702921 3875347
3678215 3764316 3886127 3799504
3771875 3921830 3751841 3876627
4090544 3978164 4104039 3996838
4048235 4012079 4020426 4049325
3757671 3789717 3869975 3794872
4006631 3806121 3731213 3826617
3768183 3766185 3905255 3703227
3923515 3722344 3747568 3706520
3806316 3788514 3919027 3809578
3899513 3765112 3764723 3831104
3829996 3940384 4087925 4015614
3958417 3830884 3888277 4049526
3779420 3763335 3930705 3725917
3856055 3745186 3748523 3852741
3739066 3707415 3878164 3730765
3789646 3712905 3688789 3737339
3690630 3764296 3886318 3827273
3845535 3633117 3750710 3846723
4034567 3943185 3981773 4147212
3858377 3974462 3904547 3992969
3904317 3876811 3875487 4094562
3829770 4059727 4023867 3926987
3886478 3819650 3925515 3967614
3846686 3939982 3925805 3857357
3962328 3894576 3928019 4064769
3897580 3941923 3911755 3889664
3997969 3988752 3937791 3995266
3999885 3939291 3971405 3763436
3975220 3893207 3938343 3930647
3941806 3932085 3980068 3765836
3970293 3812308 3844434 3935145
3875492 3861685 3844185 3753659
3950223 3999196 3932896 3956696
3919096 3954460 4018321 3752580
3971749 4142685 3952687 3858656
3863235 3940130 3913871 4034884
3951398 4140599 4001413 3783465
3814363 3793599 3894275 3972823
3953340 4096682 3943237 3731201
3868832 3860849 3896533 4038382
3984627 4027394 3969857 3771829
3907013 3942450 3843597 4039366
3842682 3927708 4016180 4005748
3857092 4129669 3907636 4054239
3769236 3880033 4027877 3951979
3969073 4241099 3944419 4035320
3783350 3789171 3986509 3913221
3895348 4132656 3847092 3935474
3786185 3963487 3979075 3940524
3877153 4179090 3855930 4036708
3914337 4012686 4069042 3976317
4082388 3923346 3928747 3933746
3924903 3961830 4001261 3863038
4012379 3910012 3941587 4054897
3921235 3924984 3988228 3914609
4055739 3908892 3892751 3875411
3941956 3905157 4044507 3815973
4006814 3937004 3984683 3973789
3907248 3868565 4085948 3965242
3928861 3784994 3884270 3962027
3870093 3865672 4026357 3891042
3925070 3830720 3865270 3972724
3857084 3836471 4026981 3894943
3875302 3761851 3791400 3973328
3902664 3858352 4026031 3925204
3934407 3769807 3863835 3919838
3891600 3772665 3898861 3873813
3820876 3883718 3902479 3779035
3892453 3751635 3764020 3932086
3754088 3814606 3846296 3757588
3944484 3776700 3932472 4058456
3925932 3968279 3847680 3919617
3800401 3719294 3839292 3879391
3726541 3820653 3823211 3811497
3805524 3858118 3833583 3895442
3776599 3823583 3887090 3742489
3817821 3826831 3817977 3863869
3787818 3868566 3868082 3661307
3866471 3954047 3916939 3890689
3939832 3834167 3847774 3839395
3745529 3824566 3821985 3807592
3760157 3796573 3872108 3591442
3865745 3948869 3987937 3674038
3764051 3827362 3791603 3954094
3857000 4015902 3832524 3684542
3814725 3773637 3752978 3827838
3988024 4081770 3879630 3752259
3896499 3914986 3862620 3963829
3909928 3978298 3781067 3669580
3792979 3755715 3695031 3903382
3691076 3792921 3870570 3944098
3846116 3979300 3822927 3851854
3773490 3815494 3910866 3810400
3764503 4045335 3818641 3895935
3819724 3850900 3983875 3983365
3853149 4145150 3816549 3929647
3700243 3715757 3916533 3851687
3732045 3972113 3786802 3935819
3850552 3885187 3884369 3828159
3858182 3885464 3866083 3935627
3798289 3768239 3937704 3809218
3956185 3838180 3836770 3890128
3933196 3920741 3939853 3858422
4076850 3875716 3924315 3918624
3833030 3744676 3855886 3771221
3941515 3839152 3736216 3864462
3840137 3831792 3909622 3825124
3866889 3768066 3801728 3844492
3691998 3792577 3930711 3826060
3884169 3685355 3882670 3836265
3814257 3839779 3955393 3858247
3913519 3684710 3819747 3836925
3657647 3808299 3944201 3768644
3796151 3588983 3725935 3806445
3884550 3789440 3793597 3905566
3812711 3892805 3807523 3818516
3930134 3831517 3872977 4012621
3872600 3951530 3890020 3917022
3828695 3630078 3766051 3791403
3758784 3816814 3750775 3753048
3964640 3835019 3879911 4018265
3814817 3916572 3921061 3828038
3851037 3913358 3871334 3769732
3769470 3852412 3854417 3702894
3939374 3909984 3923976 3952623
3840246 3901332 3970485 3776737
3746391 3787513 3785016 3832253
3736125 3718923 3840534 3576786
3837537 3849843 3864189 3955135
3788178 3930432 3914684 3706394
3882063 3982893 3913550 3701644
3789948 3774380 3748874 3984086
3996004 3981418 4003238 3717620
3962452 3902800 3814833 3993444
3661894 3909598 3768050 3648376
3686557 3646840 3678046 3748117
3900344 4084445 3890425 3755460
3872673 3869080 3874593 3969818
3746201 3788214 3904623 3769505
3813074 4093910 3792288 3881899
3819595 3812927 4001671 3971545
3925386 4172346 3857508 3988650
3646541 3697429 3790737 3782862
3704674 3881763 3728885 3772052
3732955 3843730 3979054 3998960
3891696 4142347 3872850 3969508
3865761 3819837 3904436 3822738
3883419 3843744 3834500 3873780
3860678 3881656 4049968 3851078
4045902 3947567 3919632 3979609
3734235 3754633 3816421 3814113
3919142 3674151 3770257 3863522
3849781 3914562 3944131 3850918
3997670 3884325 3938315 3979746
3826006 3850535 3939312 3807375
3893297 3784083 3800762 3886421
3857037 3936283 3986301 3974900
3983258 3725277 3766411 3953547
3711699 3645001 3908466 3767605
3767142 3624414 3676162 3754129
3808043 3835200 3979849 3912526
3851384 3765504 3905815 4036603
3983711 3899585 3976007 4123493
3931479 3904240 3988479 3965396
3928952 3806369 3888945 3974004
3838543 3882403 4020639 3910480
3875223 3824770 3831373 4019704
3845004 3922695 3864210 3919701
3907751 3786400 3910162 3960381
3809579 4019135 3884750 3929308
3938702 4011264 3921991 3951799
3877096 3959932 4086957 3814189
3912455 3906645 3960339 3903424
3872164 3861178 3974923 3810933
3883325 3907572 3895078 3857818
3833492 3949550 3949328 3687496
3830386 3912184 3901585 3913050
3858943 3886544 3887878 3789802
4001856 4084404 4000307 3826326
3812175 3915200 3856864 4072800
3985683 4056967 3867372 3710976
3834037 3832880 3815240 3960505
3922421 4011390 3857592 3673894
3881308 3832180 3819591 3937017
3983579 4013663 3853052 3733159
3813832 3786954 3821374 4003724
3800862 3862212 4080366 3957547
3810863 4127504 3996052 4145512
3768300 3850727 4006644 3857699
3886070 4057605 3895494 4033433
3772622 3847482 3974579 3937660
3891442 4155728 3866121 4045475
3853759 3845203 3995510 3930921
3890668 4058821 3794399 3966910
3954844 4015236 4017870 3903967
4046587 3940424 3894848 4012542
3937710 3917719 3977648 3885037
3989200 3900599 3852312 3997274
3883733 3890727 3951853 3886226
4016437 3902098 3891963 3929810
3814743 3763062 4033248 3843102
4004148 3924920 3897250 3958955
3846375 3932859 4102494 3955032
4037583 3771406 3945367 3890095
3809563 3949938 4069062 3984909
3892189 3810499 3860190 3972534
3827109 3888998 3950722 3841056
3768752 3698238 3849523 3925171
3801270 3900430 4012130 3952084
3932178 3724059 3805510 3898760
3893887 3729826 3809465 3970772
3790165 3856163 3940094 3820480
3919581 3783812 3885038 4052249
3893171 3914620 3883427 3907226
3834202 3757151 3798526 3926575
3740162 3813177 3863414 3862179
3760295 3796240 3838587 3948664
3827527 3844385 3891029 3855204
3812650 3813981 3864789 3838632
3858511 3847282 3903116 3744546
3864654 3932379 3893033 3879555
3829974 3959398 3962890 3783864
3860989 3824656 3887410 3843732
3806217 3852724 3860484 3752568
3807804 3847136 3810955 3869601
3764622 3849777 3887006 3653184
3912783 3974252 3901503 3673244
3840319 3789167 3794739 3930783
4070033 4063346 3955821 3778813
3897478 3838089 3902427 3995812
3922634 3980471 3904387 3712671
3766260 3808904 3729362 3912792
3808008 3983607 3898095 3698113
3873651 3762130 3752828 4004158
3729999 3811665 3955909 3828539
3851378 4079251 3867662 4001372
3809697 3811080 3880536 3839718
3825762 4139672 3871024 4021708
3629401 3807667 3952153 3906125
3801698 4059871 3805596 3969941
3652106 3792182 3933480 3910858
3725014 4030616 3777379 3914193
3844883 3861771 3945620 3774537
3999898 3798287 3889320 3847531
3885309 3932717 3905751 3840381
4025453 3897156 3864498 3915142
3791841 3854835 3932483 3837344
3964321 3792156 3836569 3908658
3759713 3815383 3960965 3910376
3861512 3806214 3704928 3888987
3837740 3852402 3957982 3943029
3877453 3727326 3750924 3918033
3814723 3806535 4025052 3900379
3926212 3711241 3779253 3904349
3825623 3841167 3961024 3855344
3905822 3666988 3746159 3828032
3756579 3821309 3932945 3857969
3886701 3711028 3755514 3842078
3689163 3699242 3703683 3809680
3700407 3859798 3570630 3792552
3740045 3816829 3660289 3822446
3781382 3984723 3580980 3811590
3811097 3778462 3858694 3932018
3921196 4000642 3679405 3855639
3755051 3740204 3732747 3884828
3772418 3982706 3640526 3774681
3693323 3703112 3902446 3725196
3701662 3619128 3764860 3837300
3794512 3786266 3915161 3739780
3795833 3691165 3769810 3844460
3811515 3907755 3884126 3844518
3759933 3823655 3891906 3996858
3749883 3773302 3896027 3746373
3755756 3709669 3745941 3900022
3638876 3679489 3740356 3682166
3865914 3765219 3756865 3622682
3592131 3670185 3734064 3745068
3795520 3772293 3771946 3661447
3736402 3782770 3911174 3816877
3956191 3906101 3855508 3731514
3566385 3792376 3724245 3750216
3835433 3809083 3812071 3657829
3723568 3797839 3728329 3850570
4011080 3757217 3849378 3631193
3705531 3816726 3835345 3899667
4047615 3808902 3830301 3796853
3860724 3796145 3863080 3964977
4140723 3900123 4015363 3878853
3752674 3738895 3853783 3879149
4052858 3825767 3866894 3837044
3743158 3737952 3782938 3690717
3763696 3825289 3804968 3884678
3783754 3766012 3861621 3690912
3816475 3789229 3799074 3838439
3873578 3868385 3995283 3752982
3884143 3974064 3832312 3918116
3759693 3741135 3904548 3650791
3772931 3852612 3740104 3886808
3732507 3853762 3812256 3808538
3757266 3859862 3806642 3791513
3828048 3855358 3805588 3850808
3914011 3877206 3763931 3838378
3910933 3982775 3905308 3850631
3890211 3930624 3888304 3920857
3921669 3951392 3802624 3825069
3890358 3832350 3784842 3737419
3747507 3837861 3784730 3894255
3921837 4049633 3783878 3863540
3790021 3860283 3811432 3966152
3928039 4065628 3754031 3937190
3633952 3791520 3687885 3760295
3760845 3938687 3641093 3731439
3731956 3833268 3855573 3909932
3836450 3998540 3670302 3849858
3821980 3842744 3965298 3790119
3724946 3775628 3786583 3933379
3855484 3923787 4158373 3877986
3819748 3813259 3925916 3992353
3674541 3687535 3876594 3685622
3720813 3618946 3722002 3765648
3790418 3860849 4043986 3805076
3787171 3789686 3782665 3990636
3773466 3786386 3804937 3823493
3925096 3882941 3887512 3702375
3744618 3836237 3887570 3788551
3987859 3847630 3881360 3759642
3573534 3581194 3661145 3632455
3867627 3756569 3715924 3644476
3751446 3732187 3842573 3835197
3962871 3917291 3881687 3762076
3827725 3838288 3767733 3886530
4068679 3887273 3910637 3870449
3915613 3931099 3931009 4054320
4229496 3963089 4065513 3829933
3786776 3787221 3786722 3807705
3849234 3790824 3750773 3637516
3842590 3836829 3799324 3980201
4019386 3978318 3929382 3837826
3842361 3866316 3915283 3708302
3867529 3901599 3861433 4033101
3933122 3870765 3953654 3839217
3931364 4023479 3914775 4025260
3717174 3807397 3766394 3640424
3728557 3830161 3728519 3834045
3955301 3923411 3997524 3766663
3895885 3976425 3856744 3902398
3954561 3977488 3846573 3876121
3868344 3922708 3939845 3865189
4009365 4010879 3946256 3955693
3997640 3993177 4014461 3936571
3810763 3775511 3722132 3742665
3719692 3713859 3784051 3694302
3854226 3939132 3861937 3797839
3853189 3908955 3952120 3921172
3658337 3809384 3778159 3835420
3842402 3982491 3729245 3846258
3799082 3897096 3809714 3997808
3888750 4058980 3814413 3978772
3747141 3813934 3762613 3864772
3771663 3983937 3723347 3871784
3752599 3827250 3751765 4008638
3968719 4150244 3649258 3913834
3763193 3732190 3899335 3783117
3752339 3793502 3764112 3899806
3852461 3861988 4029638 3928156
3827723 3898303 3858934 4095962
3801340 3733694 3902150 3794154
3780784 3779692 3753769 3907635
3719372 3774500 4031644 3809439
3709609 3828982 3825944 3884856
3608501 3711524 3752655 3722535
3870731 3841341 3789037 3652579
3739285 3923059 3847785 3905550
3971992 3876973 3914101 3814815
3643084 3731765 3761621 3793470
3927951 3822423 3808825 3731379
3666200 3740457 3801942 3774731
4009284 3882197 3890272 3724761
3810812 3809788 3851118 3898361
4032487 3838979 3935705 3813279
3984188 3929468 3989647 3940475
4211208 3815556 4012898 3881060
3778826 3797750 3752359 3892514
4035900 3892747 3847803 3779446
3872582 3905795 3911892 3904304
4086499 3880434 3934897 3800806
3722629 3774082 3858588 3720373
3866942 3937291 3848139 3885513
3936980 3911534 3869350 3797749
3930114 3986081 3864720 4049331
3729434 3790060 3842031 3751032
3850398 3823394 3787838 3871767
3864608 3847152 3905882 3771163
3911973 3982532 3895181 3955301
3825767 3888506 3745427 3901595
3904579 3929514 3814225 3772863
4004216 4022247 3828536 3937925
3989172 3965206 4025943 3895172
3828456 3903344 3846885 3873409
3896696 3890951 3860588 3786142
3864156 4047317 3845278 3959111
3856510 3858286 3920607 3913308
3664958 3724000 3808669 3829095
3815466 3965912 3699483 3857438
3737139 3726893 3833835 3938196
3848159 4006984 3841012 3900597
3745094 3872372 3863672 4116324
3866819 4127238 3808789 3965919
3592310 3766409 3676226 3798574
3681145 3830347 3660570 3794728
3784382 3718182 3899708 3763652
3761172 3711895 3805424 3871384
3797301 3756655 3927908 3854789
3753268 3774558 3873516 3878540
3931406 3857697 4067499 3855547
3927410 3836640 3896101 3946617
3646095 3688808 3882506 3730708
3715243 3733031 3623110 3756111
3656686 3774040 3762854 3827536
3866000 3796097 3768693 3628065
3661589 3743333 3808442 3783170
3930317 3919363 3957643 3724037
3720643 3859621 3881519 3880485
3985943 3973592 3981514 3895545
3583877 3683181 3734148 3646312
3875253 3791850 3790455 3650600
3795954 3820753 3855776 3986344
3933110 3868827 3894304 3766241
3866215 3899744 3848839 3993979
4057208 3891368 3966674 3788617
3896118 3935949 3948611 3992299
4141183 3976018 4052986 3899721
3747927 3736044 3759193 3832505
4045940 3823833 3788051 3677158
3758947 3841024 3857740 3808815
3821035 3858257 3770943 3938314
3802800 3838411 3899200 3695022
3875546 3973551 3909610 4009965
3995655 3896167 4001310 3842761
3880137 3990509 3929307 4002285
3673474 3741737 3758286 3594284
3784162 3860166 3732595 3851063
3850582 3906152 3845015 3845894
3891367 3850032 3880518 3826693
3858025 3933394 3910781 3897192
3999362 3949794 3936921 3876201
3964120 4112371 3967815 3944542
4035653 4027655 4001319 3889966
3723725 3857354 3708551 3689075
3800240 3855919 3805644 3723281
3781899 3896281 3795716 3893598
3795255 4029834 3752504 3953768
3711426 3770763 3765492 3881153
3784242 3964296 3692055 3792285
3753802 3856372 3847760 3953343
3877214 4039020 3792704 3868733
3680016 3821136 3757086 3846689
3777716 3984681 3736048 3883140
3784738 3774969 3951458 3859620
3824743 3788298 3873407 3894388
3743043 3658346 4074271 3777787
3795517 3745414 3776279 3827144
3828143 3818386 3970100 3856231
3803714 3820617 3881075 4021953
3801301 3731787 3942160 3768367
3835175 3718555 3716236 3883832
3752223 3809240 3761364 3841475
3960340 3812520 3857954 3771511
3627347 3739448 3776442 3715438
3813353 3762385 3774281 3743225
3669214 3855575 3938078 3818314
3952476 3840960 3807616 3792525
3647566 3737270 3704118 3744522
3830508 3761756 3731494 3722597
3872024 3954638 3838238 3965450
4120034 3902817 3942097 3770547
3827683 3884852 3782910 3944699
3966759 3843439 3873943 3799362
3829046 3950821 3872784 3967228
4054347 3886414 3964520 3897509
3812774 3780935 3880990 3884429
4040965 3860317 3853495 3769127
3811095 3868426 3878015 3766276
3885102 3847901 3846652 3988341
3769092 3862330 3825004 3637294
3799216 3836991 3856943 3886680
3879213 3845843 3914633 3779360
3824092 3938324 3906304 4031145
3779117 3753804 3900867 3691811
3829826 3785603 3822257 3863315
3879378 3986192 3907170 3869161
3873152 3827787 3872908 3825990
3907099 3929073 3848994 3762505
3863599 3898900 3830616 3903095
3919331 4015839 3875240 3915676
3908568 3921497 3916537 3861112
3830358 3906868 3792108 3785023
3885037 3883415 3813616 3885675
3895842 3927520 3947688 4142164
4021099 4137447 3867393 4016817
3780862 3818988 3796021 4004485
3887285 4033401 3738640 3795787
3869917 3956628 3829797 4008529
3860118 4087866 3815447 3964844
3634903 3808154 3784498 3856056
3718310 3889779 3665274 3796344
3952778 3868299 4126416 3943127
3936054 3937574 3952753 4064490
3827877 3705256 3955767 3899427
3814292 3751335 3881517 3948812
3901100 3835642 4070096 3914072
3849775 3820440 3845313 4070027
3795385 3641194 3925387 3816432
3732220 3659334 3779236 3932361
3809594 3923032 3980217 3935058
4056376 3977419 3944131 3870051
3700471 3831682 3787782 3857759
3974666 3877994 3776936 3803726
3777738 3828699 3938160 3829472
3922406 3953106 3841301 3776512
3560610 3712130 3783470 3779101
3787200 3835477 3824471 3698846
4034196 4011939 4010211 4170039
4199486 4069152 4137677 3993120
3791241 3870109 3879075 3860879
4102066 3872601 3958879 3809176
3911299 3907709 4000723 4034443
4100324 4024545 4032441 3920826
3804374 3756489 3817654 3854976
4105301 3855683 3877289 3804243
3944253 3955204 4050851 3831754
4017470 4062184 3979837 4056225
3884817 3856536 3961901 3727257
3835505 3873745 3853811 3918349
3855634 3904111 4030321 3719182
3921707 3964563 3909976 3981569
3677220 3704127 3785651 3744078
3814264 3825084 3745576 3832784
4082741 4111547 3962092 3958014
4049592 4026837 3959147 4041627
3858559 3982101 3859829 3872948
3925180 3828169 3969741 3845510
4067651 3989976 3962094 3865709
3933377 3982747 3971520 3920831
3826578 3836127 3764864 3787834
3863139 3864496 3790645 3784899
3667328 3771676 3730433 3882462
3777955 3988433 3713431 3856218
3813198 3902224 3944153 4061327
3960004 4159206 3801537 4029207
3791312 3910341 3859320 4026989
3963793 4066328 3847811 3966630
3626678 3826490 3729807 3870382
3761652 3941323 3700152 3823777
3829059 3785614 3961484 3808626
3741644 3671513 3805389 3869361
3885774 3976115 4126905 3928529
3951418 3864937 3988099 4059019
3861593 3844744 3998390 3848214
3810097 3796614 3832214 3934886
3713407 3709555 3902454 3741739
3761253 3668083 3741581 3861574
3681283 3720853 3750234 3849327
3889275 3848629 3738972 3667591
3806328 3892080 3933808 3928017
4026033 3948515 4026214 3816242
3799316 3840965 3864241 3840055
3920558 3886764 3870066 3851709
3670496 3709723 3679057 3740600
3879613 3722731 3749814 3684587
3847662 3873295 3882530 3872114
4030135 3911194 3868556 3834509
3984026 3975662 3919952 3998370
4167395 4053474 4057077 3931463
3820299 3971975 3935721 4058965
4120244 3914375 3987278 3888954
3782479 3802530 3802222 3862188
3984696 3793245 3852867 3728905
3766014 3772112 3803063 3614528
3824221 3874377 3756776 3913233
4058513 3967621 3998385 3899122
4034271 4038553 4008776 4070024
3885980 3815936 3922708 3779473
3960292 3897824 3921456 3964337
3740648 3722764 3849685 3602098
3812766 3861260 3798412 3832457
3848244 3844916 3848644 3875056
3863127 3843681 3840351 3861712
3937163 4025826 3996223 3964853
4016806 4046884 3997928 4040880
3950119 3993834 3900759 3895829
3955291 3913599 3987447 3824985
3821307 3881111 3829717 3786299
3799445 3778023 3836881 3809094
3991411 4056699 3997933 4179844
4071411 4269101 3908481 4165556
3828412 3917576 3861462 4009090
3934607 4074535 3826234 3968723
3608907 3872491 3684955 3885978
3772884 3974585 3659193 3869240
3691308 3802934 3698384 3871180
3818086 3947502 3755656 3734501
4023246 4054657 4274612 3963368
4022992 4029299 4006542 4183095
3888124 3829834 4074075 3870760
3845115 3983887 3937255 4016715
3780984 3738222 3958619 3862606
3714529 3759574 3771313 3939190
3759382 3736886 3863419 3727121
3724646 3735583 3847036 3952722
3857128 4031293 4055665 3975626
4148820 4008606 4099036 3951048
3726285 3775395 3826165 3868372
4011189 3894971 3957345 3846988
3681751 3694783 3835532 3712860
3872672 3741831 3830342 3683745
3682848 3759900 3790983 3737534
3902169 3889386 3794342 3651403
4067630 4098338 4033032 4064412
4345868 4108291 4124364 3954998
3903716 3901215 3874595 4058931
4165033 4030255 4064941 3908515
3857213 3754787 3846387 3822972
4066323 3834258 3929920 3739002
3797584 3813219 3810916 3888698
4024809 3859567 3960817 3752526
4043713 4022231 4115008 3955874
4143716 4171368 4058991 4101200
3945705 3910445 3961757 3779755
4024160 4011068 3904320 3977459
3809323 3746033 3907505 3740881
3815345 3889287 3797111 3956692
3787101 3787780 3866869 3697295
3861057 3847104 3838171 3852107
4120537 4154974 4130301 4013788
4165704 4056422 4083924 4036521
3967765 4060957 3875346 4081643
4009197 3946870 3919127 4010590
3827683 3887380 3844855 3791461
3852963 3858217 3896087 3827942
3888294 3871290 3768730 3751847
3886756 3833295 3776122 3742874
3769425 3786738 3767405 4012986
3877607 4031426 3744695 3889188
3757570 3835582 3836800 3906990
3889342 4060603 3693795 3814337
3753393 3814062 3783765 3892286
3823513 3978232 3808475 3811659
3656511 3758590 3662834 3860139
3687716 3858500 3571326 3762236
3834653 3764910 3965471 3863873
3756878 3800600 3818642 3972479
3779050 3776186 3899854 3736137
3775597 3731340 3774263 3986915
3851513 3741721 4008530 3850457
3740420 3779388 3867049 3869855
3687056 3638205 3892038 3660099
3658611 3685371 3698998 3845060
3641371 3811139 3857879 3798589
3936830 3910388 3936964 3773114
3642097 3729944 3785325 3796106
3932121 3839244 3838385 3636083
3691818 3783863 3810077 3751627
3866904 3831077 3837129 3726341
3578622 3571970 3607520 3701049
3791090 3807371 3779079 3633922
3869237 3917807 3874914 3928900
4179641 3928423 3961607 3802549
3806439 3834801 3831003 3892822
4136801 3856686 3939089 3801142
3892303 3782366 3867408 3924410
3987528 3947825 3859537 3790199
3805623 3788591 3870829 3843123
3950191 3789125 3825394 3718295
3960076 3871707 3956685 3709617
3886269 3962922 3949253 3986768
3753817 3854653 3966311 3660065
3907662 3928947 3858321 3882605
3846731 3754630 3956067 3683845
3776400 3880493 3857339 3946001
3710555 3662644 3832182 3721035
3822151 3858317 3758014 3841941
3870149 4033749 3924211 3890769
3928676 3848640 3926378 3800769
3867993 3861132 3822661 3784326
3854210 3863830 3861669 3822059
3994341 3908860 3841799 3833300
3864778 3912906 3858034 3827811
3710379 3871811 3730102 3799900
3806517 3761832 3777359 3773579
3790288 3841246 3701020 3984480
3817799 4081991 3767746 3881687
3817287 3951315 3994405 4034783
3959164 4232460 3854665 3942052
3645855 3702587 3741502 3874309
3758083 3938474 3664430 3783183
3853979 3949871 3829356 3989260
3955050 4100846 3776149 3988461
3805260 3843243 4006012 3801889
3841335 3799264 3801818 3903551
3913990 3902934 4053266 3979216
3985311 3955098 3851960 4108782
3742390 3664041 3981657 3692866
3748107 3726204 3703043 3841463
3866339 3890364 4040824 3948009
3837208 3867452 3918161 3936474
3796151 3819676 3828773 3782278
3996473 3896152 3835102 3753894
3821256 3882563 3914356 3973566
4047177 4046816 3897803 3806392
3707832 3684931 3696082 3728582
3855816 3757478 3737100 3704538
3760438 3894384 3926711 3932044
4007877 3929001 3868388 3829271
3893775 3865855 3956968 3950220
4126673 3965853 3985686 3762056
3919666 4020270 3979965 4080800
4148700 4007895 4113973 3969715
3736147 3736991 3788125 3880102
4011252 3788362 3909509 3714952
3935485 3910096 3906203 4065233
4176530 4078061 4015443 3919513
3960081 3858413 3989530 3819019
3922264 3976070 3921820 4016058
3984391 4024212 4113782 3801137
4077692 4102571 3930696 4148715
3802133 3717442 3842779 3625828
3743610 3844679 3767263 3846661
3924439 3955370 4051828 3837411
3980768 4014817 3919024 4012578
3854506 3982293 3863520 3883627
3967151 3868731 3931462 3849474
4039899 4041199 4053876 3970514
3976636 4029767 4045367 3915233
3794818 3842240 3818508 3747753
3847531 3810786 3839401 3791250
4010610 4127948 3912700 3990217
4060837 4075583 3979217 3995607
3772447 3872175 3794408 3922720
3866542 4081376 3701015 3875382
3769964 3829786 3818161 4005411
3928458 4059292 3773500 3927158
3823200 3876021 3819530 3979397
3917733 4091262 3777609 3942624
3731901 3762502 3711734 3861698
3764379 3947186 3722721 3907335
3895439 3844715 4006857 3863272
3788207 3835662 3840371 3868936
3758538 3773889 4018996 3823317
3818818 3865152 3808852 3937014
3918681 3863838 4004945 3856305
3852496 3814576 3777076 4020410
3818890 3753492 3938692 3827756
3800940 3764551 3743434 3950028
3715584 3733958 3810642 3782345
4027873 3954609 3883009 3841626
3683163 3787701 3891542 3856726
3982451 3917680 3847060 3801868
3770744 3817944 3905087 3762052
4034344 4021793 3955825 3741654
3655106 3707811 3798029 3774971
3890140 3899685 3854330 3718861
3843830 3920733 3903772 3968049
4089898 3938153 3948571 3914298
3891186 3831954 3868253 4086185
4077213 3903924 3984768 3903907
3895711 3872605 4050725 4100018
4172379 3948637 4063100 3972305
3813844 3856453 3855494 3897371
4026735 3867861 3936728 3839016
3888036 3889762 3919597 3723305
3934594 3910786 3880026 3927876
3837414 3771244 3895661 3787642
3973653 3987559 3932397 4003400
3858898 3888147 3996134 3792757
3983429 3980436 3923389 3970742
3797840 3776438 3889195 3726861
3712628 3860264 3928330 3978380
3864499 4018196 3860683 3877557
3938071 3977011 3860118 3917936
3997584 3930742 3857470 3863014
3939892 3900986 3950855 3935838
4016414 3982965 3883229 3961333
3930104 4008188 4027336 3897193
3886527 4010380 3903850 3874209
3877795 3924215 3876832 3788757
3687186 3727940 3756964 3874145
3813650 4002906 3653421 3835242
3761535 3906844 3795442 3951628
3963962 4113761 3857762 3892650
3859888 3943628 3791000 3971688
3893381 4004770 3770705 3969115
3743977 3726444 3769127 3880291
3816507 4052783 3618320 3790826
3686098 3675947 3879854 3719147
3728297 3743777 3791282 3886034
3857421 3758649 3993333 3846482
3880353 3808556 3774711 3937404
3846996 3799122 4062151 3867067
3751645 3800468 3905706 3882073
3690668 3689671 3869511 3737594
3715335 3737929 3731913 3841241
3583342 3723417 3814644 3713266
3851338 3773569 3719632 3620813
3757303 3784451 3821293 3787849
3933668 3892034 3871966 3829778
3639179 3727747 3817737 3784031
3896888 3936390 3865437 3832789
3653343 3691386 3776006 3808064
3829134 3910015 3802573 3728542
3817926 3757338 3790750 3955133
3997493 3811807 3939588 3749337
3920221 3924516 3911332 3936397
4134022 3950722 3932569 3833517
3983053 3984806 3916646 3946438
4139148 3902649 3919342 3905759
3774474 3760578 3834550 3911985
3982122 3805837 3864169 3678083
3737693 3756137 3834611 3640865
3810528 3856514 3836148 3816441
3813054 3882133 3907226 3671396
3951599 4022480 3934150 3983191
3864803 3874922 4014030 3854410
3876086 3926625 3880504 4052534
3742284 3748881 3871059 3752072
3853075 3801559 3742825 3878806
3870077 3904159 3803246 3725337
3920626 3831408 3874332 3863277
3961762 3976061 3861570 3890943
3930982 3914775 3902829 3901340
3983203 3979760 3888892 3934393
3928899 3959157 3951679 3922898
3801084 3929330 3819890 3841761
3859102 3774463 3758218 3726603
3979744 4015752 4082393 4024525
4107388 4243234 3963149 3919201
3648903 3692657 3785477 3805094
3737760 3916886 3612181 3575832
3852637 3830760 3986461 3831531
3907859 4060693 3790075 3764185
3721301 3784444 3894909 3779734
3853495 3996777 3597228 3615712
4067214 3993495 3950486 3985713
3974929 4205380 4075091 4064357
3747100 3774109 3536745 3687187
3703396 3889970 3818750 3688988
3972173 3909276 3774553 3840852
3944584 3975382 3859671 3894644
3804017 3778734 3720941 3692125
3790407 3852949 3808255 3798885
4096424 4065854 4002718 3983589
4034983 3922457 3887288 4195557
3795803 3747493 3747498 3694933
3781705 3705761 3606181 3850010
3941538 3905517 3874504 3972765
3980297 3776613 3869258 4001415
3817227 3798278 3773164 3824204
3813035 3706519 3631188 3970884
3873193 3988848 4054417 3968452
3994378 4133947 4125970 4176468
3609056 3703692 3680861 3605671
3722195 3757640 3797302 3796219
3806864 3912530 3904973 3786707
3948639 4057777 4071561 4053816
3652350 3791774 3759411 3779444
3777857 3868244 3902643 3951482
3988591 4069663 4032918 3995975
3951333 4052344 3955155 3956449
3747701 3794315 3636043 3757879
3646755 3722245 3657628 3712716
3913084 3979314 3882808 3920244
3864585 3843436 3820198 3878053
3766106 3884743 3821445 3704123
3769717 3805968 3722450 3718883
3966519 4097694 4076802 4016360
4163279 4142251 4141442 3989051
3631771 3793298 3840951 3790707
3774692 3709133 3809424 3609800
3785482 3895970 3908333 3912336
4052766 3912014 3953300 3773551
3716714 3768681 3823491 3822551
3918280 3822327 3821534 3704403
3707213 3829473 3895537 3920688
3851800 4033231 3753080 3803622
3756023 3763660 3874615 3890529
3902087 3924217 3693133 3689295
3737782 3808622 3958549 3822634
3826164 3967372 3626143 3715145
3818853 3891193 3955906 3816899
3914516 4106498 3637356 3790432
3841219 3777459 3714037 3792203
3804589 3914356 3883610 3789089
3884522 3761813 3726796 3823486
3731729 3904413 3880580 3691435
3818600 3788881 3729798 3812613
3739827 3962052 3870738 3809730
3991840 3856901 3773524 3763388
3856964 3992772 3986318 3855609
3892501 3845964 3837428 3844093
3834649 3704259 3745424 3979041
3812355 3711801 3738208 3794516
3803602 3721150 3711107 3898463
3850374 3765367 3801254 3846817
3854863 3790785 3772027 3983050
3926638 3911789 3822994 3942719
3895225 3735740 3906468 3953989
3754248 3782092 3883360 3761580
3771906 3898775 3957754 3930064
3638812 3763012 3751603 3740246
3814803 3855437 3931894 3821619
3792374 3805424 3851152 3705588
3789404 3884335 3890584 4052545
3825295 3919110 3851740 3778633
3996576 3947666 3980569 4012883
3840055 3862415 3843208 3777949
3803754 3857213 3678577 3794965
3741315 3856813 3739017 3748947
3694018 3752064 3708220 3774050
3928889 3869155 3780887 3798248
3800001 3805861 3738792 3797258
3809838 3961992 3962461 3879771
3810836 3911868 3819140 3844400
3812723 3821812 3819274 3935322
3851723 3897974 4038833 3816609
3695639 3811224 3809048 3767341
3947040 3831828 3909634 3653367
3698519 3896811 3912033 3898422
3935681 3846730 3955964 3756264
3811127 3922542 3900233 3933487
3997084 3945520 3925026 3819508
3741037 3847495 3945879 3841553
3885585 3995527 3676621 3851608
3736881 3752226 3910310 3844591
3814025 3948677 3647318 3709050
3744054 3644935 3878975 3787849
3760171 3968509 3625973 3633106
3749741 3865250 3958796 3908831
3905104 4074612 3759357 3839216
3885108 3782094 3704378 3726523
3777138 3974765 3863057 3818172
3832043 3713753 3689097 3761928
3752347 3902671 3776585 3744878
3808686 3694951 3616909 3620381
3742715 3810245 3858923 3768767
3955688 3832427 3839241 3912578
3863620 3990964 3921428 3904807
3926816 3829530 3821206 3819145
3774986 3733335 3698176 4034663
3896092 3757983 3694570 3749865
3740118 3726629 3704403 3912512
3815871 3757933 3754280 3800609
3699913 3669380 3662349 3874383
4021174 3827010 3910081 3865803
3867903 3784096 3817639 4040870
3764721 3800932 3926658 3633282
3799499 3844544 3958037 3959884
3708125 3780907 3786260 3694065
3774515 3815169 3827744 3883948
3713501 3685146 3835695 3648445
3799176 3756367 3837386 3849964
3809566 3877356 4014963 3772935
3905178 3976325 3926944 4008238
3791515 3840255 3820036 3772008
3812568 3890160 3738899 3785077
3740199 3846867 3785487 3750870
3778722 3816049 3706839 3716530
3674720 3794984 3802943 3679473
3667932 3737253 3694676 3757618
3825128 3950612 3915525 3832831
3815233 3874732 3771018 3888083
3713872 3887933 3815743 3850332
3893383 3801539 3895412 3732549
3695779 3844783 3806331 3756503
3909786 3782843 3891086 3623876
3688152 3848197 3825402 3808289
3856066 3805023 3895578 3801379
3828258 3946672 3948673 4026827
3989799 3917104 3997078 3821773
3670963 3758094 3922494 3897682
3846024 3935520 3734905 3697708
3822168 3797480 3917964 3901040
3886396 4039237 3750843 3764702
3802223 3769783 3887605 3802953
3909207 3972168 3617215 3653935
4003757 4014707 3974130 3924359
4039440 4104857 3873723 3842983
3897275 3735940 3736213 3799529
3746387 3934504 3862054 3824556
3922180 3864918 3848112 3848350
3853740 3972236 3917889 3879555
3949794 3758642 3704168 3804630
3760576 3955390 3858620 3789510
4072934 3926130 3901986 3910855
3987091 4068405 4048121 4002603
3808612 3743014 3706759 3786426
3822425 3637197 3686339 3983198
3950438 3890224 3876326 3841779
3888303 3771394 3834357 4138618
3847418 3823574 3778433 3827196
3876961 3752917 3739284 3991622
4085502 3922721 3972278 3991238
3909184 3867481 3798400 4080681
3670068 3802172 3841301 3797446
3866676 3896602 3873954 3942384
3831233 3865384 3893786 3736716
3899860 3918564 3950775 3983409
3770359 3851912 3837474 3732125
3861980 3972688 3930949 3961774
3896028 3930941 4032444 3921206
3993560 3917653 4051774 4016190
3814585 3851342 3816679 3730630
3806460 3849792 3729575 3787093
3784787 3927103 3848520 3846722
3833251 3868998 3812100 3867473
3747659 3921639 3860586 3720791
3761259 3768540 3756667 3836806
3913149 4002744 3981396 3974754
3944710 3997086 3920078 3888009
3807082 3799579 3841593 3818089
3879097 3848887 3836357 3720979
3815784 3950530 3961133 3953635
4030059 3901819 3929549 3788724
3689380 3826151 3862331 3909932
3977851 3862695 3891288 3717724
3824998 3956837 4074438 4018059
4056854 3977507 4010767 3888415
3703925 3752660 3872600 3739126
3846361 3940620 3689790 3728635
3868803 3882329 3976271 3885190
3947101 4013614 3867385 3805396
3776945 3785325 3893195 3780465
3799571 4013303 3661027 3734382
3856311 3814465 3929484 3887386
3941155 4093229 3771391 3793182
3824048 3744404 3657043 3783486
3772798 3917907 3847548 3848220
3919540 3869749 3834564 3792523
3779066 4013430 4014477 3829380
3907209 3786953 3736116 3893137
3829905 3921166 3923250 3801768
3910909 3888562 3723184 3868957
3950279 3943717 3908696 3828842
3812621 3770346 3790250 3824751
3774019 3718075 3717814 3963983
3939402 3951513 3853366 3955567
3961332 3848229 3865210 4077809
3887836 3846998 3743140 3817467
3904759 3818842 3789396 4000451
4010038 3778238 3795572 3854999
3882620 3830830 3835396 4091372
3691495 3753934 3801067 3666496
3826586 3905419 3930742 3901724
3872136 3877086 3933338 3851770
3951146 3933817 4025428 4012147
3790098 3860819 3945034 3690768
3855489 3941177 3929267 3951172
3886978 3874961 3924475 3850333
3838915 3937653 3906030 4073467
3703469 3747831 3758729 3687164
3698581 3772203 3677223 3767481
3866468 4002952 3946934 3862344
3850726 3933125 3795073 3808313
3786222 3930537 3849223 3778655
3733737 3843439 3779883 3798497
3891969 3875517 3941284 3882256
3829140 3824796 3826787 3839759
3670140 3812618 3836557 3894516
3880400 3869169 3896975 3683681
3930210 3988808 3990005 3932725
4011855 3931775 4031247 3805466
3757254 3851020 3905297 3866290
4013980 3837346 3980054 3838224
3762780 3901121 3899580 3934896
4017101 3947035 4016535 3840988
3813543 3889988 3847524 3797117
3849890 3963990 3717886 3765002
3930734 4021367 3983663 3864534
3957743 4174523 3852213 3835433
3800420 3899498 4033141 4003515
3898480 4138920 3871242 3841547
3827314 3830632 3787461 3860373
3861600 3976337 3780584 3709034
3954981 3869125 3784699 3843536
3841604 4000555 3852174 3801543
3997982 3931233 3795066 3908434
3916420 4146320 3979384 3899121
3989239 3874327 3849577 3902586
3927872 4104878 3962370 3916196
3864824 3830057 3766000 3863297
3817955 3920831 3861607 3782100
3892476 3905303 3923684 3779628
3832865 3729076 3755031 3964701
4029490 3862116 3915241 3996988
3843681 3790334 3831957 4121837
4047996 4011057 3953321 3852831
3895232 3754850 3843850 4058483
3884545 3846850 3828193 3846814
3788257 3808776 3756487 3932887
3801221 3901002 3878919 3781487
3899325 4039774 4011973 3902304
3839701 3903115 4038538 3835744
4008364 4063763 4042545 4079877
3852998 3933112 3995027 3875657
3973054 4021276 4016420 4075734
3761023 3914309 3874768 3715396
3826715 3819380 3913280 3997754
3797807 3967974 3928759 3765147
3777299 3797227 3742008 3819281
3882094 4023754 3941516 3940858
3922754 3979379 3839810 3896758
3912539 3976106 3970480 3879732
3957944 3877704 3851992 3832028
3853633 3955594 3878980 3782977
3797611 3849140 3694365 3805756
3767620 3848488 3926046 3941383
3970133 3949255 3900237 3718978
3959014 4012225 4064942 4033770
3999830 3933170 4058744 3826027
3894676 3955162 4001829 3979087
4033612 3995203 4045945 3801241
3716342 3832998 3928484 3944519
3921720 3858490 3957839 3783542
3891290 3879298 4048248 4014019
3988594 4126293 3833875 3795736
3727386 3739804 3794341 3701688
3730692 3864626 3736006 3678707
3687149 3725110 3857926 3748040
3901751 3927925 3658994 3656695
3767743 3788265 3845599 3754017
3780740 3914948 3668741 3716004
4055414 3902963 3864309 3946647
3945638 4001073 3986785 3933142
3842946 3764599 3710155 3650284
3714401 3885830 3848835 3717321
3859335 3742055 3678225 3785677
3682183 3860204 3745823 3711714
3836270 3824130 3744337 3786228
3709297 3901287 3879685 3808907
3992587 3982703 3944341 4049373
3944503 3941067 3905989 4071014
3793237 3706875 3699262 3795507
3767847 3706814 3643958 3913836
3840561 3711493 3689443 3713371
3725987 3640541 3768862 3876120
3831060 3771506 3804214 3804685
3873486 3703488 3655795 3984601
3903438 4008450 4062716 3901464
3970248 4063275 4046330 4122907
3770013 3761817 3738997 3672529
3748230 3768260 3762836 3920089
3681211 3787103 3848973 3664936
3759918 3867956 3819198 3917077
3776578 3666313 3837692 3733115
3802470 3881451 3840736 3906981
3964759 4020116 3981277 3943754
3900405 3931339 3748389 3944307
3705269 3814658 3744744 3730386
3631657 3703418 3687738 3709935
3746428 3763978 3757528 3767848
3709980 3761970 3703106 3824640
3765442 3888788 3832817 3770433
3760027 3802404 3678299 3680585
3923639 4114468 4086564 4059803
4079589 4049561 3956270 3905845
3646900 3802294 3773691 3781081
3861829 3758924 3842517 3689310
3714475 3789524 3815205 3856864
3846401 3853461 3840041 3660038
3726725 3840939 3819418 3845396
3810383 3823647 3900865 3761751
3761487 3791729 3857312 3825683
3783858 4012149 3701684 3768255
3669065 3660566 3859683 3704175
3785281 3893464 3588053 3567497
3903490 3927050 4008588 3979704
3984234 4115803 3763963 3825623
3779413 3822648 3889826 3876765
3841437 4036603 3745813 3732083
3933438 3790845 3720003 3828828
3829199 3950993 3847582 3701747
3792038 3753067 3569034 3696903
3747770 3859402 3833599 3682746
3992848 3966399 3826810 3984548
3824759 4035979 3920763 3916687
3970700 3841909 3730434 3781488
3807319 4052567 3927206 3801471
3891559 3837371 3845140 3915475
3801453 3714298 3764954 3996593
3732120 3831382 3680643 3674631
3735029 3681652 3704325 3945578
4024296 4000142 3964197 3921808
3934682 3865891 3869111 3993003
3935421 3874175 3814303 3951395
3934306 3789676 3745576 4037350
3709585 3850544 3855408 3766159
3778834 3887852 3881805 3922129
3719637 3782303 3749445 3629139
3846090 3784596 3831673 3828961
3842173 3909606 3994925 3910583
3880840 3999196 4076752 4048862
3869504 3880845 3892387 3840303
3927261 3939546 3897770 4009921
3665205 3861955 3765487 3749654
3766174 3851006 3768087 3707914
3719249 3688775 3805856 3726572
3718580 3799532 3722169 3670081
3960966 4040675 3915194 3925026
3980926 3922664 3821416 3879256
3824176 3915195 3859982 3815730
3864363 3957134 3777924 3851674
3741792 3804498 3822866 3926139
3929750 3796722 3985841 3716372
3584378 3735997 3841972 3756242
3809603 3790524 3842374 3679754
3918053 3941961 3929048 3937835
4035919 3988193 4064276 3887931
3854369 3881351 3883086 3912589
3990460 3909173 4019275 3756641
3625892 3664547 3797755 3823010
3879540 3886480 3612882 3668981
3787383 3751443 3934861 3846585
3907700 3935197 3674858 3647604
3785917 3838092 3914585 3840130
3886036 4040497 3630129 3812152
3795496 3788203 3914054 3846500
3876712 4115309 3736906 3754982
3781103 3669974 3589668 3702906
3783881 3808330 3735032 3744135
3896231 3760555 3747640 3758766
3727056 3946203 3894791 3752830
3902331 3789103 3758521 3819592
3837966 3961902 3924813 3885352
3903656 3829379 3752566 3807553
3817798 3982190 3941095 3796350
3822479 3764469 3670880 3669158
3786474 3630883 3676023 3861514
3846013 3750015 3720583 3877605
3822125 3695623 3756560 3990091
3900298 3895543 3835052 3924153
3860502 3759371 3759315 4052804
3870419 3817892 3845909 3867067
3865292 3859667 3833398 3982789
3591493 3778463 3783469 3689386
3787135 3817297 3933983 3850734
3793137 3801955 3884385 3685847
3799597 3826152 3913089 3908436
3821655 3887511 3810565 3780291
3851384 3850007 3956568 4015698
3914251 3840391 3911480 3782166
3888905 3913206 3920561 3998929
3684124 3792536 3742254 3723905
3732327 3779246 3758556 3772980
3779079 3836854 3842151 3834092
3844283 3781491 3749140 3764343
3856889 3880454 3940498 3779863
3831041 3831853 3733470 3779371
3840018 3944232 3922808 3831676
3816412 3826865 3782881 3794330
3683302 3692752 3715750 3774754
3938205 3783436 3752336 3708805
3693245 3929962 3819765 3916339
3951197 3776162 3914338 3733128
3716257 3894065 3887657 3897123
3990250 3979184 3938320 3737244
3765348 3894698 3885786 3987877
3964442 3880600 3933893 3775396
3907220 3897322 3947890 3993393
3928353 4188469 3881424 3791817
3706545 3747187 3878936 3813505
3771327 3928603 3601098 3662821
3648155 3662096 3704084 3677720
3781255 3828976 3558584 3618554
3915791 3940065 3913191 3955235
3900348 4136061 3858258 3747066
4031936 3865365 3826338 3797630
3924489 4024404 3899807 3879981
3854007 3757895 3715458 3806336
3797211 3925826 3868209 3748215
3761764 3724171 3603484 3686423
3667900 3805911 3785015 3737140
3986328 3873134 3798976 3852274
3893145 4023494 3957036 3871229
3964138 3957210 3912774 3949956
3928083 3847914 3827269 4126615
3811956 3797710 3745621 3805047
3761121 3612778 3735188 3997025
3666274 3775463 3660047 3699907
3675903 3573718 3573723 3749493
4001734 3938823 3903936 3908289
3912643 3799792 3906440 4092550
3907773 3914736 3920305 3879800
3966267 3953104 4020716 4027626
3775975 3748313 3818977 3738699
3840152 3810158 3892942 3871142
3668124 3670355 3690668 3705393
3628964 3710981 3817383 3750377
3870394 3869994 3912986 3811811
3910639 3921098 3979860 3938774
3907935 4026769 3930308 3845241
3868996 3914780 3856565 3948538
3765901 3808250 3797997 3758917
3795070 3716763 3766089 3824480
3672884 3733606 3720064 3677633
3616687 3712211 3571362 3622913
3853454 3913959 3939338 3980623
3825895 3932415 3824168 3930857
3885224 4007248 4033169 4037007
4075454 3971261 3978481 3838576
3741601 3831916 3794591 3805202
3929744 3904635 3898653 3736117
3647899 3680190 3767999 3692411
3767860 3697695 3772710 3727443
3823149 3981412 4019178 3999117
4035763 3930134 4013575 3795362
4064257 3939279 4011858 3976705
3982532 4147922 3762759 3833173
3877064 3923201 3958023 3999935
3940267 4158569 3812597 3845646
3748546 3810817 3865397 3773474
3920014 4066075 3621609 3692175
3808668 3866061 3888290 3846380
3989641 4130139 3738296 3770966
4020422 3982217 3914674 3955798
3896649 4076693 4069395 3948984
4012507 3904965 3809122 3836805
3886781 4159606 3960792 3937525
3907632 3677747 3755826 3812072
3688348 3954442 3847862 3787075
3937348 3865161 3807393 3834644
3856406 4020033 3898546 3884393
3987872 3882562 3894084 3981162
3928532 3938424 3827553 4135803
3976764 3939976 3935007 3983984
3955254 3785291 3934087 4017606
3814240 3839321 3751638 3770397
3841551 3683923 3827958 3964398
3922882 3878942 3918558 3887435
3900779 3843156 3820361 3987002
3853442 3943224 4053817 3893016
3955732 4019079 4063230 4125577
3883841 3847435 3981284 3847830
3939687 4088134 4005239 4045819
3786830 3758389 3846442 3741816
3847624 3920312 3943707 3857467
3784336 3821952 3973949 3863838
3930039 4031191 4022379 3937516
3930544 3977307 3904422 3939282
3853356 3880741 3884969 3951749
3904898 4031588 3928525 3868872
3971925 3934972 3809752 3847277
3817949 3883731 3821959 3807229
3802952 3744643 3751879 3703032
3893939 4030186 3885073 3846024
3819764 3923894 3817588 3820064
3852873 4006385 4067425 4069205
4070671 4010799 3981514 3933595
3857799 4065855 3984430 3989914
4000213 4006680 4023090 3896689
3659681 3875312 3847079 3912468
3840847 3832814 3877233 3738000
3837081 3862216 3951047 3915519
4001521 3922359 3963412 3835308
3937259 3966433 3960462 3992855
3917624 4117103 3791665 3907041
3837757 3874214 3890860 3900611
3923685 4079205 3845797 3770653
3799198 3732840 3887857 3787153
3881816 4052795 3787291 3802432
3768862 3774357 3830758 3812013
3800067 3956172 3672592 3670433
3937202 3933228 3768919 3933237
3929423 4067853 3991028 3928555
3932999 3791936 3815447 3832039
3938834 3975821 3929424 3868110
3917940 3870693 3751633 3760026
3850764 3987844 3872702 3815896
3850936 3712570 3657860 3707928
3715329 3919662 3719920 3776278
4011890 3925489 3845308 3968941
3939093 3887727 3869680 4122850
3976746 3845089 3874709 3967587
3955644 3810988 3879135 4048816
3946992 3810182 3827550 3826924
3888529 3826782 3635749 4011013
3871989 3798309 3793766 3750265
3771149 3741866 3719241 4009896
3893788 4019667 3966300 3881684
3979822 3941775 4085049 4026938
3877453 3798342 3931991 3768766
3882357 4022855 4058050 3984620
3809199 3883562 3890918 3751711
3907893 3934651 3945624 3970642
3776202 3823623 3779944 3696505
3794854 3914084 3848022 3892345
3890619 3984352 3968566 3914487
3937087 3885748 3846570 3874775
3935923 3933912 3859576 3891468
3838927 3833768 3784304 3875647
3802810 3893553 3869007 3802890
3821265 3872481 3790665 3750047
3760259 3799864 3838867 3799166
3733033 3733410 3662246 3767544
3933546 3943383 3999166 3972520
4080416 3981719 3994937 3876151
3899021 3947193 3921051 3890446
4061912 3839085 4009719 3846081
3776918 3959209 3901751 3912709
4014969 3906635 3880582 3858979
3722335 3849662 3840191 3862403
3876108 3877541 3784424 3732121
