3865518 3981593 3834012 3987562
3923447 4113959 4081990 3926358
3665757 3738702 3619244 3781411
3619025 3806379 3875939 3592673
3833250 4034736 3790760 4022535
3855548 4036018 4094423 3921435
3780692 3904492 3601780 3836897
3777521 3940077 3931529 3748588
4092220 3990303 4088696 4001949
4042492 4023480 4033658 3976918
3865915 3765537 3750619 3832913
3860356 3850659 3726081 3758248
4098481 4068519 4014004 3995453
4134007 4045203 3968770 4017870
3916144 3826666 3884408 3898780
3969165 3872269 3925141 3914314
3926874 3934546 3850331 3863691
3981835 3844153 4081784 3931345
3760507 3569183 3660439 3583027
3749855 3673529 3797105 3762135
3938746 3831380 3777135 3884900
3968570 3905180 4039528 3990018
3829774 3795172 3746889 3778113
3855402 3772287 3965421 3929423
3990801 4055745 4022359 4056698
3918811 3939473 4054266 4041629
3738449 3736156 3782423 3748706
3682163 3787889 3924716 3648151
4078261 3974125 4082795 4005288
3917708 4016141 4179952 3930049
3807194 3869927 3914977 3924120
3789676 3794606 3951156 3824554
4118535 4131766 3973912 4047747
4072351 3896105 3901102 4024404
3848385 3880273 3786483 3777659
3869666 3604359 3653738 3827536
4072599 4138064 4055408 3983970
4029694 3843872 3894191 4142938
3968355 4063494 3894507 3778293
3917241 3766763 3824673 3854225
4058421 4066581 3975010 4034854
4024203 4081593 4095910 3946090
3806241 3771649 3802777 3752275
3813839 3732664 3851928 3717087
4092305 3987666 4051167 4054439
3938940 3977715 4151547 3971089
3877254 3905552 3920304 3939659
3782871 3910425 4005934 3840069
3546443 3739586 3476747 3742658
3647608 3756620 3848149 3583967
3713475 3840939 3589423 3841036
3758834 3818344 3877865 3699712
3762185 3851812 3722788 3915188
3756122 3954517 4005343 3828904
3762278 3806560 3696970 3806217
3807100 3936978 4010358 3721609
3774311 3728360 3689940 3762540
3812294 3786468 3778880 3739389
3958606 3816982 3840685 3765140
3786814 3912192 3884556 3862736
3957787 3906765 3941175 4007797
3979727 3886159 3880615 3920077
3955379 3964370 3953126 3891479
3848000 3924064 3937463 3889342
3777355 3635835 3607798 3646786
3720244 3694684 3809396 3735083
3749784 3712872 3728162 3782610
3833755 3719261 3803630 3764506
3912169 3786884 3825321 3730153
3911755 3812202 4037497 3941806
3871580 3752050 3776730 3861695
3872198 3810351 3981963 3893393
3683115 3742374 3757481 3841159
3652847 3721454 3905775 3612580
3726743 3757370 3820777 3810828
3766441 3828268 3960704 3840051
3907911 3919188 3928172 3947314
3849613 3996365 4036672 3865760
3914006 3931157 3882372 3978034
3824379 3890650 3987749 3830997
3789684 3935661 3745497 3764638
3803262 3651290 3727788 3865850
3921238 3909399 3946652 3844202
3843755 3620410 3790289 3916049
3997625 4116102 3948614 3970904
3999862 3758633 3856974 3998618
3929377 4050129 3921699 3897752
3898400 3776798 3870016 3950657
3812823 3795786 3738746 3758121
3765867 3805196 3801965 3674789
3846170 3852795 3804427 3829970
3868744 3826563 3961407 3661982
3894126 4027307 3919988 3877866
3917088 4040013 3947021 3811424
3926736 3879262 3903423 3975303
3894117 3957926 4024917 3865348
3649960 3748187 3653513 3807742
3693951 3909542 3853540 3629974
3700722 3832945 3712393 3827364
3765307 3870948 3969300 3753403
3712367 3821931 3592597 3822209
3723091 3796829 3876403 3711716
3784620 3906090 3722348 3891240
3757129 3905597 3980447 3805583
3902743 3825876 3783867 3902580
3825259 3809624 3838697 3780113
3899442 3846446 3871000 3932394
3881390 3897174 3853837 3768418
3807230 3833713 3830190 3736228
3958838 3813558 3829082 3800510
4011965 3890453 3937022 3865103
4004295 3945684 3820765 3872209
3897534 3717669 3747598 3716676
3774103 3773520 3937550 3730273
3866450 3760029 3640172 3793844
3841810 3775847 4011627 3823687
3869638 3590775 3711410 3610985
3735746 3713922 3909162 3709277
3862877 3784986 3807492 3808906
3941889 3845951 3950864 3892248
3704783 3821126 3812599 3841337
3734878 3821572 3901776 3751444
3867329 3838713 3843668 3884392
3766722 3800607 4012879 3762215
3682612 3851856 3770744 3841397
3768099 3725218 3922221 3747406
3857967 3963509 3861691 3986339
3824437 3921704 3999874 3859779
3817130 3930149 3807397 3781443
3876400 3704025 3760893 3825521
3944671 4060605 3883956 3861067
3938084 3743517 3854641 3858478
3854412 4037396 3817954 3891600
3826595 3666977 3697707 3789122
3905003 3979361 3912968 3854943
3894568 3761054 3767407 3997552
3826041 3927667 3823908 3888612
3843504 3943433 3942403 3785760
3958248 3905943 3824734 3830204
3837653 3926960 3952709 3784625
3810573 3853500 3741958 3827929
3681582 3842616 3844788 3741366
3953671 3996901 3887457 3851136
3911816 3918930 4025676 3851911
3876494 3928251 3863376 3949917
3809469 3896349 4061075 3828636
3748537 3896594 3740843 3866893
3769283 3927763 4018549 3757268
3756413 3906615 3747614 3921269
3750862 3947174 4057353 3688861
3772569 3850408 3785709 3946318
3853346 4014805 4042718 3800940
4019503 3888203 3979939 3922786
3999863 3927702 3894472 3925338
3991276 3939436 3937632 3912416
3924239 3912451 3881029 3797687
3927947 3948480 3885183 3961568
3985492 4006728 3804083 3899806
3997561 3960576 3891088 3914130
4020090 3918590 3982340 3880720
3947232 3772842 3858453 3844628
3915510 3785889 3952189 3911176
3934547 3772441 3792292 3770781
3909141 3838852 3937738 3954600
3948374 3792587 3764533 3756246
3906838 3745236 3991216 3922578
3872077 3859318 3839005 3829158
3975563 3840975 4063817 3869498
3931813 3930761 3985237 3945028
3843076 3862113 4086020 3893472
3873331 3859538 3856903 3889403
3813393 3919398 3985692 3853033
3898132 3931376 3969199 3888257
3862371 3846871 4072206 3790617
3905190 3932527 3943618 4017130
3879512 3995145 4092959 3847583
3991855 4095219 3950940 3909622
4095204 3873512 3835407 4044945
3997964 4024637 3889703 3927129
3931831 3790978 3787962 3958353
3954632 4110031 3878948 3882842
3939297 3828308 3773699 3922698
4068229 4081169 3930469 3874949
4002062 3814616 3831277 4040059
3950265 4017698 3964975 3917244
3936066 3956841 4041315 3884662
3920552 3964525 3948370 3959396
3852032 3932066 3943620 3856833
3893344 3919802 3932942 3825523
3854252 3925731 4037701 3884104
3981421 3981136 3906946 3943177
3957071 3917425 4020141 3908331
3785083 3827296 3682237 3797177
3702452 3927028 3948948 3675270
3888825 4027708 3802202 3943626
3853042 4023865 4006007 3817928
3658178 3849565 3618077 3790665
3687961 3820457 3901149 3669602
3558269 3747310 3600570 3774453
3589279 3746250 3802285 3571229
3977782 3825268 3798640 3889073
3916132 3859222 3853737 3790621
4078910 4047454 4044133 3964937
4069411 4048415 3959739 4005362
3827995 3850733 3822653 3797511
3909753 3853610 3758232 3771519
3801786 3843957 3778435 3757962
3731221 3757010 3714506 3724330
3826980 3728133 3707766 3792422
3760578 3731102 4008449 3880235
4071140 3838884 3817385 3775056
4005936 3868513 4011387 3977180
3754953 3657106 3659288 3628681
3761797 3626468 3770342 3785979
3691467 3597558 3533579 3680816
3669228 3705077 3803076 3803070
3872531 3819529 3900191 3810728
3768492 3882882 3978913 3769432
3962937 3998882 3993222 3988333
3901608 3911598 4110531 3972329
3705248 3804553 3771734 3736261
3751040 3828376 3942773 3705607
3690163 3748314 3732755 3717328
3665557 3769855 3897931 3625074
3960780 3999737 3843264 3878050
3855434 3821821 3738361 3923746
4124786 4146624 3950444 4023430
3998032 3840845 3904931 3938106
3853110 3886170 3853650 3766054
3805866 3714500 3783405 3799077
3810706 3851373 3750625 3742402
3800451 3610095 3669638 3740974
3931690 3892662 3810495 3900762
3855609 3870707 3927986 3756900
4028531 3993161 3930942 4082245
4062237 4088546 4108945 3961679
3899205 3824409 3722986 3762727
3854644 3745235 3813818 3743808
3741152 3794351 3791417 3781882
3797041 3749753 3864199 3617251
3645574 3759618 3664328 3764922
3697905 3805925 3912838 3691962
3669064 3815615 3658513 3906755
3827748 3833630 3961208 3703814
3773166 3936930 3784526 3981239
3803442 3945661 4015303 3800111
3817867 3912015 3715953 3942171
3840938 3920028 4003526 3806275
3832990 3801341 3802487 3736320
3857784 3812112 3841777 3725802
3874963 3817652 3842013 3832082
3857226 3879058 3855278 3834533
4078371 3888162 3970689 3921831
3994296 3962589 3880573 3867701
3988940 4029595 3977717 3912672
4047900 3908106 4016347 3946719
3768924 3707387 3649153 3686746
3716542 3708677 3788298 3842567
3792001 3680096 3724736 3686239
3825265 3732847 3908862 3855526
3870467 3792602 3788872 3797436
3936832 3817476 4049469 3977555
3957499 3838672 3789614 3784499
3889301 3941664 4013870 3981595
3809743 3815570 3895380 3840402
3791243 3858373 3933413 3642870
3776791 3822658 3895790 3846091
3757649 3773678 4004385 3829804
3872084 3932191 3983213 3957364
3950975 3944587 4008916 3878388
3977580 3938767 3943834 3983906
3835096 3915996 4070620 3898488
3925967 3928799 3795651 3795738
3868234 3605193 3788110 3870708
3943008 3922238 3924226 3819472
3882558 3672034 3744928 3964485
4036618 4121625 3969223 3948471
3958007 3760828 3839117 3997917
4019073 4096490 3957712 3998945
4005641 3878919 3883510 4041468
3780830 3845709 3904156 3783865
3821005 3863608 3893212 3758631
3875202 3874383 3914201 3831403
3817206 3875305 3942270 3765655
3954356 3988970 3871495 3873990
3843399 4012972 3965762 3899014
3933233 3975492 3957230 3949867
3887676 4003454 3961097 3900188
3804727 3860932 3660549 3965482
3815280 3998936 4034014 3798987
3784155 3850072 3731854 3941562
3801910 3918107 3987209 3778877
3838400 3893335 3696446 3964340
3857132 4044383 4001873 3825116
3873765 3991867 3711109 3941954
3813920 4070371 3998013 3732954
3963428 3953167 3963302 3947671
4008257 4009323 4011480 3970981
3984359 3945383 4002773 3947425
3975849 3948365 3858171 3892006
3974825 3968356 3927761 3960682
3976137 3963262 3915163 3965966
3927804 3989047 3987504 3870173
4009344 3922991 3890528 3898276
3959866 3791020 3849230 3858202
3910685 3890927 4056831 3913833
3958893 3725633 3789133 3797115
3883110 3872673 4037286 3915727
3947747 3756340 3790545 3788915
3945245 3838972 4001196 3932368
3917200 3743591 3898054 3763135
3877011 3870450 3974048 3956679
3900539 3901976 3971808 3935821
3876568 3833337 4041509 3896579
3872850 3875866 3907717 3930179
3828911 3810645 3984736 3806957
3951692 3951504 3936903 3958816
3908285 3955497 4032470 3987110
3925447 3935216 3925542 3946000
3797253 3840049 4066381 3822833
3931524 4168196 3941255 3957987
3963768 3857118 3902492 3979078
4005520 4078777 3885781 3914623
3915202 3800845 3868634 3900023
3987105 4056514 4027976 3863721
4006926 3873988 3850714 3979824
3971417 4116708 3864043 3988706
3889025 3754030 3893071 3935639
3910687 4037247 3885938 3963820
3914704 3997757 4065372 3953026
3977786 3924651 3900478 3868345
3819042 3925732 3961970 3882886
3957536 4071604 3963861 4027262
4004246 4050824 4036394 3866410
3923552 3942573 3877012 3964867
3924851 3964930 4037199 3834697
3711936 3827170 3771144 3865814
3740409 3917715 3973656 3696305
3522975 3727392 3512657 3774194
3638511 3697645 3730897 3674255
3823501 3875252 3678406 3938970
3750714 3951791 3949569 3790848
3921149 3996964 3809433 3986132
3856851 4068806 4114155 3792715
3873417 3848903 3892716 3813156
3882010 3916021 3935141 3922597
3808989 3753257 3707437 3724394
3796240 3819188 3732849 3768307
3918675 3920246 3859802 3935717
3957084 3965998 3888656 3852696
4054539 3960867 3976466 3911135
4065001 4002225 3995234 4015950
3835507 3704668 3810764 3748983
3835873 3824812 3916704 3822096
3791682 3532780 3635227 3629024
3660791 3579112 3775138 3634716
3883577 3818313 3847266 3816011
3891673 3830108 3980826 3905497
3914156 3798477 3859169 3837850
3922859 3870602 4079914 3894904
3841230 3933246 3853701 3883398
3777385 3873794 4078778 3807609
3696927 3748347 3652016 3802809
3606196 3736962 3829410 3668278
3831294 3946111 3934103 3886996
3831624 3855842 4062225 3943269
3882126 3990670 4014461 4016585
3893438 4023965 4147299 3979373
3970336 4048264 3900173 3910830
3948465 3812528 3827313 3944070
3765511 3926274 3648978 3682172
3736088 3633024 3655161 3807459
3971002 4046746 3844646 3928867
3926182 3745433 3845605 4012147
3974091 4138233 3932763 4009822
3994974 3870759 3872364 4082085
3942807 3899945 3844222 3894723
3899749 3920982 3921779 3835396
3784128 3773867 3737484 3819990
3773122 3707029 3773753 3721877
3946022 3894169 3831861 3936487
3899002 3992715 3972113 3869990
3990423 4019081 3998423 3982113
3903078 4060878 4074438 3887705
3744024 3924166 3637137 3925485
3847846 3935339 3951669 3831399
3667541 3727655 3552008 3791469
3586965 3757899 3789329 3624236
3738915 3844419 3706342 3941324
3791735 3981805 3981552 3798165
3692426 3897188 3662280 3948118
3804150 3937513 4009620 3779498
3913035 3965185 3955212 3853721
4019564 3927183 3873808 3914246
3922258 3735499 3754509 3795520
3908042 3767166 3764408 3609718
4038730 3899392 3887845 4005528
3976614 3913888 3901582 3889291
3964081 3902722 3910684 3940415
3876607 3945675 3929908 3870664
3960625 3868168 3904361 3765563
3876964 3743068 4013217 3883230
3723903 3707637 3649091 3622859
3773799 3629773 3813758 3742843
3880283 3800784 3741866 3786032
3954098 3848492 3931020 3844482
3903762 3784347 3799221 3865239
3896810 3852821 4007127 3846528
3924355 3906134 3875918 3920158
3902857 3929221 4156039 3804498
3709098 3710579 3767791 3702446
3707215 3744599 3921362 3673864
3862171 3927592 3911382 3915852
3806755 3939498 4012449 3850819
3835264 3871442 3945701 3849420
3822512 3867931 4052759 3827504
4022537 4042252 3942826 3961403
3958343 3794921 3866001 4036015
3827118 3830423 3747588 3751812
3829263 3708091 3692209 3858922
3970731 4017679 3981366 3853310
3895978 3752893 3792411 3892401
3973241 4027720 3950184 3980984
3938050 3825378 3837594 3952419
3993036 4014550 3904281 3932268
3925356 3878266 4038152 3851637
3809671 3782741 3779880 3709353
3746610 3756663 3752658 3697097
3996631 4030789 3853997 3951741
3904869 3970280 3907575 3844036
3907105 3991220 3841477 3926812
3932928 3895972 4010023 3887695
3876092 3965805 3726574 4066762
3884771 4071008 4133196 3876433
3831518 3922344 3787723 3940568
3934077 4020009 3986141 3783604
3692933 3822537 3619843 3842712
3727431 3758530 3876065 3679432
3658240 3740476 3580658 3783352
3732600 3877380 3893104 3744913
4052334 3973393 4156980 4014888
4101010 4099314 4030658 3966849
3912828 3897714 3978971 3927175
3986273 4019344 3954401 3892890
3839206 3833715 3791461 3861862
3823995 3882862 3761978 3823844
3941501 3823762 3791912 3879034
3826977 3937831 3776096 3814664
4046694 3816810 3876738 3877081
4001581 3836227 4028735 3969790
3905934 3751455 3784171 3818847
3927678 3831360 4051512 3913426
3863003 3584657 3661298 3781078
3854402 3714541 3820087 3851121
3834621 3739544 3713468 3756007
3808410 3693496 3903695 3770939
3923257 4020644 3996472 3947218
3960979 4037275 4169055 3909228
3992459 3978706 3976104 3966297
3899287 3969205 4128267 3941573
3775865 3900707 3912783 3796869
3760116 3824028 3964396 3697337
3826579 3774494 3840946 3738753
3779774 3817968 3939500 3765715
4176284 4162377 3998001 4015121
3963805 3847625 3965881 4035874
4070574 4080167 4007559 3949615
3998016 3876258 3906337 3997217
3838561 3888026 3819312 3777642
3883380 3655261 3702183 3871466
3946688 3957541 3791328 3785850
3867903 3732813 3759418 3887772
4034495 4086373 3923626 4053025
4042103 3997166 4106988 3952930
3997581 4012286 3916669 3996267
3884353 4060443 4109984 3870360
3840712 3874887 3871148 3893368
3893550 3846116 3861555 3652378
3932675 3881976 3838867 3818376
3904114 3928657 3847911 3662918
3697926 3835559 3749913 3912808
3799233 3969654 4024771 3785428
3772860 3976128 3660192 3945517
3787515 3924484 3989139 3807694
3807150 3951621 3770460 4035183
3865224 4063696 4122926 3789263
3669697 3957213 3796488 3977558
3850177 4031027 4061538 3852216
3974171 3862120 3952335 3876598
3938525 3960987 3841562 3945960
4025152 3970012 3936938 3941244
4024284 3979946 3818673 3873431
4101306 4005633 4109989 3977178
3990156 4039219 4017256 3925663
3996021 3989493 3928954 3968045
3984354 4080347 3963101 3905585
3913872 3838658 3816646 3772813
3916942 3766635 3965770 3776027
3884150 3900069 3790661 3754395
3964850 3885877 3954381 3920342
4005882 3859670 3897562 3903345
3954568 3903369 4126966 3996533
3912022 3949316 3869072 3850830
3927818 3792065 3997577 4003386
3796372 3905053 3846708 3867768
3822996 3891433 4080257 3829253
3964135 3931965 3949721 4026031
3915949 3966614 4077891 3831004
3956449 4017730 4007821 4042587
3959119 3965396 4115925 3938606
3911116 3898023 3947948 3975225
3873393 3960730 4126581 3964284
3935909 4058125 3923794 3970613
3943917 3754765 3836755 3912996
4011834 4028789 3970741 3848264
3988105 3737941 3765458 3972400
4028434 4219311 4024704 4089555
4157964 3828575 3977010 4074022
3993342 4102753 3893013 3931531
4053112 3748645 3916501 3966983
3910250 3909599 3795342 3827417
3862328 3910676 4048538 3831804
3969662 4059316 3947872 3930365
3891329 3913836 4099835 3921758
4095762 4060532 3951401 3974434
4029511 4006735 4092355 3950925
4004372 3997313 3973636 4039690
3971318 4095865 4036020 3873274
3630529 3729548 3628095 3849075
3603379 3854901 3790558 3618490
3751325 3943664 3659965 3888104
3847758 3986285 4100497 3754774
3777508 3917281 3678847 3987804
3790473 3913807 3997553 3815874
3624865 3738747 3643563 3826745
3650328 3798166 3811215 3661110
3758775 3706248 3738620 3808912
3820376 3762459 3738819 3833508
3964823 3969583 3864693 3967576
4024823 3986040 3899881 3870036
3938636 3977268 3958619 3881197
4000339 3939700 3958915 3965677
3867978 3738989 3805207 3801276
3813893 3790178 3760711 3851900
3792461 3546737 3582929 3663487
3731706 3689628 3769043 3732836
3917415 3825781 3815223 3768979
3904753 3851802 3966109 3887346
3929376 3803175 3819127 3794793
3894541 3819668 3958243 3887780
3772035 3662783 3662544 3684343
3820183 3721986 3841732 3767593
3668748 3717364 3779884 3708427
3711812 3742169 3850396 3681661
3912843 3933641 3972589 3920823
3861930 3879134 4007706 3815387
3857315 3937080 3936931 3958260
3865079 3912066 4070206 3944220
3787088 3819437 3859320 3848948
3791450 3786433 3973631 3701758
3796798 3835226 3740724 3724689
3798398 3635395 3593967 3781422
3993292 4089087 3939036 3887641
3972212 3875014 3847150 4001455
4083651 4090959 3974898 3938983
4010065 3793388 3786217 3961256
3886855 3921962 3782649 3776971
3897152 3731678 3646174 3810538
3904196 3779200 3676828 3818531
3762903 3780004 3838134 3790983
3915357 3939050 3958337 3913351
3921001 3914521 4017654 3769151
3979418 3993820 3896267 3944529
3905311 3917543 4054578 3942183
3841814 3869793 3735743 3812842
3790135 3810056 3830517 3711092
3751043 3855754 3806058 3774281
3796320 4021873 3903029 3883514
3880519 3883611 3817035 3775251
3829168 3966552 3927443 3983987
3748093 3680826 3629552 3727957
3623730 3956905 3777671 3773343
3794673 3751619 3731088 3703124
3669022 3915572 3804568 3887633
3950801 3862689 3809328 3937826
4042301 3984917 3952365 3701265
3912772 3922496 3816008 3869363
4045337 4040617 3842595 3716751
3798530 3861799 3626088 3736092
3920237 3871880 3732918 3641467
3833742 3822982 3776945 3814323
3983971 3891306 3755417 3648656
3903161 4050485 3899240 3884951
3952347 3977559 3810028 3911517
3896832 3970238 3857489 3984988
3946368 4052126 3888026 3941985
3775946 3830405 3660782 3728069
3847049 3862566 3711953 3864705
3781911 3821255 3697823 3824064
3740704 3875327 3808670 3823204
3778039 3958988 3759861 3813153
3919458 3909841 3954174 4048177
3787235 3896420 3819381 3827844
3842191 3928112 3849293 3955499
3692548 3854501 3667881 3779833
3846927 3786945 3689117 3848087
3705419 3867711 3812119 3761651
3786473 3828854 3863395 3873306
3938859 3813790 3898300 3916091
3985488 3719953 3972845 3716985
3950718 3907549 3875352 3839191
3910864 3743724 4000319 3658174
3810696 3768096 3712285 3757565
3836068 3624300 3806301 3629149
3825055 3743270 3751357 3775119
3838726 3589832 3854547 3656337
3985068 3858021 4057317 3882345
3788398 3986144 3861992 3888839
3982281 3739482 4009219 3840149
3807416 3918586 3856207 3970757
3725401 3698769 3863641 3727073
3731838 3864461 3704926 3783591
3758145 3712629 3883842 3699283
3739956 3862435 3792783 3746111
3854306 3858082 3793237 3877314
3874611 3987366 3861411 3967921
3671640 3678418 3601339 3610847
3602612 3765875 3676489 3739385
3813204 3772057 3805393 3716265
3706513 3953484 3727881 3748424
3901850 3797923 3792546 3743619
3793734 3943894 3876175 3868512
4023911 3946355 3798544 3905081
4026934 3988240 3904934 3798667
3732052 3697338 3636204 3734658
3874347 3826241 3679522 3525927
3907891 3847401 3668410 3801803
3924381 3872721 3725135 3669206
3869701 3779500 3679307 3862777
3940838 3928491 3831744 3685043
3903652 3979298 3762119 3928400
3966855 4060174 3853731 3959118
3709019 3722489 3627749 3762950
3780873 3728921 3632774 3751602
3798629 3884883 3714547 3857949
3873242 3907927 3858988 3807339
3790751 3910629 3797871 3835815
3833437 3861228 3866441 3936448
3749696 3937775 3774392 3945582
3881292 3916042 3962679 3971729
3557370 3790567 3678380 3606629
3743184 3701092 3707135 3834017
3738362 3863015 3749340 3812049
3837505 3804753 3799322 3817468
3722206 3858940 3816956 3696354
3941154 3836972 3856398 3924872
3938352 3859678 3922686 3896399
3889518 3749688 3961133 3731570
3743390 3753672 3761283 3658159
3730066 3509967 3769523 3607885
3839867 3778148 3815446 3799489
3887442 3644454 3912525 3697577
3830498 3798242 3862323 3791528
3820697 3675110 3831566 3707498
3951665 3835593 4006644 3851081
3892760 4028111 3916966 3816021
3772350 3608156 3848542 3682788
3674860 3842051 3657287 3681545
3879092 3709627 3958502 3787697
3758135 3887369 3803672 3839919
3830188 3763286 3928497 3813857
3765966 3901056 3727123 3829261
3844457 3906380 3805145 3804294
3813469 3999010 3914512 3953325
3999465 3962245 3979419 4034893
3986713 4136461 4095014 4120929
3863075 3811205 3715778 3743177
3674834 3987792 3844680 3896861
3900835 3897085 3887709 3892541
3920588 3975774 3887572 4032914
3969597 3805753 3691989 3904654
4045920 3902134 3844033 3692792
4171823 4019828 3973254 4046323
4251578 4175762 4055796 3909412
3938046 3765528 3847555 3846584
3980919 3983907 3880815 3715670
4045179 3966195 3867605 3978393
4059121 3999209 3901892 3850512
3872454 3952200 3769447 3814395
3964881 3934757 3884446 3934672
4035793 4235543 3949056 4061228
4210021 4187753 4020447 4187896
3827811 4025857 3809569 3925151
3907032 3920856 3823967 3903557
3986144 4032607 3929000 4048646
3991390 4062453 3925172 4082760
3780645 3931654 3825559 3833132
3867795 3844739 3939760 4012636
3925076 4122386 4081308 3972980
4113032 4080689 3995684 4202230
3729004 3856015 3809491 3785789
3873080 3857939 3845149 3937325
3904309 4058572 3959538 3962499
3990370 3946604 3999375 4005860
3904008 3856550 3797903 3846105
3903521 3689383 3899578 3694209
4115770 4044202 4033068 4041881
4118155 3740727 4143757 3912257
3884340 3781471 3817410 3865794
3886852 3689306 3870240 3659664
4026612 3894551 3913989 3967797
3991617 3720043 4034675 3763205
3866066 3738725 4088425 3780935
3826385 4007845 3823722 3892726
4132935 3956723 4160638 4023806
4010230 4121071 4083541 4072965
3888499 3706232 3991313 3818874
3854078 3913904 3775980 3834458
4063302 3919335 4116207 3887785
3959407 3985990 3976568 4003758
3864556 3886856 3786758 3825422
3776114 4056913 3958602 3926902
3827875 3791934 3768309 3725142
3720924 4005274 3817662 3842633
3843425 3820880 3748110 3751639
3797526 4033706 3851996 3934688
3972255 3827330 3899847 3856528
3777592 4080480 3966037 4104310
3903833 3980136 3785682 3992345
4029345 4008738 3855096 3755526
3998643 3864207 3727402 3895187
3912301 3902109 3766791 3688857
3949399 3874494 3824868 3900316
3964032 3947036 3866190 3761504
3964093 3927825 3883195 3866083
4040543 3994755 3919829 3795094
3941120 4016716 3908808 3943969
3996954 4032848 3944317 4001300
3890781 4000294 3801783 3779661
3895942 3906170 3816030 3890074
3859340 4046617 3777803 3799953
4000054 3894229 3897676 3916645
3899350 4132399 3842007 3968422
4013918 4006863 3883216 3963482
3726494 3918838 3845624 3863760
3936755 3871938 3895555 3957742
3754486 3771920 3890223 3690659
3828400 3880614 3811789 3940174
3767197 3802103 3823189 3839592
4041695 3938581 3854581 3965242
3930099 4010638 3934401 3901960
3970803 3889298 4015000 4116197
3983670 3928585 3834171 3833754
3985022 3684887 4022872 3723082
3853540 3761360 3831684 3804388
3836723 3683095 3888810 3666522
3933170 3797708 3828607 3853070
3909581 3651519 3942743 3771951
3975767 3903869 3922601 3874178
4013278 3817916 3931256 3816743
3994697 3839690 4034855 3885361
3851743 3984888 3783175 3972057
3844669 3681087 3962517 3821723
3767812 3927804 3827010 3833827
4036337 3766910 4012271 3836730
3782609 4006070 3855015 3865012
3967502 3762875 3979464 3877900
3870877 3973499 3914463 3969475
4032233 3958743 3884649 3903496
3935366 4061994 4082644 4062446
3718935 3630967 3594503 3536808
3565686 3756311 3685637 3669524
4096453 3981524 3958347 3906133
4002299 4110322 4050661 4105547
3809725 3799581 3874884 3823633
3743985 3877896 3832458 3901361
4155582 4043435 3928233 4064853
4125971 4030963 4074348 3783906
3680729 3685515 3493435 3651974
3706926 3644640 3655982 3544284
4128979 4021338 3945479 4055356
4159374 4132521 4045361 3828878
3956474 3920396 3746335 3970036
3990573 3884926 3831803 3775741
3971308 4098357 3934742 4090002
4117363 4173078 3947414 4108793
3646007 3839764 3659819 3666917
3701696 3670935 3603603 3838556
4105899 4150424 3927640 4033905
4111356 4171744 4044894 4068453
3839494 3964978 3811125 3887330
3914003 3931797 3814744 3902623
3962640 4075404 3995322 4036090
4113844 4059278 4060634 4116328
3509832 3763381 3539037 3629864
3697968 3632705 3630083 3747565
3946167 4174955 4003239 3971752
4043521 4083908 4108375 4207516
3747990 3957929 3895124 3843415
3968068 3879588 3901972 3984316
4064577 4023799 4081167 3998657
4068336 3892452 4145253 3890000
3751341 3627848 3647424 3659576
3735845 3483318 3710912 3556144
4074416 4035589 4047763 4065502
4126969 3855610 4179740 3848938
3906746 3869225 3827811 3792914
3974419 3681054 4055472 3690752
4049955 3993629 4198087 3965755
3945268 4114781 3985842 4058624
3745112 3556759 3822203 3647658
3634752 3748014 3585388 3696910
4150350 3845775 4205744 4026169
3918185 4157398 4051596 4051229
3912429 3786694 3956513 3871514
3819809 4007471 3858423 3946626
3905759 3890814 3789661 3907960
3890668 4004476 3963804 3970880
3888605 3848312 3861863 3825875
3824158 4005779 3883801 4023128
3932878 3930734 3822010 3865568
3857668 4013289 3891991 3968538
3792770 3787191 3720673 3715201
3772061 3952334 3862676 3945696
3959883 3896536 3900906 3980213
4058105 3996968 3878106 3779443
4024027 3845281 3800693 3871806
4020439 3948075 3904464 3750688
3937183 3867256 3772103 3898760
4156095 4006150 3990899 3765555
3878207 3893008 3779508 3843829
3984008 3942975 3848084 3767524
3933136 4114959 3887916 3941466
3964294 4037716 3935453 4042478
3929517 4053226 3893772 3916337
4044662 3999789 3895917 3962981
3940570 4081500 3848077 3901381
3974386 4049314 3863528 3978965
3824112 4033379 3719171 3804413
3926057 3916897 3829961 3932048
3814112 3970787 3933607 3826828
3959557 3958082 3999806 4126925
3781593 3934299 3854862 3974753
3917912 3948617 3927888 3935955
3757430 3923915 3814533 3927516
3954910 3850333 3930391 4042407
3759776 3902041 3807635 3783705
3850692 3804669 3920727 3952140
3992752 3953668 3948972 3913187
4016630 3691644 3968839 3768086
3936329 3884819 3930578 3875435
4005255 3739706 3937884 3778880
3980210 3865454 3813840 3870383
3906191 3704266 3942448 3817063
3910479 3766253 3796989 3783866
3943312 3702271 3864111 3730035
3943020 3921870 4055231 3923151
3901548 4035624 3877312 3926443
3887963 3798805 4084451 3890926
3872689 3994954 3931172 3928481
3953631 3832070 4096186 3878565
3851760 4012491 3932337 3949272
3945728 3772356 4017289 3818001
3768935 3994703 3835343 3852584
3834740 3847700 3805239 3844690
3778513 3919481 3896758 3990450
3931855 3889747 3899916 3913069
3776953 4088564 3944584 4055645
3836150 3707725 3849526 3788480
3722393 3966514 3841283 3832812
3778458 3780650 3664553 3717557
3729560 3908624 3839065 3809421
3943007 3838776 3715127 3935405
3985971 3975036 3881074 3776012
3997624 3984732 3844791 3877462
4024027 3976515 4005620 3814390
3891276 3794610 3795710 3811585
3936730 3917613 3858168 3643951
3825485 3797688 3733295 3819890
3968584 3893740 3748770 3673810
3919785 4024336 3706791 3891132
3958547 3912055 3849255 3910671
3987306 4127618 3898255 3908680
3963816 3969019 3897278 4045860
3788073 3932964 3708905 3945569
3846098 3949945 3808740 3866281
3821553 3936175 3794146 3770328
3787660 3871729 3747412 3837924
3808941 3894679 3841176 3712547
4024144 3925557 3890925 3978158
3880528 4037469 3939087 3862948
3941425 3993368 4062975 4034746
3707923 3887034 3736794 3760404
3796260 3809993 3829879 3901338
3716589 3869477 3711793 3704948
3899701 3800371 3850831 3920310
3888651 3827743 3841232 3840154
3940749 3688154 3934700 3666374
3952193 3962025 4025789 3949508
4011122 3657259 4002208 3809644
3938521 3814401 3731540 3805884
3878753 3625184 3854491 3713135
3843053 3768837 3795449 3760103
3864488 3655337 3817515 3681169
3907992 3703490 4011885 3837265
3773861 3981432 3803142 3878427
3950061 3871035 4028720 3831538
3916885 3984231 3993222 3933192
3924729 3720488 3909809 3748263
3726066 3941743 3821675 3822454
3851693 3739944 4048837 3808415
3789507 3841028 3780382 3828918
3765174 3671252 3801351 3746749
3708806 3876382 3773425 3838375
3727116 3676589 3683722 3699900
3671240 3926428 3691512 3788685
3857249 3774552 3784775 3725472
3742345 3906743 3857790 3881233
3973513 3886852 3841781 3839494
3784877 4009114 3867639 4041534
3845214 3801930 3761161 3704877
3991936 3937284 3788687 3802706
3860525 3784625 3652536 3733571
3901759 3780809 3872868 3716598
3886243 3796648 3659051 3878590
4034113 3920198 3836046 3720174
4010620 3955327 3760394 3997356
4093686 3986837 3923162 3694469
3788137 3853072 3758069 3915545
3863980 3861100 3699598 3809523
3738135 3922355 3670670 3774895
3748721 3846204 3695993 3844655
3825494 3963792 3728763 3777842
3896569 3989515 3793151 3885278
3942795 4061880 3836449 3908293
4026559 4023148 3868493 3968092
3718050 3786698 3678871 3732419
3800558 3756397 3793771 3985883
3628893 3810369 3754641 3774935
3872268 3777982 3845122 3911500
3668789 3862907 3741436 3803659
3910974 3766874 3837830 3898664
3883927 3977284 3902934 3877462
3942648 3942461 4013508 4032562
3837558 3795329 3826419 3856970
3840133 3627610 3844410 3653822
3811116 3799780 3786708 3673689
3833446 3660327 3863871 3578971
3871815 3856708 3742846 3872110
3872467 3641995 3938667 3693107
3906381 3851622 3961143 3871780
3987480 3762518 3983453 3774398
3882228 3739323 3955897 3802808
3703749 3922462 3871241 3803248
3878834 3672925 3903741 3744222
3737286 3862719 3666298 3716373
3939097 3739440 3895013 3794071
3779649 3939199 3734588 3817476
3938789 3887563 4097974 3899851
3846939 4059904 3913385 3916123
3848136 3732068 3775632 3693273
3687459 3885278 3726914 3862728
3963128 3833552 3836933 3782586
3860847 4008029 3963178 3985971
3841884 3838444 3714167 3731948
3748618 4031701 3909348 3856702
3885739 3920442 3812368 3787276
3805948 3982195 3846034 3908271
3878211 3872445 3713682 3795445
3866237 3878928 3772305 3617993
3943187 3883847 3755472 3975181
4051731 3963145 3915464 3748888
3868133 3866027 3707167 3897266
3982349 3921588 3831699 3739552
3977721 3850848 3832261 3857988
3994331 3962061 3873505 3748821
3864284 3934880 3698959 3772854
3833435 3832762 3777182 3843759
3930929 4012931 3851039 3888844
3976680 4116311 3921476 3943144
3844883 3944703 3785177 3837364
3817005 3976251 3878664 3864652
3835254 4059681 3764082 3908719
3970688 3993400 3865666 3972880
3717944 3849785 3735613 3741729
3835085 3776128 3767280 3833668
3853394 4028367 3827354 3961862
3941261 3904541 3976183 4105251
3752985 3925140 3879764 3722616
3922617 3859028 3861956 3940355
3773960 3906304 3844089 3795943
3971893 3841636 3967603 3947428
3785238 3759562 3784828 3771627
3869318 3564608 3871156 3652924
3902268 3870303 3974515 3895035
3950253 3834388 4064616 3768068
3860108 3872899 3841419 3833888
3921553 3693614 3931919 3675711
3929080 3836304 3843795 3744556
3983467 3683043 3974302 3709151
3818586 3721534 3970950 3674914
3745152 3861242 3752390 3790175
3960965 3775500 3978799 3813013
3894218 4070471 3888851 3954887
3899030 3711919 4013447 3904277
3752611 3923326 3828214 3813973
3945561 3783916 3933727 3845935
3871347 3960550 3817570 3862597
3863288 3755648 3744461 3836976
3738775 3892822 3827513 3872931
3845339 3851682 3794934 3834860
3772966 3976850 3965709 4071631
3900815 3828268 3815221 3833058
3775586 3947969 3825423 3919989
4059992 3936368 3940050 3925835
3879226 4088212 3930965 4056016
3902213 3770613 3675468 3840766
3944001 3829603 3786202 3700417
3954057 3888529 3834465 3892238
4085609 3975526 3982379 3786563
4001279 3852748 3846706 3842583
4029665 3909628 3939583 3794882
3993519 3933784 3823824 3923466
4093675 4050265 3918520 3870645
3879494 3896116 3784578 3873212
3923749 3957596 3746261 3895593
3908035 3992217 3800377 3937073
3988358 3970032 3898698 3995034
4011970 4002010 3816848 3948208
3953616 3907663 3814409 3894073
3951898 4057081 3858894 3999338
4025617 4127387 3917323 3950348
3794694 3864467 3711198 3714714
3887185 3828379 3830801 3899720
3753643 4004876 3862251 3846098
4001795 3835263 3941880 4063034
3821177 3969355 3851708 3919478
3991071 3961344 3939655 3964385
3835545 4013457 3939039 3913298
3956558 3972156 3934050 4077873
3895174 3727412 3822274 3722163
3817627 3590123 3860450 3727143
3955659 3907517 3896916 3893819
3988150 3709944 4006294 3767313
3978890 3796394 3940082 3853657
3929938 3792835 3941026 3770731
4087634 3866538 3931433 3932123
4047981 3792276 4027748 3792494
3816079 3786325 3890487 3821358
3844405 3851999 3841330 3815225
3969254 3827188 4007632 3917826
3861652 3964624 3864752 3966424
3912446 3757728 4078450 3859295
3801615 3987411 3891103 3932639
4038316 3884341 3957674 3949015
3877870 4071208 3984747 3976276
3940634 3906787 3793540 3853910
3780474 4033957 3855784 3928731
3875913 3871332 3780078 3800414
3736399 3988394 3808141 3953911
3918196 3883718 3837123 3884760
3849791 4077739 3867377 3883167
3818454 3780536 3606676 3713819
3675704 3957338 3768778 3811239
4007929 3899197 3791372 3911878
3947539 3920550 3869357 3742989
3895355 3850778 3673778 4002409
4071875 4000430 3933039 3721453
3989555 3872078 3819372 3960135
3936865 3886433 3936481 3755598
3852282 3840066 3702155 3803264
3963401 3871698 3771173 3744160
3950692 4029349 3822482 3867940
3878748 3953607 3852024 3902257
3866644 3994958 3822686 3908236
3968830 3969904 3911402 3888379
3976051 4076484 3844740 3891766
3989097 3935167 3964362 3956102
3765497 3926450 3762599 3726562
3814667 3865642 3812888 3848212
3731436 3901121 3838783 3857491
4001646 3888322 3851468 3998513
3724054 3985356 3814375 3791604
3856591 3846512 3920214 3979756
3821475 3894628 3872742 3935311
4010559 3845983 3913586 4043809
3649230 3887807 3701424 3832615
3906750 3826856 3753521 3815496
3949175 3843311 3852595 3860550
3918944 3729827 3987176 3751608
3868938 3846741 3833355 3792088
3951879 3738925 3934364 3690681
3940508 3936515 3869483 3951373
3912793 3754440 3964321 3797550
3829550 3759808 3754800 3686802
3848508 3543460 3944625 3685658
3954425 3825185 4021030 3926662
3727491 3947665 3843498 3887224
3889882 3834134 3990167 3847350
3841134 3991229 3823541 3881609
3949532 3762373 4074324 3837817
3854297 4007493 3869093 3936840
3895170 3673089 3946336 3727285
3699439 3944280 3768955 3777239
3934309 3874605 3831048 3867605
3815951 3964145 3873122 3878120
3859505 3850261 3771852 3774122
3758462 3977935 3807803 3897849
3955961 3858687 3860369 3757976
3708622 4010297 3877390 3885427
3854329 3796414 3776125 3752584
3784105 4057931 3835685 3912256
3985780 3920638 3903760 3985973
3963373 3939027 3923698 3788129
3890337 3853491 3734124 3911366
3923644 3837098 3869035 3668726
3896139 3848872 3791364 3920871
4040892 3984282 3872030 3682964
3867511 3883554 3791060 3926426
4035757 3911744 3874490 3752533
3940747 3951783 3876420 3896767
3934375 3972166 3811961 3985427
3825355 3980109 3786214 3874282
3866461 3946466 3833285 3847201
3902950 4033769 3759001 3876919
3915373 3959700 3834389 3906170
3899049 4027198 3871648 3942546
3937521 4012669 3835931 3988641
3804272 3898990 3895032 3859292
3861718 3918273 3908635 4031028
3765957 3926822 3825191 3705281
3847696 3902710 3868788 3979672
3745562 3850289 3865958 3817455
3908695 3908791 3820457 3953828
3755613 3940177 3836795 3796225
4021675 3838951 3927842 3962930
3974205 3869575 3822151 3863469
3877617 3629343 3951777 3769112
3949085 3815269 3816549 3810442
3870643 3678219 3883230 3758009
3919356 3897333 3868947 3865934
3864550 3653872 3955233 3731672
3950110 3802551 3925230 3906234
3940035 3678122 3938485 3737802
3927088 3916204 4102582 3868490
3866609 4025804 3871695 3970456
3932460 3642270 3931573 3798493
3855831 3976169 3843150 3856573
3907825 3769370 3984708 3802631
3803192 3980879 3883067 3822354
3958844 3834864 4034301 3911120
3820161 3957196 3856050 3906591
3727936 3708927 3869905 3716603
3533194 3845167 3683120 3850136
3861667 3803203 3971688 3888294
3718501 3913331 3739008 3961787
3704269 3754198 3904549 3840098
3671710 3853388 3689211 3856285
3929548 3924403 4098396 3933786
3778877 3971959 3871882 3976368
3769820 3717396 3639391 3731379
3658536 3809688 3760216 3612702
3909680 3822044 3680804 3890433
3751091 3988117 3811716 3753989
3803225 3706793 3714554 3833077
3746218 3803282 3841160 3634932
3906469 3973747 3840116 3996507
3753905 4027241 4011917 3796219
3764141 3790404 3736952 3691718
3763250 3731882 3929555 3667516
3880296 3811793 3880784 3821035
3688210 3919708 4043398 3791007
3835671 3834220 3853745 3740027
3770706 3697585 3976065 3679298
3969145 3962381 3964696 3865368
3994123 3841821 4119943 3926288
3661430 3816108 3859272 3941678
3688777 3697031 3700384 3617221
3831477 3875928 3976557 3954857
3792331 3828804 3763697 3811256
3625939 3813057 3864041 3886160
3729443 3773579 3728639 3715944
3937857 3879574 4024214 4090264
3852048 3886628 3829463 3837419
3949891 3584529 3699610 3733105
3713634 3817621 3800921 3665878
4080153 3741887 3691742 3844290
3767986 3968778 3809936 3770142
4044415 3752365 3689482 3797656
3718589 3967093 3857697 3706922
4118312 3911849 3874714 3933515
3854841 4079978 3934770 3949437
3657457 3800077 3731045 3764743
3797319 3756127 3890189 3708261
3908555 3955199 3855614 3805456
3929178 3929979 4050273 3698825
3745155 3894532 3772974 3749376
3838874 3772540 3845062 3786200
3972837 3978516 3930237 3934029
3860776 3914859 4090094 3881908
3778339 3850898 4072644 3861641
3800684 3963498 3719307 3991196
3757258 3805787 4005477 3816567
3761729 3865602 3711757 4017156
3829580 3928158 4010184 3894528
3738581 3877553 3732851 3994134
3849429 3852791 4028615 3859587
3722274 3872437 3795822 3958737
3884134 3845879 3798011 3870143
3796161 3964308 3897961 3743443
3886825 3824717 3719961 3898564
3798539 3834600 3915945 3728055
3832818 3912275 3793041 3871494
3851582 3929936 3865138 3741661
3947922 3891901 3753753 3994961
3804271 3916138 3995386 3729365
3917724 3829662 3949819 3765667
3844450 3788885 4040329 3819070
3854812 3824827 3855075 3775354
3787982 3843622 3997480 3852585
3908987 3788912 3811584 3797364
3958638 3848527 4146497 3828930
3898012 3920902 3911978 3882918
3820189 3866226 4035715 3827612
3796095 3886005 3982261 3969188
3823985 3813507 3793049 3780347
3800602 3763644 3903316 3961703
3659053 3761512 3729120 3734613
3919036 3906059 3946574 4076449
3805741 3789551 3794975 3714248
3865760 3897329 3955813 3980293
3749019 3775571 3877056 3722852
4126289 3834394 3919919 3912041
3755832 3952771 3928805 3828320
4013901 3819980 3775687 3782432
3718516 3982773 3852604 3783736
4044230 3852784 3853331 3858808
3775968 4018986 3867459 3849851
4065579 3820728 3929340 3891255
3717579 3895663 3827254 3809727
3844768 3872722 3767904 3821459
3878745 3973324 4048972 3835960
3814177 3807427 3774531 3785221
3894637 3809491 3959649 3717911
3863784 3920473 3913629 3921423
4053605 3874494 4088112 3814177
3897281 3878116 3855751 3876793
3914422 3920722 4002777 3859065
3889920 3847698 4018828 3878422
3695797 3875754 3672188 3946924
3937350 4069024 4016176 3977387
3855130 4038913 3893708 4008573
3733544 3766056 3929739 3797364
3642771 3799516 3709128 3823328
3950868 3920100 4028175 3970926
3812234 3971990 3856856 4061627
3938956 3900762 3817321 3829292
3784332 3920929 3860395 3724081
4018647 3964991 3980996 4042837
3922372 4030150 3994533 3883288
3815783 3775106 3728479 3820393
3750986 3774929 3775566 3711640
3983394 3978567 3884699 4073999
3904924 4009609 4002634 3859991
3814550 3823455 3918378 3895163
3836770 3911349 4048850 3840686
3969405 4039689 4049052 3868482
3910436 4015874 4129569 3961215
3806715 3823046 3722297 3726169
3769772 3836615 3956017 3781137
3973820 3892868 3974722 3845863
3865254 3943509 4124295 3896492
3773140 3919624 3921893 4026628
3783703 3830248 3848085 3777274
3882594 3977846 4092907 4117021
3841051 3920365 3951623 3820627
3768833 3764796 3858798 3916415
3708556 3750060 3784003 3629232
3874697 3990956 4066629 4136584
3855562 3936296 3959682 3866872
4116966 3853072 3842558 3842828
3785412 3878388 3867371 3829061
4169406 3944125 3969694 3983858
3763244 4053667 4028364 3845621
4000565 3720228 3805090 3796475
3689999 3953170 3860172 3737908
4148391 3957429 3920040 4041681
3955449 4044770 3951934 3862181
3822634 3917526 3813746 3864733
3905511 3877091 3877981 3867808
3922352 3980834 3981235 3959142
4058233 4104149 4143438 3894086
3831407 3806489 3785461 3749072
3909739 3897625 3883526 3703309
3989577 4046342 3936681 3955416
4104951 4017062 4123448 3855675
3788350 3846854 3962198 3845485
3804410 3873479 3699116 3965635
3807015 3801532 3931410 3834779
3707766 3926026 3741563 3948395
3830682 3903664 4010502 3897023
3717392 4052822 3838464 3976370
3859882 3897549 3991409 3877612
3726596 4003142 3804913 3923514
3952475 3909380 3809239 3914293
3873022 3990208 3825790 3784745
3811955 3840345 3799860 3888465
3691591 3898567 3795640 3667862
3955586 3925624 3914510 3921135
3843224 3955573 4021168 3769675
3976976 3882242 3804696 3905003
3704735 4013926 3915560 3779043
3905210 3833015 3925341 3775112
3849945 3845845 4070163 3843410
3769748 3787902 3864611 3790941
3805814 3869804 4062371 3725400
3925687 3911424 3935076 3894396
3867561 3958235 4106791 3903589
3890096 3886852 3998663 3795130
3841794 3925673 4032637 3846636
3854743 3848630 3940666 4044586
3813901 3846675 3799458 3765575
3773265 3794448 3866573 3952084
3666395 3722853 3747651 3719541
3854048 3999735 3997724 4086541
3847001 3826858 3822771 3853436
3824975 3870922 3914899 3990605
3725298 3835106 3819959 3735769
4094454 3806093 3892177 3883787
3775171 4026309 3916748 3809224
4073747 3767908 3689747 3776202
3743968 3966928 3800681 3635739
4128052 3916748 3942542 3903810
3851301 4040443 3937199 3863690
4134152 3804291 3774182 3923827
3789379 3934065 3868709 3872644
3800600 3916125 3867043 3923041
3961866 3866013 3987096 3842963
3823343 3892647 3850677 3850503
3903583 3873196 4058516 3749577
3886673 4010588 3939083 3918348
4043359 4030042 4065391 3846044
3903777 3921943 3826549 3889527
3966386 3892300 4034609 3846744
3769526 3807939 4025246 3826331
3625578 3950784 3770803 3917856
3836461 3898580 3974027 3863327
3732868 3898662 3791705 3971305
3705640 3732563 3942479 3789582
3586960 3805985 3636585 3852075
3794499 3755177 3940627 3769549
3640000 3748520 3651631 3898455
3942901 3791152 3819270 3902896
3744787 3878735 4000601 3737004
3832348 3903356 3839979 3877210
3803970 3967101 3827639 3766816
3802501 3727389 3669800 3854663
3666369 3846835 3707924 3630422
3830710 3760627 3677346 3859568
3643559 3835894 3815621 3644376
3888338 3852467 3932278 3789335
3835809 3851958 4018271 3811418
3857794 3874957 3983215 3808800
3803147 3992504 4014528 3845166
3796521 3692408 3814925 3816016
3725703 3716185 3984372 3664517
3760259 3816483 3826865 3756842
3738241 3771917 3894839 3693863
3698463 3855701 3864727 3985361
3757685 3788968 3745043 3685162
3773496 3904858 3866141 3912528
3790249 3796477 3751948 3727714
3721305 3714092 3808664 3800399
3621134 3722845 3681924 3650475
3738479 3750159 3817725 3915555
3646800 3724779 3621557 3669140
4090568 3763334 3826572 3876654
3677401 3952036 3788703 3760915
4079909 3784010 3844807 3862039
3730115 3963659 3896131 3741957
3913358 3722235 3795764 3830586
3689892 3880394 3831537 3687949
3912445 3719578 3728289 3779651
3641315 3938734 3770477 3680606
3871110 3896937 3871140 3882385
3911660 3878048 4001533 3773336
3832840 3888543 3839287 3869425
3861756 3889386 4037818 3780889
3757281 3866896 3780142 3727081
3804179 3794755 3888371 3757861
3824593 3869914 3767390 3695769
3808285 3873679 3965021 3618990
3789912 3893480 4048655 3899681
3701641 3909176 3822362 3966961
3770787 3762038 3978085 3810275
3730696 3888799 3738616 3989136
3875028 3881103 4071002 3975174
3720039 4025141 3835680 4016244
3860596 3904187 3969797 3883607
3711972 3959552 3758913 3932991
3877448 3920119 3853879 3936228
3774693 3961481 3957239 3776782
3780496 3850019 3680132 3907560
3774840 3851937 3910256 3674319
4016287 3928527 3869249 3915127
3852551 3973849 4018729 3792799
3809449 3802192 3788284 3874227
3740830 3915771 3912745 3849211
3905380 3908515 3879162 3840762
3895015 3932054 4027243 3876036
3958126 3783075 3871754 3779368
3775536 3822082 4007129 3779945
3953089 3933017 3942464 3940711
3821641 3921831 4152542 3926237
3812718 3852478 3884724 3749116
3858928 3813774 4029284 3767543
3788462 3819863 3967939 4034733
3808543 3786778 3807557 3788471
3789162 3759273 3857430 4004926
3729522 3714926 3847693 3694443
3901410 3954465 4007964 4067936
3858123 3824679 3849511 3788486
3829128 3947018 3980652 4039726
3735948 3838463 3694616 3826429
4078753 3782694 3839555 3902283
3867868 4009512 3935443 3848787
4039080 3701976 3765689 3852788
3725197 3898252 3860292 3691442
4195350 3891704 3902915 3951217
3826880 4033452 3980105 3867054
4069656 3877588 3960681 3861203
3767583 3948781 3890847 3779665
3937152 3969433 3849192 3802759
3949681 3923433 4011576 3794693
3877860 3830979 3869043 3757143
3973896 3834455 3920770 3708910
4018696 3888917 3938866 3934030
3958376 3934245 4036753 3847070
3912539 3847950 3858855 3875751
3945587 3937694 4024913 3855414
3746460 3774201 4009741 3818752
3669221 3877230 3682840 3968104
3790432 3819988 4062884 3780057
3742058 3841301 3761609 3959121
3809454 3890400 4051934 3923189
3868149 3920820 3719616 3967677
3897814 3988925 4125709 3924307
3757000 3957017 3822787 3994624
3824626 3828569 3749732 3877615
3667723 3866167 3751516 3709363
3850124 3871879 3739649 3778076
3687567 3923022 3819000 3746097
3912887 3795824 3844548 3995783
3830444 3978340 3831839 3780590
3948096 3909698 3852576 3956460
3864032 3946697 3927363 3769838
3780797 3771673 3885252 3764671
3880175 3797168 3863221 3803395
3813729 3800813 3919975 3761112
3857674 3743121 4035465 3757789
3807764 3841561 3938383 3764483
3857357 3860495 4142569 3805986
3959462 3902683 3922147 3867488
3888669 3924290 4203523 3890069
3698565 3820037 3859781 3890883
3671865 3832597 3742319 3681672
3780166 3854089 3848834 4078085
3627863 3839677 3734407 3725088
3820444 3861978 3990643 3981968
3800426 3834420 3796338 3853410
3833972 4005824 4068991 4106148
3845707 3881455 3885404 3925741
4029796 3686260 3777446 3802023
3674814 3939669 3740394 3743301
4124424 3785180 3773631 3904913
3751418 4045301 3822659 3808072
4162942 3832195 3854775 3967080
3840405 3989121 3844805 3842785
4146519 3875301 3821055 3913909
3815127 4077405 3927012 3832032
3815954 3897494 3787418 3788638
3919687 3858754 3957248 3746240
3844737 3876311 3821548 3768800
3924275 3929252 4031938 3752922
3935295 3962358 3850877 3778737
3987930 3969853 4052213 3776836
3953514 3973887 3867399 3948287
4014391 3998285 4108951 3905701
3756069 3845704 3999928 3838909
3660486 3935407 3746423 3880772
3618526 3785803 3896738 3695391
3617608 3801408 3702556 3872002
3828573 3856019 3980529 3822584
3753294 3932382 3800527 3950773
3845931 3900546 4036691 3861247
3825919 3945508 3805120 4052050
3891942 3840749 3797627 3969989
3749157 3945269 3892130 3778646
3830558 3768276 3706560 3822076
3771032 3895819 3823262 3654839
3960278 3899308 3780577 3973811
3781840 3946319 3909097 3754306
3948802 3877343 3733626 3948376
3884733 3978838 3944377 3793255
3915628 3904481 3914787 3787541
3858481 3939667 3970065 3880932
3767722 3751810 3815372 3673529
3767397 3730036 3968968 3728830
3954079 3913309 3870408 3859532
3860164 3815678 4099485 3885900
3876494 3906309 3942104 3823481
3890432 3890072 4129313 3916005
3846121 3846567 3880547 4028656
3700760 3846420 3719705 3768147
3665177 3774017 3829493 3904884
3665987 3843907 3665103 3658229
3857911 3833785 3996217 4083000
3855804 3712724 3888322 3842236
3818106 3804353 3906799 4091177
3794371 3851051 3876539 3757511
4128878 3796395 3840983 3927753
3759805 3909797 3865337 3852083
4006589 3686746 3781526 3834815
3568112 3876234 3834432 3725680
4035622 3836414 3836575 3901549
3850091 3922193 3831737 3865033
4132337 3750177 3930506 3935403
3816168 3992302 3881840 3861902
3929623 3918436 3821563 3846615
3911378 3905144 3946281 3823606
3859621 3835210 3824448 3723322
3814776 3779722 3848817 3705177
3916994 3965953 3901459 3832958
3938094 3935735 4007116 3728462
3914677 4003023 3842895 3951118
3920342 3875163 4038109 3824141
3916794 3939694 4101285 4014840
3847618 4087668 3835974 4018941
3749258 3682916 3928150 3752791
3663188 3817720 3632458 3830505
3828543 3859511 4058095 3828582
3808377 3926653 3767295 3953174
3698418 3773436 3922005 3701436
3680070 3743684 3587301 3841337
4021104 3972369 3939341 4012482
3952857 4084521 4026387 3876040
3734680 3807864 3735110 3747566
3581034 3755014 3800092 3692248
3887312 3869947 3769063 3862110
3794775 3894258 3906874 3826127
3780059 3751274 3663466 3745420
3791953 3833562 3759563 3684428
3994349 4046301 4048591 3989472
4044146 3983494 4188800 3961552
3798392 3741676 3806736 3689914
3726657 3829101 3937373 3708854
4011498 3870663 3878101 3817851
3864816 3841817 4128345 3827094
3684747 3812901 3803804 3643451
3763919 3739547 3922419 3745673
4001858 3954537 4093775 4120527
3953490 3888596 3897600 3907569
3719454 3800556 3794516 3965713
3652011 3732351 3718768 3707570
3850131 3892429 3984966 3933153
3851600 3864290 3818734 3753622
3671839 3844070 3782711 3891442
3634244 3670211 3707074 3668622
4202521 3919500 4015207 4040021
3955725 4118053 4067433 3922222
4010424 3776157 3714861 3802881
3667429 3884377 3697839 3750875
4122521 3815778 3902807 3866675
3761276 4022002 3865272 3832384
4042995 3708133 3718193 3718322
3679962 3833177 3855492 3651819
3999091 4115573 3978943 4083694
4106642 3969258 4083570 4026670
3790289 3829027 3816374 3835439
3766659 3821099 3901756 3698173
3879463 3960940 3824153 3921425
3971725 3957564 4061298 3848149
3767719 3795856 3750439 3685444
3838204 3797344 3935460 3699546
3805211 3830393 3996448 3814576
3616014 3876387 3653570 3935774
3803197 3850890 3897487 3799115
3635272 3909406 3700298 3843893
3875573 3986930 4047005 3994691
3757310 3993491 3838910 3982684
3796988 3969923 4071560 3903425
3796968 3862864 3831541 4020019
3834178 3792838 3854727 3843157
3814800 3858138 3886049 3789332
3865060 3816870 3688781 3865701
3729651 3903384 3930190 3740603
3978146 3903884 3880977 3952384
3865168 4010114 3837414 3782805
3969910 3909598 3863599 3976251
3832681 3934534 3874668 3790222
3882421 3906970 3864344 3761306
3751181 3880650 4057707 3812378
3895896 3850263 3813655 3805023
3804421 3798266 3971159 3730310
4012065 3907247 3984746 3884777
3851187 3892539 4173449 3897631
3923330 3907925 3884526 3810110
3896593 3932428 4102734 3756353
3793606 3848112 3907287 3934839
3734993 3853845 3780394 3750348
3749185 3889745 3862070 3945365
3756361 3827084 3776347 3721400
3816299 3966968 3992629 4053875
3842434 3894081 3899471 3831183
3784796 3855915 3942347 4067629
3809823 3856193 3922436 3763472
4050210 3792162 3822035 3856710
3729316 3987682 3825850 3802185
4063769 3768815 3718969 3896760
3773979 3897639 3796836 3820164
4093990 3816822 4003633 3881533
3866825 4019399 3888134 3897612
4147688 3847344 3866457 3916700
3808947 3961529 3903068 3833886
3920867 3886034 3866857 3821922
3862674 3915616 3968141 3770589
3869789 3968614 3873218 3869994
3801309 3952911 3948185 3779236
3964661 3939714 3982735 3910312
3911383 3935888 4022052 3823724
3801578 3966209 3879236 3866194
4017693 3912820 4056466 3859795
3803811 3766651 3940248 3736007
3738790 3863606 3666453 3839010
3814786 3856711 4092637 3892867
3821813 3904516 3807297 3938534
3900003 3944749 4087482 3884020
3781229 3946789 3735341 3984798
3663307 3699292 3900630 3707550
3607535 3750438 3611974 3815806
3762298 3797169 3760860 3871238
3697359 3868455 3853903 3648548
3914207 3868550 3833262 3955765
3851907 4002532 3935306 3771937
3938474 3871988 3799856 3969462
3821023 3964577 3978947 3847678
3726864 3815484 3692378 3697727
3649709 3776551 3756755 3654134
3853695 3793208 3910187 3770059
3830649 3806054 3985198 3677435
3906788 3852755 3878764 3817686
3857984 3874994 4037725 3855819
3936211 3899203 3924964 3797213
3858382 3869662 4113379 3807193
3725605 3715515 3782080 3724574
3760186 3694623 3912821 3664791
3707345 3814141 3918381 3955657
3788556 3692315 3801079 3735959
3797225 3902195 4025123 4075863
3796783 3860791 3832660 3763371
3795197 3923992 4008184 4130238
3779736 3805328 3894478 3780316
3737801 3745450 3814298 3940611
3686061 3663566 3727375 3684070
4065617 3714276 3828137 3894876
3621867 3938348 3806666 3759906
4222011 3801223 3906771 3956287
3801880 3977664 3839436 3832258
4153680 3893226 3829519 3920437
3759634 3978385 3926771 3793104
3965496 3598808 3731883 3791251
3661133 3773425 3799253 3734593
3843855 3787151 3760724 3750566
3902998 3830108 3985920 3697200
3966071 3887759 3806228 3912750
3934611 3995752 3997321 3778815
3913911 3981906 3850802 3865368
4007678 3909068 3967182 3850358
3721790 3787590 3745811 3720148
3953529 3730683 3802868 3776010
3920210 3980291 4027923 3914402
3770811 3994828 3812282 4027418
3720773 3812043 4007499 3773025
3621288 3828979 3667873 3874188
3868609 3833715 3915677 3852180
3683212 3997887 3737962 3918432
3804713 3806902 4017204 3905575
3759380 3962976 3725269 3984915
4035236 3953140 3819254 3915273
3793238 3952366 3914286 3765631
3870687 3722737 3697444 3742346
3749873 3791653 3827147 3665475
3885086 3713615 3785992 3806227
3774501 3954164 3955223 3703714
3889751 3923460 3809795 3932172
3793133 3944709 4005996 3795041
3926571 3941135 3956467 3946217
3887785 3940266 4022435 3865295
3835372 3872293 3841507 3750115
3802703 3827424 3961741 3644767
3828270 3817437 3832556 3768758
3763702 3808689 4078485 3807606
3915075 3860910 3842295 3805179
3863905 3967094 4167100 3913595
3858603 3938545 4002643 4035600
3805475 3851629 3891392 3800065
3783997 3759327 3770817 3896168
3756245 3709461 3723752 3640781
3825406 3824764 3923708 4050442
3703623 3746172 3769977 3754747
3854974 3923704 3968350 3984584
3797265 3821585 3787732 3781871
4186075 3842676 3889981 3913956
3792146 4137677 3971666 3922853
4075174 3736928 3787563 3886440
3647969 3881614 3900930 3760660
4104961 3782143 3897271 3868472
3767438 3901277 3914175 3784863
4120187 3867906 3863649 3900832
3791276 4020353 3841112 3843548
3883993 3995420 3917603 3932900
3985046 3899280 3963102 3809906
3844915 3915134 3832671 3848711
3769752 3804196 3912130 3836951
3920623 3891161 3762672 3850549
3951092 3892590 3964999 3751200
3845434 3942369 3840925 3864679
3956611 3877377 3986523 3850329
3906494 3919699 4000722 3919938
4111073 3967720 3885850 4036294
3718725 3857984 3897446 3796743
4004318 3890006 3863003 3971547
3902654 3886918 3942176 3949634
4091971 3920067 3895040 4029076
3900272 3798986 3866120 3808607
4007753 3899254 3790559 4073394
3916147 3981669 4082758 4039802
4028955 3965139 3998609 3861588
3878022 4005671 3912402 3987490
3918731 3825771 3947809 3812059
3969667 4017495 3971017 4019538
4014154 3915725 3963414 3878775
3915251 3981137 3933740 3922847
3951310 3842675 3955760 3809363
3995901 4029005 3901388 3851578
4011506 4081955 4043276 3955181
3796178 3949702 3793330 3694612
3933155 4130654 3967484 3855178
3954857 3989027 3844915 3799143
3985925 4142794 3934119 3892389
3898298 3851428 3708789 3719180
3950651 4063438 3943251 3869502
3836585 3962410 4055531 4058744
3962204 4006351 3869146 3766091
3758586 3870723 3997248 3972754
3883079 3816517 3867167 3802461
3866734 3893759 4111997 4099175
4025523 3954169 3927054 3760812
3733019 3800677 4028932 4045872
3965857 3845842 3849163 3759571
3979144 4060887 3870008 3933591
3871838 4060024 3959369 4023935
3885357 3872719 3794488 3804447
3796706 3937607 3784482 3879344
3926446 3979194 3945738 3910318
3848594 4013900 3917728 4029280
3889342 3844112 3908249 3818081
3787085 3937259 3868907 3840139
3975574 3903450 3872152 3927400
4013561 3935587 3949498 3863948
3849832 3795327 3843505 3837566
3857284 3920800 3919472 3788380
4036647 3935381 3923301 3954294
3926842 3912751 3956769 3907540
3877320 3854891 3814289 3888782
3909239 3905283 3842048 3863801
3859788 3783828 3921865 3866505
3998164 3869115 3676917 3901391
3736761 3660627 3791082 3730978
3868170 3764728 3671966 3805112
3758353 3748785 3822018 3804059
3981525 3764968 3624089 3902343
3837969 3805612 3889433 3762657
3964556 3813966 3812472 3948264
3827783 4035379 3887403 3849933
4008368 3840941 3964257 3753900
3720612 3750094 3828936 3779375
3824757 3686721 3848614 3670720
3815825 3850091 3852001 3779476
3894806 3805414 3856747 3804324
3900699 3971989 4069317 3876585
3951440 3799247 3892199 3795277
3878662 3988771 3791436 3705701
3949525 3966442 3872136 3887484
3743665 3795169 3685234 3710751
3791540 3890299 3830054 3736468
3866309 3907454 3855261 3762834
3894954 4018836 3798116 3756832
3890907 3934153 3841025 3742032
3920395 4041696 3946653 3915165
3800097 3888419 3976187 4136350
3844370 3907470 3828720 3690803
3665255 3738597 3837100 3844322
3828580 3706773 3736347 3663126
3740502 3803731 3978187 3962559
3845378 3794671 3766535 3628795
3806511 3821028 4084874 4026142
3930297 3903115 3833587 3725843
3857831 3969913 3819385 3848577
3734471 3971855 3706585 3956693
3690054 3772374 3695860 3723954
3607554 3893809 3680229 3824202
3783290 3851661 3756133 3776414
3686492 3937105 3698587 3844900
3848927 3924786 3801034 3845010
3873123 3901892 3823510 3870406
3958643 3816485 3849331 3890903
3880318 3900402 3895705 3781738
3825833 3692389 3665195 3824885
3790302 3705284 3858804 3763614
3793867 3796271 3728371 3808386
3837186 3785579 3815694 3732072
3894956 3843993 3783266 3871303
3941595 3930439 3827100 3802586
3751607 3722194 3905587 3844202
3907232 3760035 3712660 3963143
3929846 3898094 3998859 3995588
4003693 3900504 3831405 4035274
3707139 3710063 3781101 3771984
3926036 3735118 3606939 3898529
4010924 3921069 4006539 3929737
4111797 4032966 3902969 4101371
3833982 3931293 3898044 3904327
3912767 3769970 3881239 3727275
3917660 4099357 3951900 3976686
3986144 3928357 3990734 3923042
3699258 3743510 3813416 3855448
3908732 3694595 3746277 3718632
4019708 4066568 4093246 3988368
4141894 3973964 4035817 3930009
3860508 3842064 3790091 3801986
3859983 4062740 3816253 3809489
3928026 3992276 3940189 3832915
4049144 4145977 3963957 3884339
3764956 3833660 3715441 3799780
3780943 3918006 3769543 3751311
4110210 4104908 3936754 3883531
4078407 4210556 4109780 3981507
3722485 3722437 4059500 3989825
3911078 3758983 3932462 3683613
3799072 3956313 4091038 4072116
3970304 3853586 3897778 3822756
3683103 3754434 3895833 3918968
3843553 3727209 3751054 3612319
3848619 4008470 4240466 4214644
4116494 4043690 3915319 3899322
3843647 3920207 3779168 3849159
3796433 3868606 3744308 3813364
3866297 3948888 3903086 3835299
3855923 4042321 3821565 3964556
3771171 3835951 3793876 3657210
3676202 3811320 3659280 3915635
4068794 4020948 4000775 3947321
3924032 4075783 3908824 3983004
3814010 3844530 3714699 3827376
3868760 3812608 3879864 3798939
3991236 3949552 3931637 4010811
3943762 3906485 4012620 3854300
3812371 3801982 3646888 3783905
3764718 3745573 3727957 3711013
4108244 3976487 3910939 4021458
4021460 3995530 4029454 3919580
3746635 3720174 3855278 3708692
3894784 3755082 3608938 3925624
3896530 3768568 3938033 3852260
4055933 3875577 3786092 3962537
3736015 3749038 3741790 3824885
3931076 3836534 3712092 3855516
3935433 3898565 3903086 3883667
3991921 3909194 3824381 3999778
3849372 3816531 3879129 3775504
3924824 3695152 3848561 3668599
3879276 4028261 3931406 3932010
3957037 3892034 3952290 3817726
3769643 3819940 3848336 3794325
3909177 3737276 3801804 3685274
3913345 4010975 3966026 3919167
4005305 3818106 3981399 3775500
3767895 3753154 3766384 3725728
3804534 3919596 3834598 3785533
3931196 3932194 3859744 3720267
3953630 4027124 3973831 3811599
3762618 3948743 3797687 3648461
3829447 3985418 3818275 3812408
3956027 3956145 3842567 3744181
3978301 4072511 3980017 3899575
3702227 3767141 3920825 3930564
3781785 3768858 3729974 3616705
3748226 3844537 3979859 4043801
3954472 3825422 3830729 3802323
3716395 3740983 3962793 3959771
3765906 3740903 3708005 3720143
3876832 3906664 4089918 4093974
3901026 3911261 3885409 3817208
3789406 3873802 3774562 3744384
3765201 3850760 3736953 3784404
3920824 3985974 3855973 3912620
3802392 3997545 3836360 3950306
3767901 3839200 3628944 3714060
3621791 3899953 3704781 3889523
3941342 3939305 3830149 3833015
3876815 3945341 3790038 3972870
3819812 3691277 3727277 3790366
3784035 3799724 3772808 3713179
3967553 3837064 3844237 3911808
3941254 3881616 3808486 3812960
3866289 3760064 3756700 3791170
3822294 3775986 3773674 3733403
3998065 3795606 3840973 3865797
3923255 3938018 3867585 3838245
3828169 3828925 3838882 3825306
4041769 3887059 3763211 4025999
3771602 3830649 3869124 3941582
4002691 3872127 3763531 3942608
3902645 3824074 3839259 3868080
3975066 3781021 3759171 3973766
3621245 3632297 3766480 3744434
3871521 3682097 3689576 3840853
3958787 3945128 4025264 3950702
3956772 3870197 4008470 3814751
3901653 3937071 3954797 3866464
4051826 3835689 3952093 3802286
3840451 3937030 3850976 3815882
3897316 3758882 3880817 3770534
3761862 3829754 3798155 3786471
3866631 3664788 3711664 3603458
3856426 3997624 3926852 3799141
3959949 4128570 3995754 3931601
3843056 3972190 3810524 3805781
3959584 4065282 3942276 3875884
3835771 3889284 3770588 3794456
3910768 4023369 3937989 3838302
3701946 3828357 3702295 3641925
3761410 3841871 3818642 3718080
3780462 3921900 4012629 4033969
3964289 3902478 3765013 3802184
3768176 3860451 4050578 3985500
3949720 3852678 3920152 3898605
3730003 3881677 4017082 4032390
3888700 3795458 3846348 3705045
3710767 3779299 3805153 3841606
3774803 3728546 3718507 3559890
3926143 4015866 3802509 3890254
3823067 3978176 3856736 3906802
3883633 3883886 3880186 3850344
3839426 3961737 3796065 3974799
3868488 3825864 3817092 3857468
3698315 3900100 3748635 3912013
3704215 3769363 3660022 3753165
3648355 3878919 3645161 3787909
3922633 3858501 3770551 3908262
4019399 3802612 3871372 3882510
3884392 3982836 3926407 3849429
3932350 3815091 3947587 3826847
3854112 3820307 3813748 3819309
3834874 3947846 3852292 3747574
3795054 3652465 3711796 3778756
3738133 3800156 3712615 3630739
3687826 3654181 3751186 3694138
3862223 3611342 3642259 3736352
3835878 3770650 3783980 3799998
3921780 3729484 3689740 3955758
3821913 3843974 3771768 3779657
3918769 3808053 3765533 3978533
3813987 3784667 3816311 3952838
3993891 3978999 3806526 4031100
3661717 3785436 3774980 3748342
3741397 3705784 3719789 3526870
3771768 3822586 3872080 3864676
3878444 3748645 3816042 3742215
3875192 3964844 3862218 3881617
3945598 3821579 3930176 3761566
3918780 3965625 3934320 4016544
4073624 3811007 3955792 3844033
3752557 3743084 3676076 3598806
3824381 3844399 3733753 3750372
3750513 3836454 3779179 3743208
3796196 3896106 3874149 3686245
3834264 3936165 3797747 3748206
3956955 4013600 3880301 3783501
3887377 3980414 3914781 3873179
3966311 4091710 4001267 3848324
3609783 3777573 3837041 3861123
3720912 3703099 3613118 3622094
3741358 3885898 3903945 3915391
3847761 3721526 3745301 3631561
3702243 3916208 4024324 4015452
3878936 3882438 3795457 3736494
3775877 3857449 4163088 4017412
3915467 3868100 3890774 3781634
3692090 3788931 3651155 3621508
3662895 3833753 3629986 3784622
3819301 3859853 3860085 3727409
3781373 3916098 3702567 3953942
3888343 3964942 3865310 3821421
3817655 3927704 3696022 3930936
3889453 4019404 3888026 3877436
3826108 3982787 3802730 3994695
3699201 3673464 3713126 3665707
3743039 3716179 3698734 3680172
3835818 3755833 3824925 3807367
3879776 3855754 3800139 3745886
3879226 3864444 3821471 3767525
3829545 3856426 3871133 3771786
3996108 3871060 3798106 3945176
3968814 3851007 3978516 3801531
3830970 3846949 3945601 3817320
4011465 3898617 3868722 3936297
3851029 3814348 3852884 3721709
3953247 3825936 3714522 3962956
3776006 3785961 3887506 3890024
4020219 3892957 3814792 3949557
3848001 3817354 3826343 3820932
3970983 3780406 3572643 3927893
3900345 3996199 3967297 4000437
4020859 3873628 3910876 3786596
3894863 3935368 3879334 3896379
3877398 3745900 3840329 3610284
3867954 3952147 3935834 3880403
3891329 3901644 3933636 3755306
3843138 3987193 3824229 3868969
3940020 3839714 3868920 3705418
3930670 3945071 3886790 3754911
3915383 4071038 4045659 3890736
3841318 3915078 3822550 3708737
3962439 3982271 3892895 3815259
3836023 3960559 3831924 3747113
3920456 4024311 3949583 3880164
3865723 3846878 3734643 3689671
3841342 4011196 3973526 3755613
3863984 3859534 4075855 3953084
3903448 3908855 3819751 3779634
3706762 3801886 3994482 4063952
3914892 3769369 3814571 3660778
3749071 3850600 3962001 4018851
3875011 3887677 3815106 3804179
3702959 3820959 3943992 3955872
3885676 3828181 3777230 3732203
3865203 3914989 3814513 3913252
3820594 4013391 3772952 3922076
3819626 3926883 3771103 3871482
3795654 3900045 3755576 3921564
3855969 4039505 3825358 3840665
3782666 3952404 3769806 3952013
3815487 3830667 3890471 3781116
3797723 3988783 3734872 3821348
3965249 3922991 3865346 3883479
3969554 3948088 4000543 3823755
3840474 3776013 3804146 3796419
3786713 3794638 3904733 3745369
3882194 3838126 3775681 3880835
3913182 3971636 3882380 3812078
3814163 3742405 3801478 3826279
3861062 3884985 3815096 3695039
3771748 3776158 3819679 3752489
3852127 3766554 3708799 3982276
3844745 3853521 3921879 3923719
4036904 3911959 3866692 4039329
3911925 3822671 3944887 3915519
4046296 3941667 3788472 4025768
3876604 3829875 3945761 3931714
4056835 3983707 3759567 4050020
3721290 3933979 3883686 3795884
3914397 3805265 3903693 3704071
3914413 4046955 4027636 3969859
3977085 3918867 4016240 3833524
3967849 4020613 4010253 3963969
3988410 3867713 3971937 3853023
3922237 3975962 4003436 3945465
4077319 3851256 3994154 3834532
3853569 3878145 3750730 3675316
3821381 3975909 3928808 3764950
3912476 3884202 3794680 3792378
3951566 4067014 3941191 3869625
3893096 3960127 3811574 3757159
3987098 4155285 3919360 3886385
4000080 3961047 3894717 3821610
4021924 4105634 4006871 3899246
3747741 3827534 3991428 3899772
3822683 3810569 3750196 3664526
3843150 3897928 4026162 4019155
3964469 3850235 3886484 3813923
3769059 3948140 4086242 3946073
3966222 3910992 3928063 3852506
3857544 3944866 4011878 4093661
4019783 3974141 3905718 3765846
3828590 3854996 3850235 3757815
3689354 3874123 3726481 3915877
3878167 3957765 3896248 3834220
3849081 4014330 3784983 3961134
3850848 4038022 3891707 3902232
3799466 4046563 3860249 3966357
3882153 3982006 3869763 3895057
3859876 4053463 3808166 4070540
3848622 3832275 3800005 3830353
3716067 3811691 3799057 3731355
3969622 3939389 3921483 3915575
3953523 3949130 3907688 3804576
4049617 3839487 3847783 3916917
3910107 3949986 3931879 3894762
4005652 3883989 3858431 3917439
3999195 3873685 3917911 3826112
3891844 3835324 3822314 3887743
3984903 3888068 3853816 4011132
3738540 3735650 3848805 3731758
3909187 3743717 3752449 3916628
3800140 3757269 3775326 3766669
3918811 3891289 3769532 3965926
3778392 3732340 3835046 3733302
3947317 3749963 3738934 3886243
3913779 3971710 3906533 3967494
4054312 3844457 3951793 3712821
3802975 3935908 4015527 3834290
3851314 3764532 3845512 3729275
3849745 3983345 3943147 3925528
3946520 3803681 3887518 3759215
3830177 3841900 3914613 3812171
3902477 3714066 3844680 3669877
3892692 3849783 3808520 3769705
3932380 4058015 3970480 3904661
3772060 3868712 3735961 3754799
3860012 3938995 3877281 3711309
3791978 3834024 3805968 3754679
3909932 3956189 3954195 3833579
3857882 3806921 3684350 3706571
3842264 3960239 3823423 3833698
3783956 3850101 4055207 3999850
3944201 3867613 3812898 3780631
3691787 3818848 3906557 3945086
3807993 3743154 3653791 3658779
3729025 3815440 4014669 4048592
3932382 3778874 3772879 3721901
3664645 3735200 3986532 3954634
3867232 3755662 3818128 3659513
3867892 3871686 3867649 3820912
3697238 3866532 3722479 3911667
3686043 3809624 3752423 3630652
3698273 3839168 3730992 3835634
3926568 3883373 3754864 3754184
3727539 3940391 3789747 3869709
3782330 3799359 3767376 3722089
3768365 3885136 3778064 3877283
3971280 3887550 3878339 3817784
3913219 3884514 3930601 3801689
3869520 3705446 3770303 3789081
3773538 3886321 3773237 3764095
3922052 3854190 3860817 3898426
3923733 3876265 3818167 3748334
3880050 3759525 3744253 3800499
3775594 3824991 3800193 3793259
3819014 3774269 3851180 3769333
3949047 3750538 3742124 3972787
3751880 3684422 3873314 3768149
3898908 3751321 3707270 3860014
3822670 3838048 3864869 3790913
3994799 3926782 3737719 3875483
3902182 3901744 3887174 3897764
3995753 3977318 3717420 4093386
3808084 3974599 3864596 3826675
3910117 3821443 3870293 3746962
3753489 3968738 3783910 3822854
3786484 3713312 3802659 3747363
3850681 3935871 3859608 3890794
3878928 3786625 3890456 3804444
3884789 4010597 3968686 3869388
3982284 3861548 3996910 3789278
3782213 3812832 3842465 3750689
3841108 3964651 3908097 3767558
3790989 3812312 3796683 3692392
3929206 4010416 3837408 3765492
3884454 3871853 3812776 3749931
3881826 4073813 3825694 3837118
3832537 3960713 3930905 3828133
4005792 4040530 4052238 3870289
3677166 3852672 4005497 3934458
3909673 3855386 3860961 3677531
3650328 3817418 3946001 3908641
3846571 3742058 3730576 3700227
3741483 3834199 3964608 4008417
3865988 3751883 3818343 3763374
3815399 3927067 4059090 4076992
3931608 3882997 3931742 3817124
3767182 3905589 3742095 3806206
3751189 3937833 3764297 3811789
3829452 3808155 3775994 3703690
3795830 3943886 3728074 3803586
3800515 3805357 3910196 3717166
3850279 4028170 3742067 3886638
3873342 3928273 3854416 3834292
3765140 4050854 3840970 3959542
3859788 3736835 3841805 3873243
3844993 3827791 3839126 3691897
3803738 3852071 3793042 3754603
3775278 3839133 3817770 3710957
3909078 3799425 3853852 3869347
3808884 3903236 3866569 3799200
3948248 3845589 3919566 3895265
3942543 3939626 3935820 3752869
3897637 3873202 3903729 3921995
4041553 3995090 3781528 4036519
3882765 3879543 3930908 3926783
4143083 3966050 3819248 4072999
3789785 3720971 3765408 3789835
3973178 3782238 3715621 3891134
3843179 3820821 3828333 3889166
4012318 3865828 3774881 3949590
3888766 3982510 3960419 3931914
4048163 3876510 3941614 3802380
3977896 4031693 4129246 3936863
4111388 3908017 4021595 3842276
3818990 3849396 3853353 3889406
3853731 3757884 3839340 3748169
3991619 3935990 3904968 3929239
4067023 3895960 3956611 3793210
3892554 4002262 3898477 3808608
3973031 4060001 3957415 3792687
3978881 4003370 3931489 3803654
4031622 4131412 4069378 3942885
3784414 3797731 3755217 3683839
3899408 3961748 3863396 3786481
3938613 3981451 3826913 3757082
3993068 4048529 3950718 3815769
3751020 3916715 4133986 4062381
3999920 3865803 3932857 3827463
3860059 3947066 4097062 4139692
3973433 3972544 3995217 3828724
3737559 3853323 3979171 3921718
3845888 3749065 3729487 3660963
3814524 3908038 4040718 4068472
3960708 3830589 3888431 3815663
3913180 3880460 3931224 3883802
3832193 4006470 3778245 3983622
3975962 3954218 3861152 4004752
3840558 3983026 3978015 4049388
3820267 3879267 3683230 3753727
3691310 3914666 3646584 3887563
3902101 3887923 3819011 3875099
3887595 3925670 3859322 3929770
4044614 3893525 3871651 3930863
3927914 3896533 3957773 3792987
4009119 3918061 3957679 3968376
3963992 3966756 4045732 3875718
3878455 3717389 3709788 3840534
3840899 3810048 3921963 3735968
3936369 3841869 3903979 3857386
3941119 3912148 3905736 3840759
3975074 3938289 4121890 4047056
4178070 4045428 3901645 4095006
3821392 3829750 3894293 3804410
4091460 3817598 3773931 4050239
3724459 3799039 3768167 3761674
3944473 3776627 3730976 3827101
3601172 3781309 3683106 3741326
3836600 3710212 3658281 3879216
4065932 4083884 4047181 4102354
4169690 3977953 4061154 3951538
3882669 3942670 3956612 3869211
3954912 3760216 3922380 3740596
3830449 3893681 3844858 3845691
3992199 3762744 3860892 3754802
3744772 3793836 3818295 3811521
3862168 3702341 3814846 3657043
4021358 4043575 3975749 3867031
4058242 4207699 4010904 3983776
3769538 4006650 3840053 3794664
3943557 4070612 3876430 3854312
3804997 3851006 3804212 3688684
3860755 3984197 3843271 3750200
3718751 3798129 3671341 3667472
3750862 3928890 3845924 3730302
3914975 3961381 4203395 4191703
4063240 4003151 3983637 3852862
3720471 3923832 4059206 4088568
3913016 3909846 3830006 3775172
3664006 3829908 3911171 3984507
3878485 3827218 3675308 3621722
3618599 3718077 3882114 3938256
3737197 3701794 3770283 3653661
3950710 4144639 4065946 4012104
3984450 4101704 3917510 4066567
3944779 3979227 3864233 3805514
3788323 3959427 3801467 3973833
3746842 3818084 3671206 3765030
3649254 3856342 3696273 3857591
3722454 3763759 3720457 3729444
3622075 3820986 3754756 3811554
4042026 4017711 4012901 3966749
4110148 4132581 4088611 3916000
4015989 3861674 3830610 3857118
3840353 3849868 3900000 3841852
3909246 3751192 3706016 3741205
3820520 3743882 3781506 3739759
3767343 3654737 3674280 3740183
3823398 3783342 3829750 3730603
