3771259 3791831 3799266 3829013
3734286 3794813 3847800 3842545
3795626 3839813 3814277 3902413
3807337 3808863 3915724 3868624
3870819 3819903 3845520 3891951
3845419 3863962 3875694 3951476
3983795 4011821 4015639 3974409
3938660 3916396 4038145 4060812
3814908 3775724 4033998 4008542
3826191 3787540 3895317 3763867
3930500 3814846 4034610 3986780
3903129 3822243 3973427 3915931
3910288 3841040 4050544 3957940
3873615 3860050 3893569 3815764
4067386 3993295 4139742 4078373
3997509 3874902 4142027 3963332
3854036 3918409 3722261 3870230
3951124 3765503 3902671 3898163
3853749 3885477 3779103 3876278
3957238 3736202 3968401 3901359
3889915 3959775 3685179 3912476
4010436 3792689 3969651 3895741
4036355 4051451 3896361 4057684
4115631 3953852 4064622 4060583
3867493 3775880 3878049 3780938
3698368 3777555 3885631 3874686
3871111 3817860 3914707 3783901
3760018 3868432 3833390 3893317
3911706 3826533 3957606 3786661
3742753 3889593 3837999 3973416
4031395 3934470 4010900 3868622
3866801 4000910 4012516 4046990
3938030 3928774 3932151 4014901
3816531 3785041 3862901 3968517
3874566 3940533 3786472 3901359
3923843 3866702 3889281 3981826
3935615 3985805 3949287 3883450
3884238 3838239 3931634 3874636
4095850 4106174 4016772 4058870
4010881 3961513 4110812 4086682
3883798 3906887 3870527 3850272
3982156 3929009 3850664 3785590
3922173 3950168 3945631 3936721
3953668 3850093 3922136 3832719
3901201 3989939 3906185 3918867
3934039 3764348 3844571 3849625
3974192 4125594 4015315 3978520
4184113 4045295 3950734 3921494
3755817 3773697 3842193 3766160
3711165 3775166 3843725 3853779
3712331 3766461 3834823 3847991
3806387 3800327 3782454 3847894
3872814 3920446 3934404 3947820
3935664 3854991 3971905 3913860
3797424 3884500 3893763 3826195
3822557 3808085 3856751 3900726
3786050 3708089 3972956 3840375
3835136 3815355 3902722 3812167
3912737 3761520 3955224 3951504
3783137 3731318 3854695 3787982
4004838 3882768 4143486 4018503
3929899 3858805 4016143 4019539
3784308 3803531 4063709 3935530
3807399 3826864 3929850 3854225
3723122 3839429 3656785 3810068
3870074 3723917 3887352 3787124
3810084 3887516 3698856 3866514
3831945 3714811 3894848 3859648
3918267 3961052 3831791 3965463
4106235 3863023 3885325 3949413
3883310 3945024 3746670 3961062
3897777 3743122 3917877 3857535
3887799 3797465 3787709 3685681
3707289 3754400 3831093 3814863
3863914 3702409 3748410 3663744
3744747 3816862 3741599 3817205
3988161 3853718 3906267 3823014
3814270 3910343 3967326 4023613
3900077 3737992 3885839 3700319
3653510 3848630 3831985 3900933
3799877 3905915 3833132 3884919
3775700 3785096 3897558 3825110
3879545 3791438 3825259 3949613
3851939 3793850 3850990 3822967
3975036 4043660 4001617 4055313
3934757 3898956 3996090 4065047
3992577 4037272 3917501 3994590
3861841 3863072 3931928 3956139
3808229 3897948 3852224 3818670
3931694 3821002 3815975 3702348
3785988 3888203 3812088 3796793
3871364 3817870 3835724 3715519
3975225 4111343 4034643 3944311
4110339 3908347 3891025 3885713
3916079 3929005 3882577 3870247
3973437 3860824 3891824 3865568
3679607 3674606 3762470 3690354
3731730 3710284 3746802 3685413
3901768 3909908 3959626 3906049
3819149 3978139 3964875 3925566
3742425 3742415 3852754 3878118
3770435 3725126 3821805 3713063
3870402 3849291 3963329 3875087
3830958 3879937 3964360 3869618
3813066 3700019 4015368 3767647
3748912 3701324 3781913 3778620
3958802 3791021 4054354 3997825
3873578 3845978 4069286 3877955
3837402 3627248 4006659 3873771
3795428 3735471 3872680 3820783
3953387 3851811 4043280 4024101
3871225 3912022 4048084 3905704
3785837 3762998 3634056 3806081
3845508 3615140 3796765 3824357
3921258 3908537 3813371 3950118
3978769 3866194 4013811 3975409
3742146 3924796 3707740 3840105
3943086 3722057 3893478 3803896
3857130 3983139 3760108 3956915
4045428 3861273 3963568 3887600
3801437 3689936 3719558 3634799
3684019 3675578 3759256 3829990
3901981 3934629 3935635 3839103
3849552 3843869 3960857 3970753
3881421 3783448 3768325 3715714
3589696 3769697 3741894 3794352
4034243 3867945 3938406 3848532
3771094 3912698 3860323 3929021
3829062 3835680 3844665 3837625
3683556 3753856 3771302 3903487
4010834 3921986 3965738 3952405
3961783 3873245 3905273 4040835
3885010 3889097 3863597 3954178
3829074 3723229 3890099 3852291
3924432 3932344 3923688 4034277
3932129 3923241 3941068 3976996
3748577 3853065 3791565 3733360
3879774 3757377 3794794 3707269
3970281 4028892 3977377 3977161
3980337 3948595 3928195 3887326
3799959 3839116 3886517 3858486
3922119 3788679 3821647 3782672
4026031 4012675 3961987 4000437
3986798 3933415 3941910 3820047
3803483 3848706 3901818 3853821
3835425 3849427 3899936 3865542
3760435 3794169 3848053 3927111
3747933 3812837 3888409 3852746
3725010 3734211 3784609 3888146
3775533 3772771 3886538 3879802
3696336 3790222 3848826 3813199
3757820 3769581 3807122 3748576
3973281 3877921 4034912 3862863
3807896 3879572 3984168 3895944
3951713 3721062 4034399 3880295
3824745 3765424 3857523 3879486
3881487 3730601 4062322 3847869
3766323 3817068 3993148 3858054
3896017 3699773 3939003 3805693
3724574 3757436 3911256 3810845
3920165 3818931 3750323 3926884
3965891 3769002 3972699 3899240
3784102 3847204 3736115 3901965
3910648 3779468 3912257 3900615
3758550 3905490 3768186 3847764
3981844 3714699 3775678 3819691
3717584 3841024 3658362 3879674
3946650 3746210 3822655 3762988
3855841 3846160 3826471 3800166
3816387 3834966 3848038 4004592
3961777 3825750 3866810 3700955
3722732 3875617 3858773 3914641
3892818 3768402 3835955 3756572
3730780 3798752 3861866 3901190
3868231 3778453 3743324 3649970
3679536 3728815 3752211 3833571
3882627 3941419 3936758 3980687
3866022 3821742 3898827 3916757
3869022 3999150 3908873 3923494
3833029 3831931 3850980 3868162
3904713 3979735 3826208 3917984
3870680 3793776 3841625 3992902
3801267 3816855 3818646 3866707
3758750 3759748 3844815 3925394
3855177 4004253 3863551 3935019
4021775 3871518 3918908 3793215
3870785 3936855 3849099 3845004
4025262 3855017 3856470 3772518
3846744 3924822 3841087 3817528
3965170 3822531 3824212 3771477
3821619 3915646 3824901 3800618
3858727 3751270 3851765 3703800
3721686 3766398 3819648 3847864
3761190 3731046 3867544 3846386
3789856 3788203 3876185 3859620
3813842 3823670 3889272 3838629
3803111 3848026 3843131 3877479
3766381 3888587 3900161 3882379
3847494 3778434 3852475 3846872
3848040 3834079 3879470 3869302
3887316 3796747 3979842 3804325
3747041 3723211 3893965 3826680
3949954 3842887 4003884 3902952
3852903 3747129 3951785 3863408
3938653 3844951 4036913 3956618
3830400 3815483 3887710 3810766
3932962 3776863 3990303 3979807
3804967 3792239 4035374 3875610
3818461 3843451 3675242 3781869
3958882 3783476 3821933 3789938
3789206 3998122 3724380 3839974
4015841 3804883 3871813 3890913
3746864 3860027 3742194 3911286
3947032 3735208 3933001 3876147
3833924 3962192 3714768 3871721
3996179 3759023 3884429 3902214
3881639 3751855 3836412 3649877
3669426 3827644 3793585 3836772
3830988 3853975 3853203 3768514
3829150 3905637 3843403 3854927
3826629 3731973 3857893 3725530
3751865 3868363 3900980 3928835
3894222 3728059 3908233 3802629
3715094 3850582 3861646 3883596
3860876 3896200 3802171 3892514
3813250 3809248 3801822 3839271
3882814 3978764 3903021 3925051
3964086 3759320 3875501 3924986
3923674 3973666 3827818 3938236
3929765 3844680 3857351 3991561
3931393 3931700 3905307 3918181
3884183 3873512 3893779 3931724
3807809 3854693 3869678 3844913
3795320 3798225 3827501 3736698
3832828 4007016 3909460 3913101
3903677 3893404 3890327 3805431
3811441 3959013 3918597 3860608
4035395 3883042 3833244 3835354
3864676 3961156 3873757 3876384
3957241 3792785 3822877 3837019
3862180 3929005 3922403 3884979
3931552 3876820 3955016 3953813
3779756 3821511 3823017 3878853
3831075 3858109 3900286 3878274
3861986 3870631 3930591 3831237
3801484 3803701 3911359 3831190
3761827 3723428 3842044 3793077
3738113 3824945 3853556 3883672
3986766 3941739 4043638 4020544
3855488 3851450 3976196 3878964
3912475 3722925 4044604 3882421
3776403 3790829 3865594 3882866
3865532 3840406 4008669 3882906
3783318 3838778 3943216 3905470
3871828 3687922 3956881 3895212
3767184 3871059 3939620 3841479
3847090 3978511 3830263 4025370
4003320 3808248 4005950 3963455
3804782 3894316 3677969 3865940
4013014 3762340 3925001 3840400
3875082 3922553 3715072 3866169
3970968 3902534 3955786 3879169
3740815 3843267 3795292 3818259
3943476 3724124 3869919 3861860
3973961 3849957 3886365 3893344
3718914 3957434 3931186 3939834
3901829 3747767 3784380 3740499
3747953 3803188 3806999 3919644
3902131 3837893 3878827 3776476
3701852 3872192 3873946 3863790
3860473 3749361 3862228 3669568
3689194 3797066 3842841 3826292
3977799 4027950 3933197 4060131
3952049 3884370 4022712 4039563
3887621 3944138 3893975 3968136
3868816 3867748 3900788 3889429
3909565 3932820 3886607 4000362
3908799 3840654 3989500 3929516
3855721 3971584 3796851 3894348
3842452 3797636 3842110 3860402
3982325 4031198 4022758 3918831
4022323 3906358 3859252 3800584
3848519 3876250 3924013 3895476
3850312 3849995 3940963 3761719
3911115 3841063 3855183 3857061
4007385 3876999 3915138 3882044
3863141 3940778 3759138 3849352
3970700 3794000 3872633 3681756
3795357 3898473 3892223 3881543
3769439 3833729 3867146 3889460
3740698 3726908 3769591 3723652
3776097 3802626 3883008 3808846
3780165 3841733 3842061 3898552
3778510 3785640 3884631 3816395
3809439 3825055 3896359 3828688
3811896 3850160 3857691 3768174
3891053 3802040 4002400 3881376
3735574 3741164 4017891 3819896
3901686 3707349 3992192 3918822
3770157 3773596 3848219 3783241
3969963 3847673 4087033 3815326
3828048 3851522 3875659 3906011
3918476 3761139 3983109 3938119
3834699 3787344 4058506 3809652
3788923 3922809 3732083 3910885
3871469 3798215 3846011 3807991
3713927 3841555 3687116 3823330
3859794 3644625 3837613 3798318
3840066 3878166 3788551 3906629
4008888 3782225 3946819 3883811
3768289 3961906 3748406 3938209
4013405 3750892 3902301 3907951
3873211 3817448 3807329 3641801
3708029 3741968 3790653 3908756
3855889 3702068 3775377 3670869
3617696 3778748 3734872 3834194
3933762 3814240 3846134 3735101
3751005 3829026 3831520 3951689
3892447 3767333 3801873 3829571
3670532 3844491 3748606 3862639
3848474 3920570 3898100 3932767
3804949 3808275 3869099 3940181
3789670 3818784 3807146 3827354
3770564 3707152 3736961 3890714
3935586 3971460 3988420 4066857
3891070 3876030 3858595 3906479
3853561 3884705 3967380 3856739
3862647 3841668 3866088 3866137
3895394 3918189 3862849 3895506
3979924 3852261 3837119 3791583
3739465 3942690 3809530 3765748
3865988 3768196 3831931 3679409
3898950 3903052 3958810 3930247
3962098 3908825 3829665 3786507
3827173 3961742 3938783 3910866
3938808 3860894 3785059 3716448
3751602 3795390 3803868 3812574
3841643 3734118 3835659 3783350
3854236 3899397 3851518 3837007
3904302 3803898 3985555 3826071
3819081 3844684 3984876 3876433
3836918 3860933 3952367 4079556
3929836 3892439 3918631 3992279
3912532 3963290 4003796 3936604
3896998 3731835 3999986 3952437
3815103 3843502 3978493 3889308
3947021 3819622 4052860 4032726
3872817 3707618 3976661 3822590
4015649 3899865 4108259 4027240
3932198 3892104 3939671 3920758
3991846 3903098 4207075 4090830
3962738 3860970 4105225 3953759
3835466 3867365 3728102 3852769
3926887 3722191 3907238 3836231
3842131 4013354 3708453 3911674
3936055 3794944 3968398 3924643
3961297 3970789 3778000 3998623
4038131 3838172 3920365 4005967
3955934 4028795 3865417 3931308
4069846 3919474 4046034 4010499
3834057 3798996 3776795 3705922
3661105 3774888 3760287 3817424
3909911 3904061 3871223 3814456
3704404 3863268 3812660 3917275
3896004 3815726 3860998 3733267
3763444 3912622 3895940 4034847
3950610 3925304 4000446 3859344
3803014 3932494 3963263 3952689
3839250 3933027 3807432 3866276
3839819 3800252 3808886 3891602
3911885 3905787 3872248 3917637
3784839 3860243 3843475 3921341
3894485 3990358 4012940 4048327
3866408 3972583 3898471 3997790
3991224 4026432 3932623 3999071
3976225 3959638 3952658 3997837
3854230 3885747 3824656 3836642
3940320 3819763 3784000 3787397
3967210 3896350 3898335 3895783
3962573 3828225 3917638 3807694
3907219 4046976 3965584 3946968
4022398 3894466 3955379 3833484
4012642 3978483 4071180 4003041
4038751 3973147 3975452 3814744
3949862 4013966 4041192 4013726
4002821 3974120 4016432 3975261
3933567 3827118 3854229 3884945
3843617 3864123 3888602 3812614
3740760 3806895 3795019 3740103
3810622 3817376 3725325 3819351
3767206 3805771 3864495 3829480
3818624 3776725 3822470 3894202
4100600 4028538 4227025 4067234
4025916 3946041 4204331 3989899
3939043 3770255 4033924 3968798
3867768 3845785 4029596 3986792
3815234 3709392 3917191 3893863
3735394 3858173 3891511 3776829
3876404 3833077 4014628 3973695
3770308 3913738 3953007 3756133
3954531 4056198 3904550 4034401
4127008 3975936 4122923 4121523
3846509 3874014 3776196 3969201
3939482 3774825 3993066 3933892
3748332 3852681 3719053 3858643
3848569 3739793 3832210 3832084
3871607 3922977 3802215 3876152
3999810 3765091 3884693 3857398
4009371 3975495 3999665 3901334
3918783 4020699 4021263 4034940
4014264 3795237 3926460 3778210
3785895 3779288 3825844 3934468
3823532 3746912 3784840 3763704
3727148 3732776 3753885 3844446
3856971 3768093 3900663 3788975
3612491 3809115 3824643 3843116
4090266 4181064 4087506 4084382
4070199 3922649 4070034 4091727
3928678 3940634 3975688 3911697
3855684 3928653 3902108 3936476
3833855 3839804 3823752 3878238
3779139 3773559 3727539 3794433
3896500 3927644 3933314 3972232
3869396 3808719 3870498 3909832
4046293 4153392 4151745 4044055
4188308 4019464 4049813 3986083
3882492 3929778 3911706 4005374
4044070 3916809 3960231 3787945
3833474 3818174 3804436 3831187
3910557 3781440 3750803 3799340
3913236 3898552 3833425 3848774
3973512 3896761 3907196 3775526
3815825 3795843 3970041 3898124
3903293 3838850 3880958 3932616
3834695 3869753 3964508 3950485
3883725 3850904 3990342 3946584
3551832 3642204 3675488 3582773
3593214 3560948 3608629 3626550
3756388 3837971 3942508 3826413
3829970 3887939 3941587 3837814
3943838 3820860 4030402 3969749
3845765 3907819 3923480 3956283
3986213 3826601 4138500 3996032
3914187 3833156 3957592 3979743
3692069 3612503 3825535 3687347
3680894 3515910 3697524 3736594
3842490 3730877 4022704 3942317
3801132 3762575 4004321 3893582
3834848 3902824 3724149 3876084
3934137 3806532 3879450 3919812
3952448 3899288 3763863 3864366
4009593 3890619 3945774 3890154
3647496 3674116 3481520 3659636
3721092 3540457 3664357 3585629
3846200 4006394 3804471 3925657
3923913 3789035 3993478 3888871
3819924 3774526 3762661 3736695
3780769 3878859 3950591 3932544
3929159 3877700 3932222 3829348
3806253 3926566 3939402 3978451
3696138 3556816 3614043 3606572
3563760 3702403 3552054 3703669
3956796 3864827 3866137 3779743
3799117 3829208 3759246 3894095
3908569 3990325 3903111 3969410
3825909 3857681 3909592 3960763
4011209 3996412 3884129 3970404
3891663 3854280 3961003 4007612
3742683 3768388 3652174 3719495
3727666 3586167 3584408 3723794
3879513 3908560 3933239 3982866
3895391 3879253 3909320 3951667
3862529 3979652 3929954 3935870
3973825 3880956 3954769 3793332
3916917 4031942 3910726 4019743
4070396 4001189 3991587 3784374
3642805 3690677 3612959 3739968
3670747 3619915 3671954 3544794
3893104 3976612 3962044 3960982
4078717 3879435 3867929 3799209
3837417 3854872 3864321 3944069
3803150 3786016 3835353 3784816
3802542 3830734 3922772 3861145
3835472 3876127 3946625 3883727
3690382 3810779 3725738 3833588
3685303 3722664 3861427 3764364
3820961 3825169 3842082 3817690
3781374 3780269 3887731 3800845
3900500 3807588 3997528 3941567
3850095 3890098 3933922 3803957
3920825 3780006 3990221 3974409
3885487 3868020 3961746 3895166
3853214 3775977 3937854 3870742
3813790 3834018 3907222 3776209
3976000 3755182 3976333 3947579
3746828 3810022 3946884 3853094
3792971 3922005 3748100 3926697
3926724 3704301 3860950 3897130
3836716 3948663 3748922 3878378
3936579 3728108 3895553 3903787
3787441 3820623 3654202 3872630
3950457 3731364 3882344 3853082
3878935 3902295 3709086 3926835
3906186 3756092 3916831 3900011
3970741 3751136 3900308 3769843
3699664 3733793 3834135 3889906
3844290 3902904 3848893 3752720
3746117 3828904 3836987 3887153
3880957 3798427 3851006 3704018
3652452 3747065 3753609 3871253
3920055 3807006 3831771 3712996
3674285 3823402 3835798 3866437
3936939 3853741 3872244 3979832
3831246 3809782 3904533 3914468
3963508 3980659 3905806 3907389
3842459 3871683 3850989 3919302
3777763 3921497 3834903 3941236
3904829 3853933 3834550 3921129
3914507 3911029 3882553 3910769
3891028 3861777 3885436 3895205
3854424 3961378 3888256 3905255
3973096 3806112 3818821 3798263
3920063 3961229 3864560 3879829
3991176 3837185 3857682 3857408
3813609 3886004 3858907 3850572
3984826 3858264 3873651 3694091
3943804 3903457 3865432 3946346
3959517 3888568 3830044 3781314
3849788 3838089 3858912 3775539
3744397 3855522 3895422 3833386
3767932 3839716 3875921 3869351
3796683 3767628 3926209 3805975
3804768 3910053 3909810 3923602
3898358 3959673 3878402 3937259
3876529 3848996 3935959 3939574
3840150 3916943 3944690 3921204
3920930 3867925 3994653 3916235
3808726 3736210 3968947 3811417
3976439 3729460 4045944 3891579
3832983 3814751 3880748 3851867
3939752 3826439 4043837 3976430
3924039 3832059 4049316 3843645
3922159 3942249 4163170 3925978
3907148 3874938 4021851 3896539
3836963 3890213 3804828 3868666
3939061 3797998 3937508 3905023
3805573 3927238 3760809 3880860
3913321 3745528 3828762 3853269
3832739 3947291 3784792 3818693
3969718 3828164 3947326 3895199
3852551 3976390 3828748 3953124
4050010 3902718 4017719 4009335
3951667 3755813 3856257 3795532
3720704 3816626 3861998 4002511
3855239 3750968 3827182 3684162
3685999 3829227 3814436 3949003
3974218 3801562 3868368 3803212
3738746 3888472 3927746 3962795
3951414 3894032 3926825 3808164
3765083 3927295 3923557 3992757
3863762 3957190 3879772 3938150
3904934 3860200 3921304 3881474
3905729 3930608 3828403 3880948
3819703 3806948 3743880 3935521
3897235 3886260 3940588 4002094
3877024 3859154 3941576 3962564
4003047 3977536 3930175 4031069
3950010 3894744 3986498 4044986
3874124 3951674 3833815 3904650
4003850 3844190 3878680 3762767
3887612 3944465 3875294 3824987
3959094 3878436 3860273 3777893
3958835 3922834 3947285 3909653
4049266 3956014 3889180 3800588
3921303 3911175 3922156 3970226
4077214 3933943 3872423 3850804
3966833 4064882 3935632 3942126
3937539 3930020 3842992 3947413
3914061 4050998 3857719 3742608
3848964 3780902 3756299 3933279
3937939 4067000 3880307 3943994
3950720 3772830 3851380 3968754
4082970 4147885 4061039 3957266
4006474 3828151 3848003 3960366
3953932 3871393 3840377 3907759
3896210 3934197 3877626 3872504
3976565 3763828 3777349 3873725
3735770 3911393 3842692 3714755
4014509 3792465 3825833 3910377
3949188 3997035 3900192 3776592
4108037 3883931 3966038 4017810
3949643 3974555 3885956 3942108
3965635 4030228 4039130 3890196
3825640 3848775 3881136 3815820
3893943 3890829 3872676 3809466
3790543 3721808 3880998 3781521
3941645 3987710 3951959 3858546
3893143 3833057 3906333 3775196
3910587 4002793 4050185 3936144
3922549 3897045 3996740 3827137
3728557 3914452 3902459 3965252
4016852 3812058 3931219 4053419
3766752 3845131 3698611 3951407
3992518 3781474 3841760 3912840
3868408 4012566 3844540 3953211
4056656 3821309 3878552 4098041
3852176 4113061 3956928 4106144
4044760 3835862 3906865 3968185
3829665 3959235 4028039 3839968
3848389 3931834 3948489 3897040
3847299 3796987 3877202 3758515
3733327 3732229 3883161 3866767
3875759 3848252 3931576 3820728
3865035 3891338 3911137 3950194
4068566 4047322 4073213 3873368
3893745 3891733 3921439 3926581
3867218 3982311 4012904 3856669
4005516 3990890 3931169 3835496
3718714 3835760 3836905 3827756
3856683 3875699 3833850 3777151
3759755 3937033 3915553 3853150
3913487 3956710 3989252 3917309
3934954 4097908 4012029 3951169
4021149 4042163 3996589 3879457
3808787 3920044 3867262 3725347
3845047 3758419 3785488 3872982
3923956 4019851 3966036 3889571
3949277 3803929 3876459 3909285
3976236 4037199 4018034 3846795
3942366 3907420 3901594 3990123
3881651 3979916 3894893 3825888
3862981 3803512 3770636 3866334
3933403 3799772 3810048 3865004
3761897 3874591 3831518 3795572
4009897 3906437 3851598 3954192
3874919 3930293 3878164 3752658
4083834 3940462 3907105 3951516
4002888 3945897 3897015 3823451
3880937 3684578 3878155 3799460
3821045 3929845 3868289 3761402
3844040 3947130 3851353 3805623
3724278 3635739 3809907 3702375
3982250 4005216 3909862 3820984
3853266 3844695 3916949 3839401
3971902 4096997 3915410 3889910
3942835 3771027 3931441 3844556
3848065 3910003 3900230 3816027
3773762 3747037 3893410 3736713
3742350 3872872 3715899 3871593
3950340 3769960 3841234 3930577
3842138 3920680 3914891 4020338
3925103 3807832 3834015 4047877
3754467 3960146 3823895 4005235
4065280 3765932 3949913 4016672
3766958 3966352 3758811 3877864
3902062 3690391 3815854 3932844
3783817 3809687 3822559 3711668
3787454 3765813 3772731 3850987
3870385 3829524 3922596 3824144
3922473 3810484 3906218 3929828
3888968 3891819 3968481 3856999
3812149 3892823 3946984 3918168
3879729 3979133 3891305 3798703
3721291 3752610 3793523 3816790
3682488 3917925 3820674 3789975
3804214 3879091 3825495 3804926
3862558 3945649 3915610 3975191
4055131 3936050 3944783 3889705
3859848 3837806 4013156 3923010
3988276 4009780 3962131 3812461
3768611 3834919 3898098 3833118
3976874 3951216 3924058 3759882
4030346 4050152 4031983 3923023
4020483 3851150 3923146 3977538
3915297 3909377 3877792 3786918
3913835 3744103 3791731 3879649
3969848 3966552 3937792 3979031
3925638 3793948 3907686 3871091
3979697 4098671 4047604 3888805
3972570 3979650 3793723 4036937
4124083 3988657 3900117 3921321
3963665 4085288 3940496 3880389
3853324 3732391 3778926 3767805
3854123 3896416 3724288 3713501
4005975 3890908 3850172 3984973
3932572 3968083 3859458 3918754
4049088 3800982 3913760 3898226
3848717 4064651 3903682 3892387
4078245 4086837 4060555 4029321
3861283 3867086 3957918 3852114
3823591 3964624 3850205 3753381
3712768 3742687 3798011 3709432
3819505 4002141 4004103 3975962
3839598 3804777 3914680 3812602
4022190 4039210 3941581 3901285
3844226 3845704 3866036 3933031
3884173 4047952 3956924 4077369
4047384 3871259 3989079 3981523
3646003 3906191 3767155 3856034
3903925 3668364 3777210 3968948
3786407 4082174 3818721 3951041
3999385 3798567 4033253 4010359
3758243 4086844 3853140 3993518
4035909 3781151 3944386 4037445
3999856 3940528 4058965 3936563
3863733 3872569 3985446 3965800
3705908 3777497 3883609 3768689
3767056 3780299 3709464 3806535
3966064 3943636 3955862 3765793
3802642 3872345 3950996 3894970
3929106 3946740 4020536 3963099
3871029 3801627 3930869 3954522
3906648 3964044 4019170 3931055
3965661 4006515 4059288 3832516
3696067 3862850 3826447 3765427
3847139 3859077 3878327 3703911
3853626 3958335 3992080 3833083
4018227 3883110 3926756 3881150
3735132 3940742 3884600 3916894
4013327 4015154 3978767 3787099
3805618 4016557 3833879 3872750
3874594 3692328 3759122 3895755
3908194 3915738 3808740 3868037
3782198 3719879 3753895 3756818
3846901 3900999 3974822 3784472
3850882 3759252 3858915 3959040
3978352 4161321 3965175 3918329
3923333 3726660 3775767 3960828
3906973 3743521 3743992 3791935
3856747 3922533 3769775 3700350
3906329 3673080 3766185 3784314
3770700 3899890 3718517 3766904
3967017 3813230 3802637 3845230
3751378 3910450 3952606 3893105
3982791 3846832 3844090 3921579
3891043 4035987 3833261 3828110
3843773 3946425 3857137 3771394
3879269 3704849 3798296 3825813
3845601 3844999 3824765 3761891
3790061 3723896 3764306 3740423
3894498 3856403 3920333 3862658
3777480 3816409 3743626 3761390
4021265 3996043 3978779 3846380
3914214 3835765 3957202 3888720
3717905 3967046 3849105 3937456
3948737 3749538 3891965 3928218
3735606 3959194 3803575 3930010
3976333 3706375 3817488 3848644
3738273 3852433 3762799 3936119
3958736 3765188 3838307 3913336
3794764 3962565 3803780 3955276
3941149 3736307 3873373 3919290
3898447 3854399 3867611 3770403
3713639 3826004 3880541 3832041
3862911 3804538 3836233 3729057
3736287 3693198 3778655 3829916
3829244 3930734 3882387 3797371
3812262 3797767 3802174 3790284
3910321 3943338 3885223 3958185
3862447 3843873 3893784 3880279
3747481 3851999 3775929 3794092
3870041 3859198 3890029 3767488
3643830 3843923 3798789 3874754
3858429 3870561 3813887 3706491
3813553 3923552 3857342 3700605
3866844 3835918 3984164 3767204
3844188 3986320 3922330 3904875
3956502 4017561 4001057 3827812
3990599 4051929 3938131 3922217
3943292 3857428 3795238 3920458
3936144 3942575 3946442 3752627
3854493 3779597 3794875 3932995
4030172 4040505 3971699 3962097
3931301 3807594 3864390 3941165
3878685 3961952 3793446 3769548
3834013 3752100 3706891 3845404
3951298 3802085 3865289 3932125
3883572 4077048 3797511 3868677
3973475 3713706 3889273 3836167
3782865 3930082 3817839 3797112
3910415 3732412 3939189 4010726
3835353 4015532 3903785 3844569
3942063 3852670 3785736 3785111
3817702 3823435 3746447 3763443
3913665 4092901 4032243 3940243
3835509 3837616 3980082 3824463
3861324 4010145 3925541 3840791
3845514 3828589 3863071 3787514
3943688 3925733 4013805 3895090
3843643 3823156 3888549 3820005
3832964 3899907 3929857 3841202
3768547 3689127 3747152 3755317
3779106 4036254 3926427 4028982
3993572 3769798 3908054 4064497
3720019 3985227 3898551 3922876
3993824 3727194 3828933 3911704
3775330 4019715 3850081 3946283
4006046 3766015 3944988 3966868
3683199 3822105 3810090 3956307
3923019 3664057 3782799 3958503
3879864 3908173 4019363 3928182
3822322 3861635 3922863 3923041
3885727 3865911 3882459 3815191
3768094 3774721 3908291 3830244
3993985 3930787 3955323 3815339
3795541 3958192 3907820 3838303
3822843 3852172 3868455 3773318
3692397 3692637 3768752 3853430
3805321 3880292 3881423 3844525
3971001 4071493 3973488 3878581
3785035 3785845 3850570 3719008
3936866 3928582 3892839 3760658
3804794 3934764 3932536 3827381
3941762 3883704 3973729 3873477
3664526 3845056 3816065 3771881
3847458 3861427 3939845 3841501
3863156 3976960 3946397 3902075
3888791 3788975 3860703 3896387
3949656 4005580 3955980 3868850
3844142 3884412 3864643 3981079
3928172 4056858 3938988 3960507
3888864 3868785 3857114 3911134
4053026 4095868 4032551 4016670
4052646 3893572 3918243 4012195
3971412 3768513 3852977 3936366
3882666 3956357 3734144 3816865
3974432 3813865 3867206 3919240
3878165 3903735 3850114 3859915
4104602 3869950 3928373 3967451
3851462 3932321 3921612 3839704
4075685 3910804 3848997 3962727
3958620 4081366 3903589 3890629
3966964 3980344 3989065 3862722
3739749 3811865 3895506 3809921
3859296 3988300 3848803 3838803
3823515 3773745 3845635 3813798
3941745 4061046 4041283 3876655
3855262 3873549 3975096 3910561
4087903 4088107 4055150 3951997
3916117 3890904 3963116 3831743
3771035 3900107 3792299 3957182
3922407 3754747 3888371 3972957
3849052 3885050 3841153 3995554
4017308 3713412 3816440 3939183
3859920 4064192 3902124 3993368
3965022 3820813 3952976 3989795
3839534 4089780 3910937 4042583
4065377 3990634 3939159 4034693
3890239 3888918 4001281 3849322
3748638 3889104 3928975 3896009
3888023 3956681 3969539 3784442
3841318 3799240 3947093 3880675
3977012 3921074 4006098 3812013
3840397 3866076 3888688 3907843
3961482 3948104 4068040 3918604
3973067 3944051 3993524 3941214
3861669 3872867 3968258 3858516
3951494 3899432 3957069 3830734
3864050 3907335 3961863 3897981
3958165 3902314 3957362 3830556
3782552 3909578 3855642 3816414
3998289 3950619 3997741 3891885
3829266 4014968 3940953 3946990
4080650 4061993 4070455 3991143
3911307 3983588 3896086 3778240
3975101 3712767 3829250 3893375
4005011 4041389 3940706 3910987
4018132 3894187 3896248 3999664
3998408 4011081 3962641 3980592
3928985 3833903 3759386 3896814
3948496 3948507 3922138 3896801
3960388 3850549 3925663 3959896
4018815 3801820 3829380 3835901
3886827 3862557 3910315 3837001
4054853 3789251 3908059 3956764
3949412 3982152 3967866 3867010
4046888 3806282 3906605 3988635
3892074 4071377 3888102 3888849
3990861 3824676 3894059 3956779
3820967 3985008 3877983 3796257
3925106 3899194 3902393 3936557
3775082 3785278 3820411 3913186
3956484 4135131 3952294 3880436
3866198 3813729 3936936 3938984
3966496 3976807 3947255 3915933
3811023 3769781 3837055 3831663
3942159 3917372 3928518 3856601
3834174 3772088 3861844 3788727
3816167 3978885 3860093 3992607
3985231 3784596 3896593 3892011
3779883 4058722 3924379 4032677
4075107 3883524 3873373 3999409
3804759 4022685 3855981 4111636
4035278 3787748 3881237 4014790
3800409 3974465 3831388 3980992
3957405 3759930 3821252 3972395
3939421 3883778 3865390 3855415
3836664 3815434 3816646 3844083
3946081 4028707 3994280 3888355
3872649 3860144 3938957 3956906
3906279 3905024 3940441 3794115
3770570 3826288 3923398 3908800
3870472 3825893 3887695 3818798
3807940 3826386 3938980 3863300
3684919 3915592 3844972 3807017
3937619 3953469 3972199 3852811
3815100 3986046 3962201 3929672
3978947 4003245 4016054 3869208
3850732 3880137 3903321 3860631
4044220 4058281 3874880 3918614
3809807 3850906 3878184 3933207
4002495 3962662 4007440 3888220
3846708 4033599 3906773 3793416
3851822 3706765 3810330 3846643
4088191 4166080 3998200 3997763
4012253 4027613 3892659 3988538
3998008 3979521 3977771 3928638
3973670 3824975 3931603 3991680
3859010 3962887 3797552 3760019
3890107 3820290 3760866 3806930
3923338 3687380 3840052 3862097
3772707 3960895 3809635 3772237
4162710 3973166 3993626 4034036
3941575 4089771 3950467 3911503
4085882 3877289 3868644 3901393
3948473 4071434 3851574 3813673
3890908 3758669 3773471 3881496
3758349 3929095 3788886 3835715
3913888 3951689 3881329 3861495
3756093 3783678 3704602 3819907
4034385 4048627 4148572 3935133
3963829 3779929 3911087 4028061
4056677 4078414 4036196 3919112
3883593 3855206 3839528 3924336
3796012 3892925 3883015 3803540
3841273 3723058 3760492 3724016
3637362 3859971 3776031 4019849
3919942 3768241 3812381 3892890
3865985 4137495 4001404 4108462
4104445 3858665 4027874 4083297
3860012 4073254 3885136 4053611
3974613 3829010 3887308 4074952
3709651 3829845 3817938 3904151
3811209 3748527 3775016 3942829
3808776 3832356 3918267 3758513
3745520 3782062 3813305 3839855
4050096 4033854 4099581 3903988
3957445 3948973 3998439 4003753
3931062 3924867 4070988 3835820
3869881 3930436 3941653 3839846
3849160 3754057 3872119 3775997
3787280 3783540 3727464 3839699
3780669 3835367 3831287 3696782
3875885 3918356 3887111 3683803
3970040 4057736 3990036 3959352
3946424 4075559 4057526 4007835
3823198 3999931 3979810 3902512
4005171 3993300 4051552 3908333
3737163 3898808 3859892 3856721
3910172 3916434 3852113 3813881
4019746 4102339 3995986 3975992
4027029 3840138 3857961 3983345
3928017 4029227 3976525 3890422
3913917 3818405 3892322 4013423
4031569 4027342 3921759 3945675
4013995 3843241 3851700 3960157
3911830 4066440 3976209 3841094
3916019 3817271 3860353 3950305
4095312 3872925 3871883 4040664
3972912 4085712 3951050 3885009
3973641 3835552 3821368 3971605
3867581 3983880 3890194 3899254
4052408 3806602 3850067 3908388
3877517 4075348 3904573 3882367
3965604 3762968 3797682 3917572
3910802 3949612 3907883 3879573
4025463 4177141 4046917 3904434
3931212 3889899 3907307 3953321
3856547 3955228 3912036 3838811
3860422 3781976 3966590 3838128
3963486 3978793 3988261 3870703
3836298 3885054 3980450 3845858
3977124 3945930 3999030 3939756
3767772 3900174 3878824 3831242
3919896 4059076 3954941 4120194
4071793 3875809 3952050 4075760
3840795 4071321 3793133 3930157
3964828 3746622 3941321 3906294
3782817 4017662 3822273 4005694
4027821 3837337 3903492 4036803
3677793 4028266 3873600 3916490
3908902 3748136 3902766 3941789
3984066 3975114 4095968 3878980
3886536 3907858 3965359 3962217
3879028 3903285 4013797 3852283
3764383 3858365 3990349 3875112
3974834 3954961 4034844 3845588
3760158 3902929 3919413 3988515
3880029 3863951 3942383 3736573
3773108 3866992 3838491 3885238
3850716 3999837 3967815 3907311
3988596 3968059 4069533 3782939
3817733 3891385 3941578 3938173
3975966 4050558 3969729 3791193
3774511 3943851 3959060 3880076
3978647 3946592 4056077 3841687
3790674 3886027 3927870 3858171
3968537 3971416 3858032 3763259
4041085 4150997 4084226 4032352
4049389 3794181 4011311 3991512
3881059 3958663 3913924 3887305
3861050 3808099 3901318 3952879
3983438 4151134 4023207 3971614
3965049 3936050 3899162 4075077
3967252 4010226 3923904 3845067
3884710 3760459 3864772 3810283
4109881 3913647 3985041 4027807
3896645 4185151 3951972 3950011
3973061 3827041 3833969 3925593
3911578 3914459 3930193 3847583
4053618 3875783 3919567 4046980
4024803 4087019 3884796 3930518
3915299 3807652 3855794 3850431
3854142 3935656 3862097 3845637
4042071 4046060 4143255 4098961
4046655 3975764 3959693 3975532
4019868 4012481 3977106 3891608
3927717 3809734 3817854 3783590
4028724 4045783 4026239 3948786
3873906 3902109 3893643 3965972
3906522 3925000 3871494 3794538
3800727 3751002 3872132 3781909
3954264 4139002 3861843 4157184
4153403 3927244 4046906 4067773
3788582 3977808 3849748 3996253
4047660 3804828 3948127 3936876
3954262 4099619 3966376 4101067
4128508 3847080 4066793 4109929
3787624 4011208 3784395 3956233
3960752 3718205 3851814 3910651
4033389 3967067 4102324 4022224
3964843 3934032 4051964 3952520
3889379 3943544 3884983 3835162
3848478 3852354 3929402 3932299
3977449 4017969 3994409 3906466
3984849 3949910 4008153 3993993
3851431 3924131 3923990 3787471
3794519 3790940 3846582 3831522
3960602 4049823 4029878 3991285
4071647 4090456 4095782 3961985
3816147 3961601 3943316 3801915
4000757 3877899 3995131 3850076
3878595 4057240 3985324 3960212
3998526 4044594 4034449 3908287
3782706 3897545 3923337 3771209
3889428 3929277 3895806 3863845
3800305 3954374 3948891 3826214
3833017 3706291 3775290 3837110
3771323 3929572 3867562 3825784
3878410 3748711 3842280 3889258
4044089 4106122 4038006 3929226
3984295 3903034 3937981 3968884
3958994 3921051 3925860 3849634
3921306 3794675 3842670 3955925
3830935 3762108 3842838 3900325
3821655 3816332 3833567 3753116
3979827 3793598 3790358 3875054
3826370 3900374 3767395 3768885
4054023 3892489 3911067 4032705
3933995 4082075 4020372 3969574
3973101 3832209 3796239 3865641
3795514 3988114 3827377 3758040
3856590 3926152 3874288 3761110
3829318 3776898 3885945 3682418
3835945 3905027 3863902 3844837
3734627 3685673 3787841 3758690
4000910 4067848 4009607 3967484
3895793 3905177 3957198 3889684
3915603 3923056 3939513 3875836
3781816 3780254 3818129 3790140
3741926 3904659 3781656 3905324
3899397 3648135 3865947 3903476
3714370 3875209 3740861 3837605
3902924 3730322 3820843 3942993
3836631 4096319 3925151 4046114
4021068 3836671 3997791 4037828
3748610 3990134 3806487 3930620
3969083 3820617 3841815 4003174
3807982 3800800 3863373 3837970
3842135 3737112 3811273 3848248
3888614 3802269 3820112 3742188
3693055 3737252 3801778 3841815
4021807 3977697 4024168 3874691
3902037 3922092 3957666 4009122
3841384 3808173 3864297 3840601
3808100 3847211 3901046 3879754
3704784 3765526 3852747 3786631
3850882 3909403 3887639 3872883
3767872 3907979 3887419 3717350
3909588 3833598 3916541 3740701
3825448 4104323 3954728 3920766
4025531 4019984 4058482 3927282
3763190 3917294 3805218 3788197
3917481 3964602 3950361 3837888
3869052 3978720 3955299 3819736
3891756 3855124 3825154 3942070
3792785 3851172 3846385 3747084
3742060 3644090 3774234 3750945
3938900 4024969 3938892 3918640
3906816 3830344 3870323 3830876
3905282 4049792 3961188 3804097
3908370 3847062 3810098 3987066
4095389 3708053 3837400 3910688
3852775 3910239 3747814 3856487
3863071 3671978 3712251 3786101
3714284 3776243 3675343 3556323
4091755 3870118 3830432 3990619
3896016 3990132 3899026 3843391
4005908 3756544 3830094 3973399
3870610 3914572 3716486 3853561
3908721 3959995 3927232 3854649
3764008 3787254 3855400 3751406
3848087 3812488 3793668 3660781
3716468 3683102 3735319 3688700
3976964 3992877 3922247 3895066
3864112 3822836 3868326 3851354
3881879 3967146 3880623 3796606
3818335 3718535 3821256 3829320
3800145 3980545 3784171 3907829
4001987 3758770 3911601 3966105
3626116 3749137 3678382 3827827
3790130 3649817 3761642 3808447
3774732 4046200 3876542 4009833
4001396 3781249 3889636 3911133
3759880 3985771 3804132 3967188
3851170 3731022 3898433 4034854
3862741 3878120 3922049 3750026
3795373 3897170 3861534 3878757
3735216 3795337 3839637 3713406
3707481 3751446 3869568 3739376
3884424 3907035 3987812 3826719
3881065 3910229 3894831 3900197
3909390 3868377 3935337 3776129
3727494 3878779 3910108 3891006
3785570 3917272 3889706 3819733
4014428 3904064 3931297 3773844
3677279 3819812 3768019 3744524
3793323 3803824 3795338 3729766
3813442 3872809 3893417 3869499
3941016 3924529 3918943 3844860
3855581 3885644 3871112 3824219
3940360 3946833 3928863 3813101
3893525 3809643 3863679 3732037
3782271 3824471 3714289 3885206
3823277 3739239 3849813 3662852
3810538 3768633 3712757 3870563
3900197 3813523 3912940 3854131
3856380 3886582 3783785 3927920
3916760 3843534 3831245 3787742
3878995 3933698 3740042 3993092
3866071 3699359 3849465 3875638
3769941 3748743 3739495 3829329
3791404 3662732 3776399 3772373
3689388 3789349 3624107 3808386
3936762 3813759 3814275 3932629
3786812 3835946 3739568 3892882
3969907 3794896 3804527 3989484
3773212 3810130 3780405 3940723
3818569 3842590 3646577 4042257
3801288 3733046 3646789 3795374
3782326 3886945 3638855 3903256
3795631 3757803 3671987 3645764
3835527 3955346 3682224 4074046
3961031 3799414 3790210 3871655
3839941 3899724 3724857 4049623
3892549 3822135 3844203 3919387
3762327 3832921 3760045 3897768
3861534 3786645 3867476 3817250
3832761 3813657 3687072 3752164
3747764 3794452 3792982 3720552
3793159 3858646 3878096 3816534
3853865 3829484 3978366 3809873
3817290 3907400 3801718 3844272
3931194 3826072 3975579 3917103
3938894 3709531 3824897 3847250
3811481 3784474 3880836 3761629
3721929 3693614 3842645 3659880
3713667 3757071 3776168 3756994
3804833 3670661 3825194 3822334
3804583 3837265 3854706 3824429
3818597 3752206 3909713 3862802
3964514 3772473 3907273 3776718
3840899 3772034 3852663 3868241
3843467 3960792 3980629 3800199
3768553 3720514 3834396 3782868
3785393 3863245 3875982 3814033
3898838 3805310 3828235 3897331
3820728 4026729 3955882 3859203
3836102 3820616 3876300 3984469
3979969 4028007 4013476 3932962
4046206 3927815 3961894 4012562
4047950 3956075 3886374 3972824
3964459 3937956 3949130 3944454
3918121 3939674 3759187 4056536
3968397 3878675 3903775 3878575
3881392 3891147 3787507 3939906
3903013 3824243 3796255 3721145
3713509 3823836 3739720 3826843
4012843 3992045 3966512 4065971
3872499 3957510 3845149 4027537
3974927 3815594 3989588 4017102
3881044 3907473 3813253 3997865
3902432 3875295 3921940 3963634
3917421 3802849 3696319 3975240
3873585 3721143 3815420 3774050
3774473 3794526 3737641 3828550
3919778 3977385 3827260 4213043
3949083 3935744 3858399 3985724
3890398 4031033 3704921 4159693
3911138 3897186 3862170 3926084
3824161 4035955 3766489 4120106
3856681 3896396 3798487 3904164
3782608 3905963 3680827 3939925
3740304 3754565 3647655 3798898
3942899 4010293 3941924 3976569
3846746 3920546 4047317 3966096
3888886 3876438 3898625 3957776
3829330 3908766 4115693 3889140
3934125 3926016 3859342 3887421
3871690 3788885 3995152 3899251
3703648 3866554 3724287 3717397
3770015 3848626 3823139 3715946
3930886 3825422 3983212 3876074
3971482 3887897 3950426 3855421
3928118 3831855 4014622 3925954
3939397 3920120 3995467 3843650
3879681 3798617 3999536 3870928
3933665 3870617 3899978 3826905
3810596 3606644 3857011 3807508
3762162 3776390 3793376 3670663
3941687 3891541 4010490 4022031
3965592 4172389 4065378 3948850
3967448 3852423 4013761 3903130
3928568 4101360 4037915 3942567
3897248 3776335 3966844 3928673
3898323 4041276 4036225 3914343
3799082 3710086 3841024 3779310
3879433 3919197 3833557 3945108
3942476 3848449 3992060 3905249
3884157 3909812 3864116 3913142
4020378 3837892 3918171 3774759
3842213 3898412 3786292 3893945
3904332 3709503 3844426 3821089
3808009 3851455 3671777 3823924
3935430 3828673 3963721 3891393
3873743 3951519 3798694 3996844
3943715 3802876 3873861 3917030
3772532 3840255 3798096 3892236
3896080 3845753 3825546 3843834
3786126 3836637 3681483 3936580
3880092 3747589 3750234 3862634
3703698 3786135 3600666 3869380
3876976 3813374 3905124 3937561
3848949 3830323 3807093 3874966
3901993 3980417 3736112 4017823
3846398 3848499 3763943 3887266
3797569 3984481 3678139 4112320
3867587 3825186 3707056 3875293
3785365 3898071 3605137 4002945
3823862 3714785 3698992 3731079
3770521 3949730 3700279 4056581
3902014 3845726 3792595 3831068
3852478 3898572 3795427 3757815
3807487 3845768 3940638 3874839
3849423 3909533 3846365 3857229
3819718 3824029 3962800 3831098
3780912 3752448 3802820 3865619
3812010 3744646 3915540 3758998
3774228 3841935 3786774 3869885
3868050 3763681 3916003 3892973
3858015 3761343 3842580 3797400
3851761 3826913 3836090 3835240
3837622 3750148 3860341 3860529
3838558 3864826 3834751 3842908
3776095 3701235 3812350 3763423
3805578 3722458 3739134 3678987
3871894 3694487 3917497 3777383
3812069 3819644 3838344 3753609
3898783 3814673 3927999 3860679
3907195 3968289 3893919 3892085
3884352 3812553 3877922 3923236
3786044 4003139 4021360 3857760
3806054 3757146 3855009 3837085
3798063 3829999 3922913 3911071
3873024 3810546 3921074 3908607
3855495 4042469 3994902 3843439
3975278 3916474 3953079 3958084
3885274 3908721 3775395 4014100
3969807 3885745 3938110 3926783
3887842 3912701 3760586 3957362
4063227 3928497 4010989 3951698
3898841 3913982 3897153 4018877
4014841 3847948 4033674 3914892
3915738 3948351 3886547 3958101
3957027 3766415 3804338 3970217
3883506 3959593 3791716 3960117
3887396 3796869 3890487 3909470
3869506 3844745 3724493 3876101
4076652 3886898 3900698 3980568
3935067 3928471 3808508 3949569
4067485 3888209 3910010 4022056
3828811 3921293 3860093 3969344
3858244 4016181 3785775 4200129
3856022 3928716 3828458 4000388
3847632 3957984 3750986 4046307
3888308 3829446 3771189 3843360
3945074 4083529 3766184 4027305
3919940 3965524 3850352 3956312
3859549 3962906 3685912 4133223
3920489 3879942 3832346 3878315
3864330 4024136 3864118 3884248
3853138 3940994 4048655 4003857
3909421 3871820 3867271 3858993
3873860 3837328 3992034 3852407
3940111 3911187 3913010 3915949
3930360 3959413 4000729 3934681
3943643 3931530 3877081 3998128
3880399 3903562 4005602 3947103
3893718 3811277 3995503 3929670
3937119 3919955 3946231 3901625
3870259 3749333 3899492 3863163
3917263 3809638 3885336 3864547
3940754 3764697 4050845 3864553
3940123 3962736 3976722 3857462
3849001 3835714 3961183 3913671
3993402 3906157 3996051 3787988
4052148 3912114 3955252 3906415
3884581 3976489 4026523 3918909
3902042 3793850 3955729 3929102
3902234 3984367 4021635 3978601
3983205 3868363 4014659 3990373
4012889 4085969 4059018 3981107
3994004 3912053 3984489 3976686
3946597 4005429 3972195 3866934
4083665 3915341 3977995 3979458
3892990 3974357 3922030 3977039
3842587 3757963 3768120 3834008
3831693 3889130 3729871 3854042
3950558 3856175 3935218 3883503
3878627 3947741 3802793 3931209
3863804 3778840 3896148 3764726
3791652 3758752 3748806 3796437
4022728 3931477 3900728 3993427
3911245 3871586 3815851 3962756
3812069 3737039 3783619 3815940
3738801 3774371 3688303 3778579
3872992 3764610 3832001 3953318
3842270 3843179 3661550 3827100
3791675 3742661 3818042 3849716
3673087 3779030 3591431 3872189
3913441 3965609 3816924 4093803
3894404 3910756 3819100 3942721
3864006 3914434 3684471 4016661
3712722 3733008 3698638 3804809
3873419 3947034 3689622 4133391
3773077 3867244 3706490 3840744
3796514 3920903 3655690 3902042
3831255 3749909 3681851 3803866
3872579 3964994 3884164 3875891
3900040 3760861 3955248 3969827
3731458 3841165 3733598 3790092
3843191 3795162 3903385 3780228
3824465 3861796 3769589 3900288
3847796 3836628 3915700 3899050
3864082 3858281 3878655 3751557
3857099 3753268 3911685 3834096
3873546 3815367 3994661 3931029
3922942 3886174 3973299 3805314
3815957 3644364 3871026 3820351
3859155 3757735 3804198 3765947
3831372 3705891 3887172 3800759
3821673 3759292 3763746 3670349
3872460 3762476 3816639 3678224
3870851 3780739 3754381 3713824
3962142 3833978 4070222 3994335
3896032 4138034 4014980 3940910
3790542 3765300 3801415 3820618
3789216 3964082 3862922 3812921
3859775 3734724 3817051 3850894
3869246 4005517 3879449 3827584
3840552 3740368 3884528 3844055
3809658 3904194 3891652 3874270
4127993 3955255 4067099 3927611
3887720 3968045 3853117 4080057
3958725 3830225 3806651 4008624
3927954 3909682 3804443 3994017
3908325 3864307 3874682 3860237
3893482 3992610 3784624 3898668
3981370 3855743 3845896 3963990
3852327 3941758 3793666 3957687
3984560 3913591 3926335 4064256
3904414 3986500 3881755 3974032
3914899 3823425 3835240 3905205
3819387 3883187 3716317 3883158
3873089 3745600 3863864 3902010
3855643 3823534 3683458 3857665
3912108 3887800 3772671 3963285
3862837 3860607 3778743 3857710
3878281 4014375 3781568 4154153
3950816 3894619 3866006 3943015
3874652 3988678 3677974 4070375
3862581 3861564 3825017 3836634
3824407 3907685 3709046 4050031
3818004 3825265 3743587 3888035
3843370 3978945 3720532 4052045
3910183 3874219 3654683 3833809
3985687 3948723 3884917 4003786
3919804 3937025 4118240 4011216
3825032 3907387 3783261 3863081
3818007 3840685 3955811 3897928
3784177 3865905 3774831 3859830
3868293 3809433 3926746 3829808
3789529 3875134 3872331 3854587
3884586 3833651 4037514 3889304
3988686 3795465 3995120 3903256
3950351 3929813 3881455 3818725
3898920 3718225 3929231 3852521
3836830 3908637 3900572 3721316
3785882 3658033 3905244 3825643
3813820 3839471 3818182 3821235
3825413 3698292 3941254 3811216
3946168 3854560 3940202 3870480
3967951 3907878 4009778 4009466
3968214 4078515 4150077 4017641
3875493 3815950 3958029 3991599
3883994 4030171 4013344 3835999
3854116 3771775 3852160 3907593
3831513 3970756 3980994 3769942
3985024 3853846 3962481 3871177
3841266 4060629 3987840 3867616
3977048 3912089 4019158 4019011
4011806 4007679 3871930 4045767
3833448 3769426 3781794 3866353
3807201 3771757 3692957 3803703
3881221 3732628 3772898 3792494
3769292 3882550 3636068 3825986
4006648 3802721 3879832 3937768
3767062 3847065 3832462 3959718
4013690 3778140 3925893 4031843
3954574 3983059 3867921 4003737
3863526 3709364 3771979 3902913
3775658 3799358 3712246 3915586
3914584 3738099 3759536 3795172
3799794 3685489 3655177 3806876
3893979 3766415 3792443 3883960
3697489 3848213 3682855 3869149
3934016 4037946 3760442 4085115
3995281 3888530 3849191 3928061
3739627 3958469 3620377 3962207
3783409 3750001 3741557 3777992
3820491 3863970 3599967 4053336
3737957 3722224 3606700 3790715
3761373 3936688 3667426 3948731
3866369 3759242 3689339 3790407
3887229 3928926 3919538 3910836
3972215 3931825 4094599 3950629
3762457 3876184 3715447 3818410
3777329 3805852 3959599 3748601
3729685 3787671 3778696 3719061
3775731 3813001 3980515 3821435
3771682 3892695 3722253 3834296
3704251 3856368 3922190 3715321
3917153 3833127 4039563 3904821
4019094 3915043 3970731 3913494
3795766 3639487 3770937 3740374
3820615 3793694 3800805 3776014
3741821 3671843 3766237 3659108
3863035 3784633 3719208 3769569
3754981 3684535 3816174 3833215
3797755 3790640 3810136 3794493
4009984 3927295 4060823 4049218
3946338 4089566 4111994 3949669
3713206 3826387 3864153 3805654
3766049 3909949 3929859 3768986
3819884 3771483 3802606 3808671
3837372 3945851 3928638 3796339
3871206 3739973 3844151 3885289
3766029 3947936 3912979 3786492
3988053 3904741 3994532 3915968
3895256 3975439 3844587 4021210
3889450 3752205 3842007 3809870
3797518 3842788 3711060 3914807
3813111 3831332 3865959 3876804
3855934 3866315 3645193 3896533
3832010 3723563 3792708 3840473
3735304 3677011 3641600 3813928
4039070 3868299 3977540 3931764
3821656 3920281 3815279 3931067
3827770 3828057 3694814 3822126
3757439 3717104 3660179 3810717
3880068 3794172 3775426 3955851
3757759 3851675 3680466 3880631
3810053 3673790 3770433 3851753
3650310 3677629 3565713 3733729
3932006 4040849 3719765 4003210
3869392 3957136 3847883 3826172
3824891 3914923 3618303 3936603
3841084 3706186 3715434 3851608
3820453 4008537 3691641 4045406
3876777 3794218 3744832 3788003
3739963 3856439 3599468 3964925
3723618 3713465 3693026 3755862
3968350 3905663 3888132 3841301
3812509 3906339 4065309 3929178
3823453 3778161 3720107 3820234
3759735 3847362 3905137 3793779
3847897 3880314 3853159 3777067
3868699 3815758 3936827 3847749
3705899 3843875 3683987 3759569
3786727 3786402 3900407 3717650
3956933 3801786 3996630 3889656
3948389 3857225 3899874 3899773
3810554 3673137 3820323 3774516
3796746 3682400 3878745 3720185
3800528 3655532 3814282 3760775
3827780 3814605 3796163 3770423
3693780 3641574 3796176 3733469
3746205 3651589 3721300 3695733
3908100 3866086 3994123 3978271
3919092 4004234 4061819 3991534
3830970 3712155 3792778 3819824
3811243 3877232 3786533 3780698
3930678 3746831 3843288 3837705
3857226 3989184 4007610 3894159
3767204 3655641 3855331 3688210
3729873 3876329 3804431 3833715
4078868 4001238 3988025 3872171
3894488 3991008 3891661 4053016
3896459 3855277 3834800 3802885
3813916 3809942 3721259 3871712
3894186 3728447 3879375 3755253
3818198 3755564 3597166 3851670
3983803 3808749 3875319 3868393
3901797 3842067 3753421 3875893
3998977 3766872 3931669 4053358
3957234 3939169 3812766 3968464
3884395 3739646 3768215 3883823
3731278 3825219 3535009 3743468
3828462 3706082 3763042 3785137
3707325 3733683 3586572 3835027
3869259 3780684 3805619 3937549
3799279 3832704 3664362 3896665
3911487 4119172 3828485 4172473
3935510 3939571 3792043 3953165
3776857 3922822 3679536 3933279
3743862 3671174 3673121 3756633
3778115 3870783 3635895 3967173
3796225 3775404 3681906 3802167
3779888 3952051 3740991 4000361
3883258 3852054 3770406 3881980
3886117 3960350 3840398 4029673
3926628 3978619 4017029 3948959
3751855 3812623 3672036 3768175
3781560 3766767 3855584 3836536
3691828 3747047 3790527 3651852
3777622 3760544 3800443 3794208
3856192 3919077 3794371 3882345
3810008 3836297 3888101 3857179
3929063 3854852 3946382 3906640
3991655 3874209 3937163 3858202
3724409 3627617 3798514 3707457
3791740 3670156 3633887 3607370
3825356 3673655 3768050 3696414
3821700 3700636 3790734 3750282
3842764 3725669 3866484 3782572
3866896 3828172 3938695 3766418
3909544 3901604 3938518 3945402
3871537 4061229 3990582 3946057
3720282 3698619 3839701 3835598
3748831 3881875 3951483 3810040
3708863 3712866 3734162 3798020
3770455 3932281 3858630 3802788
3955756 3758305 3918230 3848902
3848704 3972719 3948033 3759130
4018712 3912939 4035311 3961898
3951230 3962072 3913260 4042796
3910603 3755422 3849653 3824179
3800612 3865754 3760715 3867302
3915994 3769486 3910919 3859715
3762834 3911829 3749095 3906361
3942391 3873675 4023302 3929359
3883184 3986638 3855371 4045520
3960694 3974515 3947687 3930353
3885549 3950808 3828157 3925273
3891438 3795277 3872594 3930514
3776174 3797594 3725479 3900256
3952628 3883948 3897433 3898081
3821777 3812210 3746021 3928787
4004779 3827258 3961751 3966031
3945151 3850825 3770184 3962626
3992935 4009179 3811448 4072944
4003229 3887855 3928419 3991663
3805839 3962733 3768805 3919310
3829795 3802693 3675543 3850757
3839546 3914399 3652248 4030516
3863268 3765404 3690763 3822061
3937843 4066745 3832911 4131585
3867320 3866212 3833853 4033905
3893468 4012704 3894679 3925238
3933801 3974758 4091485 4057351
3765903 3846929 3793054 3806395
3850523 3791563 3856764 3808589
3842308 3851379 3797456 3880358
3770842 3881166 3922834 3862976
3884420 3967952 3920534 3964738
3890842 3970849 4063009 4002429
3904058 3789516 4009189 3841212
3939538 3963833 3875937 3868315
3856847 3583023 3807520 3812002
3855892 3792541 3811560 3781018
3828975 3740904 3839827 3819013
3911380 3815138 3824069 3779183
3838290 3883197 4006795 3881170
3895687 3897318 3920634 3817252
3989027 3912934 3936845 4001227
3879097 4084865 4036692 3948987
3927386 3764240 3905338 3807004
3858566 3996524 4012839 3912289
3829033 3764990 3919797 3853159
3860229 3966515 3951180 3858473
4002929 3883576 3984160 4045274
3861178 4081308 4039876 4002905
4110664 4017666 4065760 4008176
3954236 3954369 3811227 4018038
3939664 3858056 3940457 3897403
3763551 3874498 3814688 3856578
3905623 3899326 3959196 3938782
3899393 3865415 3807640 4012257
4035730 3952829 3975824 3914676
3954590 3956665 3794300 3944196
3982417 3897769 3914893 3991316
3821126 3930737 3811891 3996791
3908546 3803360 3804858 3920443
3830570 3852490 3727991 3835575
3960123 3768629 3833008 3873462
3816710 3851566 3750104 3979735
3969859 3864053 3918292 4011159
3854663 3888263 3835750 3989299
3962973 4068030 3773401 4121164
3933093 3905703 3811350 3944845
3918511 3949760 3689857 4090154
3866595 3838413 3790232 3815345
3861014 3976026 3814244 4038560
3820516 3842742 3666179 3809164
3871648 4004020 3752708 4118563
3912388 3885356 3851974 4058932
3855191 3961195 3842681 3954808
3915878 3910801 4081006 4015572
3857357 3905246 3869372 3920793
3778806 3876763 3880135 3885318
3865444 3910363 3894438 3840023
3830349 3902935 3997811 3851258
3867389 3933487 3865910 3981947
3859229 3834522 4070902 3975653
3960266 3825502 3944013 3967210
3950715 3925471 3986064 3849098
3872048 3754987 3870452 3817127
3891132 3785850 3889680 3812255
3845729 3789900 3958433 3826789
3850106 3878285 3869590 3830426
3882738 3804694 3980251 3859837
3939286 3916114 3988526 3823092
4004111 3920019 4017171 3958472
3862304 4024001 4068631 3983477
3871307 3789789 3883249 3907235
3826599 3957741 4043793 3884651
3958408 3779191 3998731 3949803
3962945 4034239 3953919 3875986
3959350 3921840 4024143 4057581
3933888 4067498 3975832 4027640
3842377 3682113 3744092 3846595
3698426 3813977 3579961 3782631
3978458 3854041 4016221 3995942
3915695 3890959 3834490 3951044
3854889 3715345 3832256 3769486
3779290 3849605 3775972 3812481
4005431 3817897 3923386 3918431
3894369 3900351 3866196 4000000
3820954 3718961 3705256 3816958
3680601 3680925 3593009 3805205
3960424 3824489 3940642 3934115
3877728 3887574 3880514 3910116
3853286 3677390 3758839 3845758
3682189 3709999 3705858 3894357
3997515 3830597 3985959 3921998
3855390 3899716 3783289 3987536
3696390 3880315 3623954 4017315
3717598 3685043 3645191 3735971
3865656 4059970 3809245 4111980
3938270 3860444 3775618 3892538
3753596 3863941 3657438 3942726
3762331 3776214 3638377 3777080
3951200 4026932 3744792 4120216
3912113 3833849 3762885 3925918
3698355 3715057 3717063 3843113
3645852 3817878 3835314 3708278
3883079 3939850 3879587 3909639
3986805 3901433 4029999 3975458
3774767 3904370 3714446 3747693
3744399 3739735 3773003 3864996
3964325 3947244 3884727 3883350
3938113 3856115 4006839 3960784
3709047 3552419 3813096 3692173
3802374 3666746 3815237 3676069
3959045 3867069 3911501 3809867
3968297 3868335 3843381 3810287
3739894 3676866 3817482 3785174
3815236 3779870 3787151 3698862
3845081 3674345 3950254 3862206
3914133 3889933 3947213 3856061
3711865 3625834 3857018 3835155
3717767 3915647 3854004 3709771
4016308 3814085 3950835 3930897
3930671 4053795 4074803 3921862
3835433 3699864 3780901 3812640
3751204 3757631 3877788 3832112
3888741 3789942 3957110 3962813
4026778 4002462 4071400 3886255
3779065 3873807 3739096 3704610
3923680 3890693 3979581 3821791
3919423 3956271 4069070 3835956
4211255 4075445 4188091 4109397
3734740 3921596 3892233 3671126
4025640 3898002 4002752 3997893
3579093 3826923 3740068 3718373
3967493 3847631 3935003 3855518
3943861 3755626 3835887 3759376
3819569 3879430 3744008 3925505
4017856 4043695 3912382 4011274
3996486 3996080 4009686 4080914
3918590 3739816 3750590 3788794
3845082 3876431 3770967 3890469
3886076 3856520 3785081 3747385
3732776 3846315 3696371 3756298
3897314 3940506 3830847 3878992
3707752 3876452 3854406 3790715
4038182 4014866 3957491 4016631
3943657 4110923 4040111 4028783
3997498 3810414 3844717 3845915
3745360 3886043 3783837 3830365
3911512 3806062 3759593 3797916
3702667 3876886 3788491 3667446
3873261 3826190 3717808 3787313
3781979 3810175 3832795 3928693
4092284 3964872 3943162 3999686
3942538 4068557 4012185 4116686
3911818 3905550 3779259 3779226
3800524 3868700 3871708 3963320
3881267 3743351 3747484 3808721
3698889 3832247 3780474 3803247
3862625 3958249 3750197 3890098
3783652 3793748 3763704 3818084
3940599 4105862 4022622 3993040
4000432 3976065 3953631 4039170
3813726 3868712 3883733 3805348
3756423 3887667 3894589 3854008
3699094 3912806 3713071 3828172
3717133 3787008 3849255 3770332
3898267 3894022 3682447 3819038
3790637 3970443 3738863 3868522
4060187 4060227 3940096 4020120
3921434 4139347 3900887 4105780
3973983 3910793 3753627 3840110
3784016 4016423 3796021 3899392
3899571 3860754 3777238 3827249
3620118 3916304 3636444 3812670
3765477 3986288 3826487 3748166
4017286 3941569 3915631 3909695
3771522 3938153 3836068 3813217
4067016 4020439 4026076 3898688
3788238 3855599 3776560 3680115
3938204 3838375 3933398 3862961
3778213 3863933 3834458 3720596
4047235 3887277 4003328 3953605
3944194 3841514 3946857 3829380
3879959 3891301 3773057 3847565
3983010 3802124 3887790 3867151
3869956 3887057 3780996 3926041
3877756 3837914 3729832 3797746
3729609 3850554 3701505 3928654
3905472 3767853 3810842 3765959
3854804 3804803 3745127 3911475
3943345 3832889 3904398 3896742
3761214 3966053 3936703 3847296
3929714 3948422 3889664 3892175
3812419 3901627 3878963 3845831
3813155 3913231 3830188 3888141
3791427 3910492 3852784 3884715
3937174 3898617 3857168 3801811
3746286 3934429 3923007 3788621
4011558 3826552 3782047 3853489
3861686 3871667 3910072 3928748
3969618 3843275 3848428 3908874
3840994 3860675 3908343 3936104
3950171 3783498 3728182 3707716
3791165 3792187 3842684 3958210
3975267 3848572 3803094 3851069
3824834 3909888 3942728 3833849
3830645 3950257 3810901 3874199
3815195 3804620 3855816 3823272
3862001 3980565 3782398 3961597
3817420 3881600 3860564 3818515
3808482 3830827 3771337 3819037
3692842 3752073 3766645 3893872
3943472 3943841 3786674 3807186
3774756 3782228 3829591 3877895
3964447 3914374 3773191 3908191
3791513 4085384 3830720 3973193
3908259 3856329 3772636 3805369
3763652 3993228 3751585 3958490
3864096 3822881 3683779 3822537
3785273 3895682 3712254 3862077
3983699 3858330 3809046 3842852
3735499 3962373 3790154 4026369
3822265 3932466 3881768 3831280
4058083 4012605 3997800 3920473
3818549 3877555 3901083 3722887
4011832 3924965 4081677 3932410
3677079 3829356 3867920 3704994
4108730 3939574 3914958 3891744
3796376 3997330 3850618 3739934
4065316 3930886 3961508 3928576
4033130 3860155 3977677 3824976
3914646 3988332 3781970 3956127
4029196 3828080 3899867 3853150
3895856 3867287 3811071 3945852
3948105 3818124 3855569 3798562
3818005 3887663 3751996 3981607
3983119 3832189 3877403 3877389
3847358 3966864 3769286 3899138
4006605 3890325 3831219 3894544
3791737 3987237 3960677 3778549
3907717 3951161 3874509 3910574
3745062 3881928 3942409 3854563
3799151 3877960 3892104 3782825
3770859 3891468 3904887 3800119
3905036 3833215 3875538 3903356
3780959 3916283 3874511 3838467
4007498 3877658 3855963 3914027
3863672 3960883 3936237 3976773
4067195 3857696 3778022 3892995
3916910 3929082 3980958 4016228
3947053 3786014 3759060 3788696
3839116 3894579 3881460 3946032
4055762 3906105 3804555 3856277
3856027 3854308 3861368 3988785
3869629 4012256 3905458 3865436
3901320 3885838 3853419 3829293
3879359 4038067 3843890 3902248
3837708 3795016 3847405 3855127
3784364 3914633 3876042 3876856
3773996 3891044 3932324 3726401
3875421 3987855 3829749 3961048
3861631 3862358 3809974 3898487
4040285 3958230 3801114 3840273
3851663 4122893 3816291 3954238
4038401 3853921 3866948 3900103
3847939 3967667 3864097 3957704
3909917 3801533 3792760 3869937
3737394 3923295 3743059 3833669
3957542 3923493 3774696 3888410
3787418 4011125 3835858 3908135
3739958 3822557 3795270 3737697
3990361 3975743 4002754 3848117
3641814 3664994 3647663 3584436
3854667 3804427 3842645 3757519
3864240 3973007 3866879 3719921
4153631 3964811 4016502 3888444
3642050 3809944 3839876 3642348
3897194 3808030 3774568 3773073
3941876 3771894 3871622 3867302
3801391 3821733 3773492 3907001
3717856 3661564 3746261 3645230
3713945 3726578 3652150 3763175
3965138 3833790 3837773 3871113
3898956 3940331 3809606 3827992
3782274 3704262 3769292 3759905
3681588 3785277 3665034 3894008
3915350 3883702 3803892 3875104
3676236 3919999 3893605 3746416
3720195 3775855 3639476 3716588
3560818 3798666 3692487 3724750
3945094 3884194 3887369 3925139
3779355 3953809 3921893 3873368
3837179 3756640 3746609 3760897
3656233 3806302 3688931 3668476
3898533 3784613 3746474 3786104
3915179 3846683 3881745 3984153
3821788 3609552 3673811 3673601
3721083 3834675 3774907 3726333
3980734 3856942 3800214 3886720
3851765 3894363 3977842 3974876
3888661 3705486 3658364 3671919
3747842 3795710 3744652 3796080
3782884 4001440 3901334 3874996
3756158 3801216 3815942 3888993
3756135 3817211 3668720 3742038
3641512 3659855 3727662 3649733
3917520 4025548 3817699 3875691
3832707 3810599 3823028 3858000
3731025 3879102 3679397 3806170
3639776 3693345 3769522 3739671
3982043 3823545 3731225 3785203
3703486 3990191 3750536 3883137
3792843 3713100 3648832 3690623
3667062 3862432 3681189 3776595
3994763 4016288 3811797 3783621
3808998 4006550 3689116 3946491
3787304 3740697 3634055 3667537
3684107 3876573 3643062 3784716
3748306 3888253 3857946 3826157
4018395 3989725 4038681 3935293
3718362 3803790 3823424 3702450
4040265 3883366 4030988 3865613
3764336 3901167 3949789 3772080
3972280 3942957 4046008 3854780
3676725 3836481 3830837 3771161
3933177 3862342 3973806 3833232
4043456 3803443 3941379 3814678
3868309 3958394 3769607 3979377
3919419 3799759 3910438 3892904
3851873 3929280 3788457 3868448
3974933 3827006 3842221 3893874
3855885 3862640 3762298 3877386
3808754 3756078 3842390 3744211
3831776 3902600 3801772 3898195
3921063 3903030 3890975 3891006
3818097 3967403 3940109 3795221
3962584 3884070 3855103 3735657
3774064 3924825 3916738 3873221
3926137 3804162 3821101 3903516
3731772 3942453 3890058 3797362
3901556 3836250 3849924 3764150
3731430 3805591 3848866 3827577
3987401 3861063 3839638 3877151
3868745 3890606 3926748 3939820
3968914 3854428 3743641 3793117
3816135 3893221 3817629 3954801
4036202 3792373 3814500 3836313
3861649 3878127 3851571 3858447
3925437 3761948 3630266 3795098
3836607 3856846 3777086 3856981
3945968 4005123 3868506 3940649
3815454 3812772 3973071 3942637
3853579 3966622 3823509 3841737
3799269 3853282 3858335 3828714
3824348 4065896 3913940 3894008
3862192 3751088 3840652 3821249
3795294 3877747 3690447 3889310
3685199 3740106 3824859 3787167
4018585 3957925 3814186 3923214
3877475 4025091 3883620 3920930
3925594 3890728 3719646 3896285
3833857 3992578 3816160 3876548
3916651 3889354 3817545 3860431
3857382 4031791 3822049 3982917
3852006 3845439 3763689 3762424
3739278 3873248 3739009 3854412
3764317 3861112 3925133 3727834
3985343 3922923 4012869 3956511
3644178 3732448 3718700 3642357
3848253 3834289 3911949 3818941
3702694 3834203 3706138 3683552
3994339 3914955 3962114 3833371
3686866 3855193 3833452 3760148
4004463 3973431 4009401 3976934
3879252 3798523 3824679 3750157
3787110 3860584 3766428 3847786
3772814 3683944 3815914 3715326
3685813 3738469 3691385 3804704
3889204 3720634 3856091 3794339
3706509 3827249 3697066 3895677
3942925 3813195 3839896 3843333
3871349 4009832 3784851 3843551
3887228 3803324 3798775 3855025
3679812 3982189 3923079 3834065
3814476 3766481 3652351 3761128
3675704 3855146 3713598 3655010
3832680 3897483 3765233 3819597
3708195 3902227 3906374 3737660
3956579 3868514 3912804 3846700
3868565 3946203 3906625 3882664
3909027 3782715 3801480 3873756
3860810 3853700 3927632 3919380
3822555 3786729 3631236 3679352
3775655 3780033 3758294 3811307
3954815 3845745 3688103 3758378
3815138 3872524 3755425 3823286
4074135 3894375 3786593 3919592
3832524 3876211 3916507 3918194
3779392 3979503 3844440 3818004
3842194 3815476 3807486 3809686
3716808 3895484 3724737 3706461
3664038 3706284 3706707 3737655
3832758 3886916 3792165 3803125
3656824 3844763 3780717 3811099
3897918 3963623 3873723 3801388
3833605 3845287 3898548 3856964
3886821 3923822 3808261 3821468
3764497 4013126 3818605 3926711
3813497 3797335 3730982 3807495
3678798 3876895 3709052 3843708
3863815 3825259 3738600 3800606
3734672 3924037 3738661 3873664
3923071 3974871 3752791 3890599
3845872 3973615 3808445 3979913
3865486 3972596 3966426 3887387
4082222 3996360 4123227 4049125
3840854 3859511 3897955 3732126
4074787 3868194 3972355 3884644
3598306 3752286 3751869 3630205
3884486 3817759 3947569 3833125
3815131 3911431 3927343 3693977
4091123 3950382 4022546 3875790
4032449 3927271 4003824 3890953
3945646 4040984 3896728 4010594
3879049 3783978 3805278 3836211
3857366 3891313 3760810 3913007
3915441 3726394 3819232 3729065
3715047 3795226 3620528 3844805
3962307 3841951 3856034 3872918
3852082 3932992 3846377 3934336
4015217 3960435 3980390 3933519
3881635 3972700 4042067 3904030
3962167 3828685 3832658 3860346
3762704 3935359 3899352 3895908
3895780 3782139 3805420 3783363
3738693 3835583 3755630 3780117
4044500 3904499 3966997 3914711
3802751 3956059 3952841 3874321
4078638 3948237 3931449 3974436
4050353 3930335 4005341 4110540
3989273 3888432 3788007 3895606
3785138 3867268 3906509 3930707
3951954 3811695 3680915 3690417
3804057 3822889 3798027 3867465
3994934 3940709 3879581 3885899
3851919 3941423 3973342 3996876
3964694 4032349 3937014 4087403
3924698 3936683 3932285 3940718
3853235 3976622 3795641 3894232
3813104 3848953 3782844 3843200
3787049 3874320 3688915 3792036
3697495 3813257 3752891 3793064
3825008 4037182 3884798 3955691
3897129 3893096 3871974 3924358
4058272 4039673 3879103 3988083
3871390 4161042 3918957 4070855
3972072 3856380 3762522 3805104
3840020 3975486 3754744 3939876
3797701 3842936 3708963 3711610
3716291 3897803 3725725 3842604
4013484 3876146 3806003 3905618
3884551 4065141 3824303 3987078
3780442 3863206 3930842 3667300
3982169 3957528 3958968 3936065
3779822 3923679 3813936 3705094
3955375 3990233 4048601 3907264
3798907 3892980 3835335 3707757
4081269 3887700 3997009 3884274
3691143 3858588 3876092 3667287
3992004 3942130 4028625 3910983
3968537 3853407 3973924 3859794
3852034 3926177 3837620 3925031
3989144 3829897 3842763 3887343
3825176 3864391 3777631 3890754
4014961 3771658 3817827 3909661
3776453 3946100 3766120 3959817
3886732 3812301 3812426 3832067
3800398 3938450 3730215 3918661
3914765 3919744 3870457 3892197
3924949 3864910 3863235 3827885
3917302 4008501 3921114 3828211
3797422 3998615 3912030 3848453
3991722 3856595 3901170 3841919
3726891 3980526 3895408 3792956
3871265 3939368 3845028 3906727
3807388 3873608 3892662 3869983
3999526 3864156 3818371 3854364
3905110 3877466 3848351 4014317
3946691 3862557 3774258 3851996
3925752 3893162 3892238 3920246
3986505 3898278 3882489 3919388
3867162 3836738 3896841 3883462
3956688 3831211 3774936 3850469
3823645 3812798 3846378 3911925
3811142 4014591 3849609 3912288
3896936 3867287 3882193 3862134
3966383 3942929 3772242 3914618
3763385 3746062 3852640 3818436
3830303 3937175 3839039 3927791
3852077 3842954 3855469 3913552
3922863 3910022 3798399 3931088
3842598 3851892 3828041 3843042
3879585 3944864 3858363 3877969
3800592 3967103 3865484 3876322
3998686 3917702 3807148 3900507
3803615 4040769 3840826 3952710
4007797 3877802 3724428 3940280
3825171 4013284 3845100 3889960
4010064 3797391 3765306 3822438
3741037 3975733 3839838 3924580
3821721 3971274 3919712 3822406
4162377 4053679 4069669 3954198
3778647 3930641 3854297 3775181
4087866 3962427 4108896 3867664
3882208 4045758 4020416 3899497
4252887 4139892 4148237 4118927
3692644 3819016 3837830 3695434
4030668 3884228 3972754 3869086
4036261 3999599 3958022 3949462
3919904 4025761 3875897 4007343
3914073 3905285 3791927 3908365
3837956 3976198 3763388 4036350
4194355 4060239 4007512 4069537
4013818 4126861 3922083 4062776
3929626 3857289 3747302 3850959
3736767 3860157 3717891 3964039
4048430 3888394 3923525 3899483
3794153 4099576 3932097 3986164
4008543 3936345 3860388 3917028
3818594 4092504 3944146 3898288
4163226 4052567 4053944 4026852
3893685 4119118 4080233 3947810
3951677 3832392 3873028 3875310
3748448 3925151 3859004 3742534
4045870 3927481 3925591 3947014
3852301 4020892 3882879 4029926
4006778 3961127 3837790 3951107
3915998 3961486 3947241 4054040
4131315 4076965 3942135 4007273
3997991 4057062 3965757 4123639
3978391 3869002 3763412 3864074
3733589 3857904 3843217 3873147
3840224 3994714 3832721 3990877
3899630 4005088 3920348 3986229
3974054 4074798 3922827 4005119
3814533 3890502 3907621 3978561
4110430 4120147 3950587 4093669
4104461 4027888 4031674 3958112
3871393 3934589 3760327 3858286
3843630 3783495 3785187 3853417
4017962 3960409 3906678 3943441
3870042 4028832 3891459 4051335
3997422 3957267 3873227 3854128
3867761 4132143 3809161 4010008
4115882 4075089 3996200 3967484
3924217 4237918 3982359 4077616
3934822 3869708 3757261 3835515
3740249 3999278 3833116 3906314
3636881 3751537 3761194 3573958
3933437 3847777 3882940 3825491
3741098 3908029 3852969 3671383
4027470 3880856 4005389 3851320
3854760 3909322 3826952 3700881
3968426 3898839 4040602 3895263
3816901 3923476 3868970 3814977
4136855 4053961 4154955 3947277
3845960 3761554 3773844 3739352
3778758 3808193 3717349 3841029
3924684 3765692 3854063 3774688
3830977 3812309 3736034 3819455
3855664 3918563 3792877 3759922
3820578 3887818 3778915 3873538
3989293 3841761 3917156 3789643
3918105 3972940 3813775 3959489
3769105 3755176 3717580 3783365
3708151 3853870 3834248 3658225
3881412 3915070 3867468 3881334
3776214 3921148 3893994 3810248
3973235 3916794 3794011 3767470
3790439 3914609 3791013 3843788
3919184 3845212 3866412 3796715
3863773 4044797 3899983 3785054
3924200 3681326 3697956 3722711
3808301 3761157 3745076 3808431
3940553 3858810 3678642 3833495
3754865 3881529 3790516 3972227
3987889 3804533 3849441 3809334
3899692 3844907 3910037 3945551
3916208 3896322 3890072 3859667
3949013 3868760 3901507 3921598
3737893 3888786 3749655 3825691
3714132 3708363 3770022 3750556
3820464 3915862 3913284 3897419
3733122 3808369 3766189 3799868
3889484 4025575 3778185 3875751
3771365 3889710 3888630 3881455
3952765 4043292 3866916 3898809
3808128 3851470 3888490 3913611
3939882 3815398 3728655 3762110
3706565 3895686 3712820 3847820
3889608 3795428 3697364 3825891
3816673 3942686 3697038 3899209
3965828 3792337 3774331 3816777
3778484 3901221 3835447 3861560
4007878 3988962 3952748 3931083
3858865 4024943 3844564 3932941
3638695 3632945 3623368 3538961
3877850 3760055 3775336 3674135
3914229 3979125 4051283 3866543
4074916 4078196 4093580 4024078
3871252 3983056 3941881 3791615
4112857 3985226 4185442 3953650
3779107 3880294 3813804 3649791
4026548 3886981 3974121 3872763
3749638 3619030 3698913 3668847
3636878 3713067 3663099 3807184
4065006 3941919 3976497 3830902
4049639 4007372 3878891 3982300
3994819 3862753 3969835 3917502
3978324 4012302 3866120 4069636
3923294 3817826 3793899 3851750
3826087 3838456 3718680 3903170
3720113 3632579 3616204 3734385
3536290 3783856 3739997 3604984
4055764 3976906 4054018 4076596
3818681 4068692 4032620 3942736
4089744 3942027 3975037 3932475
3838332 4022007 3999075 3998491
3926988 3853449 3828485 3825905
3748336 3862020 3798396 3763243
3874234 3637824 3638203 3650729
3745883 3718461 3769681 3780472
4103939 3997020 3821570 3950109
3884281 3995563 3973384 4038904
4166566 3878222 3912232 3879345
3911571 4008318 3975936 4022271
3951079 3876216 3731312 3781048
3836201 3865100 3834792 3918864
3581742 3768751 3700590 3710733
3515322 3565619 3683781 3683336
3967451 4063297 3963848 3882064
3949545 3932924 3928718 3899146
3944471 4120798 3894366 3999208
3932644 4063038 4045398 3920342
3832794 3969312 3799074 3845659
3793276 3809467 3828000 3800249
3756078 3754493 3611386 3746394
3564529 3924738 3660199 3775763
3998697 4027949 3812155 3957378
3941261 4069205 3945627 3978019
4053725 3991003 3873345 3910781
3899798 4099072 3924415 4020725
3900854 3823129 3745995 3818176
3730802 3970852 3827146 3933087
3555768 3742141 3658984 3584156
3861408 3665579 3843570 3731042
3888324 3973532 3933291 3831504
4080647 3897188 4094906 4003805
3751654 3976899 3925080 3711144
4069403 3975559 3973222 3829006
3907159 3947804 3989622 3775740
4079310 3931948 4106791 3964749
3833852 3637859 3701395 3677599
3655320 3823430 3577244 3695831
3986358 3902940 3900587 3866990
3917769 3989405 3795281 4049677
3943303 3813806 3930681 3912443
3832694 3948812 3789464 4025799
4058089 3847547 3951478 3900918
3991245 4025108 3874381 3928181
3846444 3638985 3671715 3769028
3668726 3769847 3694501 3583799
4074456 3915282 3855649 3902649
3938556 4050907 3949041 3876849
4047241 3939561 3951323 3913581
3777973 4009334 3953983 3849302
3979405 3987555 3896268 3947131
3863988 3996589 3955472 4029339
3783193 3660088 3590963 3664415
3667181 3717889 3675040 3711090
4038819 3901535 3845054 3860188
3891107 3995201 3936264 3976435
3975287 3864747 3787943 3860950
3845816 3841411 3897704 4036632
4100150 3948279 3776984 3957082
3947205 3875915 3960429 3994105
3671992 3745206 3654531 3763764
3639568 3678068 3702184 3681627
3912011 4079587 3846172 3973505
3895929 3882001 3936940 3919401
3857061 3997276 3847675 3872657
3846521 3896447 3880789 3833359
3990243 4010570 3891858 3941229
3911960 3919200 3974776 3977772
3739835 3741725 3586948 3743954
3708704 3781424 3716208 3814805
3984841 3922649 3844852 3902550
3882962 4075774 3906897 4012008
3968251 3960859 3814204 3951208
3821239 4046198 3901559 3946395
4004089 4021069 3766134 3867401
3900455 4090622 3904430 4098388
