3873370 3817393 3779682 3780924
3878278 3892699 3772499 3829977
3956780 3804435 3870177 3797073
3887352 3848158 3811783 3864999
4011506 3810793 3986092 3889567
4082672 4015189 3949107 3919798
3888669 3812608 3843170 3867049
3952824 3899447 3765599 3886123
3807029 3848041 3831947 3923787
3765743 4019575 3618373 4047580
3891787 3880033 3831144 3888657
3788653 4021841 3702245 3945226
3962318 3969304 3845471 4060917
3961058 4209055 3841688 4126208
3899662 3871823 3830672 3970493
3852280 4067656 3818174 4028753
3800148 3805142 3812338 3754818
3765322 3851275 3902984 3831191
3666570 3814177 3797677 3687796
3800785 3880393 3904752 3793864
3846827 3988121 3934107 3920976
3943151 4021871 4021698 3952989
3813782 3847402 3803323 3830360
3894240 3877057 3965200 3887262
3916773 3721934 3911722 3855110
3864235 3733040 3798649 3827163
3895561 3733387 3776817 3879662
3857995 3775112 3991570 3797925
4035670 3917731 4078223 3892355
3947520 3832777 4092150 3992001
3968039 3881323 3877442 3909891
3893801 3714449 3948929 3928064
3933384 3793305 3786849 3823974
3822866 3895936 3832949 3674848
3922142 3869144 3798447 3922035
3869596 3957557 3829065 3751961
3971875 4026129 3902653 4013307
3942386 4072405 3955436 3852147
3993816 3879560 3848858 3907228
3829728 3971853 3886782 3839562
3765817 3745705 3918931 3871431
3917023 3789246 3788867 3868190
3800559 3780197 3936534 3919833
3915789 3827180 3750997 3908238
3990249 3914554 4071533 4022409
4069117 4008064 3804849 4129828
3840444 3796400 3892177 3886645
3915414 3786999 3696464 3955107
3948739 3914282 4043121 3833669
3993731 3995756 3934393 3893890
3922990 3900991 4015062 3789596
4029072 3936849 3861644 3879621
3959280 3916393 3927959 3874178
3978003 3952264 3909908 3933080
3847653 3781931 3778402 3757652
3837215 3844364 3780447 3693518
3912993 3965168 3720818 3978717
3942666 4069881 3737942 4093192
3894258 3906849 3824698 3967518
3743750 4098900 3657570 3960556
3918418 3958100 3827741 4080989
3926021 4128936 3747678 4089702
3786875 3783658 3801954 3885177
3859116 3939245 3625031 4014743
3905948 3990401 3867806 3745453
3927940 3901688 3954310 3889562
3709729 3849194 3876960 3910926
3870567 3911268 3974135 3926759
3917683 4075203 3878188 3848278
3895701 3982777 3945922 3991509
3729305 3844034 3713193 3661433
3694890 3764108 3774878 3725075
3943588 3810624 3962982 3940506
3969955 3713621 4048277 3906279
4002851 3899272 3921755 3888770
3955694 3707717 3922593 3990172
4110628 3815309 3916554 3950310
3969296 3787213 3976375 3926295
3885773 3775606 3767525 3886223
3839254 3650620 3867588 3736781
4013151 3903581 3891289 3931869
3948987 3999326 3896719 3823315
3998434 3951943 4010979 3930643
3953346 3943685 3909800 3860603
3981576 3934237 3933537 3920850
3987145 4093765 3896066 3903314
3833522 3811627 3751258 3831785
3858982 3889894 3870016 3737326
3929079 3892339 3989882 3890153
3940585 3924117 3773643 4001507
3907903 3801227 3946230 3910544
3978024 3928933 3846302 4059695
3953945 3879706 4030157 4001967
3963953 3901748 3796198 4008706
3805354 3779497 3922939 3771022
3863995 3695059 3714591 3742720
3823152 3931362 3911669 3881986
4013525 3880535 3833648 3844095
3969695 3950927 4057633 3891267
4060077 3924433 3882513 3932015
3960276 3904100 3915329 3909884
3997759 3969279 3994373 3989040
3768893 3799804 3823750 3823342
3852302 3815269 3731316 3842223
3916463 3913651 3796143 3997932
3878514 4058278 3779007 4105004
3994585 3933625 3910767 3984600
3957921 4099344 3746829 4118116
3880371 4020801 3853839 4074271
3984053 4191889 3779939 4196091
3789465 3855170 3710291 3863510
3759296 3975253 3716485 3919318
3786230 3851948 3879280 3841591
3860793 3919140 3966806 3919210
3841086 3962970 3897066 3878926
3891868 3986359 3944644 3970851
3828955 3993077 3913296 3937881
3981822 3961258 3956141 4001115
3634481 3808203 3808386 3721216
3820539 3947639 3876849 3839131
3942126 3868611 3874068 3874692
3871541 3762375 3975157 3924375
3956784 3852558 3874329 3969952
4001757 3785760 4083052 3960239
3983142 3979282 3934249 3933069
4030199 3883695 4048038 3979092
3890541 3825997 3844584 3892711
3934199 3713989 3963800 3879484
3941941 3881630 3857227 3879965
3901368 3974744 3932330 3833657
3997712 4005112 3791189 3980384
3971231 4052466 3874230 3893754
3976252 3969783 3945550 3963959
3983446 4011352 4016110 3865432
3875297 3826475 3853897 3808167
3867563 3872927 3840300 3733669
3902435 3812573 3945855 3986600
3896021 3946112 3826111 3878915
3891537 3850544 4017356 3957651
3966851 3946389 3884923 3954123
4004885 3841046 4077655 3991623
4014240 3967797 3918437 4015230
3767848 3789088 3837037 3913609
3852852 3837103 3714234 3942528
3934864 3934142 3962458 3928028
4030323 3957891 3905441 3946589
3871737 3949261 3991309 3828569
4005990 3979064 3954771 3905102
3844986 3680619 3736350 3697341
3786949 3853566 3750068 3769387
3869347 3833907 3797980 3808465
3931302 3860956 3835070 3858524
3940585 4049223 3918323 4088888
4000909 4051293 3725808 4229727
3946215 3941901 3916635 4083375
3939800 4021241 3843193 4155747
3804244 3804604 3709714 3882542
3813017 4039240 3584385 3930921
3768055 3813380 3795383 3907045
3846095 4007002 3681267 3916714
3810754 3951868 3940921 3775675
4008937 3905557 4001854 3927104
3944308 4039184 3846704 3852004
3906186 3990877 3966321 3922719
3728642 3776076 3745524 3675562
3648824 3827024 3872482 3802661
3709760 3863372 3846898 3780485
3895146 3928186 3772581 3844695
4049614 3888047 3953194 3961766
3986282 3850224 4081419 3936564
4069885 3947805 4001047 3948530
3964623 3770066 4091282 3872695
3843645 3798097 3802293 3719025
3671355 3704707 3915882 3757942
3887928 3816246 3884894 3835594
3782445 3760698 4008448 3850682
4085699 3993640 3933297 3975823
3934295 3967145 3881563 3862383
4113007 3954622 3891679 3954660
4020850 3960378 3898993 3833955
3914440 3872027 3738032 3746798
3789611 3846820 3827235 3790562
3938571 3814012 3862204 3812796
3811677 3982477 3786449 3753213
4038490 3922689 3983092 4018043
3990085 3885007 3903652 4096546
3906898 3868555 4065775 4012918
3987561 3940188 3883261 3989348
3818198 3728945 3869978 3856007
3859234 3724102 3718075 3812963
3904505 3826474 3827892 3957470
3857420 3740144 3724974 3858657
3904268 3841584 3880610 3840529
3954231 3902171 3834817 3834309
3798590 3825507 3723811 3762650
3888514 3829475 3721547 3799947
3917315 3972603 3995562 3901943
3961831 3886811 3856039 3933217
3917969 3849940 3950040 3788876
3971200 3893344 3920996 3981633
3973717 3945427 3741554 3966338
3851219 4105725 3763808 4017339
3828471 3791860 3672146 3833174
3748786 3964409 3688934 3941451
3972069 3958249 3782063 3963465
3833659 4028266 3721299 4103534
3947875 3966872 3913014 3978362
3904680 4151634 3722299 4083788
3828932 3873852 3748002 3811449
3867578 3917456 3918974 3869275
3764557 3868527 3762662 3737895
3756424 3862619 3852093 3761408
3881484 3905198 3917547 3873620
3886461 3933193 3993983 3871614
3853433 3976612 3940603 3820315
3898934 3980458 3990174 3931962
3875932 3811831 3902308 3917431
3898306 3659240 3926354 3866272
3821501 3691950 3808974 3751209
3791019 3681399 3883330 3738294
3962820 3873610 3897315 3902039
3895437 3798438 4020573 3906163
3946783 3878754 3929997 3984257
3923446 3825953 3991210 3867645
3875835 3982496 3905875 3787673
3858850 3930310 3776133 3808532
3864382 3811370 3701333 3778958
3835899 3876621 3758357 3653611
4011118 3887121 3873808 3938052
3911630 4007849 3870453 3925657
4027888 3958003 3830833 3935562
3966916 4064412 3928888 3847515
3835671 3734528 3890392 3958572
3791042 3818992 3756714 3905443
3848575 3711617 3861156 3847971
3869096 3794944 3720360 3870746
3918792 3876943 4015733 3946234
3932695 3867148 3755137 3978151
3961884 3931902 3961709 3965430
3952977 3965038 3810494 4073461
3838443 3781427 3852655 3869951
3915901 3856880 3796677 3869594
3948493 3884906 3888506 3899283
3993970 3951100 3913240 3947367
3736014 3781335 3853976 3751835
3833837 3802488 3763489 3803818
3932486 3885569 3961268 3911885
3996325 3979207 3881930 3856744
3921289 3840358 3756753 3904023
3852703 4118261 3717504 4012326
3937428 3916219 3921036 4001433
3912916 4134073 3767847 4149486
3802192 3847899 3703205 3953980
3815807 3918760 3658074 3993186
3895437 3983123 3819102 4033682
3939446 4117439 3736555 4093104
3770023 3821984 3800204 3730598
3861549 3907919 3902422 3811128
3832424 3936648 3864763 3896420
3867490 4056486 3983776 3961897
3723047 3830592 3755977 3778853
3755004 3810559 3800415 3856408
3882181 3995429 3972979 3879535
3939664 3905539 3941846 3920592
3980619 3923726 3953720 3811666
3801021 3736430 3976241 3789331
4008753 3920474 4010355 3941181
4030216 3813263 4060932 3916864
3938939 3818537 3806268 3837463
3894914 3613659 3904309 3818266
3980249 3822004 3985484 3957769
3949165 3784052 3990527 3890563
3971376 3794592 3798450 3881772
3911221 3893339 3810264 3724810
4029165 4029534 4005861 4000058
3983915 4040739 3854259 3841171
3858705 3859582 3773269 3813613
3840093 3901084 3791718 3735053
3896094 3916074 3892311 3936465
3975959 4037061 3939215 3852357
3923903 3837945 3939865 3924726
3867500 3839877 3746761 3945855
3908514 3845604 4005633 3961456
4032919 3906932 3871145 4040536
3793869 3806112 3862472 3880642
3845694 3812579 3763892 3882232
3924788 3831141 3968894 3955194
3938956 4009237 3899239 3995046
3833015 3790472 3927158 3790738
3977528 3894044 3822413 3820135
3870316 3844500 3821465 3933012
3982016 3919917 3840067 3725902
3870520 3789974 3837757 3851385
3832943 3835473 3790462 3799839
3699479 3677626 3886441 3661550
3809940 3782940 3691332 3697477
3920031 3857821 3908474 3904365
3973492 4001173 3754708 4010216
3893617 3963951 3763720 3928712
3858219 4079138 3757348 4029163
3890002 3818850 3796873 3862181
3797936 4044643 3719793 4025581
3764887 3816222 3657391 3834540
3696409 3947971 3564046 3849410
3706588 3918735 3819359 3845638
3835379 3880810 3882660 3839631
3793682 3909068 3917739 3771649
3887737 3879036 3925834 3882456
3808305 3814895 3782346 3716578
3830797 3819252 3869593 3856054
3733326 3752433 3656569 3661242
3766206 3832550 3764614 3746961
3936795 3813790 3847416 3915786
3830817 3786774 3941453 3811684
3856850 3915422 3949178 3921150
3875599 3789709 3901154 3872014
3925230 3817769 3785875 3841058
3880656 3678499 3991700 3775260
3818262 3783983 3743399 3736704
3821816 3632698 3781018 3749109
3920255 3911458 3799284 3943420
3872132 3951904 3885790 3845296
3953508 3964475 3829838 3893180
3914955 3925069 3845283 3795304
3923467 3850367 3871091 3852717
3923736 3927625 3805657 3754717
3759929 3787799 3740854 3780202
3772895 3842353 3761633 3643772
3785616 3722697 3959512 3956389
3901831 3861637 3830581 3931227
3905286 3799496 3962262 3994378
3937975 3821621 3821610 3918078
3858852 3829281 3943613 3908104
3906523 3883835 3804843 3905606
3735146 3638669 3882357 3782686
3811239 3751312 3714786 3798273
3893133 3810303 3989906 3891122
3913738 3876713 3810675 3888998
3848039 3810297 3921911 3809168
3945450 3927455 3907031 3927369
4118975 3935379 4101019 3916727
4089074 4053112 3941478 4023334
3839267 3879716 3817908 3795444
3906061 3946721 3850748 3810892
3894247 3839997 3871120 3909501
3845157 4078437 3791287 4040368
3856034 3965080 3823144 3979262
3854520 4136829 3726536 4072701
4085708 4041655 3951189 4081819
3983813 4271008 3907292 4259119
3912156 3898879 3821456 3913942
3852157 4032907 3679228 3987633
3794378 3887671 3845076 3808368
3887922 3862780 3888524 3903881
3781029 3858699 3854143 3829627
3964759 3931659 3940306 3947352
3944592 4079827 4010930 4022177
3988490 4014609 4158378 4095603
3723573 3898994 3932195 3775954
3893337 3886454 3901343 3950704
3948146 3799388 3864734 3878360
3948301 3740480 4029337 3921924
3915603 3941908 3904287 3926264
3945569 3871090 4028581 3855223
4046984 4107541 4058659 4042177
4032538 3947789 4089826 4089126
3936369 3888708 3714359 3872576
3795689 3662164 3926247 3813552
3952690 3822462 3929064 3874668
3854133 3938109 3841970 3813467
3963129 3894389 3833548 3878333
3934731 4040695 3791785 3803088
4081575 4169284 3974795 4055890
4119967 4126858 3986520 3970124
3826061 3942015 3754878 3892475
3875598 3941718 3835660 3810778
3859566 3747914 3936609 3897054
3941469 3914530 3789934 3936124
3908913 3879148 3932000 3906325
3923726 3904496 3823916 3998207
4015986 3988204 4146546 4081175
4096906 4051199 4010387 4167285
3828560 3762020 3912838 3897144
3824069 3819869 3725830 3926718
3985218 3882110 3979565 3955864
4032927 3981227 3895924 3971757
3889197 3879986 3974392 3868119
3921531 3894643 3826330 3863576
3858819 3803908 3850185 3883977
4008557 3875080 3826292 3911311
3799971 3851633 3865755 3758404
3809271 3816414 3743644 3803484
3984333 3898229 3907719 4054294
3892870 4157243 3739669 4154705
3938863 3904276 3775011 3919615
3924388 4053556 3783874 4059285
3961436 3877534 3859388 3986362
3935206 4097072 3738529 3977995
3772990 3759544 3742581 3824858
3720487 3929723 3599606 3996117
3916717 3992300 3902199 3853636
4003207 3988355 3987314 4010690
3835770 3926294 3817492 3878996
3883146 3906761 3933590 3867913
3772513 3874913 3927470 3853292
3929169 3912041 3882816 3934023
3743812 3773110 3795250 3691578
3699523 3808894 3862811 3848005
4072679 3932453 3976344 4036547
3968743 3814765 4137703 3991737
3891435 3783190 3887215 3920101
3873546 3781103 4016255 3953934
3942581 3870170 3905092 3858567
3891345 3793726 3897962 4005550
3928982 3767905 3824988 3867473
3804258 3663007 3808453 3802071
3999944 3958328 3926926 3986275
4043515 4077017 3962606 3934627
4001685 3961898 3830682 3900291
3957933 3956297 3862693 3850112
3954702 3876587 3891892 3935740
3923334 3966868 3867694 3753161
3895939 3846006 3760773 3886071
3841223 3893974 3785279 3715840
3968335 3924609 4135663 3961141
4072284 3934056 3948548 4071900
3898044 3769613 4030992 3938224
3904297 3861820 3823710 3949496
3841769 3886071 3922085 3893888
3918965 3851495 3842531 3951515
3749855 3645658 3845790 3828831
3791639 3830562 3718240 3864553
4024887 3920341 3993513 3988177
4187315 4052111 3950581 4049492
4004694 3973758 4024689 3988811
4073131 3989896 3959189 4060232
3914476 3821546 3922345 3896466
3981706 3921347 3852602 3891416
3984580 3964631 4033983 3891775
3982394 3950324 3990461 3913667
4029281 4048143 4041212 4054044
4010218 4226338 3874606 4236475
4070334 4121209 3962575 4044878
4003960 4166857 3829061 4094547
3892189 3877022 3849153 3928803
3897694 4070911 3785936 4088213
3972653 4020830 3895225 4065605
3969508 4123535 3855815 4206902
3917518 3966028 3895010 3898449
4053450 4087622 4045464 4040581
3881892 4039525 3865108 3823340
4042973 4038105 4036405 3955474
3839481 3894287 3901557 3810369
3905331 3885462 3916484 3885303
3848214 3918892 3929163 3925476
3960368 4066572 3971550 4037628
3980451 4040941 3986518 3979851
4048768 3835807 4057735 4020098
4050913 3952740 3983388 4039447
4037927 3830189 4085867 3996033
3891860 3872670 4001670 3870562
3893500 3807857 3923670 3868153
4060200 3957158 3993627 3950385
3942554 3876656 4094768 3998068
4109915 3947566 3923539 4053783
4071000 4056807 3960627 3946988
4041372 4063097 3947547 4042702
3996817 4038699 3981831 3934044
4013553 3961223 3958272 3896612
3873612 3930490 3898662 3915172
4034225 4039432 3810817 4038442
4028433 4019374 3895603 3869630
4083808 3885366 4131269 4077245
4091743 4048460 3822995 4029939
4005527 3942290 4121252 4115727
4001633 3978749 3934070 4106224
3878276 3815723 4097243 3931535
3929686 3875174 3852674 4019424
4009174 3922589 4028714 4038089
3940433 3981108 3876332 4007823
3890664 3945005 3938160 3936788
4059446 3948634 3925545 3908494
4034168 3945400 4003653 4036460
4142382 4068427 3923783 3995570
4022061 3900363 3907114 3899854
3987310 3901906 3895007 3907401
3795623 3793787 3913392 3805945
3942948 3884669 3849892 3804892
3983580 3987153 3929412 4050463
3924680 4115298 3794888 4120908
3982827 4041540 4010446 4043961
3899530 4140153 3747617 4157712
3943167 3914223 3979151 4007785
3998836 4165019 3773664 4146729
3861515 3877149 3740429 3948228
3891764 3964298 3689808 4006012
3901955 3948052 3900963 3855574
3908361 3947588 3937669 3947031
3885486 4048257 3985598 3914061
3959384 4041606 4079931 4016107
3864673 3945214 3817261 3845063
4018746 4002293 3933092 3920657
3770489 3906135 3795732 3766278
3783143 3852523 3906813 3814466
4036202 3947585 3918180 3943001
3900524 3781609 4000240 3847590
4037419 3965789 4019652 4019147
3949489 3860393 4119334 3924898
3985997 3916688 3954095 3993965
3953992 3845673 4115202 3890542
3882714 3743806 3955121 3895641
3950402 3676154 3887992 3878703
4056290 3960980 3884593 3860437
4010815 4029080 3961075 3904698
4125331 3956936 3969094 3988360
4036476 4158108 3995037 3960345
4017921 4038636 3926001 3950964
4002168 4067354 3886593 3795280
3921286 3842739 3724024 3831122
3887520 4037943 3849496 3844650
3943075 3878945 4027476 3993346
4088970 3991430 3899633 4063402
3927369 3897154 4064190 4069644
4014277 3951250 3878473 4128328
3945791 3877375 4056055 3935122
3979276 3953051 3843965 3961146
3904313 3814913 3920361 3919837
3823159 3845281 3731052 3948614
3851734 3756368 3841785 3782456
3890876 3799504 3788123 3838942
3826268 3824500 3948365 3890612
3943171 3893853 3876071 3843578
3955238 3899992 3965410 3886874
3967452 3963440 3892650 3931815
3896386 3865056 3838016 3874599
3905951 3863562 3828827 3812173
3778059 3817625 3844753 3853790
3821756 4023304 3729029 3970879
3906691 3921442 3776091 4002745
3793498 4021177 3665652 3941621
3932537 3887543 3908356 3972186
3944773 4144706 3778635 4035711
3811748 3921086 3777058 3956125
3874954 4015246 3680321 4035753
3837628 3861485 3844254 3808675
3863346 3813071 3857955 3866492
3812089 3916006 3833741 3759363
3850051 3910469 3903462 3826936
3859969 3983277 3905949 3893805
3984988 3972437 3940792 3967353
3809712 3876772 3881508 3764123
3833139 3979249 3896995 3875213
3880624 3788619 3898161 3741953
3916860 3718673 4035958 3822438
3878226 3823105 3868114 3826171
3895742 3730287 3968498 3775058
3957844 3867807 3867964 3917367
3977035 3785481 3970272 3879802
3938558 3756933 3970337 3872665
3877446 3794278 3979432 3817542
3916470 3871771 3883664 3813401
3914914 3856220 3757324 3717781
3926619 3834733 3847712 3860564
3904624 3894809 3880360 3857471
3957214 4023222 3834117 3974372
3944144 4070025 3913328 3828915
4023159 3942967 3866865 3920166
3954335 3857334 3844208 3814338
3850886 3764061 3943841 3856931
3847419 3835109 3785695 3987286
3881745 3799310 3963676 3907188
3987576 3859281 3755422 3970465
3927826 3852028 4019627 4024546
3965985 3885576 3820259 4038343
3847355 3796103 3935760 3922404
3972521 3864449 3792308 4005247
3993670 4062181 3964583 4131191
4029974 4098705 3929874 4013515
3803313 3851428 3736609 3857067
3804404 3774646 3766134 3760345
3882686 3862289 3847178 3904458
3805152 3901555 3840794 3829263
3782654 3747254 3617647 3795695
3743686 3811376 3787084 3788137
3944969 4004871 4133025 3985325
4119597 3874443 4005796 4079547
3757573 3822359 3901997 3848025
3902895 3670775 3906420 3802984
3800375 3952551 3976560 3831021
3921220 3757531 3891235 3954460
3686414 3890538 3865016 3680277
3820417 3610262 3822335 3801014
4054142 4134138 3935966 4043720
4128368 4034979 3974821 3958009
3830467 3827731 3740994 3819203
3915360 3830145 3797966 3798436
3893955 3951461 3806909 3822152
3943485 3920477 3826047 3860865
3824915 3842360 3692053 3760319
3846600 3770539 3752564 3688907
4043861 3938534 4113678 4072426
4022694 4166011 4090433 4089578
3806005 3651878 3953767 3858539
3830579 3958800 3920828 3904383
3988683 3817712 3936926 3886751
3857193 4027389 3925833 3954024
3777171 3768020 3798242 3790198
3696091 3906630 3860032 3861387
3932318 4070239 3955665 4010391
4090264 4109622 4096830 3986423
3772005 4003567 3700909 3781586
3912646 3868978 3869013 3682449
3819527 4005465 3818899 3877818
4027866 3946505 3981417 3744744
3733473 3843714 3738398 3742791
3876008 3779142 3847155 3645334
4094068 4067489 4092565 4095765
4079099 4130029 4022778 3904689
3769395 3915008 3854191 3818398
3886747 3981575 3824512 3789272
3904305 3946109 3942199 3910309
3877630 3972988 3930073 3770306
3717177 3886658 3786162 3757498
3809133 3903877 3804461 3680773
3880163 3960286 3788757 3950552
3851550 3851030 3893429 3889501
3855375 3833903 3807743 3791000
3715690 3802321 3866414 3819560
3923574 3892107 3803916 3869825
3784972 3850025 3889049 3869521
3751629 3824309 3686017 3803725
3814586 3828279 3680662 3780330
3821824 3950345 4012416 3891652
3961748 3874724 3925882 4016655
3777754 3858623 3927764 3812501
3835074 3698265 3927850 3921749
3954155 3993313 4052130 3887227
3849585 3774456 3981963 4017061
3787577 3905658 3876183 3767019
3884750 3676818 3838289 3877012
3946375 4085698 3818311 3971212
3979943 3861456 3841611 3846855
3816526 3913412 3699695 3857369
3889102 3764385 3855277 3662932
3943904 4048858 3816121 3925686
3991618 3886773 3935990 3830349
3894005 3951049 3726558 3864182
3887463 3766355 3788231 3726190
3964537 3826409 4033830 3975040
3907072 3978495 4067641 4014806
3891703 3622064 3953412 3919903
3726190 3872248 3892605 3900154
3961343 3746710 3996715 3787007
3867318 4108634 3956583 4045858
3854865 3627419 3875544 3844393
3787876 3940006 3786499 3889287
3884067 3998161 3848339 3901799
3989393 4041319 4034297 3797292
3769266 3845399 3693981 3764193
3867681 3902844 3948033 3765963
3840562 4030984 3831291 3846449
3983229 4003968 4031956 3766013
3731866 3836761 3712385 3789298
3930344 3926103 3880187 3717831
3923313 4049560 4012365 3976150
3932492 3999261 4006275 3801533
3744098 3918465 3886976 3846422
3818439 3932153 4027346 3638997
3919519 4022377 3964767 3909249
3988922 3954807 3998590 3750123
3863510 3885509 3873048 3830695
3812638 3918076 3799910 3636494
3822354 3751435 3715342 3821286
3734717 3842915 3839348 3799041
3920065 3939134 3881017 3935124
3787363 3847017 3916345 3825655
3938063 3967155 3794325 3978775
3833129 3923832 3920822 3908950
3935273 3898560 3825133 3932178
3756655 3824818 3854833 3927926
3880199 3914061 3804205 3735687
3888090 3768196 3926740 3844184
3892239 4049186 3991638 3810339
3874579 3863043 3985691 4036599
3882209 4055775 4092435 3879954
3915932 3811980 4131533 4011492
3755164 3950562 3995502 3854689
3986616 3709366 3967976 3906790
3834979 3847071 3809617 3862616
3907397 3915432 3819749 3781311
3964849 3923444 3807617 3895835
3956247 3895354 3873134 3770487
3961076 4052665 3892563 3932766
3990756 3992894 3835875 3879093
3912518 4016375 3855429 3923740
3923349 3899470 3888088 3789285
3918800 3728867 3910488 3837145
3820237 3898532 3843194 3930062
4005443 3849572 3978667 3929189
3894928 3920408 4036207 4043080
4000937 3965894 4091203 3987565
3908462 4107253 3962438 4036179
3990897 3826503 3946480 3850719
3855875 3948519 3933420 4045290
3798665 3948367 3741845 3782508
3893877 3925747 3914223 3716451
3783008 4043273 3925861 3844325
4083033 3980971 3912390 3728880
3865796 4099230 3935474 3946142
4019063 4026158 4095589 3857937
3824488 4011318 3894363 3848045
3971534 3987848 4030257 3779862
3939913 3882476 3826533 3874387
3936600 3886395 3978512 3616112
3961671 4011048 4009686 3930681
3906523 4038003 3946016 3765049
3994117 4023768 4045799 4014442
3974217 4062664 4006059 3805123
3945150 4051764 3895502 3983283
3970760 4091527 4000111 3768461
3929509 3870217 3793868 3979398
3877045 3936840 3900779 3879630
3785215 3841964 3755686 3821296
3810470 3741642 3873352 3708040
3811320 3923478 3870888 3910019
3805868 3783218 3859978 3819351
3809460 3856408 3760427 3774894
3738218 3824352 3770809 3736172
3963951 3997868 4021770 3884084
3950918 3752239 4096304 4037190
3773038 3831698 3833376 3796649
3849796 3738166 3922682 3947017
3840562 3957861 3942156 3875952
3916740 3739858 4028131 3898854
3745859 3871796 3856420 3791395
3778601 3656706 3856131 3838066
4026559 3966060 3842210 3941509
3991858 3967399 3858871 3890451
3860038 3861825 3784833 3837913
3918524 3843574 3807704 3699534
3961967 3917810 3768612 3885174
3926517 3846447 3804032 3777581
3851743 3827824 3721065 3869777
3907967 3755812 3746482 3735119
3953669 3748409 3962408 3922851
3815310 4081133 3900866 4074043
3912188 3690365 3846758 3777444
3788443 3992362 3847511 3955928
4036070 3812097 3970348 3877368
3911566 4001486 3971404 3980177
3856893 3794240 3887041 3824889
3759537 3962735 3851032 3953289
3866559 3992526 3884138 3924819
4007638 3991792 3971196 3796429
3787292 3894920 3793315 3790741
3945578 3884122 3870654 3775955
3760466 3935202 3843727 3942401
4046669 4010352 3986166 3775956
3734579 3936780 3737374 3784296
3844891 3848059 3848586 3708350
3858771 3985450 4018453 4007221
4035222 3975627 3970484 3758254
3800836 3869553 3937028 3912108
3891978 3854096 3891527 3635873
3874246 3988752 4033777 3986911
4007017 3997054 3949291 3709331
3797949 3965534 3916149 3775467
3904224 3826476 3950340 3658229
3864814 3862108 3773852 3871661
3750290 3829517 3809562 3738347
3790418 3890715 3780299 3899453
3718158 3846338 3862079 3807396
3895947 3899605 3775946 4032769
3859372 3864044 3889389 3900301
4018405 4064131 4009195 4114424
4007278 4117047 4060130 4013786
3780323 3813809 3873066 3808855
3779880 3704648 3973224 3829596
3805739 3895209 3957828 3855711
3880539 3815561 3985278 3879931
3874260 4013228 3959775 3750858
3926063 3803941 3993309 3974612
3997469 4188089 4175229 3977665
4011152 3981782 4210167 4123482
3923236 3944610 3817249 3916766
3814791 3776027 3793090 3835938
3955959 3974055 3789538 3917130
3992290 3824431 3846253 3760243
3999453 4092382 3872494 3863894
3982383 3893419 3788670 3836317
4048133 4216334 3924897 4152390
4141820 4008781 3989305 3999301
3835905 3772554 3939913 3837359
3709803 3956374 3883478 3954691
3876811 3692910 4004801 3852936
3846756 3994657 3956264 4004734
3925619 3850479 3868435 3891534
3823981 4055532 3924720 4050063
4116114 4001737 4173406 4105640
4046040 4186488 4117123 4171299
3765276 3908026 3777182 3783822
3974984 3904664 3879165 3708619
3702391 3970789 3850665 3829464
4029640 3888878 3927970 3780337
3862063 3994531 3932648 3862211
4062508 4024539 3956632 3713852
3966599 4189136 3997930 3984163
4178772 4142568 4180249 3931417
3742408 3915419 3864652 3837433
3894611 4000543 3883977 3682299
3891578 3966632 3887557 3914977
3906605 3942796 3988332 3668735
3959427 4016820 3893402 3916119
3943171 4026269 4037386 3708902
4064322 4133659 4140748 4140259
4113381 4201214 4102168 3921572
3978747 4066501 3916550 4105466
4004163 3956733 3953874 3866337
3915844 3957206 3907470 3911778
3880810 3876311 3925502 3930116
3989838 4037747 3929496 4022332
3869266 3974733 3941729 3973839
3748818 3811922 3745091 3839290
3749244 3695113 3810648 3737165
3957806 4127956 4071816 3989911
4097217 4000276 4117076 4082077
3881594 4030447 4077320 3955743
3925235 3768428 3998345 3978594
3828162 4057345 4085397 3961179
3976096 3882855 4032536 4012731
3763797 3818867 3972605 3730517
3862583 3705406 3911091 3868602
4163723 4064891 3946103 3975106
4038630 3951275 4058692 4013923
3894971 3947023 3812361 3976956
4013814 3908713 3763001 3891572
4046309 3995852 3932840 4070419
4084767 3932340 3897848 3900595
3874978 3812802 3662882 3888906
3870850 3823857 3818291 3691682
4044120 3991508 4122278 3972107
3989008 4083300 4111606 4088312
4057123 3865355 4042342 3974633
3915955 4084034 3920388 4068772
4050441 3842844 4037561 4061869
3934672 4074615 4034024 4044928
3892413 3737182 3805529 3867218
3786432 3832905 3841269 3909347
3983049 4082220 4018150 3947187
4105591 4021943 4089786 3935011
3811194 3975171 3987221 3889870
4086715 3979024 4070510 3823154
3811991 4140811 3874870 3952442
4093998 4035587 4079509 3917453
3791701 3937858 3730605 3758999
3899518 3861358 3886994 3701002
4009839 4171863 4105340 4074543
3987010 4173994 3912530 3849260
4012677 4038899 4089414 4021124
3935749 4053446 4062993 3738486
3991509 3999469 3987999 4006541
3990343 4119804 4027362 3786756
3846588 3877104 3819630 3853187
3889314 3924498 3925938 3699750
3767700 3877793 3729103 3879701
3739417 3774571 3752725 3742385
3885703 3900776 3766701 3869932
3809651 3790309 3756889 3828564
3888847 3970515 3774665 3890393
3837280 3890462 3848082 3821979
4035334 3943190 3926615 4043912
3891581 3998135 4036530 3926953
3753663 3805426 3902070 3777366
3781423 3673925 3854049 3880700
3707540 3935020 3932638 3815446
3841981 3816654 3939703 3976893
3777480 3976946 3995956 3798046
3942320 3841428 3969303 3941571
3987513 4036558 4191838 3954622
4090770 3878023 4087214 4068499
3831839 3880018 3626858 3825846
3830549 3744938 3756469 3757272
3961102 3978598 3744260 3827289
3924476 3865060 3730377 3881963
3991942 3873204 3703566 3906443
3943292 3892373 3848046 3792684
4083057 4119341 3941142 4051550
4083834 4038262 3947884 3902971
3857188 3785838 3842149 3788041
3731658 3914783 3847770 3858770
3934562 3860402 3963529 3871918
3837490 3970324 3926903 3988746
3992475 3744517 3953325 3922553
3840010 3970109 3893485 4049943
4055759 3865902 4129627 4063461
4004855 4129416 4025651 4144244
3700631 3821661 3765422 3758167
3936459 3834666 3834664 3783319
3811752 3878053 3781767 3854320
3936819 3908125 3952529 3716240
3870275 4020561 3837349 3756027
4004089 3872054 3947539 3676981
3981976 4053392 3971548 3883422
4099516 4162555 4102516 3921281
3831263 3861724 3832401 3884518
3850374 3933373 3860469 3651475
3867251 3932810 3921550 3859580
3882259 3935230 3878211 3677121
3897846 4012360 4032880 3889086
3883407 4010188 4059582 3730727
4049183 4229800 4015049 4041484
4030763 4199656 4169532 3897549
3923908 3867758 3786423 3879460
3895416 3794845 3853895 3871616
3831196 3850642 3707615 3940919
3830784 3858803 3862604 3786755
3793971 3744259 3727182 3786661
3756363 3823195 3827293 3743403
3769712 3706374 3765692 3808123
3656855 3683551 3700307 3696293
3812503 3990161 4003164 3885120
3879498 3811699 3896984 3974870
3765579 3955440 3948794 3739295
3883852 3698008 3968900 3926616
3719302 3903205 3851185 3720685
3867419 3714374 3977676 3909564
3745339 3788168 3808847 3689988
3771011 3661238 3866563 3841907
3906208 3982890 3723053 3825054
3964301 3862576 3748162 3754560
3971955 3938532 3770433 3916196
3932242 3831074 3823285 3770056
3837832 3848566 3704265 3739247
3860970 3875561 3669324 3760847
3830638 3797793 3759034 3826494
3836919 3683425 3729720 3717409
3907253 3823440 3853539 3886923
3871130 3908228 3897756 3951677
3967069 3895863 3917511 3874204
3924996 4021943 3893552 4036018
3858982 3703229 3854701 3787188
3804289 3926478 3786921 3874780
3795620 3732940 3837683 3747543
3812589 3848995 3755460 3864913
3803103 3973023 3847479 3860831
4023277 3975965 3966601 3650037
3765115 3994869 3759023 3895597
4038052 3949663 3863042 3775916
3788969 3903678 3788852 3782662
3913072 3779896 3872584 3740015
3667046 3799707 3703955 3744904
3818331 3867467 3848900 3519078
3879957 3977216 3882719 3854942
3943917 4021023 3937504 3725116
3882181 3923946 3793768 3895763
3859721 4044102 3955773 3765957
3780733 3813647 3834835 3860402
3797743 3914478 3925722 3667338
3723403 3780808 3928632 3830544
3841739 3830208 3803281 3544909
3917251 3785057 3785769 3915531
3844820 3866777 3813879 3754024
3766150 3808583 3722557 3808227
3783515 3832561 3810519 3799179
3875904 3896450 3813487 3813734
3738790 3834961 3795570 3776580
3772232 3874117 3753314 3870027
3771079 3841836 3920021 3809764
3817140 3916232 3854301 3764403
3863062 3698476 3896412 3934946
3781361 3891821 3930445 3787626
3819276 3671329 3925013 3855337
3812293 3893051 3953701 3770011
3885394 3783018 3927728 3892746
3835848 3883725 3908324 3823736
3823705 3738350 3982327 3820199
3813136 3876287 3725457 3834806
3920157 3770143 3742072 3737646
3913173 3834284 3762234 3832485
3849245 3827659 3752055 3746556
3932602 3970651 3802922 3840604
3872504 3871549 3829180 3767367
3874055 3930454 3778863 3875225
3821046 3838004 3806014 3735238
3876296 3780849 3914227 3887648
3845098 4027170 3873168 3867850
3800888 3702973 3870004 3795993
3788428 3910713 3862194 3906775
3865616 3795088 3880648 3876449
3793755 3997337 3840019 3976690
3886805 3782740 3900941 3913946
3791784 4016282 3898449 3948477
3745950 3952693 3847228 3832732
3883386 3937214 3915775 3724742
3717141 3945770 3719657 3734655
3920573 3892360 3963013 3714259
3686006 3887788 3838554 3800086
3992397 3967613 3986887 3776881
3730582 3888822 3771735 3842329
3941929 3916537 3889446 3821127
3836155 3917135 3984185 3849082
3878672 3889602 3893382 3676298
3787530 3911674 3832585 3866280
3834067 3957578 3835255 3684710
3915392 3914371 3852409 3867429
3855204 3959355 3966358 3735465
3865500 3859693 3845283 3828849
3878796 4072060 3894967 3685946
3968874 3998828 3773952 4015653
3888772 3914509 3900001 3940613
3930397 3971994 3991603 4081306
3938077 3934748 3896549 3916643
3838568 3924954 3848739 3957723
3873743 3856463 3875196 3797594
3786932 3856276 3699284 3853668
3737880 3747361 3796845 3762046
3924201 3919791 4041904 3943686
3924987 3771946 4027064 4008211
3901601 4063103 4115344 3869145
3994649 3851762 4092303 3996013
3816572 4012386 3911594 3871181
3927908 3833311 3962952 3908305
3809552 3857316 3883676 3773078
3847871 3695829 3942426 3908347
3907215 4025092 3883994 4004276
4073379 3987390 3903186 3776496
4053170 4049327 3966011 4094480
4040295 4014757 3979138 3887677
4012238 4026588 3883088 3897072
3914486 3996443 3903634 3843018
3857191 3960875 3699449 3871713
3906997 3888387 3807298 3656848
3905089 3893717 4016749 4010649
3876864 4099236 3950797 4038730
4047287 3865350 4102645 4018783
3980987 4103507 4049638 4048722
3899530 3820995 3956780 3906049
3870337 4100544 3869865 4022432
3865915 3754072 3933546 3817852
3850887 3876413 3867432 3849557
3866576 3992112 4009977 3857055
4044225 3993734 4058155 3845051
3895609 4090212 3946921 3981626
4012529 4081441 4092713 3922575
3822314 3995461 3787728 3906004
3969322 4012977 3980165 3805994
3694364 3877271 3776515 3774848
3872023 3867104 3987746 3725192
3925214 4004870 4087882 3933701
3986485 4084982 4001259 3798923
3990278 4063173 4069268 3960184
4010106 4102797 4047144 3881038
3855985 4029863 4005424 3882403
4007852 4030048 3884558 3755024
3798094 3839530 3945709 3824801
3818034 3838761 3877934 3673976
3833321 3787563 3690736 3822524
3797396 3784179 3683122 3735611
3824049 3898319 3753446 3889508
3786110 3807639 3843760 3743188
3932684 3930443 3823779 3901119
3819244 3835905 3873556 3779319
3890351 3910259 3876148 3917882
3845283 3765476 3863308 3960890
3682430 3828731 3886039 3680972
3720680 3628758 3895255 3817974
3788173 3864649 3942192 3808436
3944131 3746302 3852270 3959560
3851278 3961326 3987361 3878200
3920967 3786794 3931540 3987964
3900813 3963707 3998262 3855512
3867458 3771621 3953700 3883787
3758182 3807500 3692977 3784728
3800364 3735349 3764978 3645326
3953060 3861101 3800993 3836357
3909146 3840809 3841767 3825179
3955519 3910484 3813747 3984207
4010681 3913728 3824336 3760672
3900421 3930716 3807550 3910288
3974586 3850505 3849967 3768970
3860221 3634716 3840897 3773644
3719931 3986866 3780598 3863622
3910741 3786398 3907758 3830320
3811468 4004507 3856881 3960983
3966422 3749575 3925538 3902305
3802123 3983653 3976044 3990279
3913116 3786163 3921933 3872893
3934836 4046109 3968843 3987231
3695460 3800285 3782629 3801966
3811188 3802604 3793500 3657486
3799938 3957204 3747648 3792133
3974637 3893014 3903498 3692897
3792389 4030092 3835863 3789279
4021868 3983711 3979697 3740436
3798859 3946885 3880167 3830925
4120660 3946897 3956645 3764995
3810716 3856579 3838826 3788544
3864895 3904096 3777514 3586990
3814083 3913045 3919754 3912488
3891057 4019808 3951464 3702855
3853644 3972713 3945157 3979964
3901285 3989887 3906750 3733845
3920909 4031405 3947937 3832619
3939063 3977213 3914936 3785711
3602978 3613992 3571432 3746076
3633129 3630046 3670320 3606463
3847513 3936638 3756584 3887444
3742080 3815368 3913485 3785178
3803326 3875954 3795871 3865615
3758860 3754368 3692979 3740500
3824471 3926738 3889733 3939715
3839257 3877456 3815359 3769680
3652636 3789568 3786529 3622640
3708242 3552086 3664886 3665227
3685577 3907905 3936572 3784581
3890484 3695354 3911424 3901305
3788841 3822023 3870510 3715954
3799001 3751668 3862032 3846231
3869796 3975587 3992149 3882056
3964701 3799367 4086765 3981254
3778645 3771615 3598896 3699394
3646489 3665048 3650104 3588423
3892074 3900492 3786180 3876396
3974684 3827375 3816130 3816216
3840351 3860194 3664111 3825580
3888694 3744116 3729193 3721937
3934154 4025775 3810230 3951834
3981603 3998279 3880952 3850855
3754489 3679532 3740877 3714180
3659678 3803498 3745746 3756481
3870229 3836164 3883763 3918039
3730955 3933078 3902762 3939321
3857525 3672944 3939751 3785058
3737763 3937035 3919348 3951951
4005266 3820995 4030256 3855934
3860445 4094195 3994129 4044141
3638906 3749143 3617479 3641860
3779488 3729249 3718411 3605472
3767822 3919632 3785580 3875504
3948041 3946134 3865211 3788146
3667340 3923797 3732726 3740387
3863887 3843014 3855285 3690754
3807217 3958867 3939557 3889584
3958387 4017580 3982475 3834699
3760084 3771085 3675218 3719050
3678785 3765632 3782007 3532834
3942715 3886994 3844752 3882698
3904655 3903804 3916693 3730959
3780847 3884999 3885076 3781935
3791358 3860291 3840730 3669614
3907822 3962380 4005336 3873586
3957386 4108975 3987920 3816898
4060303 3804457 3889685 4011937
3939761 3922542 3994033 3780540
3964752 3692483 3838628 3856089
3795979 3761576 3729752 3710024
4071548 3709145 3843566 3812026
3878978 3862538 3845644 3780301
4088029 3778981 4001675 3881979
3776704 3786914 3761436 3833075
4104236 4105466 3921087 4020908
3860997 3891664 3985313 3968227
4010951 3986654 3807351 3967738
3794493 3770044 3837239 3902982
4056107 4009326 3890483 3948537
3870642 3808884 3930655 3951733
4134168 4064633 3918550 3983524
3852365 3749316 3975918 3860106
3802315 3847043 4005974 3911823
3909183 4106380 3906721 3976471
3714882 3734481 3866139 3717674
3906523 3987162 3771608 3871196
3812912 3842768 3888753 3895722
4016106 4055001 3909431 3847631
3754877 3839750 3933463 3859152
4011141 4031381 3849606 4039315
4023988 3985356 3911951 4014276
3987638 3840245 3967426 4113568
3983988 3930890 3820389 3884866
3908468 3713344 3814486 3919008
4021853 4003759 3844978 3957925
3909043 3818879 3886390 4039946
4006123 4021054 3868809 3917653
4028165 3816635 3880666 4047386
3999708 3919253 3944782 3943845
3854399 4030371 4030678 3947432
3916314 3831748 3838149 3826484
3815796 3917677 3902491 3875269
4020084 3900731 3900079 3956891
3940037 3980821 3958362 3912254
3999441 3938513 3955032 3974035
3969007 3949327 3987104 3941008
3861434 3927821 3971420 3898489
3999698 4029778 4013987 4154599
3830078 3778495 3855381 3812982
3824176 3927809 3896747 4041067
3872163 3824099 3907855 3837583
3961062 3916469 3939391 4042070
3918996 3823840 3872262 3846770
3988347 3953236 3993246 4090232
4026229 3757797 3988000 4033426
4023903 3883153 3867106 3869763
3952008 3673076 3788576 3766114
3765993 3691860 3722570 3699201
3966654 3750964 3867225 3904628
3774031 3786904 3889235 3802875
4077777 3863579 3966941 4014054
3878374 3812435 3884096 3876076
4133180 4079634 3899653 4056128
3906581 3942839 3938762 3987443
3883290 3889574 3708186 3821621
3664006 3768132 3851723 3826372
4097569 3978450 3788244 3962502
3743563 3780208 3902187 3909686
4128136 4067591 3853157 4078062
3864675 3913328 4039562 4026514
3836357 3881608 4016201 3852482
4085456 4144948 3907161 3986558
3736509 3670606 3853851 3742757
3817666 3930901 3771801 3848273
3778058 3695581 3886731 3830725
3890252 3887858 3817730 3929739
3803747 3847244 3957768 3894239
4003191 4136678 3912334 3987581
4193445 4035700 3871780 4058443
3940655 3903581 4008013 4134507
3872975 3891241 3721125 3847466
3869130 3760563 3813995 3910459
3938327 3926485 3706480 3984170
3923433 3888194 3880886 3955347
4029905 4020023 3856816 4004164
4012017 3873392 3926936 4116247
4112696 4055407 4103053 3987064
3931647 4009801 4007814 4017671
3823840 3798836 3792168 3816531
3724881 3845571 3827830 3872707
3884017 3866776 3913419 3799031
3865243 3829130 3913255 3775699
3995696 3958318 3967545 3895357
3873829 4019757 3992503 3976118
3881249 3961537 3918184 3920534
3927936 4006755 4081149 4108160
3722093 3729255 3770342 3785233
3859991 3894777 3862336 4037404
3828669 3763830 3834917 3802259
3866139 3895769 3905642 3989427
3900205 3853006 3884124 3842344
4006461 3891090 4017843 4180944
3892611 3646398 3775340 3798499
3793216 3698615 3866199 3713146
3912536 3627372 3832756 3772242
3678963 3762698 3746552 3620040
3904532 3720450 3791171 3808985
3798968 3679851 3823376 3733038
4062716 3729100 3855756 3864872
3831348 3834828 3861986 3769734
3967724 3988591 3824452 3853334
3747328 3807240 3876834 3808844
3970372 3927698 3807802 3818385
3797558 3722658 3823007 3783019
3927109 3984730 3721635 3900117
3783698 3736965 3906344 3785386
4004301 4035598 3765480 3971121
3763763 3784858 3918453 3846044
3797325 3637000 3862945 3673307
3880289 3984734 3852742 3777208
3653354 3687832 3904571 3743086
3864301 3954067 3732656 3847152
3715331 3672145 3871960 3756164
3928754 4016090 3829986 3806606
3826486 3850417 3953572 3769985
3923376 4035587 3816045 3937924
3894286 3887908 3725538 3793793
3866430 3781245 3844793 3948968
3828841 3864524 3648073 3761159
3763518 3764100 3839832 3895103
3882487 3857904 3752743 3813610
3871596 3722219 3882697 3989496
4074803 3950641 3873820 3975508
3890341 3858756 3934040 3983981
3841801 3797310 3850391 3775112
3824001 3927881 3929405 3846976
3731538 3756306 3846764 3802736
3747266 3816134 3795725 3815690
3926788 3851259 3912876 3803182
3711591 3845971 3856418 3851789
3998210 3903939 4015984 3923185
3869356 3964244 3872479 3860526
3729799 3662588 3840472 3794243
3820893 3855441 3929259 3975214
3758205 3757994 3790428 3742008
3807914 3774898 3863063 3945739
3709874 3825270 3763171 3807807
3897915 3872677 3789590 3947315
3841943 3753332 3768945 3845042
3970446 3917802 3939356 4016618
4031362 3731438 3967719 3871999
3845720 3844351 3796322 3757383
4156294 3887423 3922575 3981596
3921444 3926527 3911885 3887422
4025753 3775994 3959757 3946330
3723333 3858758 3957089 3740497
3800654 3576464 3702748 3691922
3661831 3637277 3603024 3620555
3945342 4034393 3795360 3970209
3922758 3824085 3937370 3964616
4114565 4138500 3966692 4051917
3910141 3944978 4036616 3975450
4050847 4017871 3847377 3964641
3747307 3829139 3947992 3945113
3825569 3840402 3697525 3826453
3663770 3682895 3778184 3744112
3844335 3788535 3939984 3824320
3970837 4036134 3818567 3977691
3889894 3862605 4028105 3868665
4169609 4210905 3949642 4003320
3816693 3816941 3985594 3806416
3993797 4032287 3815146 4008536
3700974 3569119 3697844 3683472
3875288 3844957 3688525 3727182
4037105 3979621 3899389 3981333
3934760 3876749 3864700 4083795
4121329 3998701 3913458 3995622
4065661 3922346 3979850 4180485
4006493 3908769 3833667 3994934
3895254 3905890 3890284 4033892
3879970 3757251 3677264 3821085
3720176 3668985 3634089 3818985
3976088 3817807 3868838 3869977
3922214 3991718 3972311 3871549
4005209 4040537 4067581 4031492
3971122 4021563 4032198 4039312
3935883 3881464 4013736 3905901
3862602 3906573 3993281 3953990
3795216 3676660 3777142 3735987
3653083 3832186 3716187 3708601
3820092 3814403 3903175 3889178
3901980 3937917 3963782 4071071
3953151 4015513 3942875 3944810
4046003 4034744 3982278 4141972
3865403 3821003 3937383 3844093
3936868 3930533 3996942 4073047
3709569 3739646 3703586 3684663
3791244 3676416 3770981 3823630
4173665 3927810 3947485 3968868
3917663 3914765 3942392 3827590
3998204 3802522 3962272 3975772
3896236 3855339 3868260 3822825
4105031 3787948 4001012 3896310
3929416 3842752 3977521 3831022
3916555 3734510 3822168 3801590
3751282 3752115 3754419 3641833
4168176 4115767 3956737 4108937
3929256 3908109 4044469 4030843
4119325 4079033 3915157 3946742
3848433 3855949 3929465 3883455
4084170 4110690 3872663 3958755
3921370 3853348 3994342 4016105
4015500 3920980 3814111 3895535
3743570 3803183 3831202 3830419
3838774 3960881 4040276 3857443
4080018 4107953 3917936 3994219
3757425 3858486 4085733 3856009
4049983 4117364 3945721 3877508
3868719 3776023 4013674 3919411
4071243 4109670 3916006 3967701
3782801 3797497 3853137 3731640
3823397 3969477 3723650 3862755
4150425 4060261 3913019 4095036
4103764 3934980 3946183 4153779
4049153 4011524 3860250 4019474
3967820 3852699 3889240 4124548
4005171 4027312 3889616 3949868
4015808 3937229 3948761 4190019
3908973 3870711 3744700 3833544
3789547 3770581 3899101 3891031
3982027 3930378 4041772 4049258
3926571 4071705 4055814 4086869
4056751 3923177 4006672 3943022
3911984 3991020 3935374 3924455
3993243 3891008 4063618 3921115
3916282 3979419 3971456 3960784
3869224 3822947 3969477 3763447
3817451 3793809 3873231 3763860
3975216 3854336 3951346 3987736
4038245 4030379 4069331 4185134
3874550 3905369 3901494 3869785
3996653 4013121 3984939 4150171
3942841 3919526 4002121 3934398
3974728 3974551 4024189 4091937
3782457 3757412 3771668 3826075
3895773 3901436 3887447 4037078
4076540 3728694 3912048 3811409
3840417 3740986 3828601 3751951
3974213 3773868 3871627 3910016
3808731 3734402 3794497 3788141
3975430 3711512 3849638 3831611
3821256 3688767 3839410 3744325
4055923 3878310 3981826 3962289
3927851 3920201 3873320 3941812
4034565 4091566 3862601 3897959
3780309 3845758 3930057 3925936
3975722 3991179 3820724 3932473
3847315 3783548 3911324 3879286
3932587 4021498 3814300 3953020
3825082 3799663 3963751 3894636
4134985 4137782 3941280 3991919
3971501 3923341 4042845 3922905
3842711 3871113 3916108 3826610
3871118 3986731 3868442 3942978
3781150 3851890 3887808 3831954
3941747 4003918 3761768 3916721
3759405 3771136 3902817 3816369
3898495 4024688 3823122 3794322
3925240 3919654 4053868 3968291
4155348 4244924 3996107 4067504
3955800 3985094 3827262 3852207
3973966 3870426 3920344 4018026
3958369 3878241 3866853 3867622
3884605 3811496 3801197 3989235
3946273 3916910 3822421 3895017
3839964 3883591 3838027 4033210
4075883 4102052 4033101 4068295
3978357 3980832 4078312 4100642
3927670 3903690 4015661 3844399
3860981 4002178 3909197 3867638
3910295 3854742 3907452 3759843
3800063 3940329 3797525 3864791
3960821 3791816 3947498 3845453
3889194 3981059 3930818 3918064
4043370 3977140 4021560 4020699
4009284 4028293 4060808 3999623
3832293 3767579 3909569 3742146
3840603 3896382 3967202 3981303
3867888 3767402 3850418 3786268
3881313 3963919 3950114 3975702
3830682 3852627 3850402 3770755
3840759 3856798 3886338 4049151
3970096 3947147 3954019 3985720
4049901 4098044 4028856 4205869
4024977 3673109 3857334 3856326
3874333 3870012 3825744 3688094
4067827 3800995 3936818 3918862
3930203 3766287 3926653 3787146
3938288 3634574 3691672 3742998
3686123 3765987 3695552 3689658
3980591 3704792 3863935 3829218
3747249 3759419 3819198 3755106
4121569 3991634 3875021 3940055
3803354 3763380 3946285 3971855
4049149 4023071 3923315 3931253
3753830 3880915 3969188 3937366
3948558 3980969 3751478 3815907
3686396 3632773 3796369 3804333
3934125 3911729 3796343 3960320
3724553 3734922 3879343 3842230
3796769 3827044 3936141 3837000
3957793 4076142 3874052 3914959
3848657 3780499 4006802 3843795
3976386 4112835 3834585 3934443
3678470 3701979 3806213 3683427
3872928 3905892 3819948 3822050
3763471 3658462 3874661 3708436
3916213 3996725 3857096 3867795
4032696 3948610 3869057 3989100
3944297 3836758 3881094 3974095
3992436 4041922 3852039 4007388
3899046 3858705 3928345 4095302
3857397 3796480 3813707 3785521
3846570 3758453 3747513 3951646
3971774 3860400 3763273 3784019
3790827 3731495 3888766 3887970
3976339 3893401 4014879 3908618
3820223 3940823 3973068 3976034
3977204 3938031 3993963 4005906
3955415 4027936 3961044 3934244
3802751 3812196 3845194 3767984
3735786 3856680 3850829 3860076
3876604 3842696 3826201 3887171
3781549 3816022 3880521 3924396
3903432 3769085 3947475 3812985
3908495 3919681 3942826 4056631
3880665 3860362 3957769 3973924
4001962 4007395 3982244 4093558
3724520 3739399 3791653 3740865
3877911 3829591 3873446 3945443
3769176 3809358 3816054 3871996
3823785 3840903 3863497 3989495
4017241 3851481 3872722 3884205
3880681 3855624 3933781 3827816
3935623 3645248 3834588 3774832
3748850 3746792 3758708 3682618
3926087 3623075 3740946 3778818
3723777 3691016 3676740 3647253
4110773 3838491 4016072 3941744
3901690 3841919 3886205 3880772
4176386 4085778 3897644 3987689
3874987 3809499 3932468 3968052
3973411 3993060 3787549 3859622
3746979 3734647 3810403 3864409
4014609 3905426 3776149 3905114
3706416 3751570 3821977 3830096
4010287 4104942 3950719 3911756
3865875 3874223 4015254 4064630
3806524 3779979 4001023 3823183
4042688 4117618 3926881 3961545
3696234 3743026 3882506 3777722
3863992 3891984 3733641 3810953
3731093 3714315 3841011 3649084
4004958 3912346 3745510 3813042
3895623 3920597 4104228 3930984
4033297 4172622 3871385 4055416
4125219 3978958 3892838 4033556
3937231 3913212 3956696 3975796
3965070 3864235 3730857 3803986
3829888 3767740 3801204 3913092
3920438 3829831 3815144 3825501
3896577 3721381 3786429 3855412
4122638 3978572 3870210 3998858
3926765 3952108 4003208 4097608
3930887 3889964 3897077 3974854
3870913 3870721 3977628 3987446
3776906 3746820 3857555 3839268
3793145 3912748 3865847 3841270
3854406 3743530 3824360 3854277
3776919 3846878 3822885 3778263
4034129 4033282 3973532 3918171
3948761 4011885 3935736 3992450
3809562 3874458 3922024 3866646
3961653 4000753 3974688 4055700
3809656 3763875 3750089 3799413
3836575 3881452 3825293 3985472
3776727 3756695 3822207 3815335
3825795 3796807 3862698 3942777
3909093 3908424 3965072 3922646
3960595 3997038 4058803 4134952
4043209 3801866 3910558 3881844
3858372 3835065 3848968 3825876
3910882 3619831 3733984 3762424
3724445 3713909 3712661 3617258
4113442 3720296 3875479 3780280
3895010 3800502 3867388 3749004
3832393 3642487 3781687 3747399
3744868 3634895 3668557 3743032
4069094 4063922 3935869 3996767
3845216 3885680 3932484 3957725
3979254 3836252 3780817 3858490
3621557 3637290 3847540 3867985
4043909 4035940 3821459 3898221
3748831 3885384 3940542 3889318
3995350 3901588 3719511 3812880
3703982 3636479 3808233 3786905
3868750 3799404 3914952 3826675
4010863 4116331 3929541 3987988
3668590 3706229 3830614 3741312
3891868 3891386 3722571 3842417
3764518 3757752 3903253 3804860
3869219 4074667 3786217 3866012
3728744 3697367 3839577 3650260
3891064 3920682 3695023 3794068
4029114 3953050 3805225 4080471
4010480 3921355 3884089 4129167
3876160 3847247 3696674 3787504
3755115 3773259 3815045 3811365
3989324 3906549 3797788 3905055
3828797 3828930 3844263 4007580
3915685 3811062 3746387 3786085
3788183 3791113 3826863 3900696
3973684 3920629 3954881 3992972
3871259 3999111 3972792 3850256
3798137 3851086 3813435 3825554
3685727 3800531 3797844 3785435
3962187 3834735 3914519 3898579
3796670 3921003 3931580 3889350
3867894 3714979 3820475 3827168
3781621 3804230 3807830 3776180
3929501 3793462 3878344 3888614
3905097 3960560 3964581 4127768
3705799 3690916 3791475 3709369
3852338 3828396 3845981 3916884
3844784 3828063 3907054 3787222
3971141 3961674 3982924 4027303
3771024 3633886 3790600 3790405
3822291 3818638 3929903 3920824
3938835 3627807 3850911 3884209
3809024 3634707 3811393 3651064
4038753 3821747 3882320 3936456
3952286 3783763 3952382 3847483
4072300 3795807 3858497 3925901
3885537 3865679 3911818 3783442
4099955 3873167 3930353 3940708
3860841 3878271 3936220 3874335
3974062 3967475 3741597 3850685
3700705 3746568 3913036 3878209
4061490 4059695 3933360 4001850
3841942 3870872 3947537 3843887
4097984 4031374 3816675 3987194
3797084 3855681 3998967 3971790
4092516 4091243 3859074 4085097
3857522 3840808 4027244 3997333
3672816 3693520 3887939 3656715
3904318 4022420 3760747 3778899
3715911 3838569 3931039 3780137
3988211 4073268 3766069 3969399
3864294 3878282 3949003 3842386
3925198 4040436 3893321 3956308
3833636 3892727 4063237 3844509
3989887 4021447 3885544 3982353
3856437 3884835 3764210 3892031
3770432 3747383 3782264 3886092
4015169 3902413 3920390 3968130
3970160 3892389 3847555 4078613
3948690 4016690 3876274 3933804
3944119 3838553 3928070 4033821
4055079 4033604 3828239 3981969
3881154 3872861 3922701 4078111
3888355 3788886 3809478 3819427
3739344 3898487 3835612 3896526
3933848 3941401 3948911 3928875
3873358 3938360 3908731 3900895
3993141 3892490 4019540 3911146
3873638 4007238 3973822 4018134
3899796 3949602 4058558 3957842
3990838 4001016 3974119 3981137
3758650 3708960 3861838 3751145
3861751 3804724 3909026 3941414
3821170 3738379 3931588 3896409
3978433 3966056 3970634 4053312
3979871 3916959 3899277 3897596
3963658 3922180 4101824 4070503
3869749 3926003 3927213 3929056
4036389 3906795 3960565 4126513
3920395 3710303 3787181 3830363
3764560 3705235 3788473 3634234
4029171 3747487 3827431 3899600
3821701 3827362 3871586 3755962
3993392 3808436 3850664 3889592
3793628 3758318 3952724 3763684
4057869 3794617 3878954 3942800
3887788 3872692 3910035 3810718
3918938 3983116 3838324 3889101
3770050 3729790 3934574 3792655
4055599 4050898 3914260 3931771
3872695 3776498 3951698 3889995
4019444 4018696 3894516 4003998
3762390 3810649 3893256 3908812
4092985 4095718 3975125 3965459
3868227 3835992 4008815 3936716
3744806 3725369 3813030 3767098
3807806 3839635 3759576 3822580
3785566 3710783 3861923 3806531
3948544 4121897 3950946 3873913
3755486 3806694 3892034 3824141
3996398 3989917 3898224 3847677
3793487 3838081 3981075 3898782
4001344 4026612 3893035 3991063
3989282 3898814 3719043 3883586
3790560 3792901 3795146 3955581
4045733 4003248 3916229 3883677
3880761 3855358 3835103 4070343
3994081 3953160 3852962 3901558
3904860 3912150 3808184 4055204
4083040 4018550 3883972 4003298
3940483 3880413 3948990 4139134
3833160 3853430 3897100 3827357
3774869 3894792 3788174 3806625
3981743 3863692 3877023 3853803
3892308 3935573 3888826 3980233
3903155 3951279 3940202 3896108
3961988 3995431 3960984 3920696
3997827 3944626 3980239 3968410
3908572 4015870 3887938 3912559
3749537 3764836 3827880 3746398
3828119 3766163 3813065 3934516
3944129 3882072 3916021 3816729
3926540 4001336 3919838 4124584
3899980 3818067 3848610 3824825
3957944 3968531 3982319 4079707
3919459 3881272 3920144 3903847
4005231 4001986 4004938 4080624
3891850 3671437 3819101 3814449
3786570 3860715 3809547 3668294
4073188 3674106 3801584 3772671
3829148 3826312 3880969 3702080
4015823 3794513 3958645 3897255
3955897 3833811 3874211 3787572
3908117 3740494 3883203 3840717
3805260 3697668 3782222 3720649
3922374 3983171 3833282 3876028
3783347 3737911 3889352 3893497
4139168 3888941 3832949 3932005
3776911 3847969 3904976 3828196
4037371 4061504 3951795 4005683
3850702 3791091 4009108 3900522
3983713 4007967 3854556 3941694
3747786 3767488 3844240 3899487
3687230 3732863 3904463 3694181
3955492 3997698 3739592 3968805
3693383 3726088 3931166 3738817
4051070 3991877 3916612 3885345
3950932 3794500 4032494 3792878
4100827 4141511 3856820 3997784
3702995 3683619 3875318 3850162
3926851 3963788 3741587 3911601
3941368 3889990 3678525 3764840
3801686 3752231 3852817 3996646
3994536 3956450 3783398 3951563
3893314 3784836 3806968 3991226
4063798 3963445 3927382 4012730
3925699 3926442 3834644 4092201
3964775 3893244 3802518 3798049
3870007 3787776 3852163 3946926
3849104 3790877 3855939 3866203
3821258 3881623 3786612 3874619
3805477 3871043 3921023 3842256
3743845 3893305 3896723 3868701
3982803 4011185 3997721 3888881
3882930 3979475 3972443 3967742
3900623 3806453 3879946 3810299
3790156 3918281 3855254 3903274
3779568 3842698 3847040 3778429
3837822 3836210 3778546 3971184
3797733 3793266 3893869 3852378
3865713 3909600 3942864 4058730
3913639 3988971 3986131 3930709
3898972 4026569 3993483 4043000
3823544 3814889 3782379 3791230
3926145 3826843 3838081 4054616
3936132 3956089 3926091 3996014
3889361 3883616 4028729 3981214
3759678 3857833 3853403 3754249
3865928 3935053 3896654 3820618
3622337 3740610 3709160 3672055
3768078 3709565 3799849 3748461
3691163 3853481 3758821 3748105
3766611 3730829 3850494 3774331
3875843 3882875 3820063 3885646
3916906 3869494 4032690 4062566
3718159 3799007 3754183 3768757
3803252 3791940 3827421 3925178
3667024 3675568 3740986 3735109
3806208 3686251 3766118 3780281
3715239 3740749 3714765 3697799
3842905 3691702 3806068 3763366
3918513 4026559 3890264 3944100
4008881 3987957 3842158 4043874
3866907 3925865 3862903 3824825
3889382 3923811 3687806 3969112
3704704 3796574 3674072 3637829
3836870 3785315 3675295 3801615
3679844 3823006 3748936 3805833
3836751 3876680 3665684 3772880
3940851 4050388 4015310 3954159
3932604 4023570 3860980 3898570
3835766 3910084 3880657 3876779
3773193 3882305 3750034 3801349
3707630 3787104 3820136 3787646
3580830 3836081 3712458 3634875
3812826 3780763 3848907 3763314
3633333 3857940 3680463 3704780
3997127 3989254 3966550 3935306
3969450 4048515 4014079 3884171
3872412 3789848 3970335 3876191
3711922 3868543 3996490 3836840
3776332 3756469 3838133 3732842
3769515 3689397 3916975 3770115
3831847 3792139 3837316 3726389
3762379 3708394 3831564 3826266
3860063 4057571 4090908 3899647
3841529 4194044 3918326 3926710
3725593 3953834 4032343 3807032
3812350 4036175 3889249 3784215
3648764 3821667 3807531 3626505
3803602 3884088 3667599 3813934
3629272 3828073 3964234 3758300
3718586 3883210 3765994 3766475
3768339 3779000 3731768 3743543
3790079 3913180 3943227 3801988
3802058 3753697 3828324 3890187
3826811 3829552 3933480 3767782
3870477 3931934 3880818 3875078
3923929 3909941 4020701 3922493
3975661 3886136 3894362 3939078
3921086 4042190 4028038 3923506
3779514 3781832 3798493 3885132
3794991 3741489 3889581 3813025
3714172 3782257 3755144 3862133
3793476 3725474 3806064 3852947
3880640 3860599 3812347 3950244
3895764 3766974 4012312 3990321
3913315 3984012 3917916 4009048
3951858 3899174 3995974 4002719
3816911 3866959 3629687 3737468
3917143 3930654 3845561 3928385
3902092 3927123 3797736 3833930
3807197 3923692 3752608 3947119
3815837 3975003 3893859 3822009
3967358 4026055 3757946 3981653
3952726 4035721 3924648 3970218
3988205 4091375 3955002 4035078
3827239 3902148 3942893 3785323
3606582 3878825 3680747 3793363
3853657 3850429 4000342 3823159
3737901 3843168 3679516 3793112
3909756 3963806 4035194 3872286
3800878 3899179 3832370 3871005
4073568 4058575 4042743 3918533
3845985 4042004 3845632 3867055
3819061 3757189 3841631 3807709
3823680 3837694 3981488 3720337
3831584 3889776 3970034 3794960
3808651 3877207 3911451 3768544
3933821 3898632 4022123 3867426
3751941 3818137 4026579 3904362
4081629 3977682 4041209 3907878
3919752 4001103 4134645 3949782
3713659 3964688 3881661 3669205
3793002 3912495 3830901 3808597
3692528 3981985 4008434 3656581
3736755 4003004 3822562 3839729
3759143 4018026 4039609 3882632
3902752 4112432 3927024 3900134
3873370 4043197 4140481 3852057
3910165 4139694 3894120 3950279
3748627 3802750 3764827 3773239
3856247 3810901 3946362 3884087
3830636 3843412 3866251 3868911
3850939 3970054 4010542 3889723
3711092 3809716 3705942 3759009
3698688 3713805 3888506 3677711
3751321 3775328 3832789 3725708
3863543 3830403 3916449 3744970
3822316 3828920 3797115 3924575
3878649 3756206 3882155 3845600
3821436 3834218 3833747 3940627
3907480 3807419 4033631 3901376
3682105 3702185 3630726 3738328
3732379 3717010 3748914 3713770
3873431 3809213 3721150 3883241
3782350 3751235 3870094 3834256
3699252 3921692 3822473 3820545
3909698 3925924 3722452 3898690
3824457 4008349 3817380 3841783
3967537 3976396 3852029 3921512
3658141 3794865 3621411 3829457
3842528 3840243 3560836 3818223
3713865 3877249 3810614 3766542
3822094 3896974 3762078 3931167
3897037 3972424 3918085 3924030
3744111 3854252 3775896 3739560
3909778 3877285 3979093 3974523
3770034 4060281 3846763 3838122
3819751 3819062 3850692 3773009
3654395 3813225 3682380 3627610
3891759 3878390 3950567 3837010
3707986 3880316 3630542 3805307
3905234 3890379 3971908 3878053
3819249 3820710 3983324 3773660
3977061 3915598 4017446 3824136
3889026 3875950 4054521 3803727
3779814 3692608 3814393 3708491
3660443 3682344 3927432 3747424
3904987 3804823 3836209 3785598
3915607 3751788 3982468 3883185
3733371 3978910 3975755 3753197
3798670 3991655 3842867 3741976
3883287 3985218 4006791 3768718
3880354 4104520 3899171 3894920
3701046 3939168 3881529 3692890
3679259 3842603 3709542 3721215
3756713 3992207 3972910 3767265
3759820 4022435 3929966 3812891
3783650 3883049 3707574 3747938
3761636 3753072 3927202 3774136
3613982 3713551 3643661 3660219
3740384 3684519 3765317 3680227
3735784 3876735 3736260 3770771
3707574 3761676 3832100 3830705
3686243 3743428 3766020 3739220
3746430 3778068 3822591 3742555
3696449 3832844 3762506 3782400
3766249 3732169 3850886 3820651
3650632 3701210 3694857 3727031
3710340 3665067 3759241 3797216
3788475 3744587 3737593 3799192
3787098 3759993 3855263 3879036
3713132 3781515 3704344 3755843
3845986 3721654 3910142 3773160
3692169 3908293 3759560 3781185
3896704 3867201 3642598 3803247
3727807 3827096 3697449 3651130
3788794 3817303 3636121 3645196
3749408 3903919 3773008 3868225
3890087 3810750 3653249 3877239
3768811 3836841 3755208 3699348
3854967 3843311 3629178 3878267
3845414 3788546 3878602 3921026
3749873 3837733 3716904 3710697
3795527 3763550 3856964 3769770
3624512 3829515 3670437 3699044
3819829 3840897 3921733 3781837
3728568 3955676 3753871 3735565
3796747 3849580 3919184 3785137
3712635 3884458 3751921 3637106
3857353 3802784 3878877 3805724
3820844 3799295 3967506 3733048
3684882 3719962 3827022 3540713
3687323 3629169 3823840 3664871
3750067 3792504 3901704 3741300
3797387 3760720 3889716 3871994
3776432 3758192 3833150 3772824
3754022 3820451 3891314 3712757
3684013 3864425 3889885 3618444
3714457 3957437 3775652 3807462
3638067 3840686 3753935 3659325
3640842 3996327 3666209 3723260
3696156 3964643 3958212 3696475
3767981 4003867 3815395 3853148
3719613 3895776 3946503 3662832
3730317 3990157 3757000 3764136
3731061 3848989 3825303 3875302
3803136 3833818 4030687 3921785
3776367 3894112 3719920 3832921
3856097 3883535 3868363 3830910
3775646 3850365 3879131 3783332
3848766 3823684 3833957 3796475
3855775 3870097 3815935 3867739
3873844 3892347 3928721 3851123
3822186 3821901 3825492 3860143
3849527 3794285 3994824 3928920
3809919 3756905 3738298 3805932
3871338 3780097 3936500 3897611
3750221 3722567 3755932 3828138
3803212 3781943 3904990 3830337
3863370 3882742 3770640 3818081
3828457 3793373 3917544 3981130
3878889 3940777 3874510 3873594
3896760 4018723 3783446 3966383
3752561 3927212 3802951 3836659
3947726 3887848 3766555 3982856
3728923 3982156 3829349 3848403
3897746 3877759 3709385 3932845
3844544 3896534 3916309 3891242
3816220 3921872 3681271 3953174
3891773 3912874 4009852 3876533
3856659 4030385 3788082 3862059
3842059 3878238 3990700 3881085
3764128 3970816 3782237 3806646
3875884 3842796 3953028 3805930
3705070 3955463 3766025 3787403
3897742 3868986 3992054 3984555
3717260 4016732 3767942 3692007
3943000 3853985 3970783 3837137
3906756 3898623 4060505 3857828
3812174 3873128 3919906 3852486
3869958 3886141 4001771 3811139
3871868 3779952 3932047 3794022
3854776 3848534 3975326 3768174
3918866 3877914 3885880 3847135
3877611 3853153 3968020 3872510
3832771 4028826 4056975 3819488
3886400 4080283 3900425 3917790
3734771 3947257 3998880 3728213
3758185 4011781 3800834 3802383
3763742 3905560 3936087 3735394
3756054 4041991 3848255 3785087
3787452 4008669 4035826 3784958
3810915 4033328 3821583 3831551
3824627 3950805 3908475 3956657
3882085 3941872 3965469 3920991
3800718 3869673 3804749 3758451
3749092 3881951 3882556 3799596
3888964 3914432 3919074 3807917
3847644 3921910 3997390 3886003
3649992 3697385 3686790 3642640
3613685 3684855 3683993 3610446
3807056 3856688 3808971 3996330
3907223 3824050 3959100 4018647
3783803 3681266 3775002 3796198
3780757 3716280 3875632 3921921
3808471 3866976 3750049 3891744
3882771 3772822 3986945 3922937
3654003 3712459 3574537 3671271
3601283 3696005 3703541 3708912
3886022 4021067 3846841 3962377
4009270 3979217 3826872 3963458
3837352 3864682 3738732 3811870
3888179 3868283 3711930 3875479
3875228 3971305 3873197 3929186
3936353 3972460 3854753 3993332
3651139 3693879 3611256 3653041
3749891 3717042 3533658 3692814
3974475 3991991 4053063 3927144
3941188 4070270 3890916 3888823
3809809 3926864 3936542 3950496
3660762 3925364 3743304 3795588
3920050 3956068 3945719 3905260
3827389 3993925 3846842 3776410
3648909 3728742 3735198 3717865
3465233 3723693 3627822 3644974
3922944 3931647 3980118 3957560
3880619 3916689 4106696 3888932
3855572 3879415 3844870 3836625
3726336 3801688 3896762 3834238
3961848 3913535 4059393 3914160
3915270 3790169 3957506 3849907
3749807 3545961 3825411 3645354
3688093 3651001 3810839 3713190
3794023 4000538 4075444 3889430
3904887 4044624 3916985 3873028
3698492 3960475 3950180 3727001
3717303 3981168 3786575 3767974
3815218 4051251 3955637 3773140
3859224 4122912 3953424 3853148
3604472 3842679 3710524 3546511
3636336 3858683 3670957 3637268
3872005 3969964 3985631 3934691
3922956 3945124 4012554 3850970
3919291 3961006 3940010 3941217
3935200 4012533 3993627 3873666
3876628 3987979 3895639 3993620
3907250 3965583 4119836 3915474
3591639 3689448 3688336 3580395
3653791 3594966 3786872 3676045
3944930 3907689 3899420 3956999
3913398 3984133 3973721 4035959
3929620 3904235 3909885 3939436
3910370 3837884 4039505 3989526
3894905 3944698 3884898 3958305
3909584 3930438 3944804 4010846
3621827 3584725 3583392 3749161
3637638 3556534 3744336 3714973
3933184 4015960 3866997 3900587
4069055 4015446 3782353 4022796
3894027 4041746 3950477 3984737
3978108 4097755 3808369 4052415
3940306 4055935 3960554 3959769
3995956 4073530 3850915 4019114
3580435 3661368 3703494 3612601
3720158 3756827 3549938 3677848
3992366 3998966 4088795 3993909
3817737 4079142 3914742 3810856
4048259 3899716 4039675 3953535
3790129 4081367 3912086 3947887
3988438 3999731 4013628 4043120
3880554 4115476 3947093 3941644
3715626 3683914 3731815 3745611
3606244 3656716 3593126 3542096
3971406 3955998 4022984 3967657
3936895 3965763 4074487 3986707
4008841 3929529 3957285 3952859
3820622 3949387 4104986 3950781
4012252 3909392 4012646 3967718
3939132 3979115 4084162 3991248
3721082 3657638 3725259 3664402
3608896 3674530 3771182 3596439
3879692 4091981 4105981 3950561
3858860 4138148 3936716 3957843
3876553 4060960 4050934 3831271
3955576 4210480 3959966 3974857
3835384 4107211 4022781 3860496
3876942 4179069 4001581 3957907
3629072 3785421 3835228 3580339
3546455 3817111 3716345 3608602
3981675 4081090 4013383 4027026
4155053 4065567 4133028 4115883
3764405 3871843 3839620 3890989
3935638 3816191 3890328 3826406
3987080 4009688 4018100 3988933
4037912 4074112 4105932 4011730
3760983 3929317 3831080 3815901
3858150 3806364 3975216 3839388
4046752 4020468 3953412 4095254
4035827 3994835 4094662 4056906
3820794 3886265 3786153 3782772
3857485 3748674 3863058 3905219
3938521 3982412 3895695 4040480
4032376 3987589 4081823 4100286
3787424 3853081 3740008 3824286
3843736 3802993 3940979 3895838
3954441 4100696 4019472 4049106
4141933 4123511 3894356 4025665
3822458 3951787 3843579 3903788
3968118 3988979 3824305 3909982
4056325 4172902 4006190 3994525
4131853 4227895 3979080 4105163
3799430 3918566 3822931 3741470
3924308 3935809 3757408 3894492
4062569 4118877 4253884 4117488
3991618 4080681 3983779 4023861
3925232 3882041 3957466 3917457
3802390 3871064 3778155 3780916
4140052 4180629 4166845 4149691
3972940 4149762 4074914 3982643
3929840 3903607 3979213 3980016
3768145 4010640 3728135 3822130
4158645 4052044 4182600 4058368
3996464 3978049 4248018 4084759
3914475 3905633 3998171 3892856
3864881 3912971 3988058 3847724
4077186 3964458 4132553 4104196
4033754 4014165 4185375 3988029
3943118 3800088 3956662 3807166
3839885 3818142 4024077 3866111
4012292 4196900 4198670 4050280
4073534 4225451 4021104 4045666
3815647 3941718 3900512 3781393
3780751 4092194 3864170 3786328
3964808 4175190 4199806 3906823
3999105 4247302 4058084 4020705
3783164 3967988 3969036 3790810
3837306 4054851 3880261 3729705
3857895 3866749 3853716 3823013
3878192 3973358 3936567 3938018
3716830 3841528 3896435 3847994
3868751 3890733 4008173 3855712
3857676 3919439 3915277 3854045
3926929 3921880 3985593 3989770
3813911 3837581 3797545 3817342
3783267 3857081 3855608 3750555
3904250 3809268 3885247 3862856
3952948 3795781 3953717 3874814
3786943 3799911 3823796 3873693
3822610 3746006 3907559 3856148
3858886 3847451 3875252 3869918
3901655 3821654 4024569 4046189
3681330 3844948 3711684 3745237
3837633 3772314 3821900 3903174
3859342 3990142 3890342 4010625
3979084 3993000 3811849 3932012
3887899 3888124 3821919 3786543
3935563 3940098 3718616 3864254
3993460 4023641 3965797 3880781
3875947 3982022 3909134 3947705
3762892 3854124 3830372 3731495
3817459 3848276 3664851 3802351
3943782 3961011 4064652 3956447
3811496 3964103 3881957 3898860
3809435 3890849 3950241 3905383
3735957 3936647 3784702 3746083
4000873 4019918 4031658 3896569
3809270 4044590 3869587 3931392
3845682 3897497 3912422 3861993
3716683 3930481 3733723 3717953
3946817 3913143 4067000 3896292
3899523 3887994 4023135 3885123
3904502 3848194 3941728 3842991
3811602 3791388 3938002 3915281
4008454 3824002 4102580 3981319
3985588 3971027 4077250 3908072
3838476 3849769 3924692 3821283
3902953 3799343 3887046 3828132
3868664 4077292 4048445 3839150
3816972 4080326 4007193 3927787
3779269 4051716 3982553 3707012
3850631 4037936 3897680 3816995
3881926 4079734 4058606 3747652
3858515 4155071 3981245 3876432
3743467 3915729 3933092 3701891
3755284 3948181 3937642 3841230
3697542 3784374 3777371 3729865
3705574 3821850 3846884 3692827
3851937 3896883 3874850 3848887
3827087 3844843 3963216 3875292
3778354 3858409 3831701 3902806
3901439 3937757 3993302 3934417
3772236 3826579 3827429 3804525
3780794 3831670 3825340 3841890
3724066 3791238 3677010 3734568
3726412 3656032 3723335 3716813
3790502 3877443 3821679 3865716
3836491 3684805 3935133 3908258
3829434 3834466 3774126 3854532
3826266 3835956 3971278 3990278
3794275 3787086 3782887 3850252
3868057 3706759 3886359 3897111
3681868 3865922 3670416 3783936
3836657 3826177 3666559 3786394
3776387 3900700 3894966 3873562
3937879 3915852 3804222 3968785
3858652 3896563 3854413 3929981
3927097 3889707 3767772 3923304
3785562 3808692 3775300 3805452
3836304 3859278 3793687 3935215
3803606 3833378 3825956 3850992
3707203 3825779 3694406 3673427
3873664 3864598 3978918 3812181
3691963 3997024 3641394 3830070
3987248 3902328 4031668 3952437
3770737 3938098 3824447 3826948
3851315 3813745 3923633 3799062
3669725 3878694 3762915 3712900
3805781 3716001 3818259 3810052
3723275 3723336 3953640 3772527
3911754 3799033 3994435 3761570
3864758 3854771 4050639 3895568
3910068 3872821 3912328 3863526
3846193 3862952 4037258 3836115
3846759 3844101 3924228 3781908
3770147 3763210 3952365 3890478
3709143 3928684 3844617 3628482
3696404 3962786 3687042 3816621
3759426 4001978 4044725 3829875
3744592 4128003 3992936 3789853
3796762 4012877 4005064 3866667
3798206 4108767 3907858 3841587
3752940 3883624 3963160 3824643
3829019 4066791 3774282 3795620
3791314 3859820 3801014 3730994
3879927 3806707 3977116 3868857
3778130 3772325 3701589 3678740
3886096 3854814 3912507 3811806
3709465 3740578 3715182 3721320
3669825 3700929 3864739 3673757
3795812 3838292 3758925 3800527
3688832 3839699 3801428 3758238
3813847 3769578 3829445 3826852
3885899 3692434 3885131 3892266
3698775 3793567 3705378 3784300
3839105 3706022 3876598 3908298
3727546 3669822 3674692 3727382
3660588 3664442 3815261 3721761
3778756 3825287 3699837 3730367
3825789 3689312 3854106 3897636
3792396 3984037 3840740 3771493
3905701 3882580 3679872 3884177
3800880 3900129 3828750 3788875
3852866 3826231 3736027 3875819
3644547 3785117 3663224 3743045
3753360 3778323 3575329 3782800
3813941 3889670 3761619 3827682
3846191 3869487 3673970 3875519
3875975 3864966 3905387 3875508
3836528 3910884 3815178 3793438
3852374 3814971 3978432 3844998
3700518 3919987 3768048 3671985
3728751 3748098 3776962 3660926
3626228 3758913 3699729 3654170
3845323 3829187 3895224 3883551
3748492 3856239 3782366 3761568
3910041 3801415 3873912 3794910
3766037 3842024 3955100 3868613
3812655 3828892 3866016 3846581
3828908 3756452 3982391 3794235
3802490 3758142 3765811 3621187
3649620 3714996 3839461 3658716
3842730 3803821 3879506 3791567
3790096 3715350 3935257 3831398
3818001 4008593 3968351 3789262
3854097 3958606 3741863 3784889
3748448 3932213 3931252 3738036
3812529 3963935 3768436 3833080
3634690 3903434 3838766 3610890
3657032 3859035 3803905 3652524
3740691 3874941 4021052 3704060
3757415 3961058 3909171 3750251
3739433 3849877 3745556 3859782
3819577 3860108 3855518 3813789
3754431 3904316 3856038 3796280
3836847 3780537 3953702 3855427
3680658 3857502 3708540 3736584
3659792 3716579 3801969 3703985
3883032 3896988 3887181 3834175
3960928 3984002 4026276 3910160
3756003 3869742 3821582 3790373
3740632 3749902 3894825 3871270
3806503 3853877 3768969 3816392
3811381 3818277 3888976 3850727
3701890 3729936 3663920 3741034
3694290 3641832 3754049 3792914
3890768 3835864 3777654 3872542
3888902 3784651 3892611 3944782
3819464 3886337 3828124 3884830
3863154 3940557 3822018 3870958
3746935 3936656 3830326 3866286
3962553 3987374 3789121 3925881
3688517 3786758 3699095 3747153
3805576 3811301 3694242 3789011
3864838 4063749 3951612 3950981
3942006 3956885 3778975 3959570
3879540 3852100 3953889 3928342
3726227 3856847 3812147 3726497
3927568 3880254 4024775 3899857
3797471 3988531 3858560 3728289
3808526 3751311 3900311 3774093
3703377 3858325 3702686 3614399
4003198 3987362 4057492 3974465
3771890 4060626 3874911 3806341
3915017 3882481 3894271 3849786
3778888 3713498 3987348 3939517
3978553 3873613 3883682 3852666
3888142 3784356 4007910 3817631
3772991 3689341 3855249 3727931
3750009 3786319 3796016 3750576
3944841 3962048 3988761 3838972
3906511 3873343 4008931 3995366
3742975 3981526 3877217 3759468
3826512 3988938 3887317 3765496
3809263 3913637 3930233 3740862
3819576 4031647 3911440 3881149
3698084 3877290 3851609 3674034
3702670 3980483 3739931 3726042
3869880 4050339 4016623 3775042
3869718 4156211 3981892 3939079
