3728051 3671089 3706381 3722062
3826704 3819056 3867975 3838469
3789446 3787413 3770841 3893223
3944033 3874628 3886277 3917029
3953090 3799992 3916916 3886106
4115173 4032519 3976069 3958848
3920392 3875376 3954011 4038328
4048438 4124090 4055550 4021532
3930839 3733368 3884412 3871577
3776656 3774624 3704285 3663803
3882216 3727725 3927538 3964966
3824515 4051999 3746978 3829849
4061969 3980136 4137931 4125007
3988006 4048614 3826251 3965493
4044808 4061134 4151773 4219177
4014318 4146163 3884713 4055732
3662212 3818161 3707741 3706784
3739891 3597897 3843498 3660541
3779485 3890856 3788598 3762957
3768911 3726503 3920145 3775347
3943073 4020480 3855818 3915310
3982319 3896519 4038774 3927407
3906291 4025014 3884318 3995519
4009048 3987549 4090780 3899750
3658617 3932355 3738106 3746541
3889625 3750747 3631533 3869641
3819990 3977835 3839950 3830386
4017646 3816569 3743619 3937958
3903738 4195619 4001582 3983816
4082250 3907779 3927306 4027297
3881411 4155702 3957246 4105702
4098211 3954512 3945928 4108964
3712912 3655933 3758749 3763121
3767099 3768253 3760589 3840908
3817879 3704935 3799279 3838260
3875079 3839226 3848427 3894791
4006954 3895133 3876299 3986383
4021151 4065811 4034314 4034632
4047416 3885316 3886652 3983075
4037129 4063139 3965612 4111833
3750223 3649156 3631927 3774526
3677617 3683169 3787573 3877884
3850302 3864109 3808336 3799250
3669350 3807422 3790950 3983458
3993945 3892591 3822921 3957401
3862318 4055146 3923055 4079347
3989285 3940697 3848989 3947065
3922640 3960003 3955806 4182828
3812985 3781189 3724357 3784653
3910964 3976486 3928337 3903123
4008640 3775904 3916653 3870333
4081203 4048098 4000890 3888925
3722621 3663233 3788400 3671056
3927648 3869012 3842529 3881210
3886459 3810099 3876399 3892727
4067491 3907075 3984130 3925209
3973072 3848510 3951561 3979757
3959169 3898195 3701873 3882584
3969233 3920547 4138942 4021963
3974912 4094144 3829996 3944916
3872760 3747542 3880680 3924584
3886829 3837459 3660394 3770422
4020847 3916901 3974542 4074282
3909728 3971558 3829494 3910035
3855491 3903515 3782255 3839383
3885557 3772921 3941076 3760504
3905959 4026476 3865885 3864179
3883836 3798298 4075252 3817186
3777881 3737962 3691352 3780889
3755762 3697437 3850502 3647356
3857546 3974808 3801277 3903537
3771603 3829845 3965348 3879712
3779393 4042653 3873607 3812485
3947719 3837414 3742073 3963926
3865438 4081363 3841577 3939564
4092859 3955475 3924695 4068502
3709403 3928358 3754896 3789801
3964335 3780555 3718678 3795539
3845520 4169784 3930815 3938017
4088462 3859977 3795313 4023026
3819485 3785786 3789645 3861113
3919068 3924397 3884856 4035060
3905617 3892943 3865649 3940469
4006645 3993796 3979838 3972135
3804501 3710435 3731615 3836046
3786083 3745352 3779824 3906157
3905514 3867666 3757142 3914840
3889525 3947911 3964874 3987525
3808561 3756826 3771105 3786842
3733602 3874948 3922443 4098214
3973890 3883199 3894492 3866634
3852171 3968758 4006011 4043531
3756691 3760328 3682764 3776895
3690364 3791387 3883908 3994304
3944409 3821401 3836143 3846032
3751392 3929529 3854013 3989501
3815361 3747184 3804645 3778152
3918879 3907427 3868069 3953573
3863387 3767381 3773915 3843416
3932088 3901363 3923829 3878284
3784620 3778639 3827329 3846599
3938307 3963387 3874410 3916926
3736588 3631178 3711551 3828836
3836589 3888793 3799083 3862898
3950864 3876752 3927553 4030901
3881759 3900211 3721891 3835724
3912252 3816061 3979880 4014700
3835878 3869873 3757153 3894780
3912277 3796495 3970008 4033470
3827815 3930560 3716176 3872491
3839478 3666933 3771654 4005128
3828157 3874117 3640563 3871661
3776196 3848315 3711906 3783766
3797694 3760383 3910432 3723298
3726075 3887394 3759347 3836281
3782764 3740325 3940580 3742087
3826864 3920201 3798340 3818501
3834689 3766170 3909561 3840050
3819284 3842099 3723013 3815750
3760527 3737098 3799986 3716345
3762819 4046520 3810907 3841790
3975788 3793421 3773908 3935747
3821554 4062133 3820135 3853915
4000046 3878306 3765664 3964009
3858354 3963956 3863808 3917195
3946641 3913260 3796672 4036200
3713499 3955445 3821586 3822905
3881457 3798266 3674549 3888675
3857232 3830564 3762632 3847403
3851263 3812721 3807156 3919893
3965532 3712791 3813459 3872888
3927498 3940144 3872727 3966115
3866413 3867565 3820225 3796831
3816709 3994458 3815855 4040029
3781317 3783259 3710085 3720102
3877145 3805057 3805609 3990024
3827337 3739700 3776888 3773992
3849596 3874978 3818472 4022674
3857846 3805395 3823615 3840495
3752408 3871339 3803784 4106128
3867771 3810102 3797007 3874449
3754883 3810884 3838005 4003383
3798946 3736173 3586202 3744338
3690497 3702140 3826441 3957306
3662644 3615287 3721521 3752801
3849541 3857451 3801620 3767827
3779155 3838515 3822093 3991499
4068234 4024686 4045235 3955678
3834784 3744396 3828985 3912075
3927647 4027165 3897768 3918727
3777206 3720559 3854783 3906662
3942544 3902217 3906906 3891310
3763852 3712811 3898156 3880894
3755985 3747091 3599730 3678648
3945138 3879676 4046158 4126299
3936285 3961188 3817104 3933441
4012516 3942462 4011258 4090766
3895781 3950115 3810642 3879042
3906549 3860831 3995621 3949376
3992175 3902752 3725165 3900543
3662708 3776516 3679786 3789018
3741416 3677903 3830211 3680663
3878719 3936155 3910734 3943654
3896335 3819519 3980356 3886290
3831614 3887856 3807726 3886783
3898898 3741030 4031043 3813757
3794922 3857091 3761961 3849902
3800125 3717128 3922394 3833439
3728002 3851370 3730558 3875470
3913409 3815546 3658055 3800538
3865621 4120829 3956167 3914798
4024687 3923938 3868223 4053354
3833330 4027972 3881419 3989456
4061533 3879565 3829949 3993703
3740875 3989814 3793476 3837994
4054477 3908139 3762071 3972989
3783340 3719942 3607961 3731652
3748450 3728127 3694335 3880401
3897084 3878370 3891372 3917334
3978841 4031059 3946249 3962606
3923936 3797681 3788342 3912485
3947539 3954272 3938854 3968550
3904168 3808135 3842490 3814458
3905471 3905213 3917755 3936515
3738107 3773413 3673694 3759733
3725778 3799125 3711936 3910995
3953696 3952947 3901516 3954943
3846720 3926813 3866171 4134464
3952232 3887629 3861540 3864911
3854883 3932405 3864149 4115072
3835932 3934944 3838833 3884307
3830825 3872624 3853112 4048520
3683645 3650648 3758933 3854161
3893710 3815944 3828649 3875146
3817418 3774733 3850204 3869409
3913808 3902146 3907341 3879944
3836102 3715733 3755696 3812512
3886681 3939703 3869533 3914156
3849461 3728861 3830956 3912389
3943146 3945289 3913849 3910634
3872744 3733874 3962430 3994518
3803167 3846021 3713589 3770577
3889092 3844218 4002576 3919706
3870660 3830333 3739050 3818986
3921905 3793461 3964602 3905075
3767037 3889908 3722436 3805464
3911892 3832370 3961937 4059542
3890077 4016312 3756115 3838905
3798869 3796883 3696131 3722024
3800247 3726487 3888413 3722686
3826910 3857399 3775369 3795780
3841333 3745383 3974319 3698617
3733728 3932215 3802453 3735833
3782007 3775847 3848931 3681632
3858821 3852352 3765982 3813663
3889837 3829877 3939047 3786117
3731617 3969576 3772146 3736745
3915099 3791509 3794288 3868986
3764019 4064642 3860176 3839367
3947588 3861106 3717024 3902405
3654836 3939107 3776970 3862597
3959486 3837488 3706409 3884985
3783665 4097316 3898315 3941359
4055073 3885750 3767914 4005755
3782370 3725555 3722919 3705056
3809712 3869193 3767118 3862295
3927300 3796970 3713464 3786788
3963477 3924491 3813863 3992235
3813024 3768743 3740811 3715728
3822009 3883370 3898214 3852969
3917992 3879815 3802972 3829895
3831011 3961309 3963996 4002091
3750934 3764263 3785088 3774609
3772722 3832222 3810774 3898416
3864974 3833867 3755688 3763271
3764191 3785072 3843521 4037649
3806651 3723145 3757756 3723653
3695570 3796224 3815606 4053331
3942007 3847905 3780573 3844113
3807217 3866351 3868172 4052456
3768578 3758278 3862962 3887476
4002437 3943964 3986790 3959521
3854255 3824343 3851807 3926164
3978956 3974249 3940194 3950527
3834214 3750565 3751563 3860827
4028058 3960848 3987661 3946687
3832754 3782919 3802007 3822307
3970841 3921585 3917504 3928696
3920463 3827132 4010927 4017149
3820085 3902801 3742370 3776351
3892145 3860816 3961522 3909658
4033291 3955407 3773717 3916920
3879263 3892305 4046576 4025504
3949136 3991436 3823086 3923108
3909365 3853397 3883699 3928525
3943999 3842230 3678197 3834421
3736373 3978667 3683509 3952981
3845804 3809038 4022483 3723018
3790946 3916353 3819677 3832926
3936198 3786183 3962850 3843411
3863267 3912348 3806005 3858693
3771042 3846085 3998707 3863830
3798664 3871678 3766510 3818183
3798291 3781075 3845331 3724995
3794962 3977043 3847210 3961843
4013074 3859857 3780428 4017787
3863483 4049032 3898238 3908404
4095950 3863758 3808715 3928378
3917461 4006094 3873377 3959283
4033766 3917505 3832887 4084114
3683494 4077268 3846927 3987656
3958097 3757131 3762285 3921695
3860815 3862611 3809922 3949529
3864917 3902961 3879073 3941489
3882374 3831884 3790480 3854205
3956792 3861673 3901379 4028509
3901319 3915632 3726816 3897177
3960587 4044267 3887160 4020592
3839142 3766465 3851531 3811580
3757797 3847812 3828956 3864130
3825305 3864156 3790187 3873759
3830831 3873966 3831776 4086871
3903671 3803795 3768267 3883219
3874797 3893767 3901998 4041997
3874295 3906204 3800297 3804509
3797216 3959618 3878180 4107532
3874514 3780154 3763895 3856541
3759237 3916148 3738044 3882723
3634798 3660721 3753475 3723969
3838349 3844273 3782110 3802346
3696721 3603498 3715499 3671371
3809371 3838312 3813273 3888314
3760375 3718764 3766735 3875022
3881382 3891017 3913347 3787005
3809410 3750408 3807036 3827409
3952485 3874707 3908400 3906414
3810606 3715150 3888590 3885673
3719188 3871407 3624436 3669596
3823922 3691241 3895089 3835404
3806352 3796558 3650729 3780005
3921218 3767480 3846707 4024257
3805974 3885746 3694286 3855998
3923236 3840220 3995782 4004231
3909046 3924561 3754107 3900751
3735262 3872380 3670084 3676853
3681077 3608579 3785517 3714352
3669878 3816984 3646020 3699189
3709987 3710474 3782493 3644395
3788819 3830788 3726111 3788059
3829808 3740857 3864335 3822668
3818531 3985853 3702751 3840903
3788567 3782417 3988828 3778954
3689912 3865563 3786629 3820987
3890055 3752113 3730224 3888097
3634360 3857727 3732206 3721347
3884332 3798726 3733954 3799342
3717756 3969048 3803439 3882353
3960072 3800025 3729326 3842755
3714404 4033014 3800522 3919577
4027991 3860769 3804208 3915309
3770867 3693021 3691811 3673773
3785050 3716770 3722313 3904333
3767834 3697897 3683608 3749192
3795909 3736100 3827799 3873183
3875639 3760658 3743148 3785926
3845136 3844379 3811816 3936206
3904869 3835301 3792310 3895726
3912905 3885149 3913446 4008200
3745841 3719246 3665460 3742207
3622745 3737862 3717333 3899305
3627630 3612413 3662770 3716056
3685162 3719553 3745189 3818044
3835251 3732105 3731946 3855375
3794743 3819860 3749357 3958967
3867126 3799298 3767399 3852241
3757751 3908616 3813092 3942224
3713343 3632958 3713336 3738934
3887830 3839022 3864532 3808523
3809952 3738918 3771495 3860737
4053038 3856146 4016219 3904823
3733576 3712792 3759175 3803897
3905482 3879078 3831509 3892136
3640832 3549521 3624499 3663815
3821692 3713785 3750622 3700105
3814632 3777157 3873562 3882997
3785028 3875764 3636579 3748457
3961425 3797814 3927288 3986530
3891777 3900762 3798289 3892088
3879881 3814249 3974298 4007472
3864452 3853147 3706576 3812410
3770535 3628594 3840593 3829193
3677984 3820294 3649088 3706854
3713904 3819537 3762466 3857196
3745280 3625175 3875838 3650935
3862194 3804239 3817557 3801862
3918610 3718938 3833906 3765329
3777172 3893494 3765330 3835456
3809858 3700928 3858575 3770582
3666867 3735819 3672449 3676649
3661718 3623709 3757069 3678743
3695172 4028655 3830650 3797544
3936545 3765206 3677571 3890741
3852481 4071894 3868897 3931425
4019112 3831977 3729975 3996514
3740171 4040941 3873438 3832203
3937711 3751968 3773249 3980555
3566958 3927056 3707324 3745783
3880304 3736719 3593977 3755327
3823165 3638337 3703478 3834443
3853958 3836248 3812827 3902798
3911235 3843505 3842785 3827620
3904072 3966179 3863767 4022647
3882321 3789752 3866135 3773844
3954731 3882943 3867123 3999467
3852226 3737800 3700612 3686989
3759612 3733176 3770575 3791675
3664145 3721119 3643843 3799191
3652798 3832895 3769360 3965062
3899265 3835754 3781532 3820705
3810540 3926393 3883980 4036424
3847111 3733997 3712160 3748474
3688122 3827475 3835320 4057409
3712615 3652156 3564698 3616473
3633696 3728576 3687351 3774986
3953143 3630554 3803418 3872997
4021489 3928136 3889797 3921654
3934006 3913234 3881646 3961497
4070371 4067804 4066021 4079668
3827699 3695377 3715285 3855731
3947686 3868045 3860468 3934608
3759830 3710190 3784014 3806166
3924349 3797036 3806014 3891937
3984061 3831359 4017544 3976301
3843093 3983822 3749110 3865180
4027084 3969743 4035698 4092764
4065472 4048102 3849088 3980117
3933697 3801655 3965966 3994972
3809865 3941605 3697831 3856173
3895216 3811217 3901625 4008484
3845101 3911756 3678339 3806276
3856762 3910225 3741890 3862293
3853585 3806157 3923132 3821439
3889043 4018454 3827814 3915267
3953022 3932040 4033185 3886464
3732109 3868652 3785510 3800600
3799534 3725569 3978812 3805625
3763643 3868357 3710709 3786174
3834690 3725683 3829335 3719416
3813132 4015511 3791850 3906813
4088660 3910092 3830600 3876196
3839582 4111335 3913207 3925577
4145789 3888707 3866152 4035440
3747493 4054811 3790666 3933101
4046758 3844745 3685471 4005418
3758084 4062357 3801008 3803870
3934288 3822489 3727125 3915126
3831636 3823288 3769025 3816944
3812929 3967459 3868547 3984808
4021784 3917027 4008318 4000691
3988243 4064623 3965853 4143230
3786816 3753298 3786852 3893473
3805310 3902328 3918002 3977678
3827203 3763593 3754687 3827578
3852390 3798040 3913367 3934775
3858338 3849240 3797475 3897063
3846319 3801383 3836184 4043850
4029065 3816226 3877130 3941567
3950145 3988061 3944002 4045652
3815500 3781906 3735011 3885977
3779053 3841194 3784108 4011542
3783422 3748906 3652218 3812374
3642814 3828590 3820635 3917960
3822604 3721258 3741410 3752186
3810298 3823227 3848717 3920916
3765850 3786342 3770646 3876813
3915515 3917652 3846335 3897880
3810233 3623822 3815423 3783856
3915567 3911165 3899441 3840371
3980121 3859293 3878049 3918893
4006668 4033943 3999719 3973442
3849276 3762226 3966752 3970025
3848870 3933428 3734021 3838827
3894223 3824240 3965786 4047171
3800836 3920197 3666986 3805645
3909365 3795702 3958630 3892493
3822346 3864376 3766782 3803927
3981870 3951027 4056439 4021460
3987340 4017192 3876622 3995238
3721146 3831545 3688310 3814366
3811029 3704002 3925063 3717458
3781211 3911529 3745423 3725261
3759889 3753824 3846563 3735823
3709186 3856418 3737527 3703618
3843039 3723061 3844971 3714153
3886698 3980160 3848650 3949207
3953013 3834442 4062259 3803656
3795391 3991533 3805264 3805323
3983255 3818830 3789645 3973290
3771045 3996558 3847133 3865256
3950451 3946577 3733860 3937991
3653211 3983522 3727954 3823121
3911391 3844051 3693143 3894474
3903492 4127384 3950341 3996910
4066104 3942284 3934377 4043125
3816594 3828447 3741458 3761681
3934723 3865800 3819771 3985840
3852769 3756509 3783321 3764100
3935544 3773743 3876392 3950487
3804093 3758984 3769848 3768605
3831885 3852768 3805570 3948382
3902688 3879651 3839939 3879664
4013355 3977326 3912861 4059528
3819970 3780398 3638830 3814534
3810184 3826799 3797489 3986961
3907057 3764148 3808934 3777749
3797702 3819383 3790694 3980571
3799710 3782239 3748246 3741441
3712588 3778083 3741491 3917414
3924241 3921088 3872424 3913196
3871276 3877060 3892883 4140121
3845114 3786874 3816536 3873839
4037345 3965689 3935467 4042069
3655022 3749427 3789372 3848319
3916561 3824990 3899733 3869008
3726958 3718856 3667715 3713760
3879927 3762445 3858132 3751848
3705333 3598299 3670003 3648437
3849712 3724521 3737995 3787878
3968038 3878301 4089462 4047460
3860262 3946645 3761611 3905716
3862132 3787579 3906972 3947577
3851581 3882649 3732203 3823301
3842948 3763717 3795662 3926646
3818979 3874474 3559958 3768088
3741566 3648746 3719819 3768593
3719421 3736754 3692628 3762613
3862843 4015777 3811564 3818468
3946642 3813381 3946498 3829044
3743033 3840899 3711186 3769315
3769521 3722403 3872171 3744512
3739395 3778614 3646305 3700845
3742465 3719320 3830492 3691341
3664216 3695889 3647633 3681298
3701946 3713486 3725856 3624677
3779985 4013823 3971188 3890098
4082407 3922409 3823505 4017758
3774600 3927910 3748017 3794287
4050587 3884489 3676501 3934951
3696199 3874342 3690694 3784672
3910446 3776822 3654499 3818577
3659030 3877427 3719010 3688180
3912317 3661033 3656418 3822674
3940654 3833469 3799175 3858552
3959510 3957724 3923523 4003122
3761584 3715167 3741291 3721482
3831282 3880215 3787117 3954001
3722202 3662705 3632661 3716077
3806046 3767589 3781162 3884837
3737851 3669494 3636330 3653722
3707626 3675399 3733123 3861027
3921388 3924649 3762951 3786030
3820648 3947018 3918616 4110793
3778353 3835487 3663092 3867514
3831544 3806390 3785275 3904622
3728658 3716685 3672372 3749741
3706862 3775356 3725037 3968628
3732535 3660142 3648440 3687830
3622746 3678801 3673302 3909373
3800021 3763494 3822826 3881074
3844117 3936682 3936790 3917133
3887698 3761060 3884586 3850500
4020623 3980693 3957310 4041126
3766903 3778272 3828265 3854888
3962553 3940765 3936397 4013052
3758467 3703328 3782603 3739474
3916108 3880139 3872543 3903923
3885821 3879255 3883178 3979754
3868025 3843848 3749408 3901155
3980505 3827748 4079656 4099142
3911953 4032445 3843471 3958933
4070392 3845733 3938090 3980781
3908237 3899528 3726077 3911325
3865356 3828721 3907920 3917899
3735854 3877086 3832743 3771994
3753279 3820721 3720125 3845683
3793512 3801205 3926342 3679881
4003737 3922692 3806442 3872813
3909348 3900502 4002322 3881275
3801191 3914111 3670517 3857740
3897990 3784593 3914172 3747203
3830418 3930440 3750913 3824566
3865870 3753016 3851372 3729619
3835780 3901967 3773996 3774136
3940442 3892440 3711202 3977861
3891676 4137104 4027516 3994476
4093790 3877282 3780666 4055664
3681400 3988665 3819348 3800534
3929315 3813102 3718733 3992986
3773142 3928488 3816072 3847400
3910026 3808182 3691243 3951723
3844730 3781402 3739461 3796319
3891602 3850684 3794339 3959656
4020437 3923123 3893540 3881764
3975951 3999442 3959584 4071292
3812569 3825668 3755198 3761590
3965428 3919119 3822132 3920551
3837205 3799572 3845225 3707473
3853983 3825953 3842544 3926168
3756858 3836538 3710980 3780063
3739776 3838500 3930017 3948666
3885338 3904768 3857360 3855533
3885673 3973937 3951962 4096121
3767573 3817810 3740014 3819772
3819932 3839910 3856708 3960959
3817770 3773537 3675241 3715441
3731152 3855144 3724208 3917658
3996376 3917739 3955047 4088761
3910932 4273529 4041490 4080961
3775928 3727839 3809172 3898741
3713313 3900445 3888551 3812197
4121110 3975588 4016422 3993287
3943393 4258957 4099175 4066492
3886104 3794017 3809674 3910941
3831031 3974636 4017751 4000731
4096979 3946061 4123701 4111115
3910409 4162307 4008839 4092160
3815612 3718224 3877107 3841161
3784676 3811370 3777442 3750336
4154839 4001691 4104576 4124937
3941121 4045565 4088384 4038888
4002100 3851159 3974324 3981858
3827709 3865107 3845684 3852510
4052105 3962702 3974368 4025998
3961857 4126370 4101002 3874675
3788055 3710025 3740617 3742677
3744987 3811510 3920338 3672080
4131242 3898473 3998328 3997554
3909332 4065742 4160029 3899860
3765421 3758355 3770617 3881040
3784875 3894975 4001629 3710105
4045837 3930612 3939048 3901922
3966916 4053000 3968016 4133330
3672943 3656559 3658210 3732973
3758597 3831493 3675509 3820300
3960044 4000292 4025630 4001523
3951139 4094934 3902635 4253058
3790029 3808345 3715507 3802661
3868015 3951493 3814002 3994242
4104640 3928295 4088482 4098923
3950245 4088091 4025043 3966308
3834654 3699795 3831458 3837649
3682419 3882270 3712595 3725510
4043759 4003055 4146933 4080840
3891087 4072878 3875276 3867216
3831540 3743660 4023245 3904798
3767341 3977728 3745493 3805681
4018231 4093752 4033516 3905330
3956691 4032136 3966148 4097842
3796588 3774570 3798675 3700834
3748719 3769809 3749522 3757886
4057035 4169409 4025389 3919604
3994134 4055118 3984797 4033968
3800952 3968280 3863857 3679619
3818096 3838260 3875693 3894661
3847440 3721588 3781698 3859916
3564136 3889059 3811671 3906972
3968957 3856581 3828612 3944155
3900927 4059298 3996859 3970350
3906723 3867121 3879396 4000957
3863680 4090804 4039147 3953928
3770106 3705759 3740551 3867465
3694176 3957317 3828946 3856797
3871577 3797966 3945477 3908990
3733640 3857581 3824758 3788541
4062884 3861559 4078991 4004924
3923457 4016748 3950261 3930898
3944180 3815242 4041020 4099742
3894900 4019058 3933947 3985887
3799979 3649266 3875866 3897796
3712082 3800438 3794073 3820232
3763734 3724329 3775552 3774681
3729453 3818457 3873760 3631412
3862323 3822910 3981367 3972866
3826958 3907331 4023341 3722519
3901042 3764479 3869327 3946439
3907610 3918511 3981119 3803135
3695511 3735645 3863906 3748387
3761922 3747361 3828524 3610139
3722602 3717175 3693456 3713613
3779267 3771247 3689528 3939475
3914775 3864170 3776488 3825550
3937775 3949010 3875442 3988845
3797451 3800096 3816089 3872230
3859593 3983671 3720471 3983552
3768492 3747719 3676860 3728789
3711409 3727132 3617019 3934554
3788007 3681739 3852756 3825204
3673946 3915020 3727473 3713266
3954087 3783968 4011100 4054654
3884040 4024608 3849153 3955961
3938080 3757314 4037468 4000468
3760134 4012593 3887826 3914846
3771334 3646325 3917574 3761068
3664047 3831871 3725155 3773254
3737754 3812643 3764758 3671818
3689022 3692088 3751631 3767822
3921542 3996755 3895644 3793579
3951458 3832585 3907446 4027461
3933700 4013478 4011104 3780599
3853915 3872995 3884916 3922516
3746579 3886730 3844469 3700932
3692711 3771757 3742611 3786377
3906047 3811187 3905398 3957755
3811816 4101206 3873444 3993155
3921255 3656585 3742354 3875516
3707920 3994416 3941225 3888450
3891275 3777645 3804480 3893129
3802752 3955832 3905492 3972709
4112452 4007503 3978918 3990810
3947926 4056407 4064347 4080465
3982990 3867135 3944796 3928416
3827311 3974527 3972844 3892192
3834237 3718642 3867711 3820537
3743592 3897831 3775768 3744869
3831693 3706237 3973943 3847748
3782410 3771039 3813558 3811471
4032891 4005515 4212138 4080849
4041778 4015474 4023206 3973059
3934488 3829228 3842565 3841646
3850273 3940693 3975669 3752491
3718794 3727136 3755906 3820528
3812327 3790885 3843463 3606994
3761903 3755708 3830685 3801156
3811451 3931953 3930279 3724434
3982829 4019933 4011813 4027458
3994197 4043641 4191670 3920494
3804574 3801801 3732061 3787873
3894982 3917798 3836693 4059357
3717341 3748311 3728850 3687539
3777641 3799578 3737462 3871820
3800843 3820250 3730909 3736726
3809468 3890110 3655254 3992174
4024035 3945273 3924926 4005856
3966026 4057979 3899526 4188788
3929048 3761749 4029174 3994004
3858060 4000900 3854193 3845799
3820253 3785388 3966210 3855994
3801390 3960508 3789560 3701434
3838765 3780590 3862475 3921007
3776038 3941033 3747395 3760757
4046010 3913499 4149189 4128074
3983160 4182602 4034624 4058804
3860317 4053635 3918953 3760075
3835118 3895175 3944229 3971307
3764707 3916696 3827193 3656999
3799381 3699652 3825260 3781616
3790564 3881564 3878544 3688181
3735899 3760501 3873849 3816680
4085164 4139283 3983690 3909779
3993986 3956772 4047757 4009060
3878642 3745275 3812020 3880778
3774257 4017849 3981190 3895312
3968588 3839406 3849732 3956919
3811327 4073936 3952524 3941454
3922332 3767666 3811702 3906674
3791559 4000077 4038473 3935895
3919193 3780227 3777736 3919993
3759986 4027487 3873833 3946269
3875613 3814441 3967214 3989891
3805900 3924096 3944221 3888276
3929021 3875075 4009921 4016351
3869430 3964512 4014213 3883089
3965560 3783677 3962439 3966004
3806558 3883433 3852237 3809735
3964008 3746119 3986798 3930121
3815422 3888655 3975800 3875954
3873804 3748103 3774028 3847695
3809437 3853846 3979499 3742544
3857564 3873024 3799693 3918117
3903892 3925119 3958553 3766985
3864100 3767945 3887259 3861432
3789707 3870166 3973803 3735529
3849284 3756259 3927529 3826643
3760033 3797118 3955252 3669034
3916195 3828831 3698935 3770903
3852101 3879086 3808779 3988011
3900896 3860806 3920882 3856334
3868917 3999528 3776565 4024602
3803633 3803450 3829722 3804750
3838054 3940076 3773426 3984055
3841821 3728859 3779201 3791356
3878470 3884687 3801592 3932703
3827714 3701757 3968739 3962431
3791027 3977712 3798252 3841203
3948629 3749661 3950572 3924752
3819130 4018734 3898986 3773189
3931931 3818739 4050957 3931358
3858872 4017169 3780190 3824378
3876268 3761100 3972303 3956709
3771280 3930162 3812979 3812735
3871391 3996531 3844672 3734575
3832850 3753616 3814759 3853386
3925314 3981157 3891223 3823145
3890433 3880036 3867575 3951891
3915778 3963100 3872062 3777532
3879644 3760744 3767488 3887770
3781166 4004799 3916197 3762750
3755437 3832616 3826831 3883075
3916138 3833201 3851920 3903773
3836331 3999338 3916656 3996356
3942433 3703433 3779836 3949040
3845640 4088504 3961015 3966943
3872666 3736544 3865581 3976963
3875391 4096704 3964721 3962108
4053144 3921957 3929803 4036554
3883791 4098616 4028951 4082542
3893364 3803793 4056272 3877103
3781892 3941520 3820754 3867422
3930146 3798190 4000471 3989082
3728762 3894814 3839133 3871557
3909207 3824401 4017475 4082333
3896096 3947434 3960464 3900851
4059620 3906977 4067944 4005547
3882859 4048858 3928563 3913919
3808757 3773910 3776562 3891550
3878818 3881812 3910071 3672589
3772976 3810997 3890308 3934481
3839698 3828147 3949972 3775026
3940414 3748662 3901109 3969900
3817270 3909878 3949997 3735824
3925004 3852364 3871660 3962424
3898427 3987219 4007316 3862931
3829472 3781523 3769906 3768246
3856344 3842043 3785134 3916682
3755160 3786291 3754212 3862707
3776702 3964034 3749862 3954971
3834141 3798426 3752332 3867032
3931342 3891779 3793425 4022528
3852949 3937525 3872770 3954968
3889404 3924315 3888482 4026715
3979333 3761543 3983948 3952705
3748993 4018894 3793009 3861770
3890192 3737878 3963598 3984937
3718457 4002126 3737052 3868549
3938865 3803675 4059704 4021688
3920142 3952540 3905300 3790414
3989208 3891131 4057623 4021678
3847950 4105905 3965166 3996429
3877904 3919430 3888487 3696878
3817871 3725363 3883005 3932007
3866660 4026436 3878778 3773567
3786336 3764681 3778114 3857214
3937405 4030529 3943524 3865261
3891186 3864680 3933578 3913813
3964910 4088029 3941398 3775312
3923649 3929273 3937870 3945295
4011927 3879098 3958652 4030091
3916196 4161357 4034310 4090149
3935258 3853562 3865925 3963111
3882258 4076702 3991689 3973726
3866088 3742841 3684512 3773978
3686000 3900710 3884062 3844975
3879612 3812972 3743014 3869780
3817159 3946458 3891881 3862884
4086920 3949793 4027895 4067207
3891426 3998458 4006485 3948570
4016783 3806553 4026925 4095676
3847000 3973661 4003731 3946368
3870068 3793081 3884715 3914921
3759215 3826742 3834292 3784546
3944019 3772445 3874077 3865630
3736817 3775343 3838958 3792632
3934521 3880211 3925633 3944389
3891285 3976838 4025518 3793588
3925540 3919354 3930377 3904804
3870175 3976178 4037859 3850846
3773831 3688453 3791210 3788736
3714398 3770577 3845605 3675335
3829278 3654303 3751623 3840939
3737589 3856282 3889401 3680880
3935595 3878635 3861383 3827269
3969896 3948832 3891677 4038887
3913093 3858450 3892254 3766889
3835836 3985138 3777556 4016829
3812573 3654671 3699191 3757326
3776453 3797639 3715275 3842639
3675554 3679957 3739525 3796149
3743165 3852271 3692467 3883341
3948948 3899805 4014790 4019426
3917802 4052807 3910743 3892740
3942603 3855751 4025049 4054900
3867121 4068011 3919144 3966699
3838740 3693902 3900386 3879690
3749323 3872509 3709667 3730411
3909205 3718144 3904262 3815209
3661454 3891822 3766728 3751385
3894986 4076832 3906508 3788286
3929975 3846127 3933307 3915500
3961843 4056737 3952017 3798696
3970571 3883194 3886478 3907972
3765817 3935743 3757498 3740620
3711666 3733025 3822405 3732926
3811166 3941409 3802881 3630144
3710670 3773622 3789578 3896617
3925568 3732691 3824311 3895367
3813078 4105403 3926063 3930104
3992617 3796984 3859313 3934045
3789777 4076646 4030591 4035168
3860442 3741738 3829838 3790294
3761240 3965199 3940478 3915399
3890831 3863155 3845231 3977326
3802607 4158686 4076711 3942961
3928652 3862465 3977563 3911910
3807001 3975077 3939415 3878657
3911635 3765314 4027708 4011390
3826225 3934089 3894783 3944459
3850630 3743699 3909766 3938550
3756546 3858510 3861794 3823819
4026623 3869483 3937296 3916063
3831695 3999005 3939030 3821324
3875254 3756033 3767237 3899652
3835909 3916033 3930145 3710381
3868016 3748952 3915699 3884842
3810236 3814353 3955155 3802458
3819138 3782322 3819493 3801717
3765110 3789788 3934816 3667049
3909576 3941603 3979400 3965411
3806962 3868378 4032600 3768809
3837595 3808550 3854037 3706473
3906170 3861542 3762864 3974131
3887052 3836093 3839425 3802274
3907206 3967379 3700328 4056512
3772088 3694784 3733512 3794998
3728897 3895912 3713371 3926789
3909827 3822565 3753257 3852006
3854812 4008272 3795952 4013272
3951160 3770203 3951771 3933121
3821524 4034978 3814732 3813496
3959936 3778690 4020326 3999967
3863059 4071211 3906552 3847943
3815905 3744180 3859362 3903723
3748915 3950369 3725545 3710379
3938452 3839346 4045633 4005996
3762010 4079494 3908364 3900598
3858534 4000774 3827135 3732438
3828042 3902966 3881412 3878490
3926310 4085788 3866327 3767393
3851579 3991970 3980139 3876388
3825900 3974382 3828978 3720492
3757768 3854582 3852446 3837201
3963413 4016338 3885378 3830987
3821584 3841553 3928186 3830955
3868761 3871066 3823305 3929868
3759497 4051668 3954363 3891049
3907470 3876454 3830314 3965657
3840536 4105953 4019433 3980866
3872423 3929967 3917235 4082395
3807259 4075448 4005982 4062300
3902312 3823386 3829005 3997442
3800198 4106611 3905719 3944764
3946679 3841333 3866836 3911331
3877051 3966611 3893233 3882892
3881434 3807111 4029521 4005340
3901841 3973211 4029987 3941165
4057235 3818342 4115759 4073327
3916748 4018542 3992663 3959899
4041991 3808078 4050027 3997647
3791384 3924870 3913652 3960099
3894872 3710622 3853462 3802815
3829461 3919206 3959760 3727712
3891687 3804577 3902239 3927431
3839884 4006779 3996355 3726573
3967742 3866605 3942621 3894442
3943622 3979824 4049028 3831596
3819414 3886720 3844785 3876063
3871172 3877386 3994426 3757391
3774643 3746320 3752256 3745207
3781874 3967993 3830382 3957823
3870556 3801151 3818128 3902950
3865989 3969563 3851384 4054008
3848191 3868285 3880664 3845760
3966698 3893243 3920327 4045390
3854836 3818373 3766758 3771169
3812754 3914071 3843544 4007015
3956670 3722059 3940726 3946503
3774229 3953701 3847605 3800640
3899654 3837904 3966993 4009685
3859477 4079083 3844327 3871005
3998250 3830515 4032497 4036855
3936815 4054581 3950574 3867079
3903922 3799988 3966806 3994851
3787092 4053223 3943654 3837297
3851313 3943638 3834485 3710784
3799701 3861394 3841892 3839354
3934566 4007793 3969570 3864101
3886648 3859382 3935400 3913341
3879675 3999527 3836390 3794522
3880101 3881354 3901499 3941607
3903740 3992198 3945196 3787138
3839920 3825522 3892437 3913125
3951943 3928987 3940191 4060965
3865922 4158980 4034562 4035991
4018215 3947442 3917232 3999107
3906972 4178429 4077515 4071648
4029953 3888991 3933755 4043890
3835135 4115772 4024060 4012026
3939104 3737026 3826475 3918683
3772481 4042087 3933405 3865252
4071034 3908091 4056632 3990999
3956889 4046631 3951131 3882012
4082372 3868652 4147516 4008002
3910728 4034538 4068274 4035443
4042632 3861746 4088267 4063666
3904684 3948693 3957495 4027945
3853920 3726314 3963697 3984188
3812955 3915586 3886704 3873219
4032035 3960448 3939471 3946908
3960969 3966024 4009783 3866545
4018833 3958143 3986840 3984669
3956926 4042384 4091150 3818543
3879560 3850205 3937399 3920098
3868240 3941409 3961290 3873589
3865166 3805458 3859485 3870981
3804783 3896154 3995468 3728070
3894055 3928811 3831261 3937940
3918163 3916377 3829157 4044013
4008049 3900791 3874527 3947878
3916445 3991625 3916522 4126646
3858186 3822552 3796518 3915050
3986272 3955518 3944287 4025789
3850029 3798493 3832404 3854244
3893263 3885050 3773257 3902933
3978070 3836824 4088181 4048704
3933854 4127954 3919934 3986339
4061951 3920833 4066855 4076338
3870594 4155972 3858995 3945541
3986059 3815353 4006589 4081455
3924046 4035463 3899838 3904606
3954339 3773662 3948096 3919026
3785510 3916220 3861650 3833171
3975412 4047659 4016149 3861107
3939403 4024863 3965564 3955722
3967415 4133355 4027413 3904139
3959253 3902994 4036393 4054068
3943020 4029771 3981706 3898829
3844677 3915914 3904760 3975347
3918387 3971855 3891896 3723161
3841037 3835753 3909657 3828832
3771432 3624842 3657567 3801802
3601902 3851547 3833665 3800690
3904554 3812419 3775014 3863906
3787055 3999640 3872904 3806185
3822708 3783422 3697045 3798695
3663973 4051536 3968179 3917666
4024186 3923149 3964440 3983362
3886161 4192374 4077293 4056175
3786885 3622532 3786403 3830596
3707737 3807582 3805018 3735746
3912620 3733108 3997310 3885631
3740750 3817990 3824777 3922213
3906260 3769120 3893356 4022954
3822523 3879344 3816313 3855993
4072478 3931057 4161990 4084520
3940249 4081951 4073982 4031596
3638967 3685824 3797509 3701992
3699749 3739887 3812198 3671091
3808669 3807883 3848939 3849544
3771140 3881533 3825761 3721428
3856909 3827597 3901563 3808119
3855468 3852675 3868902 3750730
3980991 3922884 3887534 3987212
3930939 4007356 4148302 3892676
3653992 3701077 3628118 3680915
3659635 3749077 3630493 3835816
3788848 3797530 3790018 3764899
3798248 3903697 3733466 4009034
3728269 3774805 3703005 3758312
3781066 3827331 3699561 3981657
3888513 3913205 3929176 3927638
4000635 4079580 3916222 4139671
3751418 3585486 3814469 3807607
3657847 3771852 3692505 3700935
3946955 3766487 3983813 3893926
3663697 3867257 3738019 3807284
3879244 3675960 3873560 3979983
3646158 3908734 3841318 3885257
4010352 3828642 4154601 4213949
3933831 4122944 3955622 3977770
3717725 3824433 3807507 3625734
3609621 3684688 3680614 3644078
3786998 3930398 3891524 3734551
3768565 3769107 3839929 3939214
3851095 3921358 3847446 3625679
3847749 3850954 3755038 3839368
4041186 4107609 4014332 3889357
4027088 4043917 4063784 3942186
3867867 3833762 3843199 3932447
3849844 3985985 4032930 4025874
3911528 3735388 3763992 3900379
3851287 3944191 3969914 3921344
4003511 3895032 3895552 4018407
3920831 4068326 3960247 3959514
3751260 3702230 3731155 3792466
3590079 3830277 3690376 3761791
3952744 3862211 3995137 3937094
3806863 3956526 3912703 3898589
3858517 3809189 3971494 3949939
3822787 3909552 3945879 3878089
3983620 3834292 4067318 4080623
3794478 3892461 3891824 3948089
3823533 3673656 3816511 3861002
3673823 3743962 3795604 3723045
3881970 3768664 3830136 3895072
3889376 3860665 3904051 3849689
3790988 3729664 3820244 3829338
3822037 3809945 3936595 3633325
3923942 3812566 3932358 3890873
3889982 3951635 3931785 3836818
3720591 3653654 3724664 3727093
3645652 3634514 3782631 3637299
3794648 3843142 3814880 3901084
3888671 3900152 3787536 3972443
3823661 3767150 3760815 3757090
3910763 3809335 3756692 3865651
3841580 3850987 3765099 3900350
3928589 3944036 3877626 4049260
3666424 3596038 3582195 3642882
3631131 3794639 3638136 3837163
3919571 3766041 4087367 4024079
3826049 4055708 3883474 3931587
3884519 3738945 3900048 3897587
3815623 3941860 3854598 3755996
3985136 3834392 4055815 3937729
3870026 3920208 3934573 3915762
3773547 3641988 3734493 3795966
3701802 3840650 3664978 3637253
3997390 4018335 3834750 3705345
3849483 3840915 3844809 3914016
3875952 3938109 3786289 3736414
3754933 3777930 3797326 3818238
4016964 4070807 3883023 3827594
3952620 3932448 3891366 3880086
3695574 3817280 3726302 3604166
3696497 3713751 3722286 3674447
3966877 3819555 3875528 3885049
3834464 4035948 4001199 3997661
4024894 3870547 3915892 3954459
3895696 4091479 4037147 4067573
3890175 3780581 3790496 3867095
3726187 3948014 3971636 3928317
3832159 3848838 3825570 3928937
3732083 4049431 3882758 3867231
3894180 3851614 3971284 3947062
3851611 3943601 3906209 3843109
4007187 3854364 4081403 4083881
3954864 3942189 4019939 3942402
3857712 3684289 3885405 3847581
3762770 3902429 3897039 3880399
3831537 3792170 3985462 3986220
3893440 3907365 3870244 3835080
3869967 3799329 3881565 3909983
3905454 3947611 3902151 3676218
3897535 3911336 3942212 3894528
3878367 3918335 4034589 3814081
3772145 3733169 3783560 3808796
3680570 3845699 3913396 3712566
3811417 3797108 3887509 3890183
3828407 3848946 3913524 3704056
3890783 3833530 3790335 3854523
3858015 3964029 3813972 4012455
3921082 3813431 3902269 3922204
3874564 3902117 3794494 4039933
3733452 3742475 3689197 3749454
3828026 3845653 3736552 3922262
3798998 3756312 3783682 3729909
3866380 3853743 3793925 3932805
3989510 3837421 4019474 3953684
3835838 3998121 3817237 3881859
3970651 3832743 3973861 4048401
3888822 4086962 3927507 3856148
3888132 3722611 3909196 3888308
3756692 3912851 3871785 3818986
3836282 3773045 3909009 3928835
3800198 3987266 3807049 3812799
3908223 3979905 3941360 3866932
3862902 3869157 3934410 3931904
3992709 4050376 3960840 3824714
3878097 3877230 3939609 3863073
3856613 3929304 3809635 3732549
3749047 3849870 3780699 3780712
3786726 3896049 3888594 3844221
3795433 3748312 3775854 3917781
3869279 3738408 3920717 3920581
3775351 3817628 3813353 3874411
3951947 3870409 3921855 3995488
3810113 3890503 3924790 3914526
3895021 3791205 3871595 3919477
3819146 3900247 3918126 3922765
3866008 3843386 3997005 3876039
3775688 3827130 3839468 3930523
3864899 3875481 3782657 3856950
3834914 3774854 3923945 3815984
3871740 3901557 3785168 4011021
3973434 3830502 3985141 3885182
3930557 3908138 3732197 3971418
3909521 3802450 3988297 3853859
3813246 3974431 3714791 3850264
3828784 3722340 3888826 3862949
3809388 3863800 3851825 3942948
3930474 3840464 3864088 3848343
3915124 3950962 3954051 4008426
4007026 3792750 3914577 3912615
3863416 3912236 3851166 3990575
3934963 3821154 3981128 3951459
3865588 3890742 3820067 3966867
3980668 3785779 3886271 3919828
3823960 3808900 3998974 3865023
3866796 3888738 3811913 3889949
3910887 3920193 4072151 3927515
3870889 4022513 3996869 3879246
3861654 3838776 4083275 3921235
3894147 3986776 3954721 3987983
3935833 3874690 3986890 3847884
3884662 4012192 3832823 3899046
3875897 3784078 3925161 3959791
3733055 3733649 4035678 3851171
3918532 3769644 4044630 4029077
3748670 3851288 4010878 3847886
3821478 3909217 3866491 3960089
3811128 3868229 4077848 3821212
3849021 3704284 3805610 3920876
3794451 3780281 3993482 3796082
3695301 3749614 3828507 3766623
3732924 3845743 3826562 3920056
3773097 3856351 3864301 3851729
3735991 3846793 3935129 3988817
3650453 3799177 3766479 3880806
3763643 3885807 3897579 3965075
3669308 3860015 3813076 3856438
3717918 3797508 3804695 3961855
3859445 3734520 3700291 3746181
3594033 3788626 3761523 3782036
3962927 3924958 3954498 3888821
3670164 3930950 3924160 3918681
3928568 3974366 3940449 3955385
3850984 3814586 3838442 3916397
3920574 3869865 3983471 3920214
3719531 3936031 3813364 3889303
3699742 3777199 3618399 3746094
3711526 3659917 3757093 3775650
3883431 4013015 3787104 3949370
3999462 3844138 3919262 3878846
3913347 3979672 3845222 3992051
3992488 3839264 3997207 3950246
3844756 3923733 3746840 3872472
3926314 3772090 3888196 3845449
3758243 3765215 3791277 3836450
3780730 3640448 3746757 3747145
3909259 4043349 3828801 3967038
3999288 3868838 4007995 3933376
3889101 4078381 3821095 3988123
3916822 3825367 3928412 3975982
3837391 3833267 3869301 3950990
3832614 3840817 4026762 3920477
3670728 3711442 3886364 3684849
3754111 3848912 3730243 3785024
3856689 3889677 4038576 3889521
3747039 4028060 4009832 3983409
3814151 3949105 4040719 3887360
3877520 3916105 3935788 3996227
3844955 3940564 4003856 3867018
3831619 3899015 3914601 3942538
3733097 3598688 3806742 3818699
3553804 3763750 3878573 3669160
3926336 3783566 4014822 3974860
3782573 3883042 4096268 3844093
3892161 3861315 3971841 3992852
3829333 3806880 4042021 3755793
3950920 3793898 3974510 3959596
3792566 3775537 4055015 3814620
3598447 3688547 3636897 3758547
3568960 3734261 3607152 3850257
3810091 3825169 3844785 3868487
3800138 3893829 3867822 4029919
3667103 3761413 3839382 3840994
3750464 3886672 3937553 3914519
3763903 3794190 3808635 3834517
3785862 3853891 3896864 3913637
3962171 3915764 3896785 3888128
3729402 3841800 3883816 3988699
3955508 3823239 3976256 3913048
3908399 3906121 3966780 3959492
3991019 4007319 4004298 4000199
3933096 3967437 3986593 4051239
3750881 3781867 3839949 3819461
3656571 3740350 3810948 3800088
3908280 3967901 3792326 3877788
3957379 3815976 3903589 3898834
3914046 3969220 3810306 3921174
4000129 3860951 3964733 3967898
4007020 3981251 3899751 4017745
3983342 3840637 4061903 3936266
3747696 3853394 3641220 3812792
3764077 3670057 3807549 3758440
3862911 3892471 3756444 3927985
3913175 3813638 3906077 3988587
3879331 3994367 3891098 3995032
4008566 3844982 3957519 3994349
3960742 4005575 3973839 4100752
4065588 3938070 4031198 4181489
3738510 3839054 3735557 3903550
3860841 3740977 3879217 3738052
3966756 3976090 4050628 3875960
3822295 3929599 3950144 3958270
3934750 4000007 4108409 3864587
3926174 3928714 3967985 3996390
3937475 3967737 4106313 3966523
3968619 4026384 4015358 3994622
3782070 3788318 3949016 3748037
3748019 3814825 3674824 3823909
3921020 3770003 3851496 4042439
3816584 3821121 4005943 3867073
3917930 3800570 3886071 4051652
3767885 3853656 4164212 3866780
3964000 3900781 3954113 4067724
3806747 3897190 4035853 3891529
3752888 3685995 3879313 3806118
3638751 3738525 3883130 3717865
3720437 3850794 3880471 3853710
3780013 3884072 3828601 4026284
3728697 3788663 3904770 3937651
3786045 3957919 3943045 4008315
3843635 3965416 3893670 4005950
3834243 4019062 3969151 4111246
3656722 3725473 3734548 3872695
3633254 3705649 3754751 3903415
3923660 3933241 3958459 3975611
3797408 3873750 3863368 4042489
4198289 4094346 4159790 4070510
4062390 4127996 4092361 4133118
4056066 3908541 4041662 3990406
3932686 3979313 3983724 3984642
3943161 3821417 3909314 3918064
3805552 3803763 3838318 3927788
3866089 3932395 3753827 3920220
3827163 3793188 3979342 3820969
4114705 4111903 4063796 4163596
4137305 3981940 4175438 4002386
3925950 4060879 3794145 4009089
3995771 3852028 3948782 3957218
3845237 3903115 3686347 3890730
3847684 3706314 3888559 3853007
3875380 3871713 3861045 4038125
3964630 3848371 3975774 3914436
4052338 4125297 4012264 4320292
4114706 4028520 4185134 4123635
3966859 4001455 3889713 4006416
3928383 3894765 3989901 3981995
3818379 3901527 3834944 3899369
3875133 3832311 3875683 3907268
3886767 3777498 4093157 3874284
3911217 3929752 3913221 3873635
4084547 4076973 4266049 4093538
4075830 4188217 4138653 4180462
3939243 3973272 4170839 3893318
3989464 4086325 4067898 3986190
3923237 3799414 3950843 3838070
3829043 3900368 3960105 3894317
3930250 3816827 3951427 3934638
3812377 3850962 4049165 3865523
4131907 4071436 4127305 4259200
3981361 4041430 4252178 4034570
3872176 3860682 4000874 4056035
3863172 3916515 4111241 3960893
3784517 3763604 3859092 3978819
3772397 3802216 3967502 3781733
3720531 3835751 3858390 3846968
3718004 3881439 3878344 4036257
4002471 4075952 4009117 4090653
3915327 4084507 4092363 4285292
3788756 3868363 3763876 3954403
3812091 3969825 3939360 4075719
3679762 3701838 3649167 3782632
3602193 3719069 3837697 4006755
4078278 3982107 4001290 3936301
3843163 4074996 3962798 4118484
3937889 3884279 3978618 3846252
3802072 3918000 3911370 3963375
3778486 3702899 3815899 3778670
3701150 3824576 3794582 3815850
3950274 3878801 4032265 3956668
3853797 3886768 3893546 3956704
3953368 4086815 3870679 3976443
3978444 3905390 4018411 3986663
3885047 4013703 3765765 3931977
3892363 3732570 3950564 3932302
3784430 3875815 3619691 3853771
3791587 3711779 3852598 3765397
3961690 3987701 3843211 4023946
3973670 3894218 4049040 3954099
3984005 4067706 3961976 4077608
4084021 3889221 3989712 4115116
3862110 3961036 3858539 4016295
3940813 3777619 3980647 3948442
3690826 3833160 3749681 3878874
3849234 3699299 3821785 3771009
3849455 3950240 3965235 4020599
3963550 3899442 4003406 4019805
4045523 3996888 4213207 4106085
4010113 4082683 4050633 4032942
3862151 3926436 4047247 3840520
3837077 3945198 3965207 3959915
3780740 3802479 3996105 3814062
3769342 3892641 3849647 3770969
3882391 3984261 4069386 3946836
3939099 3933060 3975960 3934807
3922205 4084124 4017474 4103965
3904935 3946716 4082882 3912213
3848798 3810148 3947542 4085185
3770269 3910727 4100976 3843914
3770563 3665413 3808396 3883095
3730718 3711027 3961733 3661539
3946960 3887934 3968023 4049610
3827756 3880889 4101798 3900585
3853878 3850235 3854183 3994957
3886023 4021695 3959469 4072367
3705712 3820380 3815887 3881794
3689698 3956913 3917363 4028380
3680763 3666885 3771059 3824289
3624033 3815567 3800902 3805284
3810785 3884564 3808495 3922787
3774271 3926466 3932587 4127020
3961151 3909120 3990844 3988776
3875678 3953768 3996472 4045186
3824917 3710987 3875089 3789498
3657033 3777578 3743083 3834285
4067482 3964968 3975680 3986260
3895646 3903953 3872272 4015333
3751864 3781273 3829446 3753162
3674985 3788214 3734055 3900425
4027500 4033948 3856148 4090019
3973787 3839962 4002898 3936653
3774096 3816245 3650082 3898870
3817729 3703321 3864978 3749189
3985992 4138341 3893149 3955484
4015818 3874512 4084164 3942769
3809568 3909598 3664970 3864468
3825078 3665879 3816491 3784973
3879945 4018897 3828413 4088442
4090239 3873118 3990019 3910233
3765250 3793401 3821904 3897435
3823169 3707024 3905579 3821103
4030597 4039418 4014437 4053772
4037937 3913763 4023776 4068843
3703560 3843351 3754675 3990604
3967235 3707098 3879371 3836538
3960508 3938886 4087247 3891197
3995285 4086239 4007662 4031738
3832901 3813504 3993023 3769545
3854503 3817029 3812978 3932331
3931688 4013674 4087736 4022349
4026557 4043676 4014124 3992161
3798211 3738918 3948598 3783996
3862273 3912119 3883794 3786699
3976490 3876794 3971835 4001060
3899912 3871881 4080454 3855671
3754965 3783327 3849363 3887540
3760130 3742336 3958509 3738336
3967322 3915788 4063460 4095652
3856383 3904756 4179094 3850148
3819670 3708897 3837795 3894410
3680375 3649226 3996359 3787234
3774245 3868978 3857154 3983238
3715928 3833769 3915747 4016147
3559635 3792817 3784058 3800981
3599436 3768565 3866937 3881902
3814584 3884592 3914535 3965259
3744702 3954573 4017355 4049315
3668025 3761281 3831763 3727071
3615773 3792840 3757563 3900029
3986140 3882956 3968643 3944812
3743364 3782757 3938667 3985749
3942587 3852213 3943355 3943265
3864244 3807309 3875621 4007242
4006999 3916599 4059494 3932359
3825329 3897752 3909363 3920585
3920831 3882698 3882915 3835916
3818901 3787436 3879126 3981137
3820137 3959833 3828320 3941829
3858241 3812580 3901442 3927137
3895003 4007231 3761059 3960687
3970886 3810156 3897991 3882674
3945174 3940081 3796068 3949496
3944940 3804139 3952950 3903399
3881584 3928924 3733898 3880058
3753304 3736374 3948499 3833619
3893523 3971652 3798293 3941829
4004477 3840818 3924804 3924092
3882204 3944925 3953197 4057633
4090218 3806011 4059437 3889276
3923517 3965759 3902363 4044990
4029796 3822411 4071406 3939804
3813144 3888453 3912492 3976781
3997339 3818957 3911673 3934984
3904723 3899525 4060361 3928190
3896878 3977290 3924732 3985609
3963532 3819251 4087018 3897063
3859009 3965404 3914849 3999062
3876047 3881802 4035832 3867142
3796734 3965082 3958514 3964352
3837375 3846148 4068873 3784282
3787594 3899886 3984356 3912475
3848052 3804885 3875148 3958463
3713940 3821370 4021029 3851759
3914338 3793102 3841002 4062345
3886224 3818201 4041179 3873055
3903240 3805538 3958387 4005440
3788716 3862989 4099728 3762822
3889213 3687450 3876258 3939278
3666051 3767127 3931888 3753398
3730697 3803070 3811663 3866136
3698536 3788255 3888236 3929841
3811203 3795971 3858611 3933877
3750322 3920510 3923874 4071893
3796271 3859452 3868675 3965542
3733537 3880931 3970762 3984364
3711712 3768447 3727285 3855441
3704071 3840528 3888984 3997173
4045105 3894182 3888460 3903371
3849934 3948720 3831333 3988605
3759308 3769499 3815043 3737566
3674504 3758583 3790125 3896821
3931583 3828965 3862397 3843623
3680088 3761430 3784703 3844479
4034358 3946543 4097216 3969894
3860145 3917480 3983889 4078721
3858523 4009946 3796733 3970085
3997828 3852479 3893180 3932633
3781322 3836720 3640522 3818439
3728742 3603089 3773433 3757300
3800511 3931638 3742165 3838436
3804837 3661445 3759910 3735243
3960429 4030404 3788310 4103742
3960969 3864504 4039017 3985793
3890122 3930299 3854719 4088535
4032084 3808046 3979920 3933167
3758004 3784195 3755233 3891795
3858065 3685707 3890044 3743469
3749553 3825408 3813656 3955911
3900537 3756977 3892176 3821848
3877100 4048419 3960783 4025638
3968294 3838875 3966044 4013187
3896620 3833850 4033543 3974560
3892519 3992028 3979698 3903148
3731151 3734818 3831265 3733074
3724943 3819410 3745823 3774748
3794295 3867000 3985637 3785335
3742447 3917140 3838227 3843227
3971565 3974241 4149168 3993327
3949515 4040963 3998657 4033877
3965807 3722627 3930456 3970666
3821448 3857497 4041399 3825452
3822561 3606476 3741960 3845078
3626889 3676623 3858863 3625514
3796235 3777307 3868038 3868306
3660566 3764031 3966580 3747509
3989631 3885321 4042521 4063302
3879929 3958403 4132092 3862780
3711405 3830498 3886698 3923599
3785515 3945340 3897468 4085542
3627369 3658972 3710792 3839612
3689147 3792451 3762748 3813266
3655486 3666847 3738273 3846884
3655966 3829360 3891277 3967179
3696590 3904864 3956107 3958646
3788041 3918562 3964541 4008375
3957979 3871071 3936867 3960812
3837088 3942001 3845003 3956545
3991688 3977271 4045949 4022635
3922808 3959956 4010330 4094719
3902770 3844989 4010936 3934694
3803433 3906738 3807600 3986786
3914828 3899836 3936531 3932068
3866917 3835582 3839682 3945098
3969138 3986594 3856804 4030728
3956550 3793402 4061019 3885412
3943303 4089955 3836831 4030867
4070624 3868829 4084587 3984803
3918033 3980777 3767111 4014589
3956079 3794742 3980253 3886836
3809516 4029836 3785691 3942567
3922511 3851647 3923951 3906960
3805947 3929882 3965482 4039101
4020312 3871387 3974003 3940458
3919026 4051779 4038065 4048417
4067012 3919332 4118428 4095664
3932890 4084871 3842652 3967254
3987861 3767641 3931738 3969805
3868584 3953280 3920612 3930716
3953763 3861149 3926551 3963059
3920470 3866732 4014256 3930598
3919179 3943207 3947389 3938716
4004822 4026917 4188621 4047837
4041083 4162112 4093406 4051378
3902716 3921367 4073054 3933348
3961393 3961042 3956299 3886390
3906053 3884016 4080534 3928824
3893034 3997715 3986202 3959006
3933297 3810068 3888746 4017491
3835152 3819506 4135932 3891632
4048286 3936808 4084078 4093623
3886905 3866847 4087218 3852959
3948122 3837527 4025928 3981851
3811309 3802346 3990338 3785708
3861059 3801038 3966420 3969168
3740274 3869068 4004153 3823583
3767929 3882449 3828227 3926446
3743512 3829960 3919733 4035703
3839743 3873658 3915592 4011204
3894330 4039852 4034718 4121860
3686188 3884968 3806390 3901714
3774164 3881570 3928399 4082543
3728993 3814988 3811844 3893472
3712424 3837682 3793854 4033735
4025063 3885256 4071166 3975496
3892294 3991257 3888930 4072307
4006926 3923546 4000541 3966152
3870849 3893738 3914050 3989940
3832774 3766561 3842122 3827098
3746859 3780336 3855758 3823793
3931302 3875353 4040717 3917009
3827398 3970518 3936217 3909918
3963846 4032711 3844941 3985002
3943027 3880296 3994155 3937689
3965532 4015691 3790544 3996207
3965412 3870745 3998479 3988519
3853114 3864176 3699233 3836608
3817369 3727719 3858536 3844949
3957030 3971426 3801325 3987172
4011325 3941547 3977259 3919630
3920511 4086837 3911505 4050575
4049846 3808006 4121718 3997002
3906035 4015154 3897477 4006239
3997969 3901520 4026150 3911495
3759251 3893222 3767671 3919082
3929234 3707806 3887479 3838824
3868687 4010777 3872820 4039160
4018889 3837219 3996869 3945046
3967062 3962541 4094477 4050976
3948749 3971835 3953647 4018130
3938713 3919724 4108203 3940998
3968241 4054206 3871011 4001068
3780583 3783423 3964079 3795649
3740898 3842118 3835351 3817339
3875693 3922236 4064476 3996267
3851393 3993286 4000824 3915156
3936884 3898260 3927380 4042694
3832215 3938777 4097831 3882351
3826780 3785954 4008326 3971385
3820418 3879997 4008129 3860175
3801454 3747680 3841640 3937215
3760754 3758452 4033388 3698780
3972862 3743752 4011764 4008004
3789170 3879178 4059998 3852718
3755833 3801459 3959879 3983551
3748984 3962271 3949860 4088256
3668174 3915249 3812596 3869292
3707084 3989445 3930589 4045933
3647259 3791566 3757394 3783703
3591114 3756905 3836207 3834119
3789239 3835134 3862861 3896928
3762947 3883061 3926053 4071063
3816613 3876746 3872314 3820587
3742736 3701245 3850328 3861200
3943699 3835897 3861389 3831805
3796781 3768998 3793290 3890155
4056530 3973278 3948167 3987598
3903547 3920721 3894696 4070090
3956027 3906736 3987263 3936769
3834642 3852715 3818825 3939955
3788359 3880446 3710332 3820811
3787079 3708467 3873035 3761377
3866363 3995267 3748515 3897299
3878631 3748636 3897301 3885101
3928014 3992758 3813053 3985842
4000655 3826939 3962643 3904770
3946834 3978665 3796299 3942301
3976221 3790104 3923029 3979879
3800915 3905299 3782449 3883981
3916696 3710758 3898985 3837669
3933226 3873108 3822363 3924528
3986481 3770969 3915659 3807774
3957228 3928393 3926004 3958277
3984117 3859954 4062933 3982779
3883926 3902013 3841510 3979681
4022812 3819517 4057014 3974849
3767077 3771945 3888949 3834796
3882601 3876286 3780156 3796722
3802274 3788504 4056772 3783577
3875909 3975556 3805199 3917933
3991143 3965965 4101426 3896090
3950713 3961731 3935681 3961321
3929923 3863428 4140058 3885644
3907503 3989290 3967488 3971134
3868284 3766317 3842220 3905464
3729213 3793293 3889746 3750400
3852417 3815340 3837900 3906609
3693062 3807915 3959652 3751858
3948630 3781873 4019724 4060600
3776704 3906809 4161564 3903382
3827445 3794582 3899069 3959250
3791693 3857681 4070124 3808843
3661633 3736343 3772605 3784042
3657987 3778817 3763144 3904559
3707982 3710409 3818914 3856118
3665924 3829448 3818083 3982541
3784816 3812668 3775992 3877780
3683680 3924134 3911445 4065716
3743904 3799020 3811093 3902634
3788146 3957211 3927752 4029659
4059202 3959423 4061946 4039871
3955163 3907457 3994608 4123986
4068311 3923453 4004020 3971229
3912142 3855526 3973100 3978785
3944594 3879161 4016506 3854455
3874482 3849080 3863983 4075697
3888614 3924405 3968546 3893230
3752053 3857694 3856160 3918593
4037278 4077274 3868616 4023922
3997453 3898862 4077028 4059200
3945380 4033358 3784108 3967489
4010512 3887106 4017614 3972657
3894616 3912406 3816892 3919067
3860401 3801773 3994472 3916028
3884119 3995940 3784011 3919305
4009529 3817796 3956110 3843490
3956128 4069342 3945485 4200352
4096041 4010135 4152772 4067183
4007996 4009815 3908634 4015415
4002067 3849888 4060741 3887560
3855611 3986885 3879052 3949452
4062687 3855018 3918745 3916175
3906150 3941561 3870861 3978133
3991521 3847881 3947849 3969296
4093009 4010495 4221609 4024938
3950081 4167275 4036547 4147523
3922466 3944579 4112902 3900676
3911979 3978543 4007502 4042586
3856803 3900676 4085650 3873950
3834715 3950063 3920447 3938644
3859078 3879946 4069873 3857048
3894631 3980992 3962546 3999697
4027227 3919596 4010813 4160854
3977952 3922117 4159584 4048100
3989883 3849323 3949078 4004437
3874635 3876628 4089362 3941473
3897526 3806682 3896707 4049765
3824801 3848172 4062382 3846899
3896286 3719391 3968746 3985502
3732409 3863258 4031296 3921062
3812155 3932695 3909022 3998182
3843329 4009782 4037752 4137905
3699445 3844852 3868622 3870800
3771766 3867095 3968174 4066635
3734175 3775998 3855303 3941918
3705962 3887759 3904476 4071279
3734124 3827686 3870891 3858563
3907267 3846111 3874427 3968360
3864457 3696829 3834089 3914802
3659233 3760768 3728871 3848102
3823536 3736629 3708519 3929796
3615506 3798905 3678761 3786676
3752943 3724763 3714842 3968972
3655320 3821795 3714153 3762139
3838823 3722775 3891427 3929229
3620593 3828613 3701372 3831421
3785626 3791554 3837356 3734816
3941990 3918617 3715265 3897623
3868739 3824105 3660029 3734424
3966286 3848389 3723646 3801799
3746450 3743039 3662060 3711635
3968965 3830009 3690666 3741651
3804046 3774938 3685175 3758687
3872112 3896252 3787674 3798732
3821667 3762732 3819828 3892663
3847120 3787142 3778083 3912649
3718878 3709886 3860314 3774382
3871349 3788177 3775766 3884808
3668625 3738055 3805725 3780721
3794998 3815730 3869549 3793772
3824151 3691439 3895000 3827353
3870146 3797603 3786834 3898167
3815214 3799863 3923209 3879315
3904734 3802165 3858680 3757597
3666884 3806646 3829665 3803562
3833298 3789304 3822475 3710680
3780958 3775753 3751697 3786958
3823980 3744253 3733330 3693429
3758419 3782824 3900057 3834473
3857710 3799026 3806836 3750983
3983716 3847807 3806818 3719055
3860848 3822332 3865687 3773104
4037279 3911660 3855588 3664813
3843554 3830800 3806289 3734749
3996624 3810264 3824615 3692861
3802272 3753765 3798262 3674493
4062015 3788498 3827765 3666023
3843745 3829901 3841990 3782404
3822772 3720581 3758048 3983762
3968479 3828797 3878500 3769347
3855912 3622779 3714622 3930294
3929526 3917826 3900801 3732451
3748603 3633330 3670514 3908926
3939490 3848361 3861533 3703095
3860018 3691628 3836724 3998203
3939497 3788586 3873088 3712251
3882089 3725866 3788818 3948408
3737044 3811817 3664549 3824928
3871918 3727572 3778792 4014658
3825831 3887601 3781808 3867093
3925925 3717524 3908259 4106736
3786905 3847002 3904675 3977901
3858387 3758129 3820812 3915871
3762682 3902566 3709701 3749713
3806057 3742397 3628703 3649291
3933590 3912396 3761604 3818925
3866691 3807189 3791320 3835143
4029740 3924742 3900959 3895581
3872704 3851409 3865661 3849835
4037326 3952268 3851797 3840935
3860320 3860836 3793904 3829614
3947702 3920505 3809943 3821822
3767704 3833923 3833396 3864948
3872646 3829913 3775947 3883553
3843238 3832610 3908139 3876648
3908088 3836826 3890133 3907317
3861787 3863756 3959646 3896915
3941203 3927173 3873307 4065684
3831763 3787949 3930703 3848368
3856730 3799552 3875329 3878830
3828876 3829139 3804550 3823074
3810324 3814858 3837279 3689390
3833973 3775453 3919812 3873098
3987258 3977249 3863265 3851500
3810572 3816780 3991361 3818913
4005450 3790012 3913059 3835732
3662666 3835206 3876562 3859217
3954865 3865131 3858730 3681293
3966581 3871262 3873869 3711064
3934178 3812578 3828490 3745982
4063887 3963886 3972222 3793837
3893207 3883563 3903998 3807067
4085991 3911272 3940076 3886493
4000144 3949301 3897293 3901664
4076987 3851308 3892403 3690361
3854042 3876569 3862227 3783798
3806775 3740029 3801004 3970712
3952767 3940408 3829651 3699020
3932130 3769186 3887699 3955302
4017628 3899262 3979650 3745424
3895003 3766447 3877627 4005547
4098650 3950306 3981037 3830809
3840174 3545928 3786507 3928404
3958964 3898492 3963020 3772930
3939281 3871562 3926663 4107052
3807103 3913026 3847597 3959827
3962707 3879807 3942160 4074057
3826326 3953729 3895840 3916307
3934443 3788377 3954913 4126665
3850775 3893221 3857549 3946629
3974838 3865816 3949867 4127536
3806237 3941585 3840072 3874805
3994960 3934146 3784507 3795974
4039517 3973268 3863258 3906002
3992028 3990771 3867527 3797453
4046918 3981821 3909515 3862264
3952445 3882265 3816373 3811316
3997589 4027676 3892349 3908792
3919558 3895184 3778946 3835264
4119910 3943367 3849786 3861834
3861991 3923461 3934693 3989692
3900462 4005456 3943631 4026878
3938940 3971061 4044679 4035173
3968888 3966691 3941575 4041574
3931417 3918609 3945282 3931420
3936209 3988163 3876343 4111211
3861727 3903708 3901941 3882979
3941444 4032164 3923924 4042022
3987227 3931158 3975533 4020365
3956336 4015270 3917899 3863297
3941722 3921106 4002236 3947225
4029940 3956644 3988897 3901627
3883679 3947920 4016666 4046449
4067363 3916101 3923274 3911860
3881759 3865178 3829859 3894554
3972259 3908870 3928634 3837297
4147089 4010277 4029081 3882737
3916496 3926792 3866048 3854269
4094317 3983774 4142770 3865340
3977914 3944847 3967466 3926281
4169364 3895636 4004334 3914140
4006146 3921028 3958121 3885718
4074720 3964762 3973459 3850623
4008017 3913728 3827282 3827910
3979107 3799222 3995936 4091528
3998292 4043566 3986512 3856402
4009823 3864378 3864174 4158368
4193491 4042824 3998503 3907719
3964841 3785619 3931723 3975821
4130724 3956637 3972637 3860000
3931258 3773105 3917007 3999400
4114702 3967962 4046836 3890632
3852446 3640065 3763696 3922121
3658102 3778423 3733699 3818908
3880799 3727029 3810861 4070055
3784379 3864125 3780777 3812646
3830598 3821988 3944387 4072350
3833140 3961765 3859242 3919537
3882234 3849986 3819512 4061751
3747403 3887874 3726465 3820617
3778239 3767055 3723840 3781795
3861666 3801481 3669855 3769772
3846274 3886946 3798501 3711237
4048973 3879129 3796966 3783750
3899610 3899397 3834913 3921519
4059337 3973220 3879990 4002525
3827586 3868105 3734762 3805038
4038208 3953911 3742902 3833905
3758607 3744796 3830696 3833657
3767508 3794743 3780864 3857012
3895092 3883569 3888485 3869606
3901564 3852969 3861407 3959648
3809756 3858522 3967612 3924805
3978586 3848090 3856513 3899658
3757636 3853536 3881373 3899283
3941365 3792999 3837018 3975442
3761686 3677153 3809426 3833193
3818884 3840626 3870841 3669423
3823620 3872316 3941457 3920430
3997324 3883172 3912283 3802624
3828366 3916993 3905694 3921877
3986170 4028029 3860222 3885086
3792318 3907704 3791007 3797867
3983780 3863986 3855813 3833676
3946329 3833567 3817481 3716081
3787916 3797391 3809894 3724260
3987902 3982191 3954473 3774484
3949779 3811593 3789104 3841873
4132518 3983768 3917421 3823915
3903873 3934129 3999703 3856347
4055095 3909836 3930856 3809774
3827661 3814845 3799498 3818729
3834854 3688970 3725453 3915358
3880141 3865056 3894809 3751549
3836288 3694344 3897471 3922018
4005348 3971482 3962553 3821827
3941523 3764000 3991491 4002600
4032721 3964900 4011831 3819524
3854890 3750922 3927074 3956059
4084526 3936828 3973588 3756243
3885112 3749516 3849033 3988610
3750268 3905010 3717597 3825650
3873243 3816425 3777970 3960111
3707605 3766542 3761102 3823252
3808841 3758650 3790439 4040646
3711899 3808334 3690565 3751090
3679876 3650844 3763992 3998984
3715636 3831909 3659578 3776820
3826657 3771308 3707090 3760085
3926934 3924984 3685545 3816726
3837564 3810914 3732642 3778375
4006149 3955511 3763578 3818794
3833094 3798957 3755907 3763958
3986721 3870017 3786366 3867090
3809791 3732427 3639172 3712541
3937588 3866632 3702233 3674011
3717797 3797290 3783816 3867422
3919755 3811251 3753723 3899286
3796308 3836155 3810914 3863570
3897315 3829031 3861884 3961153
3786324 3732323 3770479 3821850
3800239 3829712 3812207 3981441
3698605 3727627 3745816 3808271
3797374 3767232 3777578 3831189
3691721 3766674 3895413 3829869
3905645 3785413 3824671 3714684
3808892 3908235 3891034 3900206
3950694 3767528 3828136 3823806
3756136 3812021 3794445 3822146
3948691 3803202 3938449 3810819
3636142 3818211 3740066 3721147
3828780 3783591 3747681 3702567
4050758 3835848 3937977 3717316
3814534 3834248 3796508 3774868
4083743 3915973 3895989 3769743
3865986 3840359 3924889 3808348
4077347 3763212 3856590 3749821
3845120 3771050 3866308 3821144
3947972 3829242 3826874 3748043
3878932 3763759 3755200 3741462
3849979 3697806 3786595 3931802
3960292 3910475 3928785 3712805
3848832 3699312 3797209 3979494
4003239 3945056 3877848 3792917
3808481 3658795 3827493 3941871
4007527 3833616 3923792 3686065
3757588 3713804 3770814 3752755
3930999 3847617 3873637 3626947
3826230 3672313 3837228 3957322
3698871 3779583 3747315 3819782
3925605 3707963 3808151 4034750
3774452 3891256 3732355 3895937
4086116 3896343 4055227 4193214
3935482 4063917 3944989 4001639
3754116 3644727 3759157 3840146
3662863 3673514 3632281 3749280
3837239 3808503 3687984 3749327
3972195 3813071 3720578 3758034
3934562 3867632 3762098 3797966
4072718 3955921 3784437 3870659
4006982 4048477 3942575 3938411
4158055 4101323 3921530 3968550
3752008 3743151 3689382 3660550
3902696 3811851 3703518 3773525
3747250 3751156 3815661 3820237
3843245 3758337 3804324 3941378
3860205 3889453 3917407 3923679
3868021 3880340 3885099 3968770
3946375 4012416 4094382 4094959
4053230 4050893 3990665 4006674
3697553 3738237 3774857 3781897
3824851 3716078 3701664 3807943
3708350 3807992 3841747 3806624
3960457 3801572 3787732 3718265
3736309 3793837 3843834 3872396
3884661 3880202 3871837 3875953
3929310 3981017 4058257 4015807
4122788 4009810 3974077 3963841
3685683 3746972 3757820 3743557
3780497 3731447 3767311 3741566
3888023 3901468 3937267 3738086
3814529 3694888 3875480 3688239
4094749 3922059 3845393 3754794
3892451 3844023 3800752 3816232
4202976 4005377 4038494 4006435
4120349 3981643 4067601 4004590
3878173 3777619 3869881 3707750
3826250 3703032 3684041 3671352
3783452 3660148 3675113 3911640
3926818 3813653 3810537 3740723
3844673 3766893 3805478 3935347
4036637 3886783 3968488 3714778
4051846 3862413 4062047 4143364
4199313 4067010 4123400 3881803
3714683 3661335 3740916 3874579
3896329 3828087 3806943 3715556
3908234 3730629 3760464 3967303
3722802 3783997 3680318 3878905
3803735 3629113 3823493 3891242
3645471 3668766 3697375 3824441
3963059 3807968 3815153 4038722
3802508 3874621 3805474 3913209
3844397 3727973 3879568 3979203
3783394 3789631 3749904 3833648
3802952 3810171 3694554 3716842
4047163 3815040 3817641 3806415
3764926 3693239 3634808 3622351
3898951 3813492 3659271 3690649
3849971 3815844 3844274 3784622
4067914 4017385 3880821 3896015
3870860 3805122 3766370 3772801
4041847 3862918 3817766 3908460
3792501 3740847 3872368 3807163
3813575 3843595 3884221 3864176
3673304 3661052 3759410 3797016
3741584 3766915 3743511 3846920
3882784 3868189 3916292 3930284
3980081 3794328 3894677 3953721
3854467 3799177 3879232 3862208
3886641 3923295 3853544 3916549
3791182 3812022 3804193 3855716
3926526 3826707 3816782 3771561
3726333 3791773 3788587 3766476
3799659 3784026 3741114 3763475
3865588 3861975 3938353 3967924
3911108 3901580 3922842 3887879
3761058 3861285 3825055 3795923
3954346 3847336 3875947 3863047
4004323 3886762 3947443 3793248
3860226 3767765 3787389 3884790
3820902 3753266 3854768 3669651
3839553 3750770 3739503 3654581
4128974 3910275 3948709 3894653
3953234 3888361 3945019 3789818
4064139 3927697 3937180 3838081
3945292 3843405 3794799 3852952
3780698 3724426 3864126 3894283
3960482 3845909 3898041 3744023
3817842 3631934 3741225 3902485
3834681 3769271 3823923 3622518
3904984 3718930 3878800 4030597
4084872 3904128 3960383 3756176
3851718 3737307 3850354 3995330
4033823 3951769 3937692 3810327
3695786 3652627 3643458 3858528
3635238 3688244 3562869 3709682
3810797 3785028 3939656 4063255
3792692 3861296 3876006 3856695
4037056 3820818 3923417 4172068
3874068 3924157 3756576 3920715
3767779 3738753 3755919 3970678
3651439 3775868 3724886 3805579
3731657 3719737 3647436 3621191
3861489 3712169 3689903 3716441
3886600 3897101 3768443 3738441
4036367 3912751 3724917 3914187
3999931 3890466 3905214 3792578
4074130 4040224 3902357 3949745
3713742 3762944 3708559 3675135
3901829 3857421 3694734 3773248
3646033 3689880 3795547 3763323
3726163 3679032 3737126 3847260
3776577 3815128 3840935 3928118
3909741 3874429 3825517 4017866
3926345 3888090 3980159 3975686
4001022 3949619 3909989 4117822
3699031 3735058 3775584 3774837
3702148 3818873 3658001 3831064
3584086 3627684 3679685 3740289
3730520 3745482 3679509 3568510
3808537 3814506 3913707 3962631
3960903 3857596 3845185 3857089
3867942 3984975 3980066 3928780
3955835 3909051 3992730 3900679
3662481 3683842 3778428 3731537
3844512 3746256 3768147 3714719
3845219 3690810 3779719 3682171
3755524 3719650 3753078 3660316
4035971 3966440 3898863 3714090
3949473 3799235 3795682 3792309
4049090 3931782 4056126 3900807
3963350 3929289 3903010 3919510
4026550 3817249 3833345 3689533
3819886 3773580 3716790 3819807
3665192 3526929 3705200 3808249
3812054 3673315 3796153 3641279
3934001 3772531 3828620 4059703
3939564 3962174 3945862 3831259
3983582 3766203 3946564 4049140
4052725 3947907 4143139 3773902
3758619 3663668 3829032 3932639
3906486 3878657 3906454 3656770
3815137 3812457 3866624 4039362
3819176 3921032 3757824 3903724
3959981 3870387 3889162 4022763
3877922 3956604 3864866 3973183
4002656 3800562 3993524 4059956
3822392 3899226 3846884 3861138
3844664 3757485 3903849 4061774
3786194 3880059 3742711 3850818
3852165 3841408 3781045 3753568
3984284 3854279 3793630 3783833
3809885 3884946 3803178 3777253
3976692 4032561 3864324 3926014
3904545 3994421 3819151 3826081
4008737 3966080 3853384 3911010
3878943 3811172 3726536 3846893
4046522 3880537 3802019 3857925
3786570 3800671 3881451 3877327
3907514 3749509 3869560 3985583
3887817 3934000 3943991 3932019
3996424 3844864 3962534 3948579
3933250 3927456 3945292 3895015
4010173 3927934 3958547 4010150
3779298 3858931 3888588 3941087
3797842 3889791 3800512 3872876
3865527 3895796 3932493 3880634
3972816 3905933 3895989 3753764
3868386 3896053 3927870 3940025
4039950 3976533 3918341 3855406
3908715 3869064 3920440 3922503
3993657 3952269 3937172 3865724
3806132 3781881 3849933 3779027
3945812 3781083 3885798 3768462
4012505 3851207 3992307 3786969
3953344 3922082 3867309 3840024
4021636 3976484 3946877 3833436
3964739 3892125 3903845 3843495
4128989 3939443 4014364 3837937
4047119 3962295 3878276 3933373
4078778 3855729 3957080 3785106
3876707 3820215 3887256 3822036
3909891 3747256 3881835 3922385
3996714 3904566 3952519 3743557
4008922 3767910 3916780 4022690
4093824 3978525 3954041 3822315
3955417 3749516 3885378 4038535
4165599 3989636 4010621 3803684
3893976 3719118 3816323 3904731
3947585 3909537 3880622 3738791
3840342 3737881 3772995 3978950
3744556 3890477 3736722 3808433
3845239 3789851 3808842 3998374
3720778 3752301 3713663 3776386
3925985 3734060 3852776 3979399
3658758 3907135 3773944 3873724
3821779 3655899 3754192 3925000
3742349 3708856 3648827 3813531
3850171 3811307 3663345 3783768
3950417 3861077 3704732 3847067
3776645 3778306 3793741 3777577
4002456 3882334 3799517 3811218
3844840 3818103 3777047 3746233
3979969 3959077 3800828 3802596
3794549 3734018 3672780 3727336
4014616 3871267 3767664 3756959
3691034 3801568 3774684 3872922
3810572 3860721 3735460 3958765
3634088 3752101 3877329 3877293
3875737 3860147 3746366 3868867
3803922 3834640 3943778 3944994
3906066 3899566 3845174 3958570
3748946 3751972 3822803 3755584
3718945 3757478 3693709 3816884
3790366 3788271 3788905 3877589
3916628 3829111 3783622 3795358
3771015 3845616 3846124 3860705
3810008 3884799 3870982 3768316
3768773 3803512 3923826 3881010
3901325 3876614 3901510 3832441
3665803 3751826 3779505 3788501
3832206 3786946 3773346 3700684
4003430 3829910 3894257 3792410
3841488 3804196 3807161 3798208
3972917 3892151 3860244 3808363
3914492 3847899 3837201 3792810
4040686 3883726 3946823 3756983
3861311 3781137 3845709 3838994
4012794 3801270 3867718 3716902
3790463 3770604 3768824 3744986
3872760 3739728 3790392 3916182
3920301 3940781 3907816 3748838
3866559 3679984 3820817 3981993
3965448 3929604 3950080 3728221
3888699 3776244 3796898 3922520
4065184 3922023 3912071 3788450
3792336 3667685 3702002 3906460
3927410 3800059 3926822 3736759
3868022 3738582 3835879 3961876
3709638 3788067 3726112 3814810
3915665 3873692 3834207 4162765
3801797 3864119 3786098 3928186
3783282 3678819 3774111 3999224
3746582 3817459 3746278 3815924
3868226 3841601 3842776 4030514
3754801 3882637 3769883 3855660
3898455 3804394 3709305 3697313
3998184 3849955 3734247 3866507
3937391 3896516 3811255 3831707
4072506 4052685 3860363 3984116
3793629 3778744 3642688 3757500
3915360 3869275 3665546 3803077
3836500 3797920 3708037 3784404
4015220 3965383 3803146 3849573
3737651 3794017 3860488 3868378
3808182 3798593 3833030 3989196
3866627 3889430 4006310 3963020
3932682 3998743 3939258 4160805
3739230 3751214 3843166 3867237
3773643 3843960 3734789 3880022
3828840 3813348 3849160 3876478
3830659 3938488 3873093 3921772
3825560 3775332 3884965 3924064
3902440 3795873 3857053 3796198
3797377 3859584 3879914 3944643
3947490 3922068 3877391 3912549
3669992 3750938 3838521 3848237
3905656 3748419 3865906 3734557
3762579 3892175 3902787 3954644
3915865 3876617 3887275 3818231
4077279 3860689 3955311 3831658
3887634 3843510 3824098 3805285
4153352 3823582 3998330 3783794
3992112 3981163 3913415 3847424
3991342 3772335 3913588 3733082
3880933 3773300 3767681 3771214
4081006 3927450 3994107 3818509
3915190 3834964 3852889 3810286
3845331 3716003 3739439 3988659
3915613 3843570 3874055 3734506
3957904 3784856 3863685 3989312
4065919 3867570 4010530 3906517
3794782 3744933 3789413 3900243
3994011 3867374 3955861 3706663
3879794 3710501 3865048 4032592
3926378 3908723 3923024 3681794
3928222 3756337 3805187 3995207
3790511 3838330 3743515 3868938
3919728 3850817 3922959 4148042
3945341 4037976 3885390 3942210
3882899 3804646 3812150 3983779
3734708 3833698 3739589 3862455
3901039 3713801 3819678 4009268
3696578 3826399 3674132 3831493
3813859 3783848 3753686 3770669
3980177 3991545 3879622 3805669
3991183 3942288 3791162 3824125
4020501 4116288 3855483 3971364
3821629 3859677 3809321 3732299
3951915 3921893 3841345 3887627
3841753 3797065 3694073 3726127
3957305 3886813 3781390 3858564
3766126 3777939 3911830 3935149
3868792 3884770 3854782 3830692
3967499 3979018 3994197 3982882
4019650 3932443 3893937 3997156
3751539 3814125 3878119 3942328
3832142 3871678 3815437 3975538
3813249 3811479 3858027 3852012
3785024 3843080 3797416 3963150
3817852 3911308 3926697 3893923
3945511 3838843 3838311 3792291
3941834 3851828 4018925 3963587
4023020 3991627 3906172 3892172
3773945 3820412 3907141 3836886
3855389 3877405 3895340 3811508
3765688 3837502 3872523 3882456
3860033 3902816 3773229 3821538
4057471 3916525 3944423 3810648
3870140 3769897 3886651 3857566
4228112 3980108 4082919 3966738
4009910 3943547 4046504 3813896
4048968 3847312 3894125 3767559
3847663 3736261 3788371 3923525
4031336 3817519 3875980 3821178
3841318 3782978 3788063 3803040
3904552 3757202 3816193 4017244
4025564 3888370 3951173 3804931
3928902 3822013 3885178 4014101
4086726 4048744 4094760 3947603
3845014 3658976 3837560 3896972
4064684 3936718 3962611 3764429
3894770 3641432 3810509 3952194
4003215 3905117 3908768 3818256
