3632164 3756126 3759198 3773720
3839663 3797536 3861678 3719873
3839335 3840254 3834966 3797003
3924490 3879719 3860674 3813463
3961158 3938005 3973418 3979602
3985594 3996199 4022307 3918777
4043922 3905205 3933153 4031268
3987822 4087655 4128298 3984197
3793599 3656590 3744869 3891162
3601881 3791410 3774132 3828113
3792338 3740902 3826478 3933407
3628663 3885461 3920237 3909196
4026283 3845742 3983888 4158197
3712581 4009903 4011837 3929453
4070050 3928639 4046327 4126911
3813247 3992097 3990439 4056178
3686019 3722480 4005836 3684276
3596874 3770596 3624687 3586775
3766713 3824815 4049894 3845720
3734692 3791353 3731098 3698417
3876832 3886060 4173647 3951249
3819932 3960777 3876691 3791700
3869540 3970745 4209385 3993189
3911738 3946633 3887119 3929900
3805536 3735117 3760850 3874990
3694679 3979500 3704505 3717890
3907616 3789522 3935551 3931019
3779860 3983122 3638636 3861440
4082141 3997476 3902314 4077541
3935700 4066792 3870929 3903049
4167447 4080872 4061978 4031983
3863472 4128165 3967966 3902121
3617594 3694477 3900056 3793007
3749933 3725200 3810060 3945971
3844070 3687942 3908116 3845305
3833572 3840408 3904064 3900837
3860839 3806071 4070013 3921454
3939029 3889553 4067259 4035994
3952309 3907038 4189384 3909151
4049257 4029082 4095841 4046709
3973958 3851344 3748760 3750054
3809240 3709382 3739828 3884586
4081626 3901007 3850644 3776920
3871315 3773921 3838730 3998924
4211376 4042809 3957506 3851831
3965297 3927771 3942669 4038113
4208343 4106938 3990712 3954326
4023241 3867429 4034077 4062252
3858307 3844983 3820480 3831609
3908265 4024844 3925051 3910200
3954581 3972170 3916122 3908807
4013004 4032688 4003008 3810330
3840804 3834923 3740262 3739251
3870139 3840404 3940007 3737725
3944712 3925912 3938720 3900721
3988109 3931235 4001113 3882587
3864016 3775644 3750723 3948774
3711707 3914817 3861971 3953484
4011863 3862763 3888520 3974251
3739108 4077654 3971723 3989619
3815512 3707984 3837284 3862626
3608346 3804041 3815152 3932688
3950190 3789197 3928753 4009747
3708189 3963739 3897613 3898342
3757247 3809803 4119116 3787772
3808555 3910249 3679095 3704387
3841538 3952793 4137751 3964378
3842273 3906801 3784920 3748842
3801109 3788023 4083226 3806703
3769985 3725760 3702828 3637916
3858540 3966358 4160209 3919644
3798252 3894007 3766928 3772056
3968324 3840594 3901292 3996802
3756785 4023200 3713036 3830525
4049575 3892369 3936741 4074824
3963105 3979736 3858603 3913926
3908770 3820101 3844697 3935249
3677682 3945854 3645059 3800804
4072092 3894497 3868487 4031690
3833364 3966161 3834677 3904950
3810206 3755480 3928934 3805913
3956327 3861172 3926256 3887374
3853142 3795475 4138270 3949396
3923589 3832767 3993538 4049986
3767774 3637683 3911063 3772491
3818305 3782216 3891944 3955532
3860898 3697685 3992696 3911978
3970451 3861461 4029794 3998368
4045608 4012826 3875341 3791279
3880828 3815409 3927945 3978289
4129520 4011060 3921389 3850770
3963680 3836529 3966856 4066107
3941511 3850619 3754525 3686847
3793203 3689776 3853353 3906465
4157401 4022987 3919893 3807818
3878984 3777335 3954559 4106107
3837878 3832772 3813939 3859164
3882814 3893561 3956654 3797255
3864536 3890618 3908304 3861774
3893447 3921698 4013791 3846821
3871126 3833294 3882396 3843504
3868174 3936675 4013611 3821022
3812620 3755277 3751998 3800737
3803689 3788710 3830248 3705597
3937432 3811440 3780145 4039959
3731994 3893972 3828923 3952803
3895216 3718301 3803375 3913351
3727914 3895095 3925040 3937782
3901591 3800352 3841411 4066653
3647826 3889364 3938657 3890888
3766958 3780041 3742654 3912370
3689073 3792872 3888578 3914119
3777439 3849533 4076261 3809612
3681405 3886936 3773702 3700473
3779033 3868174 4100314 3783566
3736597 3892102 3752848 3712729
3831614 3895675 4130032 3851636
3733412 3817577 3775557 3803851
3678295 3812993 4000032 3798357
3680316 3740566 3656975 3703658
4057769 3887206 3894597 4000501
3769463 3927270 3770115 3849942
3980666 3915076 3900876 3940050
3806632 3972114 3774058 3805900
3896204 3875490 3922246 3980814
3840416 3987693 3774391 3782575
3945747 3776527 3818625 3877198
3729664 3895426 3777917 3735689
3807461 3674996 3970447 3830891
3873164 3807658 3981799 3918084
3831788 3742375 3967977 3858866
3973248 3877839 4034563 3987017
3884860 3753692 3869862 3871662
3882809 3891405 3920806 3972491
3748264 3664986 3909172 3819108
3771524 3704702 3872783 3908579
4016358 3903949 3893860 3771941
3836180 3687415 3886345 3944381
4084255 3924141 3846688 3788519
3897692 3772041 3848581 4035732
4105682 3972873 3880564 3800327
3844511 3755468 3959313 4015822
3917869 3808596 3724361 3698680
3844632 3682208 3769207 3937002
3734456 3807249 3764188 3879977
3789791 3796151 3799788 3717570
3981602 3896913 3985186 3910458
3899988 3977027 3973304 3887072
3982099 3890525 3917882 3931764
3980462 4102676 3994010 3890594
3884387 3853595 3783129 3805522
3912264 3954070 3936399 3800301
3827294 3675264 3720830 3876089
3583721 3835222 3796096 3859211
3935362 3857495 3864832 4079781
3757084 3923866 3981891 4035707
3889745 3810825 3848818 4022987
3680922 3985546 3916455 3964674
3959415 3866805 3872093 3940405
3669626 3949609 3958406 4043674
3682669 3760054 4001824 3809611
3702400 3780185 3673871 3669358
3902206 3894309 4230681 3918604
3847673 3858716 3794501 3783618
3803765 3841644 4210652 3817523
3828452 3858665 3791191 3830523
3786539 3913976 4101963 3760522
3766695 3849384 3801173 3822154
3887167 3711602 3906894 3951900
3732533 3852759 3666007 3731449
3978494 3908840 4028717 4086496
3859367 4069513 3753092 3922264
4008905 3932831 3981434 3990637
3843198 4046803 3846669 3863395
3993097 3843574 3987497 3955629
3837656 3969869 3795064 3861410
3763268 3652301 3961492 3668655
3736790 3758392 3920294 3866352
3861140 3858685 4146501 3950789
3961304 3969880 4002812 4044935
3880167 3758009 4106005 3874563
3986825 3931353 3992415 3997877
3861320 3636692 4038061 3873572
3893824 3832642 3963923 4026338
3964439 3824950 3760655 3662246
3700768 3690713 3771759 3832885
4108200 3991274 3862327 3834206
3908054 3860033 3972765 4057290
4157465 3955556 3954498 3842041
3901436 3807572 3951046 4049928
4088725 3874818 3896003 3787137
3898251 3783072 3905663 4050794
3776176 3678444 3803913 3874772
3790689 3821693 3892895 3690341
3876621 3691809 3882215 3820496
3910429 3949825 3946318 3806760
3917939 3719486 3829183 3833995
3913760 3903310 3987299 3739738
3899879 3848546 3918127 3897019
3887832 3893191 3938968 3856827
3821092 3677776 3778318 3873098
3632511 3871337 3810695 3883158
3871806 3772062 3840008 3959193
3685077 3993192 3898829 3899200
3808440 3720549 3812691 3863935
3614012 3839018 3834059 3945024
3893261 3735971 3880024 4032482
3739674 3969432 3952239 4028640
3796525 3724154 4057166 3755742
3746189 3720369 3684602 3703615
3799610 3898369 4049327 3819097
3728967 3826167 3732776 3761642
3728627 3765051 4056607 3757433
3744749 3751305 3678676 3737273
3811762 3880190 4153224 3813190
3849036 3886118 3744224 3862428
3896024 3714141 3744761 3901708
3729984 3873133 3676880 3731305
3930421 3944780 3838317 4015195
3773271 3978508 3692264 3847328
3919025 3820009 3830834 3865248
3714720 4018758 3713796 3800124
3961212 3917255 3983578 4028952
3761931 3998506 3803006 3856902
3856759 3749627 3950172 3837487
3766429 3751248 3860135 3815074
3898172 3837317 4027547 3816829
3924921 3795921 3951751 4003839
3792204 3694890 4029025 3775596
3820384 3762085 3911118 3978471
3861800 3820222 4050771 3870909
3869621 3884367 3964436 4019287
3871653 3839224 3751964 3704195
3819447 3706039 3826271 3902410
4075576 3952651 3912734 3792085
3853720 3796038 3884182 4007212
4106654 3881140 3798869 3694645
3827880 3718741 3826071 3952131
4126782 3954194 3894486 3821548
3910391 3751002 3940550 4001571
3932598 3888970 3890778 3907829
3853723 4015304 3977980 3908632
4018735 3877054 3904435 3931776
3915209 4003112 4037457 3893151
3953372 3967979 3970241 3907809
3992787 4033315 3947664 3969966
3881548 3883963 3881492 3868564
3822294 3846653 3955972 3815634
3894587 3798026 3835202 4000275
3715901 3991068 3817434 3920856
3930937 3762693 3810595 3935706
3739945 3898637 3930566 4008261
3911348 3883798 3873307 3997047
3729719 3977085 3994979 3984076
3844216 3746302 3795377 3995271
3699476 3977746 3864235 3973621
3810791 3831914 4112782 3895701
3821314 3825734 3789628 3692355
3850504 3834047 4142578 3900629
3831604 3904157 3799944 3860585
3880238 3972430 4188209 3880786
3794452 3887668 3867409 3783454
3718173 3812714 3977925 3792925
3771551 3900995 3751916 3756072
3919978 3876260 3911099 3971919
3824995 4019457 3723414 3899415
4045739 3835558 3968631 4039047
3858701 4057710 3840656 3907454
4059488 3953220 3964883 4069541
3853399 4049181 3825823 3879264
3884325 3898277 3920595 3869327
3778871 3927190 3724112 3810331
3846262 3723828 4022618 3849982
3845743 3798920 3917270 3941598
3872270 3781679 4069720 3920344
3985719 3879284 3975422 3963797
3841740 3856714 4071790 3900385
3860719 3902119 3997559 4013815
3839655 3665434 4026312 3784690
3857059 3835774 3930387 3955381
4086718 3929357 3835423 3857031
3864014 3839019 3904351 4038738
4082669 3947927 3797563 3832379
3889291 3872357 3913691 3990419
4088385 3934775 3907472 3791535
3909549 3800050 3940843 3956747
4016857 3922036 3783423 3752163
3828353 3718803 3865437 3921365
3730249 3655002 3720945 3736521
3828363 3800115 3812994 3704725
3722121 3685398 3766371 3660666
3792279 3747633 3831397 3711673
3817052 3793687 3860631 3829478
3897254 3834860 3942807 3754758
3898417 3798267 3859768 3858733
3925183 3897350 3955229 3811958
3755023 3673306 3720366 3763156
3584886 3774077 3752341 3776256
3795616 3735668 3694188 3900210
3483829 3868619 3810560 3825628
3926603 3748147 3837158 3963916
3600731 3848296 3879109 3910087
3855977 3788349 3864127 3993958
3624708 3836684 3982350 3909464
3664561 3707700 3909705 3688667
3680662 3692078 3614045 3589499
3699519 3730559 3991023 3742644
3655134 3701356 3609000 3608175
3806079 3833947 4101775 3855931
3797228 3809566 3676172 3771664
3810120 3851035 4037018 3834854
3751794 3899866 3682933 3742267
3896569 3769154 3726293 3820668
3566989 3880044 3683605 3615321
3865281 3682558 3832464 3887250
3674570 3892650 3685180 3761544
3924278 3846472 3819360 3927127
3796144 4008790 3741791 3862646
4008757 3846893 3957979 3927394
3793401 3998707 3770489 3887015
3738499 3594284 3883458 3780249
3765841 3768700 3797413 3818472
3734502 3603367 3928917 3734135
3773283 3698245 3877945 3824676
3781554 3714019 3956276 3849274
3806053 3752603 3937848 3910581
3832841 3769023 3917926 3910012
3882711 3865131 3973854 3958927
3850099 3894595 3774783 3598075
3710401 3648187 3766390 3788691
3903598 3752333 3720342 3583950
3757046 3661478 3766741 3879134
4095093 3862901 3827270 3750500
3806135 3800029 3906516 3992044
4056422 3958355 3881275 3821521
3857132 3797509 3906942 4004385
3797059 3680827 3827024 3885298
3850536 3818328 3853562 3792422
3863509 3843015 3875826 3787512
3912345 3979670 3957800 3767695
3881339 3825222 3839924 3855465
3877150 3944933 3933312 3735508
3781507 3688163 3721407 3719947
3706099 3822722 3730751 3653431
3876801 3776780 3793708 3929254
3630120 3843463 3839989 3773260
3891586 3882666 3814774 4035475
3665056 3880300 3962240 3963895
3874893 3846883 3831501 3885955
3611932 3945191 3876626 3950379
3773195 3578471 3679701 3833623
3590121 3775055 3671691 3824318
3752305 3790502 4046604 3829678
3714473 3838683 3739632 3665459
3767418 3903002 4044376 3851380
3754808 3828601 3797168 3700763
3817781 3810259 4077870 3836100
3780292 3756638 3669374 3699829
3654199 3722594 3918050 3686847
3661401 3701902 3603592 3566038
3833980 3788423 3853835 3954148
3715849 3858986 3737854 3690778
3935694 3888958 3950279 3986965
3793411 3996922 3805151 3886036
3913975 3797888 3930121 3936148
3784421 3980410 3677734 3885155
3779002 3728732 3743911 3794336
3670612 3821883 3583582 3776470
3828633 3691223 3974953 3796809
3776744 3827653 3874281 3944458
3788442 3775306 4017986 3843845
3927195 3835833 3944167 4013121
3765305 3724114 3977369 3810246
3861679 3827000 3963770 3921088
3727009 3487770 3877596 3719824
3659049 3719484 3779548 3800496
3955495 3821877 3787488 3703442
3757088 3684263 3848593 3872050
4022451 3908107 3816222 3771463
3829165 3729998 3866800 4058976
4033087 3967580 3914340 3703078
3824265 3717153 3898199 3944826
3853890 3734456 3731558 3570340
3767512 3600423 3714285 3855294
3869604 3906826 3976434 3868134
3954905 3996877 3977476 3872214
4038687 3892744 3978788 3933201
4032418 4041159 4121171 4006006
3804481 3807017 3795983 3828125
3957332 3963328 3897190 3834780
3899241 3794886 3802414 3843057
3812680 3930862 3887778 3758411
3868835 3830462 3857283 4048189
3704731 3999144 3779563 3956919
4027119 3949189 3939861 4074381
3777276 3989050 4046489 4083498
3901997 3783588 3796113 3993861
3628483 3867995 3826341 3876325
3795369 3654335 3766700 3916011
3619962 3952797 3740650 3833276
3763903 3797874 4122296 3906695
3803714 3835036 3680798 3812953
3941876 3923115 4196385 3911184
3872139 3913776 3828140 3840411
3724671 3829732 4030180 3825798
3754889 3841626 3732078 3829383
3754944 3819292 3990897 3785630
3724586 3843001 3703758 3664278
4009653 3847668 3932843 3962814
3767424 4026527 3760909 3918663
4054521 3983183 4036121 4178520
3855055 4110811 3884021 4014425
3986606 3876408 3961764 3988734
3824020 3973040 3760496 3825105
3931208 3766555 3842464 3916167
3699866 3855728 3653491 3863877
3851135 3805275 4048416 3886971
3925548 3931553 4032956 3943624
4007904 3877992 4101486 4033936
3976664 4033345 4110091 4006557
3934230 3659074 3929799 3858815
3836398 3845536 3922119 3926239
3773831 3720877 3966373 3816709
3878518 3758817 3892132 3960340
4091141 3934247 3901698 3839469
3956004 3797205 3884685 3969787
4139379 4017172 3908944 3828144
3920283 3917373 4045109 4071558
4049311 3902838 3830097 3728364
3787824 3835853 3855043 3977609
3921641 3912906 3759025 3673934
3831136 3648155 3786565 3880014
3802911 3725682 3729024 3797176
3920374 3939353 3967437 3783766
3851693 3847122 3862596 3880853
3903765 3923993 3942437 3795320
3770200 3794780 3791264 3766817
3842088 3812189 3883289 3767195
3935674 3930950 3932898 3882824
3972278 4015318 4006641 3939568
3851678 3788373 3749570 4040715
3651116 3852102 3779815 3861502
3888005 3715960 3829087 3997441
3696887 3866009 3835267 3896985
3790934 3750155 3822874 3892126
3573491 3788488 3908463 3917306
3958643 3824885 3874621 4002901
3771452 4005876 3991697 4017827
3731158 3812452 4038868 3725228
3768672 3752983 3744884 3708522
3721328 3877908 4137153 3824107
3755979 3808270 3727302 3729694
3698243 3785622 4080418 3838432
3714704 3767157 3659247 3710864
3927910 3932921 4219066 3873701
3793752 3964795 3862279 3907412
3967341 3805639 3861509 3904870
3794705 3992280 3699282 3844564
3925837 3791978 3876004 3940340
3801513 4006153 3702818 3793453
3903899 3806350 3769976 3898552
3743666 3855978 3680090 3822912
4021513 3922259 3972341 4054562
3805690 4111188 3850766 3920672
3821479 3703501 3943714 3739087
3854139 3775992 3934447 3945156
3783859 3707072 4036739 3835582
3794080 3804732 3946490 3955435
3717417 3669138 3952967 3794145
3849178 3757608 3927135 3873308
3930523 3869105 4110753 3897870
3986341 4003312 4123347 3944649
4016108 3901957 3745111 3670544
3823341 3769479 3826430 3979691
4055410 3913163 3921463 3689480
3861468 3757468 3860719 3971698
3925928 3842023 3848639 3659355
3901584 3675298 3854679 3925935
4113730 4051414 3937589 3774282
3906295 3863936 3971459 4012153
3942605 3906699 3916175 3938052
4014804 3974808 3885738 3891766
3812784 3768345 3805818 3819130
3901133 3833901 3913168 3749303
3713475 3748986 3736659 3764718
3836755 3902817 3851097 3703026
3679692 3695476 3732370 3760177
3789429 3753085 3793345 3663329
4013968 3799415 3841147 3978869
3760327 4013112 3949573 4012293
3857648 3777667 3786555 3969079
3647745 3928400 3875565 3837560
3751914 3726541 3710163 3798227
3614016 3768348 3815095 3832192
3740025 3672762 3709927 3825406
3611089 3802979 3687646 3772426
3843476 3942154 4105475 3904784
3819325 3851002 3843928 3815858
3769445 3775141 4016811 3836830
3740052 3832778 3711453 3807134
3684489 3747614 4008463 3752212
3681276 3670970 3624778 3585424
3697134 3645500 3896690 3637777
3625432 3682160 3603140 3608811
4044032 3919812 3911314 4034518
3820261 4050276 3787013 3946842
3895526 3845012 3852263 3960073
3821318 3964297 3697164 3737121
3839121 3724617 3678110 3866270
3585787 3931397 3760440 3781599
3783283 3700317 3765040 3880939
3646036 3818469 3680118 3768984
3883647 3761696 4040776 3897720
3945714 3928382 4028121 4019453
3815826 3714387 3823344 3792565
3839765 3801505 3898768 3926938
3816190 3722991 3901760 3702569
3813537 3752408 3894020 3775138
3761692 3578174 3821175 3684981
3708643 3742307 3776950 3834022
4079768 3988682 3944569 3855286
3879993 3808128 3958572 4058921
4074268 3815379 3764288 3761682
3737937 3669085 3880709 3901967
3965410 3839979 3724514 3646009
3714947 3648226 3713835 3823086
3870855 3798560 3702105 3589116
3711495 3580641 3622548 3855113
3827231 3802817 3864421 3859781
3818900 3808525 3871583 3788131
3897441 3905655 3924173 3900148
3955062 4020523 4081106 3853585
3872891 3727124 3809891 3847561
3883618 3890487 3904906 3749835
3780329 3764311 3790961 3766644
3895298 3833033 3874971 3790337
3885209 3838639 3855480 3882746
3690580 3965059 3961615 3945454
4020333 4005682 3905529 4036427
3724664 3982644 3949175 4052269
3882383 3816433 3919437 4008889
3661030 3886080 3844803 3961030
3816323 3734693 3801615 3949108
3652018 3842341 3883643 3873262
3785223 3811608 4038386 3799625
3804453 3745134 3681198 3735541
3918770 3919244 4181909 4000266
3887567 3935004 3765932 3831617
3850248 3861861 4040532 3794047
3770464 3820602 3809756 3772360
3800734 3802544 4056839 3809929
3805154 3758251 3675018 3721288
3938413 3859180 3858388 3910786
3736087 3905580 3723114 3913237
4040979 3946639 4048887 4090319
3815090 4082940 3882890 3939182
3933471 3820193 3911090 3851101
3781337 3958729 3813338 3800142
3889979 3855460 3809666 3946216
3768864 3959028 3770357 3788794
3780376 3799708 3957254 3830935
3902874 3822536 3943614 4041460
3920906 3752130 4060938 3960810
3938437 3870914 4048788 4134408
3755251 3718467 3940478 3826173
3885558 3784703 3915299 3953777
3836792 3767669 4009314 3763677
3778697 3727951 3964446 3879525
4030440 3832181 3857110 3794189
3833458 3680673 3796143 3943590
4110906 4007802 3946318 3784104
3883731 3843411 3957777 4162966
3994561 3807018 3859535 3751255
3861491 3698657 3813144 3935758
3999421 3925472 3740729 3695745
3778353 3663093 3869879 3964070
4076166 4029361 4070177 3903057
3969815 3981392 4149459 4068994
3808995 3844435 3771900 3696140
3759949 3682127 3865489 3806883
4064314 3990530 4032993 3862527
3967290 4004442 4134263 4085333
3890129 3878470 3851549 3732684
3779884 3808608 3990859 3830427
4027921 3958405 4053321 4031495
3910355 4107365 3934649 3977224
3712888 3804226 3839697 3845724
3736245 3839765 3682966 3735958
4132919 3952123 4093378 4119359
3995097 4047731 4031505 3979169
3863376 3750616 3883816 3853892
3740814 3985498 3809766 3787016
3974779 4035780 4059651 3806534
4083805 3899354 3872262 4011612
3726540 3933442 3719740 3653687
3800870 3696780 3614034 3772277
3949221 4113047 4017889 3932759
4087442 4024754 3844418 4093844
3806870 3921297 3831224 3751116
3865212 3814900 3779823 3845754
4016811 3941791 3879513 3922620
4140474 4019672 4068562 4061813
3736741 3707255 3651391 3656581
3913929 3736949 3796514 3816356
4018573 4039983 3929723 3921513
4248749 4045040 4058526 4027853
3850921 3726821 3684975 3727009
3921263 3839411 3821476 3843108
3944874 3909576 3902740 3910971
4018828 3901940 4000664 4000353
3794445 3677424 3645135 3737228
3713817 3647140 3744046 3931056
4102547 3904967 3917728 4034358
4017233 4004496 3909099 4062244
3944152 3878037 3779248 3908472
3811764 3766715 3830160 3898589
4183990 4054850 4021984 3902813
3976296 4079034 4028359 3876352
3910632 3767603 3746307 3714983
3702780 3801697 3797672 3665221
4264955 4044455 4034858 4011900
3984903 3963950 4047785 3860952
3940961 3855004 3985058 3761142
3745746 3794758 3907453 3710997
3883020 3766818 3705746 3655687
3787247 3773882 3803547 3756093
3896954 3862671 3876382 3833074
3910033 3873207 4036533 3941749
3966624 3923299 3938298 3794217
3908019 3886834 4072726 4014417
3906689 3756758 3715819 3635273
3708643 3694977 3843983 3800891
3825921 3743382 3865360 3879984
3729769 3804932 3740530 3690810
3962861 3905953 4010037 3838316
3889726 3998648 3841628 3894351
3887314 3858082 4002015 3966907
3922048 3952502 3838431 3858062
3829304 3726317 3817967 3835439
3729235 3778269 3716535 3742743
3760787 3859373 3749923 3657078
3856578 3709766 3722773 3838777
3861452 3948138 3939778 3786840
3900242 3801561 3781855 3983228
3796673 3944225 3907457 3793340
3969854 3765097 3800813 4056664
3739656 3784374 3756417 3610654
3773497 3700578 3638124 3755205
3779311 3709706 3738431 3614394
3947612 3745024 3795242 3826225
3917565 3866762 3791622 3740558
4199434 3824455 3939020 3947063
3780482 3887126 3838021 3807965
4061211 3861658 3951997 3924202
3702136 3695139 3644161 3720618
3873141 3709149 3779051 3739184
3785374 3723947 3705689 3741514
3709599 3686355 3714332 3950429
3947402 3767177 3826006 3866306
3798512 3929523 3873579 4039315
3929679 3851090 3885896 3894957
3899235 3780361 3808192 3961545
3774110 3713320 3596268 3706990
3721305 3682149 3730602 3878896
3892815 3765165 3774901 3655487
3726554 3700251 3776347 3700410
4074513 3984226 3995118 3848301
3792844 3986053 3972390 3796897
4060188 3901311 3974047 3891606
3834845 3967026 3971664 3823059
3919143 3844127 3822984 3721526
3605215 3827629 3854643 3693993
3939897 3896399 3913231 3868491
3915146 3872117 4037351 3875857
3968920 3726036 3746602 3746621
3757914 3692033 3943529 3840979
3898600 3818004 3748072 3733695
3842324 3776543 3938355 3856252
4219950 3991777 4005303 3925152
4019836 3959658 4161172 4084167
3957718 3834551 3948695 3892101
3888238 3944791 3890710 3780574
3831222 3734156 3843019 3738188
3745528 3823139 3667873 3709070
3859739 3713968 3849562 3805929
3847539 3963603 3761343 3823171
4070572 3971784 4039649 4115625
3977675 4119390 3927744 3908725
3823325 3972109 3854118 3803251
3876477 3801725 3748265 3888588
3846852 3913068 3725354 3673159
3947387 3620901 3710688 3847272
3914216 3784148 3829866 3748790
3996334 3793357 3695571 3874878
4058855 4083139 4030804 3885614
4096644 3957996 3889650 4050935
3940990 3877069 3716041 3833773
4068943 3944466 3953692 3975990
3757579 3677377 3669213 3720051
3970480 3804223 3855111 3815396
3878934 3807651 3683756 3763067
4005894 3854213 3829962 3824129
4019428 4005862 3851877 3954687
4182065 4063204 4013671 4093834
3958772 3821619 3905033 3902688
3832986 3866916 3820986 4075972
3860435 3758943 3757452 3760304
3693911 3800459 3731650 3935697
3901405 3777734 3758660 3794991
3773338 3804110 3816261 3953178
3998896 4047213 3943058 4016897
3970609 3903966 3941495 4162699
3981955 3967586 3995149 3801015
3863190 3922612 3942935 3815255
3893709 3804814 3840449 3802569
3657393 3780349 3785020 3730225
4010852 3907581 3846700 3808149
3750350 3861132 3933361 3657591
4237421 4038838 4104966 3993310
4016087 4020053 4156603 3905473
3948745 3842728 3833328 3747695
3785467 3779493 3970546 3857053
3980727 3780815 3919814 3917943
3856223 3825809 4017635 3983614
3946769 3873258 3855868 3808362
3797824 3860510 4048412 4012783
3891121 3886351 3806920 3755052
3851581 3822897 3984198 3881896
3828462 3754012 3878804 3892254
3794156 3905548 3847524 3783603
3899206 3840266 3927379 3861152
3868524 4073244 3834365 3809663
3889253 3787060 3898080 3864933
3824470 3915080 3825190 3718324
3891617 3791144 3897777 3813122
3915673 3952405 3809619 3766809
3796774 3898173 3891633 3754230
3852603 3791571 3746571 3985860
3852147 4007845 3860871 3778735
3976124 3863896 3778763 3953204
3776232 3982660 3929305 3696473
3903467 3870114 3713792 3811339
3761181 3809940 3857022 3715227
3912516 3784422 3763110 3788076
3811122 3817685 3695869 3728298
3971257 3869762 3825267 3902124
3943767 3782262 3732091 3801792
4010511 3893869 3863032 3944739
3886234 3778905 3657298 3805587
4051167 3873698 3892902 3835484
3825982 3773488 3750602 3715091
4037508 3856856 3922062 3866199
3848876 3798855 3819443 3810199
3843159 3783161 3768587 3986311
3933107 3895009 3834191 3833291
3831785 3833643 3763309 3975069
3919311 3767105 3732503 3871993
3831461 3831781 3804365 3966220
3952369 3858757 3788866 3781356
3804945 3805727 3841969 3909687
4094368 3877274 3913613 3801267
3793187 3879850 3879505 3783846
4094170 3936905 3991882 3856109
3808189 3885853 3940915 3702899
3957176 3871971 3915243 3786428
3805677 3853058 3920573 3703601
3995832 3844923 3923597 3788195
3833788 3881954 3854839 3699753
3939422 3853425 3839812 3739664
3828967 3823176 3985904 3925613
3938747 3807067 3787604 3809565
3832674 3827268 4059702 3945101
3968481 3871478 3855114 3716519
3865810 3869746 4075954 3970991
3980629 3960014 3987599 3860047
4039179 3961172 4112202 4081759
3885901 3785177 3856340 3909757
3828955 3867799 3850760 3704376
3904487 3714900 3836782 3881358
3901011 3953348 3759612 3716920
3873918 3894601 3977357 3931681
3887645 4017773 3862916 3776894
4018962 3917783 4052348 4014887
4004605 3974877 3968788 3818449
3778874 3905296 3812499 3799819
3839911 3806629 3786670 3875260
3839132 3956787 3854237 3671493
3949164 3697986 3659376 3943647
3802571 3944655 3904725 3718550
3952746 3829998 3800166 3930314
3951967 4020206 3984113 3836483
4090095 3875481 3875534 3935482
3911838 3859997 3732268 3771989
4023316 3825547 3894334 3882667
3873649 3778163 3798414 3775334
3966746 3834794 3950319 3905934
3848382 3814669 3751853 3791746
4040025 3896140 3879335 3951160
3905802 3889937 3810955 3840638
4105001 3961358 3940571 3967344
3839217 3805808 3753530 3828304
3764004 3788361 3822976 3961852
3947583 3763359 3847832 3766075
3843514 3842162 3744041 3892967
3881824 3851513 3868485 3894073
3889739 3832388 3826695 3999432
3999945 3871972 3891432 3943348
3879162 3885909 3926279 4022421
3894161 3907833 3952431 3773341
3837883 3897765 3966294 3725487
4025602 3898190 3988899 3776278
3770798 3853422 3897487 3777599
4112518 3955500 3980682 3832232
3915199 3918500 3980058 3842878
4140182 3992631 4019321 3892541
3844654 3890346 3988286 3845553
4121426 3941554 3983359 3844585
3906464 3774405 4123334 3948831
4000349 3959181 3894629 3756367
3866827 3787299 4117949 3943337
3721756 3827102 3726317 3639424
3773563 3761690 3910777 3767279
3908605 3823170 3737727 3755726
3775565 3684664 3889464 3847273
3984374 3921457 3946182 3932671
3921968 3966582 3897404 3905197
3986012 3939708 3894609 3950222
3879218 3998401 3893099 3873153
3780808 3756182 3850725 3895849
3739413 3814374 3727879 3681734
3741732 3650325 3797860 3790544
3769244 3880888 3823563 3778080
3923229 4023329 3976095 3847648
3981521 3898972 3802706 3946525
3819417 3962211 3875015 3785240
3999568 3831331 3713823 3889224
3755550 3821490 3761161 3653391
3872560 3729500 3584408 3791221
3771538 3774232 3788784 3646460
3915521 3698695 3676287 3792145
3994114 3848903 3814390 3857317
4137041 3975349 3949624 3968795
3964422 3889604 3766362 3869974
4087689 3971412 3905670 3899806
3733239 3741577 3648047 3658702
3913298 3794254 3790205 3786016
3787762 3710027 3693941 3747339
3929871 3804582 3736302 3885429
3927465 3933356 3838438 3921499
3971932 3875969 3878728 4012187
3999076 3916616 3864625 3999386
3905572 3833144 3861529 3926066
3751386 3750174 3632709 3756761
3730577 3732440 3685980 3874096
3855797 3713654 3784857 3844777
3705919 3766049 3731896 3957241
4084331 3993931 3963981 3879176
3848408 3949635 4030552 3837013
4124139 3939222 3973804 3853249
3821696 3953322 3945354 3870746
3972576 3889368 3828765 3681731
3713273 3827805 3899114 3701208
4009459 3740460 3910542 3752832
3764932 3758454 3920434 3728346
3850553 3895566 3890434 3758870
3832562 3771030 4038658 3852677
3995315 3946990 3898161 3809431
3891846 3833137 3995866 3961697
3855243 3821419 3844755 3717594
3808182 3857607 4008028 3834340
4066542 3878134 3819483 3797894
3842930 3859607 4035269 3924173
3972887 3785823 3923999 3873568
3872837 3929124 3779161 3814478
3972258 3850520 3922473 3942867
3993212 3974351 3893818 3827353
3855746 3778574 3769840 3824051
3841439 3890030 3747935 3690236
3930702 3876854 3931521 3967780
3967405 3977394 3795011 3818534
3774013 3939526 3872627 3909530
4018958 3789309 3759761 3908111
3887386 3970420 3947526 3783791
3927941 3813595 3808642 3887089
3799179 3838935 3863542 3726834
3859366 3803791 3712445 3835517
3888314 3972963 3916697 3773978
3951073 3810857 3715641 3893312
3864905 3854120 3711780 3755337
4082583 3846147 3852092 3884563
3886277 3790477 3821813 3747299
4087386 3939152 3941720 3951532
3858186 3657310 3708353 3722555
3941166 3847098 3857218 3853280
3927883 3841082 3818914 3860117
4113897 3956987 4021068 3959290
3881693 3864683 3846935 3818745
3815755 3800603 3833924 3963733
4004628 3832001 3781154 3928389
3905592 3825103 3824641 4003488
3862405 3765845 3719158 3785874
3789289 3810853 3714968 3891034
3937532 3908369 3860294 3907867
3918691 3856794 3929121 4048525
4021529 3941498 3920022 3876795
3861081 3846990 4001287 3745454
4050595 3809869 3937275 3870899
3958090 3949608 3985638 3700264
3894828 3778793 3923553 3786568
3796617 3795318 3882989 3666696
4080864 3994021 3929599 3877742
3877639 3920520 4022069 3815743
3920122 3849986 3879880 3716079
3767817 3723115 4000452 3878840
3999239 3926232 3902874 3845330
3858741 3901772 4121443 3935151
3995769 3862214 3985091 3799692
3887365 3921845 4072663 3974024
3961292 3845518 3898419 3808629
3894463 3857631 4033507 3948042
3864843 3755122 3839077 3858667
3857101 3945501 3811666 3837903
3911164 3822590 4006763 3981267
3939221 3959350 3967160 3743988
3943329 3847056 4021368 3890703
3887166 4004353 3859012 3904818
3918889 3803891 3924157 3957580
3919279 3965346 3830009 3770000
3787499 3998216 3844431 3707536
3860353 3734718 3699592 3864672
3846351 3973446 3899525 3820410
3986444 3826644 3801152 3922589
3924882 3971866 3932441 3817888
4043109 3852761 3833752 3913522
3835235 3939582 3751180 3798181
3939492 3795477 3721442 3846513
3838093 3807265 3762038 3756262
4079603 3807471 3874490 3881441
3955215 3855889 3800409 3820428
4078307 3904115 3966521 3919370
3944571 3811910 3761471 3935382
4075147 3921566 3957140 4024905
3901402 3766411 3718021 3839069
4041700 3888541 3940740 3868020
3906546 3866905 3806499 3840730
3802988 3809533 3766991 4027480
3930204 3861442 3835779 3919802
3814238 3823921 3835243 4027188
4065444 3873682 3841886 3914131
3845691 3882936 3838253 4035031
3887910 3844645 3784105 3846462
3852989 3816196 3900172 3960754
3951706 3878687 3891724 3861812
3788185 3907540 3889940 3743016
4040530 3965506 3940361 3892898
3831210 3984056 4010540 3754367
4054230 3966608 3992123 3924106
3844247 3933514 3947474 3823118
4021073 3913386 3928022 3818689
3814079 3912961 3904670 3774682
4102024 3924549 3980604 3925486
3932504 3933177 4040929 3993850
4054456 4065812 4037084 3932101
3963538 4006658 4167285 4034987
4005675 3935680 3900353 3830054
3831424 3934829 4047478 4004534
3937528 3831541 3888283 3775255
3908688 3806441 3948197 3861568
4017192 3922332 3958937 4006409
3940981 4026790 3955576 3869623
4019459 3897504 4035262 3977140
3952844 4034988 3954447 3864083
3973143 3843679 3992251 3958117
3974005 4029803 3948880 3882332
3852318 3768238 3889613 3844858
3807570 3945632 3811092 3797610
3918900 4059498 3960756 3862926
4040106 3843140 3890850 3995951
3933954 4040136 3913259 3925135
4051266 3902173 3821471 4062719
3887791 3950328 3960588 3832411
3981641 3897481 3793171 3988351
3824029 4017051 3830356 3729119
3968010 3730480 3669383 3894990
3945609 3906122 3929316 3848052
4051574 3958852 3931172 4001075
4029862 3921752 3837818 3828150
4274228 3956643 4049984 4026786
3978082 3910301 3852088 3810160
4180308 3978544 3865997 4005379
3833735 3768990 3714186 3776748
4058466 3818243 3914298 3973652
4020944 3998680 3935675 3972540
3913641 3900819 3932491 4008306
4021090 3866843 3911013 4018478
3886236 3970861 4008283 4099341
4029896 3808129 3908885 3968063
3947474 3976038 3897446 3992574
3913439 3868296 3775958 3862244
3873849 3834659 3807046 3923469
4016726 3975030 3941472 3877827
3986390 4016659 3995962 3817436
4156643 4033652 3974697 3938066
3880970 3998621 4126893 3872479
4116466 4052724 4023890 3876976
3901985 3936755 4103063 3841983
4036036 3864514 3911930 3793508
3786718 3906924 3864022 3814504
3803641 3687390 3698655 3610204
3697743 3737640 3877197 3780835
3912314 3773379 3839339 3689039
3800653 3767968 3992498 3819681
3796526 3808092 3821306 3728927
3780432 3806088 4022314 3876556
3983976 3956456 3945063 3897728
3871558 3946325 4130711 4093346
3761059 3579903 3716130 3742528
3678966 3756098 3641620 3647316
3831025 3692049 3864166 3762046
3811554 3885921 3748369 3663023
3781495 3709934 3834538 3906230
3766811 3886937 3724859 3710106
4074777 3987014 4069491 4011206
3996069 4076603 3939247 3918254
3670573 3731303 3710125 3621488
3769950 3632183 3534121 3717611
3786136 3862132 3831390 3741994
3917364 3796363 3681099 3790249
3676844 3823573 3728102 3705247
3824905 3824045 3714337 3818088
3894412 4082971 3952884 3864547
4041853 3895022 3911875 3950646
3653193 3575014 3568326 3653619
3841666 3743753 3765738 3777984
3832561 3753843 3676708 3800007
4068273 3802614 3847951 3940694
3833955 3797407 3732128 3686500
3877738 3828344 3818132 3864777
3965392 3935887 3877118 3919287
4212542 3924885 4011586 4023863
3734944 3601612 3571446 3697289
3688451 3671247 3626351 3760557
3764046 3805797 3709940 3775474
3766585 3789451 3730972 3972970
3842716 3797832 3776843 3840079
3758219 3785862 3749571 3838803
4089127 3959292 3907840 3939256
3943388 3895531 3921180 4025022
3856088 3669663 3778510 3687315
3705522 3665476 3805365 3579422
3913209 3856408 3880704 3798229
3746120 3791960 3840489 3655733
4023267 3896571 3882150 3715509
3746475 3748053 3928348 3742565
4187933 4071525 4059558 3898093
3969837 3997368 4033787 3903864
3948683 3902577 3922874 3801103
3873375 3900387 4027057 3892635
3826987 3819664 3787609 3760493
3675363 3745348 4013195 3832268
4023104 3932165 3913801 3865692
3891371 3921507 3983317 3933721
3818713 3718498 3702860 3635098
3654207 3660449 3899066 3765557
3952866 3807113 3883833 3950791
3805380 3966722 3799720 3866935
3887125 3817456 3924888 3816523
3857067 3831812 3806473 3743631
3934280 3913326 3940774 3944291
3938602 3980222 3924126 3913399
3756555 3607963 3803759 3708983
3665134 3839920 3666515 3673530
3828791 3978906 3900911 3727671
3967011 3814859 3820969 3884907
3802423 3896784 3875323 3765902
3873841 3687764 3788099 3882040
3853427 4043097 3842459 3736475
4043566 3806910 3801487 3976554
3736477 3720133 3743609 3555099
3726774 3622141 3614292 3741723
3883545 3885764 3755701 3776007
4045336 3867502 3876370 3974057
3877992 3731230 3633067 3781454
4014650 3813861 3804714 3846561
3967333 3839199 3806668 3845468
4062474 4021232 3993093 3941752
3663808 3602075 3639235 3602678
3867553 3697950 3766771 3755315
3918226 3830601 3763120 3835662
3832346 3907759 3848193 4025615
3854718 3787126 3677870 3816395
3773843 3755306 3775151 3850505
3965405 3906688 3876746 3884007
3904820 3795366 3869525 4030103
3697729 3632048 3627473 3651228
3716902 3656748 3659595 3726446
4029354 3987216 3942513 3800452
3797614 3936217 3960190 3737064
4016696 3813362 3931665 3763577
3718701 3901947 3847586 3686729
4097840 3992306 4038376 3901318
3833212 3972026 3966511 3792175
3904887 3713042 3736881 3670787
3736982 3695118 3727023 3589246
4022110 3846424 3938397 3771790
3827285 3873554 4047054 3958719
4076307 3885434 3926676 3870777
3987129 3907610 4049324 4007272
3791956 3753379 3898743 3693577
3801984 3822005 3953354 3835244
3885855 3864711 3833518 3760053
3817451 3866149 4019049 3863516
3992053 3872982 3940776 3903211
3911161 4009220 3859403 3717912
3988956 3917235 4108860 3919975
4020812 3973777 3921970 3841205
3884156 3746721 3839636 3850103
3792477 3912640 3708953 3730511
3939694 3774267 3843218 3870703
3791760 3960467 3874256 3814256
3797310 3899618 3868006 3824162
3978759 3824579 3811116 3906114
3865039 4080213 3847850 3836513
4048149 3851485 3783438 3966297
3710921 3927286 3908095 3723212
3857642 3837923 3713113 3864249
3805843 3964450 3862406 3777406
3917711 3795874 3711973 3873075
3869882 3795803 3733375 3852423
4032918 3865524 3869202 3924116
3974333 3868774 3782814 3887183
4077723 3919548 3990581 3937110
3803936 3812617 3696019 3727820
3946140 3833821 3878110 3835847
3848082 3862409 3681242 3787144
4071518 3828889 3885236 3885084
3996335 3837530 3867981 3771461
3837629 3785181 3878389 4004974
3954443 3875737 3933308 3879313
3935325 3890178 3826978 4026889
3894131 3770626 3784459 3769058
3775011 3735520 3788065 3889249
3881714 3786815 3782007 3814417
3790099 3779952 3764039 3974309
4136695 3930197 4020661 3852515
3834332 3924461 3960744 3801340
4025218 3891026 3983079 3920972
3859053 3977876 4056111 3872665
3978331 3820458 3860353 3748017
3742478 3814721 3778146 3753277
3955383 3831744 3892913 3806639
3810502 3845115 3934437 3737343
3775382 3830981 3983506 3851962
3758577 3848038 3770292 3654914
3869119 3993139 3999591 3890491
3820192 3969960 3816135 3765929
3854646 3899305 3988526 3859059
3815618 3974671 3682724 3806727
3870015 3898828 3875294 3802914
3759052 3787574 3717336 3778226
3862226 3756520 3759888 3719476
3843741 3945855 3882728 3782523
3947272 3889298 3789523 3807159
3915115 3971275 3878054 3854987
4040231 3854979 3760252 3820154
3874495 3933713 3849175 3860147
3944124 3748643 3683763 3769299
3846424 3890450 3770287 3784710
3800977 3727514 3778872 3856226
3841372 3892514 3836478 3708045
3813602 3824865 3761221 4005442
3911893 3950569 3906930 3673895
3801322 3791353 3743886 3862190
3892563 3857476 3848654 3729532
3806873 3835947 3782867 3864473
3818076 3906571 3859949 3712686
3837129 3996308 3897002 3894463
3756310 3924363 3728470 3839348
3873580 3956025 4058734 3914878
3841434 3861545 3847106 3852761
3911226 4040033 3877238 3878703
3822282 3926672 3722945 3823867
3850058 3874119 3916467 3839949
3889324 3835731 3762698 3773880
3960853 3871026 3784817 3935308
3681711 3794444 3761265 3852653
3973859 3911214 3965568 3970141
3796210 3799726 3819105 3910650
3953814 3839452 3911859 3895537
3741639 3824228 3845253 3964697
3975495 3796918 3773360 3830077
3741795 3743294 3867297 3862671
3832103 3774409 3864083 4044453
3858295 3879805 3690991 3895445
3773877 3858730 3925508 4095945
3924300 3925498 3863759 3961740
3802458 3811094 3851419 4000108
3987707 3948815 3769512 3933214
3813931 3861546 3872496 4003735
3829512 3916129 3736756 3983899
3733850 3740589 3770780 3683880
3622587 3735688 3629601 3617195
3885435 3920714 3963224 3898165
3792989 3929514 3844284 3802903
3834604 3938205 4027031 3908607
3891897 4023848 3807286 3844018
3876818 3881913 3922369 3852928
3770631 3924526 3732293 3788176
3763060 3679399 3581043 3714000
3757148 3773192 3643398 3606111
4017227 3894877 3782484 3793301
3878909 4032603 3796644 3799934
3995262 3883641 3780095 3811665
3957237 4013700 3800684 3811377
3905237 3820239 3760446 3772702
3907483 3998529 3822549 3790382
3694790 3728496 3584512 3722069
3722256 3765428 3746186 3585082
3875392 3839881 3729457 3925321
3877325 3977697 3866439 3758252
3799265 3863356 3747006 3976453
3954013 3939382 3762456 3724180
3881889 3817851 3756187 3875809
3953300 3907291 3832118 3686188
3629660 3821615 3753818 3684125
3747270 3769060 3534092 3741633
3943901 4043692 3893646 3951310
3886573 3918510 3793093 3810879
3946472 3978024 3883268 3973808
3860460 3968844 3791117 3938000
3875684 4013989 3900457 3859041
3826880 3843228 3777389 3744695
3805140 3751047 3644266 3749030
3533970 3634704 3743460 3781373
4000640 3978184 3919285 3954908
3781454 3912967 3835744 3908483
3977775 3908768 3927602 3998509
3848457 3818668 3872650 3922820
3969730 3815021 3851246 3881730
3786445 3778675 3770505 3927310
3693253 3693167 3821480 3877169
3732299 3754225 3669567 3769994
3912521 3809495 3922998 4035326
3960019 3982036 3794577 3955724
3858071 3822102 4030189 4060971
3984855 3985866 3832479 3889236
3831839 3812229 3905706 4037746
3902694 3898163 3743048 3944118
3843510 3881743 4007448 3837244
3770857 3920728 3836348 3800717
3803301 3990386 3970185 3922407
3827295 3963410 3749580 3802672
3918930 3995766 4079539 3916561
3839196 4106286 3839623 3924696
3640581 3809877 3801943 3704670
3689678 3817399 3678482 3577885
3988040 3863861 3784644 3736736
3878681 3988925 3881160 3828530
4043538 3876947 3758299 3821665
4016442 4025989 3826106 3774238
4083509 3905318 3924645 3870302
4054274 4058759 3903405 3795742
3781996 3786622 3595311 3641546
3800727 3843957 3771277 3682260
3869270 3845882 3807731 3935101
3918332 3935800 3902092 3670002
3813686 3909751 3738906 3894990
3908359 3926897 3858118 3800159
3903012 3970293 3849919 4062975
3921069 4049904 3943950 3839360
3700504 3813486 3623018 3794579
3766759 3747762 3755672 3622411
3854528 3995764 4064464 3865238
3863936 3869534 3718131 3868947
3879062 4035264 3989743 3880160
3929851 3911778 3821197 3851669
3908909 4098304 3974545 3974073
3863402 4018024 3875301 3926901
3766313 3904541 3678511 3760719
3727838 3804558 3603857 3641992
4084044 3892560 3910138 4000149
3726953 3885456 3858110 3865874
4015123 3888465 4002812 3878225
3750411 3811775 3831349 3946922
4091986 4033604 4027266 3963041
3842119 3871082 3953464 3958170
3856828 3807266 3737704 3826223
3595955 3724607 3688701 3780869
3791692 3825688 3916554 4017008
3900667 3916888 3877912 3956703
3930350 3921285 3999491 4106652
3868853 4001779 3833416 4015258
3952085 3824635 4015230 4099349
4019719 3979482 3910808 4048496
3712458 3729257 3775411 3971012
3795079 3891029 3678510 3787245
3860272 3911069 3984117 3857443
3845007 3937088 3772263 3770575
4027166 4101586 4266144 4099505
3977818 4087579 4016598 3912133
3958724 3970451 4041171 3939763
3865083 4075020 3852136 3793182
3735995 3760039 3944964 3790001
3793293 3932265 3708494 3661801
3930350 3846326 3781465 3891437
3876331 4023671 3775462 3774259
4142353 4063633 3965745 4081706
4150126 4167801 4060623 3958956
4000783 3922735 3805249 3911001
4006549 4057777 3890946 3902493
3873725 3787991 3678951 3848208
3921971 3998082 3760478 3780401
3848914 3853892 3699906 3863523
3885722 3938876 3920121 3707355
4041256 4078764 4061489 4174803
4073252 4101606 4100675 3938091
3983645 4006144 3808500 3981213
4001429 3982548 3943235 3708612
3814766 3838283 3710496 3900812
3923405 3933598 3803631 3605444
3852746 4028559 3871179 4014380
3832184 3835524 3758451 3824735
4073750 4178009 4188657 4112633
4065992 4141667 3998904 4121964
3903690 4101061 3981912 3940435
3931064 4009497 3925718 3975565
3780362 4024519 3811678 3912682
3752966 3803126 3704959 3807084
3996493 3868588 3907616 3949355
3741352 3811431 3832422 3937063
4285128 4164626 4157947 4089389
3901301 4069676 4012431 4120808
4006636 3951375 3911812 3978453
3820006 3866442 3891850 3967485
3963724 3750400 3823180 3851565
3650487 3785590 3801658 3889682
3848778 3958189 3952795 4096941
3882380 3892052 3768453 3956704
4029792 3986733 4200841 4275197
4132099 4247584 4011105 4274213
3896838 3826217 4023368 4152870
3990011 4050929 3903924 4117204
3713768 3722760 3797150 3982396
3842562 3932626 3725443 3857160
3960010 3934981 4000258 3940183
3890267 4081770 3818139 3815531
3812369 3887513 4033691 3856739
3801486 3961598 3777710 3790587
3757687 3833637 3884164 3720819
3696849 3900035 3718523 3679523
3902498 3878660 3993157 3897330
3826398 3989216 3754189 3829136
4102795 3965443 3820795 3921146
3993647 4061136 3976607 3801395
3918761 3839154 3673902 3830801
4019684 4018133 3769955 3795547
3925038 3779396 3683262 3774198
3804908 3880002 3713676 3709861
4073934 3897510 3810344 3884901
4003242 4021007 3837631 3855606
3886811 3884299 3912073 4015946
3926931 4012287 3957609 3816809
3808551 3872985 3734093 3975517
3972167 3908685 3781888 3704325
3647005 3784658 3683397 3806126
3765473 3877382 3788426 3624653
3872861 4007751 3781078 3994055
3973009 3983385 3981058 3760783
3914490 4068873 4035777 4037312
3940483 3897150 3841668 3869288
3909284 3942395 3919734 3901556
3854907 3884902 3786545 3899958
3812407 3818549 3817835 3778006
3688747 3778863 3720007 3771762
3962524 4031185 4014777 3933629
3957893 4016887 3912863 3952372
4139971 4024935 4014322 3950962
3762399 3850011 3965669 3966526
4009086 3865627 3909649 3933800
3645399 3845514 3810114 3902124
3902925 3796186 3676970 3763882
3602049 3746319 3752748 3857415
4061785 3947723 3914398 3931559
3756511 3924837 3879132 3980169
3907220 3934784 4031784 4080263
3968233 4017429 3864339 4038797
3866497 3879894 3886023 4069048
3906174 3967843 3743201 3930710
3787562 3738981 3800958 3909900
3802569 3859182 3660725 3828505
3859149 3858861 4015603 4102695
3968313 4050937 3832125 4019881
3922689 3939684 3944171 3863493
3906861 4024833 3850182 3757972
3692067 3857429 3813318 3687549
3740284 3825953 3623643 3643839
3889974 3953812 3954414 3917796
3877777 4019763 3798478 3854798
3797203 3877313 3887692 3756044
3721870 3842163 3637593 3701109
4107164 3856644 3854781 3899689
3956168 4003354 3840677 3891832
3921738 3781942 3703378 3713850
3856384 3827794 3691319 3718806
4082724 3928995 3810570 3957237
4000743 4084691 3925632 3930954
3952325 3764875 3644537 3726703
3718413 3959282 3717072 3734540
3861889 3904486 3782195 4025101
3966842 4008546 3890428 3791311
3747230 3792146 3646211 3788438
3755020 3780615 3841920 3693964
3958991 3961524 3800195 4034018
3988593 3948159 3925601 3818049
3827365 3844951 3719342 3885519
3807194 3860666 3778907 3663675
3998375 4004239 3952591 3956880
3897091 3955513 3857781 3987999
3832830 3861043 3725077 3740912
3848847 3755983 3722042 3743615
3957297 4077723 4000206 3947968
4009985 3924201 3835456 3913759
3769390 3851368 3836083 3704407
3812696 3799010 3701154 3809293
4103170 3935089 3940152 4044775
3738160 3856688 3926718 3972071
3901258 3785378 3772280 3871612
3655377 3724184 3737690 3913118
4102015 4055841 3848909 3962925
3796688 3845875 3879189 4018925
3962890 3772887 3788240 3876931
3557654 3754418 3707752 3899512
3912221 3854314 4017613 4173851
4015317 3924403 3821388 3993581
3757753 3822155 3842138 3938189
3804700 3855464 3696770 3848873
3868521 3880907 4023274 4088880
3982650 3956989 3859203 3987139
3781403 3763156 3916220 3994962
3844177 3828084 3620072 3832670
3838745 3869729 3966910 3905357
3860456 3993256 3771403 3741534
3912826 3968875 3972177 3901693
3916338 3907155 3802189 3767777
3862823 3887899 3973575 3828947
3839109 3982525 3846137 3834883
3781147 3928661 3932525 3837922
3804226 3881703 3735912 3742794
3919593 3881263 3716901 3700531
4003136 3982166 3867098 3752243
3958090 3975076 3798376 3843074
3880307 4054223 3780487 3805668
3936236 3932325 3708816 3819115
3976486 4010500 3788082 3775128
3946168 3878690 3737576 3847816
3817445 4005197 3795635 3887574
3812550 3841866 3700679 3936384
3895963 3940501 3872985 3747227
3839041 3950440 3722366 3883583
3920118 3969403 3928173 3728774
3797729 3922399 3817509 4017777
3930159 3907168 3825255 3680085
3829790 3794610 3734661 3958044
3940429 3850338 3858936 3722948
3846973 3975160 3880868 3802259
3812290 3887807 3748719 3825127
3904334 4047686 3912720 3975732
3874280 3954716 3758887 3844720
3959077 3988665 3929890 4021396
3883983 3910866 3773329 3974869
3869254 3882968 3929447 3877669
3799634 3791592 3741420 3830368
3989173 3940594 3925055 3875301
3616568 3777065 3846891 3868201
4010779 3951144 3954021 4014648
3763042 3865948 3825429 3919900
3992766 3866172 3842873 3878243
3732350 3874718 3809904 3970506
4027333 3865039 3715630 3872218
3710341 3765963 3819177 3898892
3787798 3861891 3894832 3965676
3945189 3907525 3747496 3886341
3824543 3824614 3949917 4091620
3955690 3940417 3855296 3968113
3842597 3802482 3987816 4087102
3918134 4004754 3833446 4018172
3774454 3770300 3899704 4097557
3915989 3967887 3750427 3917038
3831816 3904284 3968740 3905196
3791501 4011458 3826517 3768592
3777854 3775664 3891817 3709559
3696672 3772653 3693861 3678219
3711229 3725431 3851721 3708554
3751954 3911379 3673772 3697030
3858889 4018545 4057936 3932045
3796975 3956949 3863436 3843047
3902282 3875622 3742287 3851508
3843224 3998873 3868486 3804946
3861087 3643218 3539014 3690565
3763559 3906491 3655020 3678818
3913850 3784604 3596973 3844785
3838248 3951977 3749497 3771373
4082828 3908164 3788430 3924828
3997457 4005812 3856837 3800327
3791359 3861200 3792517 3984044
3891961 3973099 3875995 3763874
3680372 3720177 3609728 3722396
3759258 3835196 3665205 3647368
3760950 3754364 3658793 3819553
3829252 3908162 3785483 3693271
3884847 3917966 3881350 3993014
3880279 4069886 3904905 3827505
3894073 4043776 3946607 3931164
3890395 3961351 3801192 3895698
3766043 3867168 3800482 3711172
3736027 3747635 3670842 3701743
3785180 3909765 3851519 3780672
3776623 3780922 3684259 3760319
3992462 4083016 3977020 3981494
3971737 3981412 3822544 3941886
4065330 3961462 3933916 3968909
3742910 3907778 3887884 3968124
3968095 3763937 3719130 3778158
3571638 3755879 3692515 3850995
3957363 3788694 3782400 3868838
3677148 3737292 3747744 3956197
4044649 3999611 3886138 3980589
3779611 3795744 3946496 4006071
3832269 3905869 3932940 4029064
3958767 3975676 3776051 4001476
3651556 3747958 3854118 3864925
3725699 3867174 3711798 3784039
3781247 3756554 3898428 3955775
3910973 3836297 3712139 3824875
3913887 3921159 4074250 4170421
4064613 4012554 3803278 3984670
3802037 3917749 4007923 3937438
3849417 3994966 3819139 3701726
3953215 3988618 4099484 4051752
3892475 4021307 3873268 3834332
3822691 3976933 4021046 3896883
3797986 3947174 3752295 3763053
3769673 3860004 4008687 3857731
3761638 3913731 3720192 3804592
3942779 3938010 3802992 3760332
3912996 4028418 3845280 3800405
4114341 3998558 3954874 3928020
4017924 4117147 3932260 3880092
3921530 3846041 3778074 3783670
3892613 3981073 3787399 3816581
3966467 3909949 3741896 3800555
3896065 4058435 3842699 3793349
3796548 3846385 3839902 3910943
3994511 3930568 3949262 3863602
3979477 3984001 3842939 4027537
4013094 3980009 3987128 3892526
3866148 3891308 3788188 3916251
3901622 3930987 3952466 3658549
3861081 3783606 3732310 3895849
3930234 3986839 3860991 3706059
3872809 4012326 3987644 3914352
3808359 3975179 3882706 3889443
3964430 4171286 4011523 3970744
4035594 4073244 3803150 3946256
3851465 4051586 3850171 4005381
3873185 3860850 3794929 3864145
3865123 3911979 3929007 3915158
3854831 3943153 3774392 3904237
4008045 3885381 3877049 3963694
3727477 3871779 3830391 3910305
4040241 4062544 4019693 4101141
3858076 3874415 3972821 4056385
4031142 3886722 3869625 3885432
3743195 3785744 3885926 3862002
3998099 3928989 3803489 3891436
3683680 3844031 3865093 3921834
3925976 3926697 3962091 4092490
3911837 3980572 3764559 4039255
3946614 3933253 4149640 4154386
4017365 4053560 3973766 4133941
3882544 3862204 4002919 4035823
3928022 3955295 3818194 4028857
3939932 3909740 3920163 4005852
3837790 3914176 3778563 3965148
3951059 3950567 4065054 3942898
3896304 3986799 3799685 3907899
3912196 3926450 4007437 3966859
3903077 4007527 3790976 3749331
3688384 3811092 3799143 3724948
3647240 3848609 3652754 3623414
3874346 3945182 4030852 3934425
3860045 3979374 3824445 3822305
4029855 3915466 3807075 3944493
4016106 4074047 3878232 3849746
3988775 3935766 3796789 3911223
3972636 4046015 3858046 3803023
3854509 3781710 3650290 3775645
3761134 3917140 3777005 3706172
3967901 3910550 3797564 3839038
3918807 4072560 3798415 3867775
3918712 3989254 3797221 3968888
3883815 3999221 3954955 3802523
3967864 4001390 3789468 3914346
3901714 3998942 3904540 3745342
3804249 3759163 3599530 3873196
3756189 3806269 3782474 3666275
3851998 3918743 3731959 4024556
3929502 3995764 3944078 3806401
3990418 4029356 3951775 4043862
4003108 4008515 3900373 3927250
3900239 3984920 3901902 3999808
3951644 3875766 3823051 3883579
3743977 3940962 3768938 3827342
3736869 3784655 3642248 3760438
3952504 4022447 3936048 3926173
3883907 3869958 3756437 3833858
4064968 3969295 3970226 3967180
3754889 3875834 3954367 3948340
4030114 3928707 3940738 3955980
3817511 3808289 3896208 3907398
3992673 3781138 3869562 3837290
3675487 3747313 3713261 3889033
4075543 3938717 3925275 3940807
3795024 3940464 3875332 3905027
3914374 3935590 3967623 4126526
4021454 4022597 3854938 3967461
3918901 3811188 3891496 4165708
3896149 4025000 3852977 4042232
3775295 3757809 3851524 3981992
3879086 3870789 3710109 3751880
3907070 3842404 3950379 4141898
3922702 3938560 3833004 4024059
3804277 3771800 3841200 3736434
3721772 3795173 3760800 3716141
3758220 3849661 3885320 3837904
3717839 3928236 3710411 3758126
3873973 3953357 4055995 3862811
3930579 3969403 3870859 3863660
3818378 3878905 3932095 3918987
3802414 4013431 3777813 3787283
3882673 3758068 3723559 3716865
3843651 3907016 3725446 3660843
3863127 3791073 3688425 3787221
3847787 3940520 3775722 3812168
3988843 3892094 3810059 3820219
3915558 4132522 3973279 3870999
4015508 3846376 3699262 3913895
3915978 4022228 3775900 3827580
3741918 3817356 3724014 3794243
3761587 3877853 3730234 3615925
3780670 3776922 3668042 3920506
3898378 3913787 3787453 3694407
3860457 3975236 3881565 3998568
3986503 3998661 3974937 3717846
3877964 3865809 3815480 3999068
3893777 3941569 3869475 3699610
3807853 3895752 3848494 3859236
3742030 3801443 3751280 3774550
3772344 3936453 3847766 3824769
3784612 3842850 3699745 3808412
3959209 4027195 4075072 3958902
3928758 3895751 3824319 3851867
3881250 4110991 3943200 3894597
3909539 3902436 3818795 3937519
3862882 3920729 3760591 3782221
3654560 3753742 3709047 3973872
3991946 3859377 3803116 3836251
3690619 3787629 3824699 3879085
4125701 3887853 3973820 3969768
3778879 3891935 3856544 4013763
4050480 3950617 3908803 3949339
3775189 3803240 3910350 3947153
3676726 3766845 3764094 3977848
3794282 3794149 3675355 3938190
3802627 3793792 3968037 4034703
3780165 3854496 3756820 3895365
3931859 3900372 3995421 4038371
3976899 3981001 3886872 3951538
3821583 3841480 3949775 4033895
4000720 3941971 3848089 3909776
3917253 3993331 4125446 4000783
3880969 4073785 3984346 3853427
3847408 3888201 4005147 3931516
3801911 4023205 3751446 3787651
3826588 3888223 3977645 3893846
3736576 3924278 3788583 3809336
3895563 3933341 3972174 3772201
3937394 3950310 3798011 3737435
4019077 4033294 3847589 3995722
4039091 4146548 3946333 3926012
3998585 3921498 3744499 3811662
4014192 4079403 3944891 3844912
3969514 3853880 3766819 3792002
3921290 3993805 3854401 3802695
3933791 3834650 3806079 3855361
3991125 3996007 3870150 3846115
3962991 3985278 3817319 4138372
4065888 4118260 4039371 3796093
3875489 3922132 3849287 3903892
3933372 3931938 3902646 3718273
3886680 3850571 3741587 4000323
3899833 3927541 3892464 3721444
3835125 3925011 3838457 3906290
3932248 3918179 3871932 3718662
3984971 4145064 4075883 4008247
3950898 3925296 3906486 3997632
3969590 4006567 3953063 3979417
3939176 3944727 3804975 3821416
3895925 4043136 3910596 3944212
3836681 3945843 3665045 3923441
3867613 4019336 3849747 3859841
3895635 3902402 3827087 3929337
4171871 4080801 4024118 4034192
3859426 3918346 4042803 3983223
4003165 3941011 3892494 3888967
3791010 3784700 3879442 4001442
4080973 3970278 3858186 4031791
3698923 3829653 3876544 3892950
4025315 3887011 3843572 3909297
3683217 3845079 3866311 3945220
3914682 3882163 4035380 4143721
4070395 4054276 3938102 4101097
3865810 3924882 4033054 4058018
3988766 4023752 3851339 3999589
3834597 3810684 3924345 4021042
3933461 3987177 3823330 3892621
3808477 3850961 3872026 4026588
3849241 3978642 3778644 3988771
3833593 3796368 3919537 3729926
3715269 3802226 3765740 3934466
3925390 3739891 3949222 3767893
3795413 3743781 3922482 3941292
3877852 3724260 3857713 3701719
3693379 3700194 3805255 3810030
3862261 3734672 3984080 3788460
3763882 3778790 3884592 3876835
3990600 3802915 3902071 3816506
3971844 3830300 3628540 3753789
3853135 3762237 3909400 3658916
3948174 3814598 3612746 3733404
3811605 3691858 3799377 3758374
3859308 3809982 3574918 3723010
3889330 3732394 3896216 3787504
3988172 3861971 3619019 3731820
3855766 4026124 3752987 3781925
3888988 3801889 3735679 3885525
3886257 4002434 3769418 3811144
3900036 3704934 3943927 3906138
3889180 3851714 3651285 3718778
3795501 3714376 3762868 3789925
3883639 3980271 3715865 3699567
3808428 3766476 3825987 3801384
3822489 3794919 3745733 3806713
3635237 3904675 3736270 3780269
3742467 3718627 3673151 3774404
3685669 3744932 3761496 3695960
3769910 3812377 3687953 3711820
3623353 3801522 3674932 3689216
3821323 3836973 3625590 3694790
3622409 3909875 3710717 3771053
3789044 3814549 3781489 3827841
3752631 4000623 3879902 3677529
3739026 3851339 3768077 3807557
3813501 3970689 3864612 3604383
3707389 3831260 3772812 3769453
3757960 3969407 3871334 3689911
3741897 3886183 3802793 3887173
3816132 3925650 3961463 3641521
3699743 3806118 3853239 3693505
3769169 3851410 3880576 3811963
3683679 3700118 3902848 3590062
3737933 3768866 3888058 3694764
3570885 3687224 3864474 3641108
3749852 3753166 3817189 3666970
3679000 3698539 3843765 3698237
3834152 3821115 3847620 3750986
3925138 3767242 3878238 3757768
3757415 3776662 3884621 3923921
3916111 3798054 4025076 3809198
3858983 3809022 3976872 3884408
3911274 3835205 4063149 3842919
3818859 3958333 4004916 3925124
3927021 3798193 3982094 3775261
3792208 3827263 3940498 3824994
3921939 3711159 3849083 3741298
3975799 3751766 3666653 3791197
3974688 3805651 4013189 3863148
3983662 3828950 3675480 3854115
4010095 3780931 3884827 3863825
4072196 3906656 3687690 3863669
3865236 3759682 4014180 3819968
3937831 3806725 3665346 3738084
3888138 3941794 3838818 3661576
3839520 3793610 3830909 3863623
3950006 4020738 3747618 3797149
3916020 3805984 3971468 3902498
3913308 4091362 3777289 3846117
3991226 3803435 3942741 3987373
3907613 4003953 3777900 3741243
3902534 3764798 3907608 3939257
3927728 3843215 3699380 3789295
3703905 3834778 3733989 3690546
3862517 3882658 3716212 3866484
3748375 3871753 3793132 3793399
3897026 3932471 3794528 3794038
3789222 3951094 3791198 3775703
3770516 3818742 3674748 3798001
3778275 3816806 3715164 3819220
3733823 3934692 3846473 3888039
3788846 3893713 3935186 3707826
3787314 3894221 3868507 3856027
3770242 4078586 3895576 3729917
3928498 3911400 3875911 3916360
3802868 4018466 3985248 3752142
3819784 3912040 3836464 3871999
3816074 3940560 3887732 3696179
3664132 3733981 3796392 3767586
3762769 3780311 3904692 3842148
3818853 3878463 3945154 3743965
3827207 3791632 3961705 3964259
3771440 3868914 3972076 3756286
3849643 3952751 4020098 3846433
3713170 3792752 3846118 3752273
3814822 3836711 3876166 3864578
4019281 3890869 4036896 3879853
3912207 3934758 4020786 4025736
4037458 3883911 4059886 3814920
3932606 3930541 4066154 4016800
3965594 3944614 4045252 3959390
3940337 3960348 3983423 3996877
3933311 3857259 4102808 3856426
3897672 3914888 4093682 3980843
4040504 3903883 4010260 3907318
4174611 4029940 3761434 3957521
4066576 3847834 4059267 3974538
4125601 3952846 3827232 3951315
3933501 3858004 4023136 3889247
4101949 3915960 3766500 3910174
4023698 3852722 4048307 3839628
4186884 3867933 3716050 3847041
3960108 4039556 3893628 3898649
3894105 3897361 4058544 4071588
4051699 4171486 3912231 3956636
3981771 3895682 3945286 4027380
3978063 4048734 3824399 3864183
3950685 3855662 3924621 4036519
3982727 4150057 3826178 3933345
3969636 3915446 4002459 3925509
3913253 3943380 3856145 3901564
3843906 3914650 3798865 3904510
3912962 3957874 3838722 3907947
3777850 3953902 3874857 3895836
3960661 3963117 3809324 3989637
3767126 3955789 3908933 3920705
3930365 3943393 3805713 3808657
3763473 3904251 3852407 3832216
3889795 3954054 3915311 3960431
3875326 4025899 4036963 3725714
3898961 3969995 3935584 3986646
3978272 4017813 4019172 3859186
3858725 4107599 3903454 3955532
3882988 4026140 3980347 3821183
3923647 3896690 3933659 3941698
3883944 3979433 3994435 3701848
3837076 3885107 4006310 3813068
3909528 3880944 4063985 3855696
3855989 3904503 3998810 3821452
3868257 4000458 4035220 3891673
3814357 3883287 3950217 3779123
3906905 3934600 4076518 4008071
3844876 3816702 3910522 3787183
3861262 3912859 3927416 3894362
3793949 3754048 3902246 3777174
3891519 3759944 3884692 3905017
3929459 3860454 4022758 3759607
3814776 3827852 3949321 3961963
3990671 3830549 3978036 3865544
3848126 3983143 3936210 4020215
3892392 3856635 3943695 3740041
3816444 3779433 3964046 3960921
3899342 3718816 3839490 3664050
3947686 3755434 3676383 3784422
3948787 3823000 4026516 3790109
4024930 3869093 3744135 3890884
3968826 3892784 4046039 3881463
4048458 3827255 3794914 3923367
4014809 3852656 3980626 3849090
4019156 3738253 3753848 3821533
3843126 3942636 3728796 3814430
3848424 3767206 3864283 3895707
3999347 4108999 3789283 3912480
3886622 3790170 3878410 3879032
3932649 4025206 3895415 3850320
3958838 3835122 3998123 3986816
3856447 3982521 3869231 3898354
4001486 3727144 3894295 3918803
3759564 3834242 3656537 3718195
3675357 3808771 3708514 3720311
3873029 3827483 3746017 3739361
3778562 3888065 3804269 3838342
3932203 3888083 3871161 3869170
3841816 3895559 3890280 3859463
3918543 3896231 3814454 3828646
3771752 3914900 3811601 3808041
3741733 3830873 3794703 3773146
3780877 3883857 3868254 3694200
3835045 3896632 3867527 3913022
3915505 4031762 3987762 3752288
3885165 3938712 3944932 3927094
3868169 4068520 4071540 3882557
3762042 3899792 3893973 3999145
3777258 3980335 3905382 3679492
3676052 3743445 3847630 3630681
3741101 3764105 3796421 3749552
3750303 3802660 3848360 3702646
3815291 3868983 3920955 3877890
3777241 3726594 3995938 3742603
3928791 3940656 3982688 3875104
3650151 3837357 3901254 3736833
3797744 3872832 3929607 3947064
3893671 3791810 3941372 3811694
3854904 3845558 3852658 3918618
3920878 3778760 3967519 3827331
3791224 3817348 3923353 3920913
3836212 3713409 3900862 3792928
3703352 3755603 3948197 3949481
3793639 3761696 3907558 3760596
3769654 3761449 3839955 3860933
3853735 3783114 3886524 3794437
4008328 3896423 3687217 3748914
3904593 3763827 3940744 3775640
3953997 3776823 3586969 3833324
3967061 3791703 3897358 3857116
3997653 3769767 3597427 3758407
3796031 3803461 3900829 3717437
3921691 3798074 3589192 3758703
3848803 3979711 3777047 3776759
3936821 3801208 3730911 3831857
3887604 3996667 3758149 3798216
3919511 3814845 3853303 3921149
3964087 4020257 3694675 3756772
3857007 3796202 3859158 3849747
3761308 3928845 3703670 3690858
3861124 3755648 3761377 3782192
3796951 3826475 3749400 3767487
3745152 3780830 3731687 3718386
3831648 3833094 3689094 3803481
3719742 3919590 3727344 3734310
3800022 3811092 3714558 3766950
3608489 3918036 3829011 3781029
3812731 3789316 3590258 3720381
3669650 3815639 3707359 3697501
3836662 3896318 3797933 3827628
3758536 3947701 3911477 3604452
3780947 3853961 3859837 3902650
3774450 3935851 3946186 3655000
3752906 3801503 3860890 3827300
3732833 3989239 3920709 3643632
3695698 3804739 3785295 3750067
3696491 3902776 3963437 3622012
3743731 3721846 3875528 3754185
3819901 3865863 3862356 3771467
3719151 3798260 3875557 3741664
3812438 3828025 3903955 3820212
3687935 3767806 3793653 3711273
3798459 3783746 3880999 3811149
3711266 3723421 3739279 3664212
3681909 3733868 3833250 3733790
3875456 3693170 3867666 3717325
3717029 3782147 3892529 3856732
3896023 3847366 3982290 3805816
3775973 3878516 3949704 3943584
4000537 3980946 4095830 3977783
3917550 3973188 4175965 4049320
3836940 3645676 3820245 3693944
3825882 3763858 3768352 3907322
3921576 3781726 3921272 3702416
3914614 3737450 3586313 3808527
3972258 3815310 3888685 3777312
3965148 3710384 3685031 3819524
4080362 3860918 4125694 3890228
4221692 4023616 3845833 3971935
3909241 3698233 3910217 3704625
3927814 3751634 3603695 3742114
3787196 3925564 3763770 3777902
3854981 3719053 3806582 3815441
3894199 3960146 3755257 3794629
3920911 3757118 3844706 3945149
4077706 4180911 3908277 3985642
4063100 3963284 3922132 4102936
3860713 3927129 3698126 3754171
3844474 3774733 3785254 3837234
3778576 3759215 3652987 3695877
3689020 3827344 3749628 3654421
3847456 3840777 3755926 3818654
3718131 3870739 3790702 3754993
4009998 4039875 3955142 3879166
3880277 4136723 4012769 3870847
3725978 3818274 3728080 3695114
3621027 3719179 3630994 3622792
3783612 3792365 3773841 3898143
3661931 3910069 3872257 3711959
3902747 3876984 3840728 3912003
3762908 3940090 3857422 3724086
3985878 3987358 4057518 4060078
3920241 4083241 4090996 3929483
3777906 3773252 3766412 3718145
3736239 3850460 3903430 3577844
3626602 3794236 3770529 3646998
3745311 3815576 3844311 3822088
3761123 3769685 3847850 3742616
3820741 3826422 3955524 3858920
3853755 3973661 4096453 3842600
3960872 3985495 4102564 4069112
3673338 3704327 3781883 3681440
3733743 3710153 3814175 3671514
3877399 3781967 3860371 3759307
3779092 3805578 3841838 3901887
3854188 3668825 3856878 3701589
3705168 3701499 3777351 3760332
3943913 3825091 3962495 3856890
3889160 3870649 3961138 3966850
3937942 3850551 3963930 3828956
3713296 3844574 3929373 3960398
3965775 3732614 3932003 3789171
4043628 3757012 3620831 3787440
3789056 3738392 3805477 3706712
3964383 3798350 3633651 3670462
3868962 3784559 3982725 3822443
4035547 3903054 3761647 3861338
3974553 3829175 3954964 3861608
4017828 3845186 3682452 3778644
3901535 4036898 3773581 3728891
3806683 3805356 3868018 3926739
3820318 3904903 3724983 3596619
3781729 3711658 3866588 3778154
3970038 4073325 3850740 3861677
3990123 3817196 3872740 3974724
3847901 4085349 3823022 3826850
3960425 3835683 3906127 3909079
3804199 3942200 3753679 3795945
3644709 3822999 3713199 3657720
3778608 3798791 3668663 3643357
3660841 3644710 3656254 3699754
3897598 3886421 3769377 3848910
3770828 3958901 3829025 3807303
3818258 3875948 3774223 3826362
3731939 3929059 3826247 3757039
3804321 3793752 3838103 3867282
3699644 3957928 3887424 3728637
3696382 3702553 3702745 3742978
3742245 3839424 3787430 3681231
3758304 4001907 3862871 3943467
3857517 4040889 3983702 3772216
3837164 3825764 3844510 3922231
3908630 3995831 3993386 3713483
3691547 3819137 3837747 3724645
3770968 3800755 3839780 3841791
3635923 3605128 3792366 3627942
3752848 3745899 3898519 3673911
3813899 3829738 3902202 3794344
3849714 3943451 3933699 3863103
3775366 3831374 3859041 3675294
3895597 3888569 3982086 3818671
3712408 3720570 3767226 3606992
3721761 3653654 3825169 3746856
3823771 3818105 4025075 3875561
3807766 3924508 3928350 3985376
4006494 3833330 4002917 3781673
3884565 3966510 4005928 4059475
3717440 3697468 3922523 3731049
3680716 3700343 3840594 3818541
3830798 3611982 3810931 3672889
3843898 3753887 3494153 3657320
3964551 3784479 3916666 3888578
3998668 3904816 3706112 3849819
4051434 3869771 4127554 3859274
4125663 3990204 3771315 3888208
3816960 3667043 3773473 3663518
3883794 3799725 3620414 3678204
3685448 3845924 3578175 3722676
3863130 3609631 3724560 3853092
3860328 4008121 3838385 3848234
4027083 3852481 3866664 3961254
4020752 4136623 3872325 3913807
4005368 3947660 3976612 4044611
3724888 3970905 3656073 3721321
3807802 3626752 3741561 3866709
3721825 3609205 3540295 3601648
3600822 3763992 3721852 3639582
3859360 3876170 3820821 3806610
3740163 3967035 3822193 3807426
3901859 3962584 3848624 3973414
3817276 3978274 3895486 3859720
3756207 3691598 3584043 3642008
3561557 3839179 3611645 3655106
3646642 3795934 3712184 3751480
3669790 3840150 3759534 3525966
3838401 3851074 3815808 3896330
3871476 4019772 3963346 3732090
3873513 4012102 3953066 3952875
3892292 3945178 4021821 3780332
3701709 3755187 3770522 3875830
3654079 3848262 3826134 3603183
3511350 3616265 3741339 3621891
3697295 3705601 3771580 3709526
3690910 3857836 3926449 3809074
3810811 3849465 3943056 3830516
3893092 3870365 3987325 3832330
3892915 3944917 4017814 3913584
3637750 3677321 3744780 3617208
3648763 3740369 3782143 3658988
3979563 3821938 4015862 3735031
3758497 3801311 3941482 3888198
3945088 3902321 4011507 3873198
3931036 3928312 3964774 4042632
3965762 3861375 4024921 3866944
3929836 3967856 4021009 4013784
3837753 3765178 3934497 3857830
3749431 3871677 3911851 3996842
3958814 3730905 4011718 3716484
4000086 3859684 3632308 3834191
4041182 3859753 4013749 3876498
4052763 3924033 3714888 3868939
4025994 3764019 4012684 3879028
4039541 3820654 3771970 3793640
3969446 3723191 3940245 3765774
3987178 3826774 3745730 3691804
3874274 4018931 3865736 3833220
4002931 3725736 3899821 3876584
3912089 4144840 3867170 3887834
3923825 3956785 3882516 4000864
3976374 4063630 3902561 3887780
3985599 3786324 3974427 4069698
3849179 3981527 3779689 3729277
3901591 3779706 3802675 3878434
3838938 3850639 3777343 3928960
3843357 3827627 3788455 3703032
3947213 3937020 3803447 3871543
3757374 3940425 3798731 3854218
3966022 4050122 3838814 3856650
3742960 3885862 3843357 3854458
3819711 3872675 3693235 3777472
3840518 3918753 3870444 3722534
3749510 3903276 3873296 3906034
3710513 4012395 3942360 3782850
3958840 3979512 3884667 3984677
3869529 3988975 4080369 3718637
3854050 3967646 3913316 3845105
3927352 4072757 4017800 3750801
3774399 3880010 3890584 3874635
3789133 4086400 3912996 3751417
3718349 3816867 3939554 3731532
3861082 3913495 3928241 3882192
3772331 3831619 3955604 3800159
3892864 3919309 3959775 3878641
3850763 3808060 3954538 3792963
3837862 3934654 3952859 3808580
3752797 3767407 3910610 3717146
3821512 3807919 3927032 3901979
3911348 3810791 3836411 3798956
3764912 3849482 3894920 3913727
3829818 3804793 3982530 3846656
3837522 3854274 3913610 3923103
3857819 3742854 3915651 3776002
3893485 3854440 3961981 3966257
3790604 3738525 3854218 3747299
3781532 3696915 3885976 3917164
3868616 3758330 3878478 3746571
3997536 3767225 3677455 3756165
3947476 3793687 3985262 3766866
4083579 3851650 3679208 3776522
3920332 3720270 3904091 3839394
3978709 3799584 3623865 3789571
3781325 3754631 3930919 3712193
3994175 3808639 3746847 3770868
3844473 3988717 3721472 3804954
3789134 3752187 3856885 3840801
3853741 3966804 3747948 3811621
3916386 3721249 3918323 3853140
3902415 4014890 3841767 3841089
3961006 3854221 3898784 3934862
3900914 3927679 3756373 3697167
3869258 3788735 3775769 3872605
3732539 3809406 3686986 3799864
3708747 3827926 3774804 3727076
3836189 3859272 3786719 3794843
3635230 3833379 3750630 3768800
3895860 3919436 3744525 3841106
3738619 3957097 3709551 3827288
3852680 3829304 3599473 3650331
3578225 3737251 3820346 3737548
3742845 3800255 3794923 3865828
3761308 4029642 3865140 3712820
3796771 3828437 3787327 3946609
3719340 3965402 3935173 3656532
3811010 3946177 3844181 3918350
3772339 3956845 4002288 3682286
3687134 3871894 3804435 3795457
3695647 3862077 3819901 3644597
3693268 3770849 3951049 3738870
3766112 3878869 3859073 3841095
3763285 3714752 3911416 3649154
3844414 3869371 3833651 3810280
3786238 3807581 3949151 3774378
3740376 3823583 3827853 3815242
3739427 3726855 3770760 3658439
3711520 3725417 3843499 3746962
3892447 3811655 3899463 3812655
3781779 3786019 3874283 3948852
3999584 3843174 4007955 3912566
3814060 3907799 4076704 3987506
3840582 3673539 3954313 3701438
3704496 3773749 3898298 3911622
3897987 3850919 3939816 3846794
3853386 3923033 3989773 3995447
3941757 3843946 3864047 3810533
3915242 3799972 3700856 3805027
3998286 3831291 3919535 3837282
4071697 3896956 3762862 3825122
3860867 3730792 3819383 3791594
3927633 3735976 3642795 3845947
3976505 3792898 3947451 3881991
4087940 3866902 3637297 3830500
3894511 4028281 3780327 3829375
3848739 3774665 3905132 3843543
3926888 4063169 3781667 3827741
3990855 3818063 3914615 4022088
3847264 3960371 3705041 3766205
3870758 3737109 3747780 3836660
3827748 4016099 3789020 3828180
3866353 3835585 3853651 4002555
3815479 3860273 3653848 3813115
3758449 3941923 3823914 3740590
3956538 3990749 3763159 3869299
3772819 3957398 3863232 3792810
3693128 3785527 3754129 3757126
3652550 3804186 3727715 3700279
3934996 3924269 3805460 3851759
3738274 3777176 3767805 3837784
3767355 3909714 3920353 3804042
3816213 3924948 3923179 3724941
3845030 3985229 3867914 3930507
3880120 4050301 3960662 3759021
3779135 3778808 3804113 3824194
3713565 3877382 3804214 3669387
3781785 3944353 3926249 3934912
3874182 3964788 3930705 3732324
3726115 3760892 3942320 3710266
3796467 3826336 3885271 3838228
3766620 3899276 3985552 3719943
3964247 3896131 3886600 3858527
3630313 3781663 3815661 3632433
3691820 3806158 3918729 3800811
3714979 3850488 3878241 3785640
3883733 3894599 3897361 3885940
3917446 3816734 3935990 3840872
3782865 3765769 3911086 3962516
4031480 3958861 4033927 3950424
3926301 3879806 4067040 4037080
3930865 3780948 3904668 3819795
3821156 3771181 3876905 3878345
3921343 3780289 3919883 3811197
3790598 3801177 4006362 3976266
3964291 3726050 3975087 3794218
4021709 3872632 3840727 3819124
4010183 3866483 3955526 3912812
4129051 4003631 3808707 3885555
3877985 3756023 3903216 3823970
4034247 3792407 3632933 3694111
3940057 3752799 3914746 3736716
3969560 3832504 3738261 3791894
3936046 4029405 3788882 3748311
3962471 3774687 3919775 3960702
3994338 4161459 3958983 3948095
3946965 3890433 3980577 4018783
3899899 4029427 3704877 3755762
3863030 3788314 3834444 3873587
3874466 4029413 3779363 3770128
3859370 3795025 3824517 3914198
3900245 3874626 3767799 3864710
3821838 3865347 3744480 3777195
3922216 3915786 3783083 3869900
3845050 3992720 3923095 3881889
3866394 3784482 3671750 3743311
3688654 3836963 3755405 3781347
3839523 3807847 3728361 3784943
3736892 3906448 3772486 3748634
3776765 3944424 3866166 3915716
3794934 3960784 3880401 3734623
3963266 4002154 4042105 4001828
3919551 4033708 4062041 3719911
3779200 3850323 3773971 3838109
3743759 3881902 3975574 3704516
3791892 3872688 3857229 3872492
3797956 3932826 3859134 3778483
3705045 3836631 3830470 3723044
3815236 3869571 3870738 3858949
3805645 3898794 3941793 3854025
3919997 3909456 4028675 3990847
3726840 3728035 3857373 3679336
3760233 3944651 3856871 3855406
3677738 3864812 3917611 3725039
3795915 3868773 3827637 3842321
