3717720 3717082 3696635 3680686
3671223 3640297 3748532 3744504
3825018 3899160 3884834 3856017
3847326 3936289 3819224 3870803
3886139 3969240 3812380 3866418
3858839 3932309 3902781 3888988
3696479 3692235 3811780 3778512
3780176 3732204 3815942 3768294
3812275 3671493 3895563 3844108
3739689 3753822 3808099 3696500
3951430 3875470 4093762 3970665
3951712 3847291 4023347 3890937
3965907 3914465 4141737 4019859
3884722 3812271 3985315 3915526
3776387 3604107 3927034 3836410
3681184 3720261 3870750 3773391
3723999 3742350 3604550 3765133
3813773 3636389 3796795 3751232
3849276 4002873 3715622 3944542
4045074 3830627 3903991 3966700
3867954 3984396 3837423 3919054
4028641 3852330 3983320 3933760
3700592 3849728 3683581 3779889
3791966 3676392 3737011 3778891
3735516 3642513 3766635 3525902
3553394 3707564 3699020 3724005
3900419 3758619 3931978 3868625
3722510 3808876 3833073 3931674
3950057 3830484 3891005 3782358
3734577 3911197 3915879 3932559
3804749 3678413 3809837 3666865
3640588 3733464 3779994 3833419
3809575 3769976 3808517 3785412
3709031 3659888 3742085 3772603
3906861 4000350 3989017 4024743
3884339 3819525 3980532 3970435
3956105 3967111 3980975 3986737
3914350 3861962 3886266 4061132
3814850 3744818 3809716 3881558
3786176 3722665 3778964 3818033
3698790 3764252 3727830 3779714
3886705 3784554 3808388 3653659
3869375 3915991 3992028 4017971
4006444 3886734 3923121 3817353
4008870 3966658 3975338 3923405
4038772 3895908 3904828 3802729
3744854 3811357 3821814 3805190
3886632 3743226 3764440 3738055
3833533 3791797 3891587 3763199
3777257 3897059 3895958 3879969
3582457 3685563 3719409 3734254
3667824 3664907 3773260 3608209
3860390 3852038 3889464 3919445
3934461 3907056 3966270 3918769
3772807 3829019 3765690 3875404
3769930 3706133 3805306 3800743
3869787 3788864 4063795 3947011
3809346 3771391 4080081 3835826
3778394 3619498 3839564 3751562
3651728 3616279 3861148 3709911
3957744 3906385 4109065 3987438
3817092 3874102 4046917 3900065
3813368 3679956 3983177 3820537
3773688 3747162 3863394 3812647
3864594 3984147 3745527 3891572
3965337 3891667 4002417 3933638
3650233 3809267 3671849 3650340
3802437 3593654 3715354 3643949
3853498 3932248 3840015 3986781
4004237 3866449 4012484 3984397
3840898 3898100 3634166 3838472
3889083 3721569 3837056 3775087
3954431 3896858 3855314 3847062
3759412 3804908 3880766 3886156
3707743 3656477 3604689 3469150
3609762 3674119 3630605 3808773
4024884 3846861 3931083 3874685
3861422 3959555 3947580 4016417
3836431 3733288 3818539 3711069
3650511 3750225 3751127 3905710
3831223 3885058 3910921 4049786
3819890 3869683 3926235 3958580
3725658 3796591 3743960 3817024
3709335 3762347 3686383 3753103
4016237 4048085 4011376 4124437
4039236 3878977 3986679 4033838
3830761 3883479 3807248 3894521
3861000 3761141 3788929 3881046
3898540 3958251 3904695 3932758
4000259 3902878 3951561 3876940
3672202 3798328 3643139 3729680
3816730 3699728 3702664 3619817
4015087 3944256 3999572 3985924
4106139 3892268 3910001 3936093
3740854 3901421 3846913 3803301
3935496 3825943 3827357 3798906
3783015 3794349 3782342 3916054
3818611 3788183 3870714 3830161
3798262 3859234 3837600 3905122
3885099 3901641 3913122 3913177
4041903 3985993 4040922 4022102
3974862 4016793 4027127 4052363
3876054 3846134 3814663 3822078
3781864 3892246 3911312 3803863
3929044 3833923 4065030 3928951
3860956 3816862 3967578 3800044
3978606 3870271 4127665 3929730
3794493 3861448 4046663 3933764
4079934 3928862 4137544 4182356
3867356 3933855 4109889 3952363
3825052 3869830 4099137 4036718
3772155 3826889 3892767 3886487
3859267 3940218 3811928 3976984
3984137 3870251 3905270 3916256
3907578 3982452 3794549 3865777
3960427 3809615 3922063 3921392
3947187 4105152 3830706 3958364
4125592 3922896 4082078 4064084
3833950 3929629 3817808 3880575
3869318 3736579 3986601 3917398
3906551 3794427 3796941 3697258
3700889 3850536 3825276 3841634
3941824 3838492 3862292 3713189
3774055 3876496 3897231 3960745
4036474 3934266 3962044 3877847
3783730 4088416 3966616 4057627
3863080 3776075 3828603 3698966
3774598 3850125 3786272 3989939
3873503 3989227 3956801 3952961
3848163 3932616 3877148 3982335
3992219 3993687 3954149 3933963
3908666 3840911 3859907 3919738
4071907 4154992 4124331 4037456
3904008 3933511 4077340 4090286
3897287 3891502 3899556 3981517
3978105 3807195 3893684 3990299
3900621 3934778 3909108 3837956
4006876 3889748 3862178 3864993
3967330 3998299 3875369 4028153
3953871 3938969 3968402 3801736
4084189 4135407 3977024 3986502
4172753 4055257 4024638 3871403
3927728 3956462 4011727 3904974
3955877 3951813 3877511 3836366
3758611 3849268 3819803 3765413
3773080 3752978 3772756 3863251
3788081 3887332 3892679 3896382
3870861 3899170 3996420 3815367
3830668 3811057 3857568 3855792
3848082 3872653 3788754 3800281
3748603 3895481 3781260 3842556
3753891 3731933 3893305 3810295
3882144 3724410 3903103 3880356
3802086 3848376 3942251 3842772
3929348 3800892 4001312 3947592
3892935 3853799 4014159 3938381
3940127 3823226 4055785 3920465
3805391 3789269 3903945 3863143
3921725 3772811 4028040 3885351
3876344 3809830 3892640 3883606
3807000 3849223 3712186 3901614
3883886 3745443 3751273 3916132
3929598 3929252 3684450 3960641
3965956 3759402 3967232 3909918
3781781 3892288 3748940 3916521
3973842 3762710 3882246 3861010
3833240 3929790 3646070 3864038
3897872 3737159 3888626 3890842
3849703 3678231 3754588 3683555
3673332 3703670 3739280 3858363
3875571 3816418 3887104 3793992
3787427 3794398 3872917 3903634
3882011 3793754 3876003 3741236
3750568 3832357 3853610 3870578
3851165 3800902 3795065 3702506
3667231 3820277 3798183 3828694
3756417 3867435 3846371 3911338
3804304 3817024 3857636 3838727
3987230 3944891 3816167 3946399
3865711 3942258 3933165 3959023
3994031 3881997 3955734 3991579
3874352 3844763 3819941 3912512
3876611 3944187 3881478 3941537
3855798 3764100 3848292 3882484
3799720 3838000 3823749 3931254
3835346 3781267 3865043 3736163
3881938 3939684 3898779 3879129
4005854 3872066 3836504 3853409
3904093 3923479 3947171 3839750
4023132 3860110 3891844 3812728
3833126 3946525 3937812 3878644
3956474 3864785 3914249 3745521
3697429 3802450 3980030 3832058
3783596 3802818 3898307 3851368
3780089 3787942 3920985 3853278
3788450 3849168 3873917 3886272
3942047 3932800 3953716 3874785
3932818 3814045 3964492 3923798
3930708 3926816 3929820 3922745
3920949 3909072 3954573 3992824
3850755 3837296 4010502 3873293
3785101 3823657 3883275 3857568
3857463 3860849 4022369 3997312
3810311 3836155 3969852 3869168
4012802 3918850 4094739 3970248
3943148 3893322 4064777 3921760
3998533 3847448 4070008 3996540
3885749 3927950 4033329 4041594
3928913 3879736 3684749 3835321
3869289 3810690 3844358 3818686
3865173 3904134 3728458 3862893
3947382 3783107 3888234 3939934
3892606 3981775 3831668 3966319
4005065 3877804 3912207 3931490
4017954 4025774 3801075 3956387
3998500 3864612 4012949 4043344
3939424 3745194 3820205 3781192
3681009 3804019 3855325 3897183
3933424 3802486 3810523 3741598
3837229 3847979 3862161 3886509
3978558 3910393 3990729 3856637
3844358 3915680 3899441 3950352
4057638 3843156 3901056 3797200
3749237 3912977 3799913 3950779
3858785 3932631 3873714 3881999
3827974 3745648 3910074 3825828
3921561 3989053 3969204 3972601
3858389 3904651 3914872 3889412
4018228 4050711 3947305 4106097
3929039 3951883 3989352 4015392
3941022 4074732 3922553 4050425
3990660 3960257 3920031 3985283
3876172 3903959 3857672 3789092
3919983 3891235 3836056 3755097
3862913 3900358 3905820 3911818
3978605 3806197 3932638 3763627
4040005 4007314 3990113 3944817
4098617 3909770 3997564 3946130
3977568 4057170 3963018 4014555
4063211 4006624 3940699 3888359
3809201 3824097 3895712 3848523
3771607 3772823 3934944 3904572
3691353 3681026 3759245 3749438
3677019 3751754 3711680 3784555
3825744 3860559 3935894 3918267
3833757 3875477 4010838 3902470
3783223 3786720 3859324 3821164
3768366 3859704 3830020 3814980
3922332 3770444 4041971 3979417
3809468 3888818 3888567 3846936
3740376 3670489 3864257 3801614
3680253 3681807 3769308 3767985
3904102 3853680 4116240 3987385
3924574 3862298 4026910 3985890
3837689 3753326 4007884 3940048
3790016 3774093 4024257 3795384
3901129 3873122 3779090 3798674
4005389 3807227 3880312 3833902
3667026 3738141 3598947 3750081
3824798 3685378 3767187 3800203
3818373 3946102 3796449 3907121
4011464 3826645 3945836 3959224
3832782 3912228 3684246 3878811
3909672 3825936 3847573 3898343
3965015 3798514 3900604 3817447
3746702 3822224 3838794 3852156
3781993 3626405 3749542 3657206
3559735 3749548 3670877 3695494
3940044 3922929 3982610 3735878
3768818 3929680 3893650 3981143
3891288 3811827 3807177 3771888
3767403 3792461 3806864 3834850
3850568 3880529 3808797 3937275
3837801 3847607 3918136 3905048
3753403 3787143 3782942 3847363
3670123 3709499 3688495 3744016
3983763 3960910 4031947 3999442
3914958 3904049 4009473 3979402
3944899 3922913 3912410 3942950
3841777 3856990 3785030 3985268
3883017 3994010 3873337 3933011
3927591 3882497 3816079 3750530
3743186 3834535 3805372 3725951
3777351 3681197 3759555 3680127
3908276 4004724 3992274 3979095
3995014 3922089 3917415 3797501
3856955 3974402 3888000 4024011
3935789 3863783 3891306 3859082
3770598 3893213 3809764 3900879
3819273 3833429 3851133 3879235
3947635 3973578 4012507 3910471
3948263 3946258 3972516 3962388
3758577 3730363 3745495 3768185
3736462 3778985 3811136 3797931
3892770 3913118 3948054 3899261
3862530 3908452 3884924 3946494
3896991 3904669 4044579 3938070
3783571 3848371 3995008 3856675
4017931 3885682 4129779 4061490
3990847 3935147 4078696 3918105
3824395 3743897 3896379 3960718
3663320 3784957 3897485 3729608
4020478 3917597 4111454 3999513
3827784 3866070 4037198 3935660
3843303 3943111 3752844 3822620
3889706 3738097 3969325 3911779
3956468 4027903 3844976 4086134
4126386 3877489 3982998 4025256
3766858 3832686 3665850 3853099
3884205 3746773 3940695 3831107
3989889 3983642 3772636 3974361
4046835 3867172 4004146 4021626
3910677 3723638 3786600 3753095
3752231 3804356 3893317 3915344
4019483 3913757 3897856 3824021
3861518 3979617 3879704 4069498
3873986 3654594 3728761 3687686
3535671 3754734 3802801 3833039
3956312 3811669 3896406 3794592
3874250 3951614 3924680 3953093
3912755 3984991 3898093 4006051
3790639 3772768 3883961 3910574
4022070 4016364 4064225 4053134
3944111 4042118 3995405 4060128
3857117 3920857 3783368 3898305
3765874 3780949 3742112 3930123
3949998 4058540 4013862 4000931
3897813 3827814 3945161 4034913
3846867 3873586 3881786 3944623
4019913 3855917 3833538 3827437
4029694 4089086 3958032 4089059
3994241 4025508 3949910 3948937
3860391 3815202 3876946 3886779
3945806 3748195 3753895 3639337
4029271 4024570 4007325 4000584
4094117 3931068 3993015 3906721
3838681 3794906 3938163 3806583
3714663 3843644 3863160 3849030
3835896 3793496 3870765 3900744
3802048 3822372 3890934 3866339
3793622 3809566 3822412 3886196
3808266 3897583 3908306 3776009
3684754 3706337 3794843 3709782
3761209 3748523 3839005 3808605
3915764 3751147 4034509 3912729
3866475 3792464 3952671 3877287
4012260 3782997 4050637 3911094
3884140 3759137 3966934 3822407
3887254 3745647 4000181 3898221
3905545 3837470 3991096 3875124
3772685 3720749 3957316 3932790
3723149 3810586 3853027 3783133
3909107 3960173 3687064 3848658
4028892 3774273 3897542 3915307
3792413 3862173 3756563 3972851
3935589 3767290 3807504 3905932
3831142 3893201 3664545 3943173
3862266 3737202 3906636 3877888
3759921 3906304 3589387 3826075
3890070 3697966 3800639 3843533
3908447 3744775 3862227 3736106
3731296 3898349 3811309 3883669
3907898 3782559 3846199 3793095
3694800 3942854 3800781 3933587
3910237 3828840 3739664 3754782
3676855 3804948 3746321 3874552
3865880 3729734 3748707 3690765
3642242 3748539 3764766 3818651
3959729 3885000 3894363 3940181
3836262 3805649 3937468 3896892
3843846 3990751 3914073 3928515
3912818 3877790 3865015 3917212
3867846 3916026 3881543 3971237
3937872 3793753 3894624 3927645
3839757 3866948 3779864 3892497
3743429 3758706 3825402 3816211
3790223 3976217 3852169 3933025
3966419 3887457 3918589 3762730
3871501 3973173 3929775 3875672
4007706 3856798 3886688 3860674
3876806 4009164 3852399 3865684
3958166 3880237 3915293 3765007
3802144 3830713 3840641 3859239
3812441 3813646 3849031 3733403
3869124 3925602 3986902 4033632
3950176 3953454 4000746 4022291
3742690 3728896 3770002 3751579
3721017 3760912 3809687 3880783
3862989 3930147 3917334 4011890
3868880 3894606 3935738 3879994
3958745 3949964 3954211 3885888
3899434 3985377 4011180 3925602
4060331 3897727 4214300 4084879
3929366 3965155 4067127 4013915
3810816 3770426 4006091 3885528
3759860 3767418 3857763 3728917
3892168 3851130 4043490 4045192
3887661 3851435 4017269 3923386
4096288 3969315 4172541 4097695
3969831 3924822 4091830 3988971
3946243 4146362 3910493 4052025
4022634 3856279 4003562 3985192
3852447 3896252 3740542 3790436
3940088 3724665 3819415 3778750
3913686 3919005 3814344 4056874
3978545 3867058 3993091 3930741
3900240 3999579 3861807 3996065
4081449 3801827 4094412 4061048
4062311 3918454 4004693 3845500
3813671 3918691 3927926 4036789
3823188 3750764 3792279 3638036
3704323 3735751 3789442 3764733
3986248 3815123 3893101 3813377
3802888 3883844 3903503 3996258
4026851 3956845 3998413 3842699
3832959 3993769 4002578 3984247
4031470 4110725 3971783 4120154
3981667 3990682 4013805 4033330
3858637 3856793 3830893 3963126
3706224 3822495 3794281 3828098
3976243 4027607 3932420 3972495
3903246 3895326 3982617 4043147
4019913 4094030 4035999 4049901
3969160 3976505 3999726 4066163
4012294 4068610 4071615 3998777
4125114 3961822 3990418 3904394
3743950 3865643 3822399 3846378
3906519 3762201 3837956 3704083
3988861 4066869 4000132 4013741
3954599 3952096 3893377 3851511
3952271 4020067 4018802 3962672
4063533 3954111 3955645 3942009
3699301 3677256 3712124 3741982
3673754 3731707 3727659 3813020
3778568 3794997 3777029 3841592
3783579 3761192 3871754 3800611
3785886 3839786 3813616 3949076
3921871 3871877 3873015 3833652
3857894 3930055 3942318 3877321
3878380 3904150 3975514 3971909
3768002 3636589 3964278 3820265
3664642 3688836 3795298 3767461
3906645 3728108 3953129 3873763
3753468 3754122 3955714 3830839
3903887 3795913 3998905 3945539
3758073 3846568 3983125 3909151
3929540 3754607 4106478 3939528
3829921 3867305 3941881 3945238
3757857 3728200 3655617 3783367
3817705 3677616 3829562 3763178
3844314 3905890 3740732 3892340
3900087 3764896 3859489 3877994
3839956 3967626 3724132 3907507
3969605 3712939 3939646 3994736
3924638 3998874 3735499 4005168
3993957 3779896 4033018 3999232
3839427 3585472 3716654 3681462
3650030 3690071 3717899 3765468
3829437 3738834 3781537 3655021
3654083 3863419 3741520 3889274
3946755 3854619 3876628 3762699
3718893 3789736 3915556 4003325
4040567 3831934 3927111 3874504
3831654 3916331 3882029 3955634
3816134 3901955 3825838 3863642
3757781 3665358 3740467 3720881
3896715 3959621 3929290 3903230
3829734 3766318 3891127 3873365
3934194 3953560 3920956 4020938
3852630 3810108 3798288 3976634
3992734 4016223 4016912 4020254
3953519 3890460 3997112 4044871
3775346 3823630 3839013 3790129
3829632 3689219 3703630 3737735
3841151 3909458 3885939 3823531
3907464 3873358 3866480 3780988
3932113 3937620 3832611 3927996
3968037 3965640 3913339 3809423
3914149 3987246 3913847 3930466
4030726 3931095 3928123 3832584
3788386 3861375 3841741 3877122
3803583 3820771 3861249 3878342
3885285 3914931 3964012 3963164
3917595 3915609 3986593 3919754
3927572 3894299 3969601 3984432
3914144 3874355 4015137 3874461
3753248 3726743 3793753 3740552
3668240 3675022 3769949 3755306
3955443 3750579 3979221 3868106
3795542 3817392 3960061 3944028
3990327 3785794 4229384 4045292
3969251 3906012 4039759 3957020
4026117 3885423 4048312 4036822
3939494 3975714 4032608 3965866
3906682 3696487 3975470 3823380
3727991 3782553 3898528 3751944
3898241 3939606 3742531 3890207
4003430 3790677 3821468 3880801
3950370 4011976 3800517 3996650
4061514 3867171 3990243 3905723
3978365 3960383 3883459 4013247
4108140 3866551 4064418 3952002
3812197 3846249 3740498 3776509
3827701 3776788 3856775 3788896
3932678 3793872 3763605 3782286
3693694 3841930 3831283 3924167
4031871 3899322 3885892 3900868
3824424 3934901 3871530 4017169
3996101 3882795 3962614 3888005
3799835 3945223 3964855 3973798
3800796 3806143 3763769 3651825
3601066 3808342 3718824 3800998
3925066 3989925 3930759 3965038
3806296 3807401 3879071 3913066
4029408 4089201 3981627 4043759
3938251 3909413 3902614 4005074
4092112 4017502 4010857 4019163
3962891 3932123 3979319 4098967
3867381 3865784 3752850 3894977
3764168 3814138 3794817 3846873
3960601 3883639 3874385 3921629
3935894 3783088 3879722 3745855
3948304 4023875 3983320 4055575
4082687 3870885 3980708 3827269
4036296 4049612 3988298 4008082
4171030 4004883 3948109 3965124
3790842 3829393 3870240 3775454
3898909 3754709 3849730 3743238
3966980 3919099 3980330 4001537
3883639 3898923 3945341 3928951
3814920 3810681 3855786 3897763
3768164 3753527 3893980 3805030
3711463 3698014 3750337 3755832
3754586 3801503 3812112 3798074
3772962 3858212 3794506 3798359
3692168 3868346 3795510 3830888
3892644 3936293 4123132 4044863
4022985 3879865 4059277 3834117
3888800 3742120 4068146 3962090
3831325 3698454 3915599 3818783
3827815 3696462 3974059 3821016
3813059 3702195 3926720 3827328
3926233 3778532 3947567 3898218
3780785 3780792 3952929 3817589
3971227 3948108 3826716 4059536
4020256 3844449 4045318 4046475
3821554 3797544 3650494 3773381
3908442 3722923 3939806 3841453
3742659 3918138 3654153 3839884
3869463 3562393 3720213 3791406
3834091 3882686 3714617 3826697
3917846 3738550 3873143 3863672
4021110 3813373 4000074 3844781
3733735 3980528 4006054 4069710
3820351 3752949 3888670 3705846
3684095 3869446 3811081 3855736
3803378 3622771 3798667 3662909
3656564 3740613 3748546 3783529
3941076 3773334 3868952 3741348
3715586 3880780 3825131 3876320
4032789 4001920 3986638 4045838
3952058 3993343 3978203 4051183
3840429 3949556 3903272 3998041
3805170 3783682 3810706 3887073
3796875 3859778 3787738 3840824
3672299 3754652 3808583 3872903
3828426 3941878 3930941 4024729
3892599 3866255 3878843 3925539
3997347 4051428 4057061 3974882
4070648 3940094 4025779 3873028
3826341 3874459 3881464 3842857
3975469 3772744 3846139 3723757
3808702 3891240 3834679 3815016
3887071 3757923 3793921 3729669
3888092 3947818 3774968 3853780
3848783 3872680 3817895 3813531
3798920 3875120 3854047 3819668
3787850 3599833 3717413 3782543
3922212 4001376 3982353 3869972
3863372 3791158 3885400 3845191
3800231 3917669 3834572 3755449
3731693 3691182 3613996 3837660
3873257 4008333 3901052 3812033
3864869 3716484 3770442 3871688
3909030 3662631 3721925 3802259
3764901 3916375 3744281 3684400
3985484 3865708 3785383 3914798
3810705 4016576 3894153 3879710
3852164 3712938 3751740 3839288
3682468 3908233 3776958 3724517
3960265 3775378 3788739 3912079
3929660 3919379 3782721 3817841
3855483 3866081 3852219 3778333
3742945 3760047 3772706 3732309
3836897 3956222 3863252 3960408
3769877 3838604 3848035 3853305
3860982 3818563 3779056 3707074
3729010 3727898 3628059 3688116
3903632 3925302 3894194 3774109
3703941 3717727 3839107 3778427
3714499 3902555 3731930 3889849
3920347 3734059 3827302 3827067
3764666 3908874 3877816 3971640
4044801 3691748 3924717 3940202
3730297 3824311 3763483 3875981
3803805 3661015 3760835 3821856
3785657 4042605 3816979 3904917
3857489 3768221 3814526 3909779
3830962 3804699 3820264 3766811
3739919 3693512 3801819 3725496
3867421 3959317 3931717 3830600
3810262 3818332 3910641 3853615
3779618 3749402 3867768 3736007
3749406 3807678 3709444 3769899
3870967 3812717 3736984 3745388
3814726 3759574 3813361 3855661
3731942 3842939 3796525 3781996
3890271 3770106 3869846 3789019
3728308 3879278 3904295 3799612
3974336 3934162 3870097 3903145
3620769 3766528 3767536 3753635
3850660 3856034 3708313 3647810
3790178 3839604 3924186 3771110
3915948 3954543 3905172 3810453
3953288 4123864 4067461 3945122
3999491 3947000 3958932 4019437
3993803 3997453 3939441 3947246
3932697 3851782 3842744 4000502
3809653 3957357 3813917 3818794
3811269 3660414 3811237 3730151
4054538 4124985 4059298 3937617
4074486 3843541 3991084 4047576
4107181 3856586 3934564 3957603
3926212 4054931 3928304 3841700
3948038 3835336 3858264 4006081
3837537 3992410 3825850 3807108
3858270 3755063 3764153 3789794
3724074 3879401 3777816 3659794
4151021 3926694 3975369 4001799
3999115 4003407 3989868 3921563
4040068 4091452 4028005 4014267
3934557 3850728 3917511 3874143
4035264 4017758 3884681 3831495
3898266 3786321 3913416 3848815
3792891 3923720 3803780 3796301
3705602 3667317 3770587 3684639
4088457 4087135 4026128 3975595
3890660 3937216 3992362 3957698
3842393 4056372 3908009 3997715
4084510 3837516 3982466 4019303
3818931 3971487 3847281 3961773
3968180 3788764 3917491 3983029
3738444 3838203 3756450 3926049
3930389 3645331 3780800 3795495
3867449 4082051 3894600 4026083
4175744 3922975 4032962 4053620
3962616 3973754 4024112 3840385
4015561 3913142 3998372 3912928
3978320 3838970 3978689 3886447
3842682 3946906 3828912 3867990
3789598 3783263 3777501 3801952
3723722 3721732 3781990 3745782
3948915 3989823 3993699 3860554
3902012 3966818 3920079 3904407
3828050 3976548 3987343 3939392
3950049 4058423 4027926 3892729
3815909 3897577 3956270 3944100
3955547 3927497 3992927 3796354
3678960 3820801 3833864 3714978
3928340 3853175 3789559 3750808
3896917 3978632 4089046 3883524
4030946 4066881 4036790 3907373
3945942 4036784 4001424 4005359
3997040 3900736 3969113 4041947
3978795 4033997 4038655 3903831
4051021 3904724 3859605 3917725
3831949 3988745 3904739 3838383
3804649 3808381 3825661 3857709
3725346 3885027 3766196 3736057
3825497 3616176 3643543 3745571
4101495 3869780 3937411 3964826
3893446 4032104 3892185 3920817
4031486 3864125 3898194 3974708
3822017 4013404 3930021 3797882
3949992 3687218 3765935 3817469
3776546 3960986 3896620 3705700
3835909 3684674 3694997 3807965
3628440 3858437 3719641 3612671
3960101 4076486 4016956 3889443
3960110 3928414 3959858 3858982
3971031 4036571 4052766 3919258
3894663 3880946 3926045 3882549
3950790 3940321 3955364 3844902
3721631 3668848 3846086 3880705
3835013 3935578 3753448 3678240
3664363 3691338 3707921 3587043
3917439 4043925 4006741 4091417
4077368 3920080 4043115 4028038
3857722 4109817 3911603 3965255
4020178 3803724 3883089 3980373
3721599 3929233 3806459 3828794
3965782 3667409 3866885 3886789
3641509 3763967 3648236 3766381
3772065 3649501 3697252 3786456
4000446 3946093 4018370 3872272
3915940 3904691 3997023 4014460
3872852 3939716 3949466 3899465
3865624 3850621 3877766 3845594
3838031 3904251 3846140 3711261
3759748 3837489 3864323 3790160
3666204 3635947 3806180 3624530
3666466 3644373 3728124 3755893
3834370 3977439 3976525 3911045
4100694 4069141 4040033 3907831
3766178 3950024 3846834 3838473
3941113 3998362 3925213 3880892
3829583 3847813 3872808 3749679
3940984 3855091 3866189 3744092
3590769 3714408 3717456 3736693
3821591 3827279 3790662 3603015
3784723 3900052 3807999 3721239
3795490 3669547 3662346 3838953
3794077 3842550 3848026 3793153
3840202 3708701 3744489 3788228
3808151 3871261 3882104 3765047
3854283 3786780 3727964 3932712
3991243 4034874 3932797 3872626
3968983 3797040 3845591 3917532
3884584 3658709 3730061 3815726
3740981 3880741 3745803 3688445
3850848 3686176 3796758 3838371
3708132 3863907 3717229 3723441
3892131 3748134 3716857 3793500
3845834 3897203 3753509 3708118
4004620 3835072 3852208 3891393
3856570 3980900 3840338 3781985
3773976 3856260 3763855 3722939
3731972 3664700 3689778 3637899
3896091 3844331 3874155 3728638
3737374 3634206 3740173 3741035
3862886 3913599 3861932 3790564
3704943 3689753 3836312 3709438
3890288 3951846 3991122 3833577
3849689 3780229 3843525 3775742
3699631 3873533 3725248 3865578
3922663 3680698 3797547 3874131
3731335 3973353 3739156 3884013
3872163 3648948 3810778 3825304
3739036 3894224 3673956 3862437
3827462 3632376 3813152 3851989
3745696 3921579 3860846 3927416
4005606 3753248 3897079 3905688
3745784 3771186 3878291 3634533
3768452 3728298 3784068 3702662
3752798 3763219 3875233 3762129
3740371 3775561 3781567 3697343
3850997 3811173 3795387 3722227
3722095 3717272 3775950 3811483
3744975 3877113 4010124 3814906
3850233 3849203 3933349 3946326
3637698 3786713 3790642 3745784
3802113 3770716 3824830 3678920
3702652 3713612 3848330 3726027
3886367 3864961 3952175 3745759
3762891 3793120 3855924 3745002
3800843 3867251 3857400 3830066
3819360 3975714 3901299 3777395
3911344 4004678 3968492 3873321
3966710 4107160 4024803 3878736
3861526 3772409 3768687 3989349
3950378 3993771 3864843 3818213
3929238 3776065 3856641 3852306
3867588 3951602 3878809 3890478
3888549 3788509 3863764 3884936
4098106 4112860 4060410 3979983
4113146 3964005 3969091 4058092
4053774 3878369 3912380 3943097
3911257 4006292 3963400 3882196
4016170 3756975 3741718 3868224
3798420 3936465 3792813 3868560
3991065 3744989 3779614 3871288
3825883 3967876 3927609 3870523
4107892 3944446 3951825 4065869
3934186 4071681 3959336 3915191
3955538 3957164 3914670 3930151
3762634 3732272 3945812 3847194
3907680 4019795 3945203 3844456
3918834 3774609 3854099 3789730
3821649 3933396 3955838 3795060
3773531 3788710 3892631 3816436
4111546 4058399 4035993 3969027
3918717 3932872 4001094 3904792
3758947 4027163 3879539 3988868
3981883 3763676 3919466 3951220
3749888 3960437 3783959 3979851
4012404 3808966 3779234 3981860
3646976 3870048 3823077 3902569
4069370 3747157 3806996 3952705
3884710 4099129 3942475 4046835
4157298 3811121 3998726 4104479
3838235 3922228 3986927 3905677
3884974 3836842 3954277 3931245
3892815 3918877 3847550 3789664
3768147 3860855 3924364 3834911
3855908 3896138 3907130 3848518
3849177 3829531 3888851 3828340
3991505 3945854 4114678 3891596
3893254 4048378 4021436 4087483
3809346 3944846 3964438 3846128
4007174 4014870 3979960 3848540
3801425 3894232 3910745 3815185
3933817 4013913 3911054 3815473
3754329 3869643 3900772 3862380
3904179 3872810 3890823 3785509
4012685 4064199 4050590 3915034
4087758 4100783 4099496 4020707
3908421 3914433 3823918 3830517
3871467 3714171 3810918 3874293
3835101 3907318 3764653 3727244
3741549 3664351 3697659 3764259
3888233 3978518 3902545 3823959
3932379 3824229 3810103 3850747
4052243 4053371 4000268 3933456
3935841 3874335 3901253 3991834
4004266 3740898 3685932 3832941
3776533 3896479 3898376 3813930
3735153 3687965 3723071 3795459
3658190 3814628 3716226 3686316
3931575 3840563 3873267 3937264
3889007 3900609 3854358 3805764
4061444 3813795 3891855 3933446
3878579 4040808 3906791 3875912
3903825 3977320 3880363 3814660
3769517 3810661 3838011 3791832
3771152 3844937 3826916 3674930
3739360 3727454 3652260 3589166
3951916 3962307 3892155 3887259
3818902 3802158 3830082 3812342
3991929 4022695 3970404 3961512
3877857 3924857 3904295 3847355
3708491 3915609 3788517 3909727
3999876 3756375 3830039 3856313
3629968 3820114 3631654 3765468
3757456 3610583 3706580 3866028
3733289 3988991 3824853 4021783
3896777 3744618 3891006 3968382
3809833 4125187 3806921 3992441
4111307 3796967 3962872 4009320
3816883 3834251 3886640 3771437
3758805 3790818 3815267 3808747
3828351 3731808 3792342 3691304
3624875 3785603 3662832 3708272
3829497 3897708 3918900 3799516
3751886 3919538 3878342 3924430
4005830 3910752 4067611 3861142
3905243 3855834 3902077 3956929
3743434 3992661 3834744 3770890
3924473 3903784 3881294 3786867
3676221 3758431 3691762 3629502
3807181 3763324 3846094 3732711
3819626 3886010 3897916 3869288
3991360 3907493 3930225 3850524
3789445 3997756 4011754 3892245
3902465 3994487 4054243 3801736
3892312 4087329 3901031 3830212
3832207 3763972 3762479 3874992
3929732 3953620 3888982 3812029
3874257 3781654 3814244 3848778
3972662 4022321 3943221 3819820
4007531 3830512 3855583 3896400
3967256 3978032 3862060 3784428
3841477 3736959 3774129 3887203
3902386 3733640 3802440 3851730
3774384 3904091 3764195 3809814
3928651 3825145 3850800 3905935
3839399 3952909 3856281 3854044
4035190 3765205 3836458 3966670
3829084 3903489 3887571 3881841
3888682 3745349 3792028 3931771
3776099 3962209 3857079 3729548
3819537 3953842 3831922 3815848
3834678 3737833 3863691 3774059
3821708 3949267 3889708 3841611
3786274 3788792 3895497 3832405
4002232 3991155 3951374 3923214
3873766 3893015 3823234 3894389
3886858 3982391 3907365 3869973
3813240 3749435 3855087 3812026
3692954 3858911 3874261 3973959
3946251 3724887 3822161 3957586
3793597 3892268 3829404 3982633
3965131 3755740 3921606 3888557
3866184 4057344 3755533 4029116
3994188 3848675 3848708 4035268
3816163 3941061 3778703 3941814
3969604 3721377 3834896 3870779
3847728 3831897 3914085 3816084
3815213 3769238 3758404 3803176
3818293 3834579 3959923 3851123
3801054 3807170 3889544 3879809
3921567 3988686 3942673 3789753
3791672 3844692 3930439 3928869
3823463 3839149 3894107 3827440
3766281 3861768 3814874 3830064
3774252 3880514 3844262 3784427
3910399 3875509 3858931 3740679
3714689 3897284 3886662 3798441
3994378 3798224 3910057 3714818
3828216 4000516 3883848 3823178
3910263 3995033 3936222 3856993
3740242 3894009 3887214 3900282
3938758 3962779 3911518 3830088
4015376 4106062 4056064 4047177
3955478 3896765 4022925 3988564
3881531 4047077 3846196 3825297
3876064 3736569 3783762 3880379
4064366 4055966 4036386 3938641
4010758 3881514 3991248 4119165
3963007 4041892 3919683 3883455
3922483 3790986 3898362 3912055
4004715 3891292 3902039 4029435
3928588 4034133 3947843 3834405
3928166 3763410 3854641 3870826
3866058 3951829 3759534 3788784
4043248 3851011 3968884 3978280
3931702 4041275 3932017 3937216
4036112 3887663 3816363 3957341
3855683 3996845 3914749 3825541
3885495 4021704 3992873 3867030
3896400 3921653 3860096 3892046
3910022 3915632 3906508 3884171
3766994 3720273 3834596 3754701
4095215 4052172 3978556 3931503
3845800 3885227 3949388 3912810
3932170 4044040 4005174 3948659
3912934 3761605 3873595 3819064
3862535 4044336 3889402 4078727
4063352 3807820 4041084 3987671
3794352 3995980 3749719 3898774
4018846 3695846 3831871 3868478
3905253 4116604 3968007 4129226
4099967 3872695 4002356 4073056
3812199 4016550 3839514 4000909
4062390 3825324 3910888 4029158
3936265 3936029 4067335 3890542
3885653 3873595 3904757 3959901
3793454 3891620 3980030 3774487
3808781 3806995 3837207 3841621
4062473 4016952 4042211 3947318
3908411 3954482 3898868 3962925
3857216 3958846 3925168 3783714
3787354 3834013 3963651 3896519
3894585 3994918 3862904 3847637
4076928 4000089 4015620 3833495
3686220 3949129 3902762 3751853
3948418 3847867 3939081 3690928
3900525 4018575 4026847 3881220
4140487 4035971 4046892 3896443
3848097 4024726 3956459 3872862
3914993 3972753 3968410 3872878
3890492 3899911 3969919 3893335
3865800 3784439 3731688 3918186
3973215 4109023 4012425 3937534
3936695 3816436 3841032 3909146
3913799 4061578 4008059 3881376
4006112 3799391 3815613 3911194
4003614 4072971 3995423 3949220
3969175 3881226 3920308 4117988
3970391 3691040 3730795 3770087
3794947 3904023 3814725 3729512
4027315 3742437 3825690 3922498
3918720 3957776 3887580 3811216
3910010 3805929 3827922 3934932
3904744 3975313 3916691 3933241
4015554 3894493 3929714 3974362
3978593 4095798 3965001 3881035
3874183 3966416 3869133 3847762
3775513 3803334 3788783 3807880
3981280 3931729 3834514 3841838
3926757 3788347 3898666 3853135
3929044 4007518 3979715 3861876
3776239 3875436 3922132 3856752
4000765 3971856 3973595 3807206
3853437 3853409 3957641 3933662
3787894 3975694 3721252 3951047
3925358 3811950 3746943 3889366
3786335 4039276 3754324 4026743
4000181 3767794 3903044 3968863
3870938 4033287 3817714 3995556
3999304 3648455 3942607 3942046
3841180 4084230 3925977 4116410
4084734 3877537 3887540 4066654
3809708 3829275 3890264 3811921
3758504 3842004 3742017 3795695
3871649 3943256 3910734 3832116
3829794 3814805 3870156 3880792
3905519 4000238 4021218 3820083
3833655 3926773 3960131 3879707
3953132 4082519 4012612 3944225
3956699 4000674 3911354 3891359
3825358 3942881 3783385 3797493
3968624 3949373 3865419 3764346
3772615 4068397 3910632 3881244
3996304 4013269 3917247 3846987
3872724 3975945 3909614 3893971
3979868 3988789 4012179 3925374
3881991 4121374 3889947 3964767
4044431 4051847 4063325 3929194
3989912 4013365 3938901 3776256
3933785 3920060 3871226 3983912
3869855 3931298 3863807 3769592
3776133 3683987 3804818 3846461
3912379 4026730 3851072 3909191
3855519 3733627 3819224 3888336
3892835 3995117 3871984 3791571
3887702 3764595 3735906 3871741
3949532 3870798 3918420 3868441
3869827 3999647 3805624 3790676
4000723 3743002 3792136 3859837
3779389 3876563 3820819 3747449
4001917 3764575 3763744 3772995
3798570 3942089 3825316 3737624
3961492 3758572 3801545 3879890
3805022 3792728 3825130 3788264
3914444 4022408 3982711 3934685
3929691 3907608 3878405 3897204
3860612 3897978 3915388 3896093
3733916 3778944 3843431 3757135
3873348 4006405 3952163 3790521
3794224 3790227 3814056 3777695
3865974 3905573 3841958 3811254
3828093 3805271 3837384 3718051
3836496 3954894 3902027 4018861
4117386 3769223 3921107 4041678
3771348 3911744 3756081 3915226
4026144 3754404 3824243 3900413
3703187 3950777 3842508 3953364
3953348 3743514 3880916 3932620
3725783 3937639 3866375 3923277
3992776 3714093 3801397 3912769
3886804 3987957 3962739 3880041
3870892 3854209 4012791 3844092
3840556 3840832 3843887 3721393
3775773 3707296 3896002 3720521
3872659 3896871 3913034 3754855
3767746 3853405 3889624 3858606
3856250 3800642 3831187 3776143
3778112 3731868 3779596 3848088
3774324 3914607 3892211 3886692
4037853 3957412 4008378 3857835
3777645 3840635 3842570 3784251
3874399 3862383 3921774 3786157
3780882 3877731 3903846 3885091
3871826 3913399 3952250 3843129
3709251 3925975 3848205 3820160
3933248 3860400 3961487 3755969
3841169 3958774 3820909 3776818
3817212 3744139 3751943 3796533
4032228 4147493 3998659 3988541
3958862 3943689 3935341 4077386
3978496 4079538 3937907 3897991
3964728 3859496 3860447 4010774
4034231 4023669 3988381 3923969
3927651 3818195 3890374 3905299
3843394 3709296 3798439 3851271
3737119 3887721 3855053 3734786
4046218 3849991 3882033 3943663
3989274 4054639 3890750 3946164
4067283 3763041 3892176 4042032
3996574 4045492 4019947 3867755
4027611 3868885 3823119 3869011
3836412 4020325 3878647 3814390
3880555 3888993 3837547 3824103
3723550 3751987 3754850 3727076
3977243 4007941 3935944 3900475
3932833 3899604 3868895 3825789
4036702 4090068 4058238 3946459
3938445 3859108 3995224 3880985
3940998 3995403 4022220 3822224
3785448 3837675 3888630 3860202
3764413 3912396 3749394 3894693
3991306 3682377 3788764 3947338
3798223 4055362 3906446 3995691
4071479 3898055 3960128 3995106
3797985 4139795 3869434 4057166
4062369 3828958 3916233 4011616
3831069 4016528 3880842 3979203
4039747 3835615 3889995 3958253
3831838 3958709 3866507 3703905
3786716 3773269 3865417 3816559
3938699 4043298 3921746 3928955
3932284 3921222 3953480 3920887
3947885 4029714 3970358 3859384
3938429 3955254 3874643 3921392
3797379 3929619 3889190 3908388
3810826 3852619 3936776 3856364
3718627 3892425 3867339 3747385
3898812 3828151 3763860 3710069
3807625 4074056 3904184 3897009
4061282 3990678 3982058 3952585
3833321 3985436 3918897 3822596
4021806 4066259 3997134 3952796
3867356 3872605 3930799 3826576
4019663 3975971 3974391 3805848
3946359 4115793 3898788 3987447
3923360 3829492 3862290 3958565
3877193 3861268 3809987 3743293
3775680 3715963 3791331 3740272
3991481 4061405 3927803 3927327
3879331 3843549 3814728 3966584
3967639 3979969 3941920 3948368
3936208 3812624 3931247 3879497
4033269 3819073 3862689 3958651
3854465 4043633 3822359 3850588
3778738 3645972 3690433 3814728
3704387 3827561 3709956 3723403
4018356 3777790 3790886 3904939
3912666 4027119 3867956 3804760
3964818 3813872 3906903 4036899
3924968 3966078 3816148 3869354
3914283 4054134 3892251 3878985
3853344 3837149 3933187 3836553
3792741 3843310 3850693 3719593
3666293 3632414 3743704 3716089
3952401 4008691 3918560 3871559
3838934 3843363 3811456 3831878
4000860 4012011 4006990 3945674
3925436 3885112 3904374 3904893
3745296 3983443 3958224 4051360
4008809 3807613 3875781 3962149
3681543 3809040 3658308 3878009
3936165 3581936 3672756 3898013
3773986 3985425 3817708 4022905
4013621 3719769 3876070 3964754
3855494 3986679 3877527 4050548
3994362 3808118 3821283 4036353
3906503 3904543 3940989 3857564
3888156 3920797 3877401 3957947
3827117 3792884 3806178 3701325
3749737 3722230 3814262 3773838
3831772 3876676 3922792 3910402
3831255 3908837 3817059 3907272
3956699 3914878 4032773 3902703
3848515 3938462 3884296 3935619
3940201 3988521 3937824 3911085
4088366 3986190 3908278 3877785
3708836 3722009 3858367 3692712
3813301 3787927 3830567 3772057
3849100 3976485 3897334 3782795
3962146 3974077 3910291 3859767
3904647 3934099 3914189 3813309
4044986 3926869 3999023 3893457
3967160 3870120 4004160 3898859
3917584 3883268 3933130 4013908
4187833 4031401 4164696 4129184
4046008 4126193 4014101 4209927
3904649 3899493 3946117 3879262
3887749 3855903 3790600 3959036
3982743 3981070 4024684 3924442
3922888 3973986 3931114 4076536
3900110 3898024 3848482 3993317
3887018 3914237 3741413 3981188
4128162 4034042 4036492 4107551
3992444 4013165 3940076 4052418
3944568 3897135 3861265 3992474
3845196 3858464 3730559 3786310
3993696 3926455 3961464 4063151
3885694 3853619 3847723 3961849
3867407 3939167 3744208 4117180
3938304 3867951 3793706 3844990
3989076 4202388 3965952 4271336
4021160 4063591 3996546 4142666
3865023 3955861 3732610 4027268
3795211 3810936 3760369 3936135
3927008 4089692 3904452 4117356
3928826 3904810 3920515 3954744
3885402 3941275 3923887 3845170
3943499 3932830 4043000 3968046
4089972 4146744 3990149 4101856
4077056 4073464 4158109 4176856
3886959 3870463 3851268 3851068
3950740 3873228 3902007 3867209
3898140 3953634 3883208 4012288
4024411 3907904 4104110 3959863
3949865 3802986 3997715 3873870
3927513 3915073 3894128 3899762
4039004 3998435 4080776 3969623
4116950 3960361 4060407 4037770
3851133 3780782 3951465 3817704
3898498 3836895 3825508 3910358
3936034 3810270 4025244 3852486
3968022 3940452 3861009 3894011
3929171 3861675 3982412 3886533
3931496 4048053 4045698 3936405
4227070 3986787 4142496 4120537
4082741 4223052 4302390 4088435
3839303 3788766 3854501 3923814
3846105 4001840 3994438 3862196
3879883 3955689 4065970 4046414
3984973 4075857 4133654 3931609
3867167 3748235 3803929 3705288
3772366 3776203 3739174 3840190
3969759 3893422 3994882 4029179
3876413 3881787 3785202 3965045
3864343 3813785 3836017 3764999
3779391 3894000 3668318 3871172
3973329 3876638 3901625 3834446
3909651 3927551 3894088 3954293
3789661 3580043 3719317 3805569
3782441 3717261 3553671 3768430
3913318 3907600 3899957 3930524
3838382 3847840 3746077 3959345
3844226 3706278 3717484 3780429
3733797 3829649 3658251 3826748
3976373 3871329 3886825 3913977
3838835 3876828 3749152 3973651
3737432 3856705 3667430 3915275
3760035 3693184 3563273 3596522
3861740 4040739 3813630 4168056
3799332 3883667 3902274 3975020
3728704 3853579 3575900 3991186
3796175 3704585 3581098 3717673
3956522 4040721 3784834 4222069
3818514 3792297 3731541 3925038
3662569 3700310 3692776 3731609
3742504 3729417 3890222 3701866
3838501 3907424 3850223 3926863
3917497 3872621 4003567 3901098
3704641 3775257 3761698 3765512
3698916 3806876 3880509 3788080
3869200 3952026 3847115 3902489
3911354 3863413 4038633 3929915
3793818 3576880 3758632 3731599
3736550 3713421 3724542 3710950
3956796 3779382 3919930 3895777
3918063 3895433 3892918 3818279
3843798 3630443 3799736 3738429
3768721 3767992 3770277 3704737
3834290 3844546 3923570 3843365
3969365 3962444 3893259 3836981
3767428 3794827 3780372 3829919
3706800 3905323 3879625 3765635
3917724 3839578 3934680 3945692
3958390 4052543 4001884 3970965
3755413 3696954 3791288 3824598
3698890 3854758 3886563 3812170
3910863 3805612 4031360 3962837
3893505 3982919 4088747 3919657
4034509 3832099 3962283 3898654
3904463 3886109 3883105 3960462
3971199 3813975 3868493 3853261
3876407 3853108 3790205 3947567
3811869 3764720 3844435 3732802
3740431 3765445 3669204 3902957
3901073 3826020 3926055 3874815
3836283 3921278 3813233 3975072
3996296 3843709 3872150 4012677
3914218 3811240 3714433 3856866
3884834 3824804 3820888 3926932
3857881 3812309 3708197 3832186
3851682 3734188 3769299 3831065
3625584 3745759 3634924 3767088
3930614 3833969 3860930 3894996
3885163 3859297 3750925 3924016
3813015 4103440 3784431 4041597
3897019 3945357 3858916 3922160
3842607 3947105 3686955 3960987
3901396 3815069 3709534 3879935
3736670 3822973 3613494 3894220
3751937 3770487 3704989 3791033
3848269 3972044 3737676 4019188
3837010 3847769 3730551 3825681
3874025 3860687 3878269 3938662
3906667 3901864 4042997 3897302
3845038 3837538 3787642 3853637
3847824 3681708 4007278 3933688
3686038 3813552 3715412 3778718
3775209 3774586 3903247 3783270
3804159 3856057 3833132 3880813
3871398 3798920 3947085 3881785
3965290 3770779 3979466 3818963
3857641 3839939 4013978 3864558
3838742 3683245 3844740 3766985
3924654 3752465 3878675 3760326
3731432 3651856 3761007 3710544
3815865 3671190 3825885 3723918
3936775 3703670 3801891 3865125
3935506 3824933 3884900 3859160
3978764 3836524 4039633 3953619
3935109 4052802 3996872 3985831
3844809 3892422 3912445 3850931
3811607 4039043 3907726 3921609
3807112 3697406 3776078 3818756
3724286 3984858 3875650 3771961
3903343 3826931 3902136 3935267
3890052 4037976 4008265 3847329
4008662 3900493 3971664 3893336
3957485 3935656 3805132 3912084
4052639 3923152 3911445 3898264
3966477 3953549 3842271 3956953
3959352 3858166 3831278 3846610
3761620 3897777 3799570 3929926
3936597 3831556 3919234 3830746
3868639 3827796 3695175 3844075
3975556 3890240 3816249 4012254
3802852 3888380 3770331 3894019
4010584 3886529 3862921 3992661
3881285 3878823 3632373 3951614
3905559 3768549 3839582 3893558
3850956 3894743 3727954 3949198
3928728 3758617 3827576 3935244
3802571 3857439 3714109 3855228
3910314 4043790 3816170 4015276
3914561 3938326 3734007 3935706
3867895 3995792 3723888 4089736
3818664 3879372 3738425 3915408
3847578 3954667 3663638 4001114
3880703 3806620 3715802 3892826
3838485 3964594 3727260 4068484
3875968 3848298 3795201 3808582
3834391 3872095 3837995 3915719
3872153 3913174 4000787 3872360
3887129 3922825 3732695 3947174
3911583 3863435 3999773 3874515
3816783 3916131 3789780 3817120
3867879 3849385 3806906 3843287
3850660 3859798 3741870 3836440
3839811 3881040 3902135 3826606
3894862 3782119 3904844 3915388
3935289 3859226 3896995 3877737
3939211 3784634 3969672 3846380
3906844 3838999 3880731 3862181
3730987 3609250 3917618 3777985
3889247 3788600 3822269 3784989
3838102 3693813 3885255 3794818
3906667 3858459 3798437 3853413
3882270 3858793 3931262 3876557
3861414 4105797 3988588 3879850
3863505 3879460 3995175 3967080
3906156 4041924 3995720 3975479
3876991 3760613 3890464 3898894
3851375 4008897 3958186 3881519
3868454 3900168 3905136 3929468
3872923 3987180 3993921 3884645
4121844 4000384 4085693 3974686
3972717 4063568 3954421 4116820
3940527 3853211 3852005 3891249
3850049 3837085 3782604 3887411
4055566 3899916 4022851 3930819
3971699 3985462 3800394 3974863
4013076 3872687 3852823 3823279
3887341 3840553 3811577 3861936
4123590 3884790 4008138 4126786
3871939 3951220 3909132 4017271
3891595 3836176 3781903 3954125
3866427 3868562 3739902 3874280
3952382 3799235 3973627 3970286
3856458 3837883 3755328 3926183
3865231 3795648 3814438 3949671
3798237 3752194 3738659 3898900
4005516 4107145 3855756 4247434
3987065 3977180 4000655 4088948
3768115 3943304 3719244 4032201
3810124 3849672 3716600 3811647
3864986 4037115 3835526 4126620
3875932 3957219 3738581 3889391
3761847 3926302 3684847 4068142
3778353 3780918 3759195 3773718
3948783 4056924 3955684 3966433
3913038 4041315 4134744 3993699
3852726 3901830 3862681 3858582
3876651 3838483 3980518 3815130
3937677 3958950 3837778 3935572
3940149 3948234 4068121 3899530
3783086 3851652 3837134 3858168
3858074 3802963 3906686 3830311
4005813 3819165 4040292 3969294
3988474 4038762 4051172 3970789
3825568 3729800 3903676 3769534
3872873 3761766 3827102 3744295
3944705 3776881 3980395 3848882
3895591 3851008 3908774 3851919
3788277 3711740 3868486 3819432
3899398 3766249 3778068 3819667
4023977 3903544 4052495 4048752
3990740 4156152 4123950 4050360
3957690 3791753 3866591 3881791
3826357 3944473 3939103 3876547
3864486 3901870 3993830 3928589
3891077 4065035 4035491 3940743
3851023 3794129 3894295 3914051
3839981 3937644 3947320 3852136
3911040 3852921 4036180 3878453
3886166 3859888 3755319 3978797
4032013 3899185 4124726 3908931
3908903 3933876 3869078 3984231
3999867 3837471 3816149 3813804
3728555 3867015 3662602 3769946
4042207 3896489 3923014 3825058
3898172 3988587 3876686 4012122
3912693 3778255 3788238 3944038
3746557 3768666 3731601 3857441
3933247 3913104 3879215 4036996
3895262 3912753 3772830 3982025
3827797 3701652 3801785 3832808
3793888 3792084 3666097 3749638
3987785 3755267 3784903 3899983
3866401 3819353 3688157 3836897
3870986 3991290 3733395 4017939
3837366 3748537 3728143 3901000
3922122 4071652 3743570 4117170
3953520 3904051 3840709 3939811
3720440 3856083 3632570 3946721
3749236 3736646 3686319 3709226
3868513 3969782 3718476 3984971
3913864 3804761 3635137 3865585
3838385 3895826 3837892 3874639
3895329 3843443 3966666 3856373
3901443 3906241 3941400 3926589
3869841 3940657 4062141 3857955
3730732 3775419 3762559 3794927
3714643 3737392 3858685 3723470
3858794 3888445 3841296 3764693
3862678 3802432 4000005 3936477
3841105 3823386 3865032 3830986
3839969 3700444 3885831 3772535
3970810 3868468 4079912 3904559
4024539 3922996 3883610 3811929
3746561 3705403 3770389 3676405
3867276 3800362 3795353 3720435
3894472 3719502 3924768 3856775
3911780 3831175 3836684 3806228
3836729 3792641 3870884 3849468
3869629 3909761 3967195 3862350
4021043 3900204 3952698 4010925
3981028 4125836 4168999 3918320
3890721 3734225 3835644 3819817
3736761 3906037 3923137 3824728
3920941 3858215 3909010 3972371
3853824 3961219 4019710 3886778
3986620 3835841 3984842 3838131
3901747 3881530 3779297 3952290
3914183 3720975 3909326 3800625
3772427 3873963 3776599 3842445
3907098 3751407 3813273 3805186
3736544 3835013 3732387 3987471
4018887 3938050 3883239 3942522
3967610 3955033 3854603 3975478
3886368 3774031 3795969 3993402
3786065 3882907 3767904 3937123
3827918 3729538 3796873 3786860
3700124 3788967 3762545 3865289
3831481 3733402 3814401 3877197
3735716 3830846 3742286 3856722
3927031 3767947 3875773 3941019
3923437 3851088 3769916 3932019
3812567 3957925 3754129 3986074
3854167 3816456 3843988 3905076
3749089 3918395 3691444 4012743
3809177 3773046 3608543 3811649
3794253 3784684 3694364 3997777
3856340 3754030 3716080 3833929
3893862 3986643 3796361 4113272
3886910 3924688 3773628 3852983
3821036 3886744 3830437 3891686
3833901 3857630 3982958 3896921
3731020 3842610 3768074 3825737
3876518 3829080 3957629 3875119
3753776 3724573 3729825 3842181
3853325 3827017 3917403 3794277
3929139 3935764 3858628 3891710
3921875 3922866 4056811 3877887
3852864 3721596 3861094 3784627
3896491 3801102 3850461 3817275
3862151 3742220 3745090 3769165
3786882 3619303 3830929 3716849
3813693 3677250 3840096 3757924
3856043 3787272 3903466 3776381
3906110 3786424 3879303 3907525
3972447 3827726 3853206 3892447
3932467 3801213 3905600 3874530
3879827 3996499 4001335 3911873
3867915 3718216 3823953 3869000
3786489 3944571 3890417 3848026
3830123 3836246 3870645 3839515
3860603 3902865 3953872 3821926
3993174 3865566 3972246 3941539
3885940 4030895 4079556 3907803
4077902 3929381 4086097 3982473
4037242 3974633 3941492 4127093
3913148 3789361 3910291 3829847
3868333 3845136 3814441 3937255
3965336 3797294 3944992 3834892
3851636 3872102 3810375 3947116
4124709 3854518 4031430 3871562
3849961 3924855 3834423 4032349
4075826 3905258 3949784 4099580
3986804 3971560 3909153 4096887
3888798 3745788 3795654 3900673
3793538 3829834 3684292 3895473
3877709 3801052 3805214 3907492
3824787 3843462 3709965 3840184
3977170 3822245 3889500 3931713
3895874 3930509 3779814 3947165
3893837 4061830 3819547 4138380
4021701 3900471 3892928 4017751
3881613 3920978 3735031 4053487
3868040 3763836 3708250 3912253
3861919 3908058 3767205 4084299
3886214 3835467 3680753 3715133
3887903 4049968 3765093 4106137
3859828 3928221 3793416 3914682
4010882 4064929 4005694 4059313
3951419 4043098 4105313 3964667
3794285 3879080 3772384 3873624
3833282 3835439 4026047 3894616
3798051 3894188 3695891 3823186
3874846 3860857 3888697 3832436
3904574 3957780 3834511 3881814
3882864 3970243 4043935 4027811
3928952 3917178 4041537 3955441
3936451 3987600 4035957 3980387
3843010 3714176 3814413 3788783
3929280 3826694 3945283 3801921
3856218 3661966 3883100 3788325
3822598 3767569 3793977 3762391
3933624 3762837 3919982 3896237
3954236 3860313 3892460 3859508
3925382 3956198 3983313 3983499
4026379 4079458 4096834 4016601
3903566 3817035 3931541 3943442
3795001 3997895 4012572 3854519
3849804 3802265 3875119 3887428
3794556 4014646 4008927 3822970
3926453 3814648 3992140 3990168
3956833 4043119 4134382 3961807
3867692 3776216 3903144 3748436
3833355 3900012 3752959 3908182
4093069 3964499 3947646 3931937
3889009 4052355 3891763 4019352
3981265 3913513 3879328 3919947
3835893 3857241 3877977 3977567
3946465 3740368 3870852 3755995
3829059 3840567 3735787 3925383
3791279 3766564 3730126 3894139
3803200 3850626 3667669 3838748
3997077 3885448 3865636 3898379
3878769 4019349 3803210 3934887
3954200 3778534 3822873 3932909
3859275 3858327 3697925 3921787
3861623 3742676 3783123 3859392
3790925 3724257 3718132 3835083
3808101 3927606 3670448 3981588
3863571 3774949 3697979 3938396
3976336 4059946 3796813 4143768
3965098 3977775 3813629 3932654
3822679 4015389 3701305 4043749
3893992 3802912 3781466 3840883
3854508 3923963 3693557 3987374
3792538 3745259 3672278 3767120
3764149 3803434 3737144 3825154
3791682 3787531 3923212 3771258
3984202 4026372 3938383 3903820
3992041 3920047 4014889 3913510
3847447 3882482 3807299 3903291
3834966 3882802 3974188 3762538
3828787 3747058 3797444 3773594
3823797 3741074 3918347 3788019
3728922 3684117 3803115 3747883
3862156 3727941 3813180 3690331
3879632 3763703 4011052 3876087
3912750 4003296 4007135 3864902
3878802 3734252 3962525 3905645
3912233 3810732 3892685 3808992
3840945 3715572 3817963 3748219
3829665 3796378 3862686 3749599
3829032 3752792 3903649 3874543
3812804 3990571 3916659 3812915
4024303 3863021 3957013 4008700
3953042 4133893 4007645 3893533
3907706 3760189 3908025 3942458
3910061 4089518 4018501 3860335
3775961 3743548 3884209 3860172
3895982 3868802 3968665 3859084
3931701 3833762 3939110 3806234
3789028 3892258 3749558 3910678
3992768 3826144 3890782 3822345
3790650 3859244 3796417 3993237
3981335 3881212 3902814 3973686
3900965 3925421 3759202 3959795
4146533 3891079 3934375 3915380
3959120 3969276 3812380 3967449
3931039 3867787 3820306 3873812
3761993 3830374 3766522 3808547
3940377 3753238 3846679 3924322
3855093 3824446 3759804 3870805
3886163 3892380 3880470 3863878
3854366 3906484 3764206 3898081
3988828 3783330 3829878 4052329
3900061 3918035 3750008 3853404
3824134 3982563 3615141 4054764
3948639 3729358 3682514 3860731
3805527 3956330 3647434 4023313
3831939 3846159 3755794 3889250
3840771 4033296 3704587 4105441
3820306 3848124 3749674 3879545
3933350 3999859 3750074 4086164
3895982 3935961 3813130 3943348
3833268 3886893 3866604 3841396
3853810 3957949 3955045 3847824
3829283 3902622 3796391 3849694
3841037 3847315 3978732 3872004
3810127 3922390 3827857 3878463
3945116 3885569 4092465 3961569
3861138 3881418 3896103 3951326
3934992 3831761 4070642 3927443
3863038 3713116 3924371 3762489
3798686 3891320 3829631 3755080
3842663 3734343 3909002 3717018
3813360 3869077 3836369 3737070
3850681 3708945 3881715 3804317
3933313 3850025 3888437 3854508
3938836 3787083 3944474 3895708
3950360 3968315 3930783 3867104
3905096 3885052 3964988 3899326
3803868 3974293 3890310 3843074
3898470 3829560 3893090 3940359
3914171 4040160 3921255 3867890
3987782 3783441 3893976 3909851
3944444 4007358 4080200 3940711
3919502 3812864 3911044 3947757
3896282 4031067 4066673 3970221
3971230 3870610 3989287 3804123
3922126 3949316 3807738 3985847
3879450 3897391 3897286 3878086
3842643 3926172 3850817 3992111
3981378 3889614 3915165 3866967
3850765 3911850 3722329 3932207
3910236 3757169 3873800 3850696
3760247 3830594 3748995 3940668
4034934 3795879 3890834 3992867
3837924 3857774 3667223 3856649
3938385 3690361 3917299 3916164
3876586 3828969 3828194 3876494
3930193 3797806 3819604 4014679
3806989 3867561 3755463 3882272
3823436 3831134 3796857 3925109
3731293 3837201 3691173 3888475
3886379 3963905 3777997 4115939
3891519 3799930 3775613 3908165
3845397 4068893 3680646 4097979
3853252 3844250 3853895 3881089
3867957 4104448 3788781 4050971
3913429 3810000 3780803 3925865
3819735 3888377 3642217 4014931
3840977 3794099 3789378 3884650
3898421 3884140 3797984 3793392
3982437 3913679 3989840 3835701
3826367 3963606 3869043 3825413
3871688 3819399 3973759 3831745
3839811 3852322 3841129 3833566
3916151 3830341 3967726 3884537
3855434 3838926 3788145 3797423
3786552 3828987 3862605 3815881
3922461 3795337 3903230 3858205
3994951 3843594 3899179 3809119
3863467 3774107 3965744 3767721
3860783 3790498 3866102 3836947
3863912 3730077 3882122 3848557
3898185 3795532 3885198 3857850
3839626 3700943 3850097 3701415
3845357 3746700 3794752 3821433
3913734 3848349 3940842 3937296
3931359 4016940 4062928 3883691
3851059 3805338 3903710 3874074
3899423 3980843 4043550 3925253
3900579 3848771 3923499 3969601
3838244 4054292 4012753 3850749
3800936 3789467 3940557 3797392
3862624 4051452 3834926 3890242
3997292 3854051 3861232 3916978
3853589 3898309 3834649 3971807
4065477 3932703 3881214 3913875
3906161 3979399 3804290 3976057
4073451 3905001 3861206 3857260
3870343 3934555 3791785 3985460
3967728 3917856 3936432 3884747
3914367 3902855 3819620 3886330
3917884 3822984 3851981 3896204
3838472 3861121 3733919 3907234
4033325 3837193 3842938 3895837
3837490 3850649 3803741 3875858
3937515 3843014 3845718 3963007
3875006 3880829 3783462 3936360
3971746 3918344 3910278 3876611
3843523 3934284 3730202 3910651
3847661 4012739 3754014 4014307
3847919 3897641 3730535 3890665
3826092 4064536 3834267 4089201
3872270 3894545 3754449 3875793
3840864 4025548 3735522 4050127
3831994 3909296 3791188 3949244
3966069 4052815 3782010 4049666
3883947 3892227 3720269 3874094
3808374 3886735 3791228 3899243
3912644 3852811 4017974 3960457
3932253 3899786 3836350 3881464
3891113 3881089 3983983 3882337
3882492 3891346 3829226 3872892
3895446 3829251 4177876 3825610
3913374 3886012 3879478 3916236
3833156 3840613 3982894 3829483
3879428 3682961 3906202 3805015
3939864 3846627 3884961 3817631
3858566 3760047 3928623 3892250
3988104 3869297 3851163 3816484
3895543 3687206 3896324 3860104
3926751 3835920 3910242 3893767
3889531 3736289 3964213 3828384
3937790 3835047 3871066 3822095
3899804 3825366 3910256 3894614
3888402 4007758 3960374 3934398
3986417 3825894 3945073 3933156
3938957 4097971 4060000 3903209
3892372 3794335 3956032 3926918
3908827 4009052 4055892 3964604
3869826 3866567 4047585 3939107
3977037 4037965 4034538 3974897
3904367 3948452 3927967 3877102
4126430 4025840 4097334 3980750
3669995 3818484 3753603 3656448
3900802 3877152 3934393 3802794
3566402 3767935 3709195 3564713
3871801 3771930 3862475 3790797
3872348 3955964 3990316 3836397
4139969 4026181 4133207 4031801
4046029 3914317 3963572 3916868
3960771 4045357 3779852 3942380
3861051 3694938 3711270 3762469
3726589 3838902 3697323 3824654
3812708 3690519 3759454 3697397
3707908 3753819 3623810 3720978
4074077 3859464 3867806 3979943
3916801 4014820 3837190 4012311
4058473 3903774 4013370 3990201
3849846 3965853 4054001 3894862
3818827 3873575 3781145 3792358
3636034 3850213 3822302 3759232
3910449 3750429 3683557 3727997
3674912 3831252 3788572 3654552
4036686 4004674 4035655 3973304
3888089 3976810 3937204 3947473
4054047 4020986 3859433 3907713
3933602 3902116 3893887 4057388
3883525 3788998 3672506 3799427
3807398 3783062 3775612 3835148
3902051 3779960 3583961 3717602
3752820 3770565 3761460 3946879
4095755 3926737 3868336 3973486
3939817 3966903 4000722 4028962
3955891 3988893 3943857 3987806
3857556 4001844 3959976 3875976
3812109 3898792 3768937 3829388
3699986 3798929 3771556 3712857
3827391 3820905 3695275 3690560
3707180 3578009 3715753 3703749
4007830 4001363 3958306 4053536
3817657 3913433 3884482 3945713
3997769 4005100 3877084 3893345
3863889 4063349 3846245 4061816
3828795 3879317 3725611 3803102
3699183 3899319 3643825 3808225
3807807 3670628 3617185 3692177
3677799 3877289 3662156 3791821
4009732 3999605 3824273 3911851
3915161 4051631 3883684 4040489
3801080 3858216 3795883 3731808
3885028 3893435 3986283 3863608
3924895 4138162 3975960 3896286
4243321 4190514 4077539 4099847
3681758 3860328 3869787 3686272
4074419 3867371 3960990 3867162
3760135 3851839 3820669 3706493
3988419 3964898 4051870 3946555
3885504 3875171 3821568 3789599
3782470 3903304 3770167 3894387
4109596 3979649 4097894 4031749
4075402 4131152 3937336 4106963
3903401 3794907 3795346 3853086
3840110 3942260 3721009 3947743
3914129 3844914 3843604 3833309
3825549 3894972 3706539 3872358
3891033 3823783 3838770 3824689
3676767 3890985 3800077 3745460
4179495 4045426 3964860 4073347
3907656 4100049 4129125 4029213
3920168 3855179 3883422 3840458
3787456 3911821 3838559 3809897
3949760 3893604 3758335 3837559
3700830 3944152 3826094 3805384
3940263 3786510 3776819 3901540
3799628 3820344 3875700 3866085
4249028 3965422 3998584 4059938
4059587 4063789 4025222 4109837
3960174 3869412 3813383 3847355
3817772 3846421 3887871 3890894
4007857 3869876 3773697 3865866
3826516 3746208 3900091 3908182
3801787 3918585 3753476 3826425
3747534 3843300 3787438 3862046
4148566 4170826 3934325 4131635
3990332 4009556 4047258 3968093
3940487 3885659 3850597 3909240
3860367 3856745 3879494 3889492
3735877 3961365 3817442 3849631
3715218 3839627 3856471 3834879
3979528 3846308 3712263 3838755
3809201 3939977 3771512 3835800
4172864 3962428 3947296 4093002
3969346 4133612 3950554 4103118
3984732 3993124 3770265 3808344
3772123 3957221 3771058 3914055
3909919 3889706 3740421 3904130
3721799 3903991 3822967 3963018
3676592 3869775 3867445 3794356
4126129 3952383 4036912 3867591
3934716 4018652 3954628 3871624
4184124 4040367 4058022 3986210
3901196 4081352 4046446 3870754
4116669 4085119 4157237 4042731
3786507 3955306 3898456 3732846
4078217 3988788 4030691 3943162
4003306 3843850 3868870 3918881
3896099 3882700 3728392 3904087
4013559 4026776 4031551 4024970
3952026 4045034 3921779 3991683
4131694 4000718 3956841 3995973
3995415 4070301 3908686 4042734
3994358 3826086 4015048 3954846
3895271 3950056 3803419 4001236
4002097 3922873 3865865 3870258
3850506 3984491 4011647 3819023
4070485 4016964 3972278 3893558
3873222 3999102 3985807 3955430
4072780 4031982 3985703 4025458
3981696 4065544 4027181 3978214
4024146 3942027 3863609 3959051
3818072 3938689 3827758 3800212
4051100 3773049 3816928 3940152
3864692 3866240 3919573 3901927
4023858 3954013 3859540 3963164
3967814 3942708 3989862 3994154
4064925 4008457 3943299 4039522
3995494 4021230 4086015 4086238
4072807 3884245 3819873 3960956
3851461 3891458 4010813 3949909
3980633 3963319 3778084 3914884
3947400 3896597 3932524 3922129
3956893 4075136 3862171 3956245
3868479 3974234 3932832 3950360
3960419 4168829 3992076 4071323
4018181 3959762 4037462 4004261
3847986 3993042 3784912 3903771
3857843 3922394 3935079 3913844
3903163 3880552 3764619 3847784
3831128 4011768 3806005 3970573
4022305 4024441 3918586 3976823
3886947 4158138 3911604 4080794
4059581 4046501 3875842 4029552
3904783 4115579 3956388 4039430
4076736 3845301 3814510 3854694
3755052 4041648 3878431 3999037
3928043 4126293 4084597 4066049
4162306 4195518 4211980 4055184
3683231 3868057 3768404 3678916
4005300 3908809 3993961 3860812
3753705 3886306 3871459 3736133
3988398 3946605 3948888 3916082
3695910 3832861 3791329 3724283
3976022 3818289 3969638 3830173
4162285 4022276 4055246 4067985
4100324 4187189 3919765 4096741
3819479 3716530 3770724 3825640
3818159 3909716 3782132 3862528
3924089 3891887 3839671 3899270
3793364 3863818 3835180 3913566
3960129 3747534 3797630 3801655
3743388 3847199 3721937 3801575
4131378 4078887 4026069 4111321
3951893 4135490 4111206 4020610
3911982 3869066 3727794 3874833
3718893 3822217 3891034 3800213
3814330 3863658 3813112 3910058
3757434 3902335 3973817 3893858
3927245 3808557 3757392 3855672
3708742 3878569 3855024 3810703
4135845 4049431 4002434 4093176
4051067 4090541 4121733 4143081
3835127 3808726 3644606 3798923
3914105 3836006 3900489 3914512
4026133 3869983 3821921 3924969
3916664 3822995 3929005 3954252
3829849 3753668 3685605 3838703
3799761 3821153 3864659 3955302
4119336 4205131 3956652 4127896
4039312 4137967 4136838 4095325
3810810 3938736 3770696 3806481
3796952 3805283 3804071 3863159
3889484 3936890 3814721 3901654
3833577 3807380 3860808 3842934
3780043 3880812 3713766 3822374
3653329 3821066 3740541 3782865
4175755 4140177 4049397 4091221
4001585 4119676 4035448 4158377
3874070 3801118 3737786 3815782
3705717 3940124 3690594 3955713
3907269 3826915 3780697 3859002
3760722 4021047 3730941 4008680
3893366 3907165 3696982 3800989
3753302 3984210 3790232 3864024
3583167 3874980 3772424 3666010
3927376 3908050 3948995 3785449
3697117 3732932 3755705 3578784
3928957 3814163 3893318 3730555
3684214 3804868 3812835 3572406
3935198 3855230 3920029 3822546
3785816 3880392 3833372 3812726
3955811 3926930 3990601 3880717
3914555 3760118 3743272 3820139
3697112 3884375 3711292 3735500
3740863 3678077 3703937 3729590
3678044 3723036 3634458 3744256
3832331 3775376 3805956 3725159
3825888 3844934 3757801 3865491
4007363 3812181 3871798 3830708
3817734 3888669 3841232 3833861
3841029 3799155 3794683 3796852
3710863 3814487 3795351 3726032
3816361 3738910 3707798 3793274
3719313 3808188 3800243 3727732
3877370 3874084 3847311 3830159
3704918 3818719 3821422 3709663
3925352 3865349 3864283 3892956
3767294 3912245 3923535 3792123
3825248 3805917 3786536 3762071
3833376 3770650 3856289 3875026
3835561 3704734 3577308 3748239
3736494 3754947 3762874 3823023
3891961 3842205 3693267 3759999
3834383 3844757 3853676 3938368
3954756 3945832 3780827 3850529
3808283 3900316 3896727 3988079
3822574 3839029 3806638 3786961
3709400 3716327 3740186 3813284
3744123 3874827 3758544 3806212
3711264 3708193 3746908 3745033
3697507 3937218 3777676 3887023
3742895 3750654 3806166 3788252
3896146 3946675 3895421 3866523
3801662 3829606 3870018 3814403
3806033 3741396 3671234 3823163
3783382 3895619 3767807 3776703
3766917 3732950 3635646 3788615
3613887 3848099 3671434 3796250
3881265 3825972 3693270 3801772
3664500 3970230 3744185 3891943
3965974 3824010 3771554 3812797
3893015 3952881 3776917 3950964
3680240 3836818 3869555 3736973
4058684 3928136 3976346 3875909
3828429 3922036 3903818 3762425
4098218 3981513 4082818 3962010
3843086 3952596 3773112 3761284
3995744 3909480 4020605 3879179
3730891 3715158 3783948 3665540
3964922 3807169 3873799 3787107
3950761 3788539 3860151 3860237
3814276 3909057 3768800 3867256
3971742 3917211 3942392 3934770
3904351 3994450 3835657 3924309
3923407 3790293 3875948 3852247
3851255 3886390 3725059 3851389
3806710 3681137 3790182 3813356
3789429 3832540 3679992 3915792
3941059 3838522 3834981 3850620
3823358 3828895 3916335 3762553
4086839 4013429 3896110 3896045
3833503 4039217 3961078 3855285
3983202 3899806 3883326 3862337
3743485 3921233 3811113 3806545
3790388 3849565 3764540 3793091
3609157 3798076 3865549 3795908
3961298 3880706 3729759 3886476
3858728 3796559 3856824 3930004
4052032 3902036 3842638 3936851
3859737 3962567 3999899 3910328
3962902 3895907 3826611 3861228
3845709 3920070 3874311 3947970
3866978 3742798 3628321 3848470
3759985 3810662 3789708 3785561
3818253 3927350 3771199 3886259
3849779 3825829 3900738 3879640
4034607 4038278 3850764 3925556
3913951 3929467 3993705 3892395
3844002 3983918 3856712 3976377
3776133 3814962 3862476 3887326
3837087 3820128 3767438 3859088
3681454 3774118 3790159 3752327
3908228 3834345 3733923 3841760
3755896 3854384 3779543 4025505
4068397 3956050 3841116 3897623
3919008 4075736 3820567 4024565
3976793 3923862 3795946 3901922
3780525 3945749 3726001 3946771
3840325 3841982 3697244 3696790
3816798 3906281 3675027 3810083
3854590 3975856 3975927 3797974
4170438 3974659 4017652 3885381
3733913 3903931 3868772 3725019
4078629 3998316 4127105 3947936
3723936 3926082 3818526 3784859
4018265 3927744 3929295 3936988
3653348 3841884 3813391 3678992
3897659 3791283 3882345 3870627
4014230 3798596 3914788 3879135
3897141 4022994 3846253 3924282
3968748 3823018 3920616 3909804
3906767 3890554 3792343 3922636
3967649 3789317 3907526 3892327
3850612 3856098 3784519 3849888
3893844 3735827 3770900 3722533
3809917 3829454 3721918 3858772
3995284 3922437 3972211 3937938
3856231 3994102 3974177 3908353
3992982 3917290 3933135 3905879
3821031 3945793 3934192 3856312
3878976 3862998 3796220 3843895
3844370 3871007 3797869 3803006
3883792 3751481 3832266 3840719
3654616 3804319 3731508 3804810
4062023 3950604 3865757 3918349
3929639 3967712 3918321 3990981
3947084 3857405 3833776 3853963
3890737 3956271 3941700 3891639
3886423 3878126 3757521 3796459
3842353 3911886 3807687 3868287
3912769 3772546 3737485 3784790
3724628 3762065 3748299 3870419
3896841 4052912 3942388 4018832
3871761 3934002 3879679 3939064
3875767 3894328 3869599 3875375
3760129 3873588 3802483 3885526
3859897 3955792 3780132 3790135
3859900 3744187 3803666 3808608
3781819 3886995 3693498 3842345
3761801 3801813 3789177 3745766
3967712 3924100 3885270 3950834
3838936 4036436 3757448 4037468
3905670 3924668 3818442 3824161
3767113 3993784 3841036 3965185
3894985 3901633 3832198 3778374
3783334 3940349 3808281 3953680
3889790 3799122 3711741 3863254
3680513 3938366 3746406 3856481
3758943 3836142 3781191 3657955
4026147 3975005 4010640 3794685
3778801 3961026 3888838 3733082
4080708 3957336 3983994 3940452
3871516 3975066 4004580 3746959
4105048 4097665 4032330 3972042
3887185 3990863 4032122 3853836
4044587 4038406 4136419 4027030
3943386 3815780 3825054 3798037
3810171 3798758 3801865 3865807
4005694 3858933 3928512 3824473
3876846 3977103 3799755 3874711
4026980 3854870 3946678 3960359
3933779 4080639 3884633 3969735
4144023 3935209 3986493 3971517
3973591 4129813 3783376 4022530
3959329 3829605 3848293 3836645
3726993 3818348 3889056 3790305
3952070 3850175 3858011 3914808
3769220 3966496 3978985 3822907
4075485 3928675 3907556 3979988
3881870 4006728 3952400 3875534
4034632 4013093 3933076 3989667
3939287 3959973 3995137 3892262
3998072 3816132 3808420 3817782
3804910 3749206 3818614 3924635
3886894 3844365 3765840 3853235
3866322 3899996 3907768 4116573
3999655 3955260 3827619 3938863
4029115 4014412 4007072 4055711
4112284 3962569 3928370 3932203
4026683 3974144 4004934 3982574
3826428 3919120 3798841 3864684
3856938 3810175 3907200 3780864
3865985 3968373 3877202 3888689
3847754 3895624 3772275 3879344
3930978 4126378 3894844 3991153
3923305 3937883 3886363 3928771
3960770 4021621 3902260 4030214
3890990 3989815 3950507 3926162
3843203 3792796 3739094 3724844
3748325 3964376 3729381 3919858
3983285 3872736 3858346 3814855
3790410 3989928 3837680 3965870
3944644 3830780 3753003 3913594
3866858 4031062 3909493 4069488
3994863 4022400 3862808 3993720
3909494 4070999 3969775 4044176
3847475 3932710 3978206 3663321
4035264 3954454 4081393 3990182
3782214 3915490 3824549 3738615
4000823 3963523 3998740 3865856
3844269 3923373 3868777 3690013
4145215 3977877 4104948 3922489
3759042 3873004 3880104 3787268
4023915 3976185 4026186 3886097
3974768 3794759 3843282 3904786
3882671 3893096 3863967 3980789
3955258 3860235 3852573 3848860
3876209 3899855 3762151 3872570
3944774 3905108 3979296 3885433
3968646 3928825 3838030 4009132
3964416 3802900 3874050 3914854
3833676 3912191 3776137 3926221
3957792 3944462 3857709 3937558
3806769 3983443 3898420 3849716
3977858 3947674 3910739 3907478
3755794 3948968 3867044 3807807
3936510 3940513 3947304 3958696
3822004 4042534 3884908 3930773
4015269 3882136 3853408 3950550
3802138 3983464 3933969 3808791
3971116 3963259 3795086 3890749
3864484 3823176 3884908 3948420
3976766 3857072 3769652 3810277
3818792 3858002 3891632 3931987
4115870 3932845 3875475 3937459
3897216 3887119 3954077 3974550
4009553 3794734 3744959 3897524
3926786 3944446 3999987 4013068
3888939 4054108 3884402 3919470
3866399 3866823 3914508 3894589
3857222 3984879 3848563 3881453
3789388 3862431 3913109 3938997
3990272 4042497 3902474 3889909
3940433 3894391 3910320 3904375
3802705 4007016 3802907 3927199
3839046 3796816 3811150 3887336
4015996 3907363 3820307 3901178
3911326 3971814 3847152 3899115
3875833 3934495 3884982 3789248
3798331 4015373 3802220 3923046
4025169 4052601 3857218 3947463
3906837 4122302 3926219 4025133
3912605 3913647 3781606 3891449
3824092 4107249 3819626 3964062
3789039 3978272 3972724 3865026
4136598 3984503 4115452 4013907
3876503 4003298 3921769 3888193
4133991 4065364 4116173 3973495
3774381 3878785 3800621 3774608
3920858 3865033 3953057 3887750
3900934 3908734 3946499 3760954
4112625 3939091 4052125 4011777
4011526 3874537 3876398 3909045
3863931 3958353 3893238 4006974
4078612 3800664 3925159 3892135
3839695 4002643 3833587 3983132
3940740 3671359 3868900 3794460
3758731 3770482 3730552 3884910
3982088 3857274 3865366 3888994
3890819 3933130 3739859 3927469
4021221 3960374 3992431 3972021
3867316 3990064 4079436 3869046
3940653 3949032 3946593 3955479
3792215 3990836 3969251 3862597
3925275 3833879 3863643 3897011
3686599 3864553 3767549 3803889
4026352 3927194 3835950 3849556
3838911 3939198 3892885 3859337
4154142 4003825 3861349 3937012
3910251 3957492 4006763 4019730
4017637 3948246 3857206 3928575
3997491 3981219 3986357 4018590
3936514 3777138 3726760 3794685
3878701 3833596 3862048 3810139
4073533 3835760 3835504 3899745
3796334 3959324 3913326 4019976
4031203 3956256 3934504 3958428
3914388 3975614 3864887 3887428
3926162 3952794 3928547 3990422
3908345 3970932 3944011 3919194
3817241 3927762 3787978 3881160
3686499 3809080 3775478 3747792
3860897 4009291 3898638 3935674
3877163 3847552 3871055 3930288
4011927 3947270 3839976 3938112
3892766 4119522 3877369 4042092
3941175 3963738 3847092 3954191
3846591 4112715 3900449 3991371
3853927 3908288 3808500 3844542
3786782 3969274 3789652 3850004
3992764 3922834 3781717 3873324
3791653 4056899 3815293 3950047
3716370 3890631 3869316 3711967
4041184 3918815 3994836 3818092
3722801 3853240 3817450 3697116
3958239 3850160 3860023 3847035
3828086 3792289 3844913 3779719
4019146 3949648 3983367 3866858
3748211 3901397 3870973 3774489
4037901 3938546 3976464 3933940
3946463 3826242 3890978 3833183
3825509 3927290 3733574 3816733
3818134 3737765 3714772 3755563
3838118 3866726 3748971 3721698
3866103 3700258 3788906 3848872
3800752 3838888 3749972 3786477
4016372 3789847 3909130 3844533
3827257 3949623 3760179 3951238
3839222 3856017 3837842 3857675
3845540 3959840 3954248 3818395
3880845 3798756 3800419 3798530
3686272 3837180 3794192 3756275
3944433 3848932 3849938 3916565
3707895 3862007 3857780 3826803
3966961 3930148 3831886 3902724
3856298 3996063 3880214 3815607
3991719 3867005 3686785 3869473
3828447 3880036 3933179 3891583
3876123 3835772 3708220 3815450
3721350 3823737 3833916 3899178
3874323 3872493 3709466 3837835
3835214 3850992 3869361 3920392
3982884 3954978 3778725 3876120
3900201 3912425 3952626 3973487
3882151 3947269 3838547 3837495
3768902 3873522 3851056 3928650
3932170 3931009 3723912 3785801
3685344 3700520 3747574 3808682
3883237 3924778 3765032 3910196
3856258 3856086 3826693 3767529
3894823 3959899 3782133 3999742
3806548 3885914 3863322 3855723
3981228 3854874 3882491 3829965
3748429 4037387 3880898 3954898
3889872 3733877 3717922 3791771
3731562 3886389 3792603 3923530
3885461 3857607 3743715 3828746
3697171 3979505 3773634 3903401
3940038 3830449 3793965 3895575
3764065 4017374 3854296 3917730
3798962 3893384 3898137 3760661
4060950 3984090 3972017 3911227
3743159 3807212 3820686 3728002
3996565 3919712 3902177 3824344
3895087 3931432 3890631 3834210
4063281 4079639 4028794 4041176
3614847 3809526 3759334 3726525
3938468 3915329 3953091 3787210
4008299 3817455 3925064 3878475
3920506 3950404 3765633 3993501
3876612 3753103 3782680 3787904
3818331 3843543 3725439 3884528
3999350 3883472 3901388 3957684
3916212 3929074 3920372 4085425
3836917 3657137 3734592 3729607
3656388 3895792 3777715 3823125
4024592 3886408 3881525 3901925
3792530 3998857 3959016 3890214
3854808 3813420 3753261 3812262
3718339 3883865 3800259 3719603
3980820 3969235 3955692 3942413
3806904 3960152 3903528 3975443
3880259 3711989 3779736 3812638
3731607 3837296 3795474 3826049
4034482 3926742 3769144 3867328
3859081 3920737 3859165 3884938
3878108 3768896 3691572 3752593
3820176 3785275 3878877 3880256
4059354 3920875 3901039 3902438
3949150 3960932 3971697 4019265
3869498 3766026 3686494 3826951
3804239 3787928 3777365 3883921
3875724 3880725 3841833 3830998
3859080 3852493 3985472 3848949
3751194 3788468 3817828 3781235
3736327 3696383 3730367 3850712
3904124 4061019 3883414 3963668
3837285 3949216 3947942 3961197
3801141 3837812 3729036 3808458
3764335 3715725 3808209 3756744
3951060 3798246 3841878 3911732
3750956 3987003 3860731 3917553
3872102 3783505 3722271 3876029
3789555 3942301 3675437 3872573
4023187 3906881 3935319 3915856
3834402 4103587 3793307 4005373
3823652 3804183 3697309 3757138
3666174 3944237 3649432 3911307
