3814653 3889722 3901062 3685201
4027120 3709677 3920635 3905702
3951495 3995359 3976483 3854113
4068765 3798825 4060784 3924957
3899010 3915677 3919140 3765796
3926038 3743380 3966658 3910173
3888740 3910270 3837372 3816295
4014736 3764524 3896726 3905110
3782160 4191809 3974905 3805548
3769145 3677740 3865656 3929650
3880604 4166485 4084078 3909872
3916883 3918261 3964647 4038623
3864869 4125647 4050913 3887049
3887613 3848106 3984986 3990312
3844543 4131441 4055050 3826164
3784432 3734361 3890540 3963171
3797181 4028612 3885289 3857504
3772974 3932805 3803107 3695783
3955689 4158170 4021527 3980957
3907355 4016591 3949648 3842886
3831031 4106044 3946065 3942215
3937023 3938958 3759931 3721759
3828871 4046444 3937662 3897020
3906612 4005126 3831039 3730435
3875903 3864028 3958323 3700803
3896810 3945879 3786956 3791343
3962662 4040661 4087516 3748197
3947471 4016500 3918199 3944872
3911911 3869660 3905068 3721149
3843014 3998121 3837777 3856585
3947480 3885696 3984045 3758603
3896311 3900276 3859071 3839172
4029313 3938041 3833055 3914433
3910049 3867626 3830890 3709786
4123405 4042548 3951576 3947103
4000178 4008173 4021132 3814870
3979330 3962671 3867123 3878734
4013485 3992331 4047893 3759737
3998573 3936501 3970604 3940883
3994041 3916385 3973718 3741669
3883420 3827527 3888857 3808466
3908791 3913667 3911558 3804492
3996325 3846368 4007910 3920570
3956223 4041985 3994119 3868178
3936065 3764656 3985500 3794722
3925678 3960975 3944444 3845125
3849274 3916590 3951471 3865592
3890445 3853235 3903274 3720485
3835459 3900418 3945418 3703595
3981733 3701043 3949740 3856116
3925527 3910953 3911604 3752276
4099523 3711002 3918492 3844507
3831487 3919582 3933442 3710055
3960760 3759104 3982365 3841256
3828352 3830249 3885997 3688285
3898135 3633543 3813240 3922114
3830846 4179528 3879120 3775885
3821887 3869464 3793237 3924525
3822279 4130737 3960991 3841212
3907451 3797614 3793975 3962665
3820469 4119010 3989966 3822541
3757130 3825070 3885505 3989273
3684351 4075119 3958188 3758320
3806086 3787884 3784338 3921912
3778497 4102208 3907872 3912788
3839372 3957323 3778434 3743364
3827007 4006043 3936755 3914172
3977392 3976197 3754374 3819872
3843010 4031254 3955907 3885151
3820804 3990729 3911867 3762329
3761087 3986224 3846505 3757681
3816308 3793041 3730804 3729696
3910583 3926838 3901761 3733128
3915975 3926630 3816858 3828916
3966719 3921607 3965086 3797332
3741210 3952092 3876203 3834168
3970222 3907451 4048408 3783792
3869837 3980217 3866119 3779514
3897536 3865433 3898617 3667548
3774920 3988180 3767739 3793936
4009227 3930296 3823070 3834144
3920409 3842743 3934038 3724838
3972815 3939768 3919274 3824806
3938616 3928004 3967354 3693662
3967439 3944482 3946721 3805590
3900479 3912346 3974106 3699959
3884446 3899450 3830944 3819734
3907567 3869011 3871874 3654441
3915862 3825986 3870907 3745235
3869912 3892333 3937503 3880252
3921162 3897732 3896772 3685717
3961545 3954780 3941038 3770625
3862067 3816942 3972063 3815021
3868731 3954060 3981426 3854257
3872015 3793245 3893120 3710100
3871791 3880239 3881110 3750684
3969575 3944352 3946963 3738793
4116154 3835882 3882592 3978821
3656524 3735199 3751444 3579358
3918817 3639331 3726105 3760412
3861020 3871716 3934098 3747362
3996936 3762204 3888761 3783653
3881745 3889125 3892272 3776463
4055868 3710223 3978909 3875848
3903738 4218269 4042789 3884488
3903263 3903756 3913104 4047278
3665109 3936356 3818442 3686602
3674391 3712104 3775931 3823793
3798448 4129116 3956979 3752222
3835671 3773593 3812012 3872773
3808733 4136765 3976044 3863814
3833881 3856265 3887562 4055130
3845213 4151720 3959753 3979036
3894148 3992447 3892821 3836006
3678919 3902734 3777450 3747983
3781550 3821869 3684367 3615594
3774094 4046311 3884498 3862189
3907738 3911869 3809122 3750976
3871225 4029104 3976687 3996836
3940470 3995260 3806078 3770522
3997095 3940358 3975889 3873043
3874765 4058601 3907123 3934663
3799973 3811166 3858209 3696776
3723753 3837040 3669310 3812990
3895086 3855743 3942323 3655101
3854622 3901944 3812148 3815958
3947722 3865327 3983451 3785565
3821880 4070044 3838664 3804748
4172750 4033884 3968396 3910841
3990135 3949304 4097740 3791714
3857330 3875395 3886660 3745007
3807848 3820772 3850209 3556611
4020355 3824225 3940554 3884131
3897484 3855031 3874430 3713762
4034897 4020407 3815397 3873521
3994696 4007829 3948393 3747635
3958559 4004121 3926241 3823436
3974037 4034333 4064198 3852514
3751858 3713281 3823341 3659865
3803427 3801923 3726963 3741314
3922312 3744518 3931709 3801982
3860019 3904868 3830845 3691977
3891079 3878542 3895399 3787074
3867926 3983160 3919728 3780004
3811307 3812364 3805040 3680011
3939373 3683452 3889495 3789326
3791610 3786677 3836860 3710921
4023161 3647567 3850480 3755974
3930293 3968830 3965818 3744417
4133267 3719342 3986652 3892278
3777759 3800834 3866084 3636175
3962743 3649733 3885442 3683560
3684844 3975550 3907579 3700745
3729757 3740909 3733974 3778359
3788421 4136939 3920060 3848978
3786440 3825910 3819325 3966990
3847743 4174391 4036905 4017706
3872760 3761764 3862426 3964600
3726898 4028850 3874748 3655675
3707186 3737297 3774125 3946213
3677290 3942138 3874018 3812668
3795733 3831524 3649512 3614377
3805752 3899087 3882704 3891063
3797442 3884622 3708314 3686061
3753151 4154053 4003594 3850335
3913282 3963711 3826019 3807719
3621201 4008356 3854225 3803386
3681381 3885035 3704133 3675845
3734456 3714370 3876620 3678510
3716102 3880825 3724897 3786196
3876361 3822581 3912418 3746687
3775572 3873772 3714371 3831705
3991075 3988669 4003056 3843350
3857335 4032263 3878508 3835793
3849329 3767255 3974118 3639811
3793275 3900077 3684384 3805157
3920654 3796585 3748369 3765867
3894749 3877481 3923091 3574474
3895925 3837286 3785161 3829150
3934056 3926048 3861527 3691692
4082146 3921637 3926943 3925545
3946368 3991011 4034225 3740361
3855897 3833927 3772066 3729485
3855518 3885181 3847447 3629879
3818494 3721163 3789205 3731059
3828136 3851363 3782203 3670118
3927408 3730032 3898906 3677208
3813704 3895929 3861596 3718008
3945165 3872901 4065074 3853650
3956509 3954019 3902723 3849902
3774266 3722147 3796182 3703092
3728332 3814388 3808945 3698214
3932141 3933759 3962123 3724568
4040949 3773520 3952091 3877675
3750765 3802838 3750001 3665198
3934370 3665869 3801519 3766238
3932729 4030288 3907916 3818357
4093873 3773112 3980189 3932248
3846891 3875517 3888125 3739378
3991718 3667404 3940603 3783752
3808424 4118446 4041249 3906657
3855855 3821898 3887319 4013720
3820514 4068598 3948514 3706170
3749997 3711758 3819560 3904779
3878854 4180486 4031981 3849504
3917296 3833002 3943012 4107222
3754871 4056976 3999418 3800629
3778219 3824420 3851425 3905201
3860233 4107086 3969372 4015993
3828114 3934813 3808685 3816455
3658959 3952077 3849470 3762827
3708847 3868596 3703382 3694055
3818134 4135211 3997413 3832171
3960663 4021721 3913532 3819178
3766047 3967422 3934800 3876447
3840847 3971994 3799302 3773739
3982592 3891043 3954351 3778788
3878470 3951518 3866416 3875026
3886185 3822647 3829309 3598451
3745913 3864453 3745247 3757168
3986593 3968707 3951728 3842187
3908538 4051135 3888853 4026665
3792936 3805593 3847536 3772861
3890570 3908958 3820688 3813620
3994874 3868885 3991177 3829833
3990716 3966528 3950073 3788579
3809120 3824090 3769112 3786508
3858636 3781770 3883946 3563264
4107278 3957071 3925979 3917340
4040031 4007908 4023168 3733691
3954657 3886277 3834282 3749652
3911396 3873509 3888810 3694820
3953452 3868363 3993883 3817494
3913334 4029746 3946382 3769056
3903738 3716022 3843639 3782422
3776006 3796766 3879513 3715889
4030214 3820929 3941104 3768200
3903978 3976909 4010092 3860777
3923121 3770388 3889848 3691869
3803697 3864281 3892462 3711176
3699235 3742291 3773894 3584744
3886491 3569966 3726548 3700514
3784659 3874031 3825785 3614641
3871194 3637053 3772368 3721261
3822516 3798258 3864336 3659203
3953403 3717226 3758564 3799309
3844839 3884421 3814821 3651245
3993151 3746269 3983450 3858611
3612186 3908640 3884892 3713336
3601052 3642443 3727022 3801833
3792959 4136102 3957463 3736332
3722283 3733741 3719921 3907724
3622169 4092424 4009837 3779878
3829026 3608163 3888257 3841671
3785325 4056018 3914826 3839545
3811753 3789763 3818972 3954288
3682477 3865109 3764801 3761107
3676207 3716599 3631620 3617649
3643615 3963306 3798991 3898181
3796806 3814369 3717455 3598874
3706352 3964136 3882130 3858812
3807923 3843836 3784179 3682213
3729939 4018751 3895317 3854832
3796181 3931960 3823419 3804696
3703092 3755318 3780819 3557432
3715371 3805924 3646434 3733725
3828881 3836109 3878943 3710489
3801349 3874458 3715773 3791650
3785301 3857291 3863079 3748558
3780109 3871227 3826609 3746144
3845510 3788018 3863907 3758098
3863253 3942161 3752870 3813555
3826810 3761758 3688749 3664485
3770554 3777846 3745056 3574393
3886377 3878261 3796377 3749789
3812054 3812250 3889294 3655235
3937859 3961873 3807223 3731172
3902553 3898652 3859526 3759098
4000737 3872796 3838369 3848778
3971667 3889681 3966416 3643516
3723884 3589347 3766668 3577384
3724407 3679275 3743812 3623054
3853117 3714028 3863176 3735182
3776735 3879762 3816905 3751965
3850787 3805024 3826975 3736453
3880194 3891104 3856673 3729139
3929876 3797405 3975262 3669935
3831805 3879642 3858567 3740103
4016295 3945110 4090617 3808797
4105564 3825128 3987303 3989951
3722001 3712703 3929035 3673578
3905315 3654482 3770388 3780820
3734978 3827396 3836057 3586778
3895013 3552021 3811086 3756299
4001573 3945881 4037101 3790345
4126716 3851696 3977237 4005430
3931510 4213746 4069282 3914561
3929770 3924698 3909814 4051146
3835365 4056089 3945096 3802227
3762839 3747484 3842563 3920557
3752813 4003759 3933597 3776532
3761126 3695147 3829468 3888041
3966707 4137258 4043087 3880016
3939014 3927370 4016303 4064869
3868044 4026884 3976658 3925784
3978684 4065967 3812176 3828342
3744851 3905090 3899722 3852960
3821745 3870196 3659985 3572852
3707165 3832935 3881752 3875002
3825957 3825644 3740735 3626642
3834178 4135238 3995826 3949429
3949856 4071639 3879531 3838189
3953454 3945504 4055343 3917164
4009728 3998394 3842447 3905189
3843100 3801056 3811892 3635321
3795403 3864413 3713378 3678117
3828007 3869370 3892660 3765376
3784784 3898319 3754146 3825197
4004752 3976117 4168378 3782917
3877204 4051277 3942524 3930850
4052130 4092482 3926479 3864674
4002006 4068333 3990723 3771552
3877875 3847964 3873572 3849220
3887031 3842926 3893322 3637282
3936951 3859515 3763111 3713351
3874844 3856880 3882124 3612063
4082982 4096776 3999450 3882564
4037643 3985534 4109283 3777401
4033671 3848339 3990457 3821887
3948462 4025674 3957015 3901228
3776715 3765049 3779443 3667601
3837283 3892848 3851804 3698725
3789707 3797561 3834598 3703291
3851716 3849554 3806248 3705666
3940559 3920567 3962405 3907985
4020863 3973728 4058136 3922122
3954373 3974228 3990533 3769618
4101944 3789171 3989257 3919697
3781683 3725892 3785545 3619292
3967817 3598089 3780095 3728395
3893777 3874687 3996160 3758826
4042846 3759490 3926825 3825377
3952359 4021508 3985777 3922949
4221938 3851938 4025787 4016612
3829349 4248648 3993986 3965063
3950105 3943429 3993107 4050156
3711606 3971651 3847848 3727456
3677658 3624995 3722495 3862713
3817411 4163419 3959918 3893404
3766269 3798990 3917619 4006949
3894588 4277056 4141776 3933622
3972599 3908252 3926373 4031562
3875786 4216620 3977593 3990140
4004021 3985384 3853101 3851498
3625576 3943085 3777472 3780459
3694684 3802708 3662496 3618876
3740855 4148577 3924631 3892769
3900468 3996344 3862556 3781932
3870876 4140725 4091773 3999930
4013309 4049562 3892645 3878978
3934599 3979982 4032993 3850010
3869279 4026443 3895387 3944078
3742457 3750665 3775718 3682392
3683590 3805749 3629146 3751500
3914321 3909995 4016495 3870400
3869295 4012393 3764176 3892653
4003867 3975765 4020649 3878313
3989661 4012388 3892525 4021837
4016820 4072004 3970737 3873347
3987287 4048233 3956299 3709682
3856812 3751098 3782822 3810089
3842796 3811841 3804929 3606572
3991951 3970877 3927448 3864895
3989337 3949996 4013839 3695657
4110714 4038334 3994797 4004987
4022119 4021454 4048276 3759189
4006410 3875482 3989096 3823123
3972907 3960442 3955696 3854702
3777118 3750199 3787824 3645527
3801093 3776331 3753199 3705734
3983526 3894031 3983707 3762613
3943243 3957372 3960689 3782419
4016580 3950530 4020163 3887341
4000252 4021149 3999474 3794860
3817065 3776111 3775329 3714386
3936633 3680576 3877660 3889475
3875199 3901702 3959637 3752106
4039076 3893061 4017569 3945777
3868203 4004520 3989744 3844390
4113426 3806639 4018597 3982884
3769694 3762547 3799330 3684788
3850451 3560759 3734358 3773224
3713151 4117508 3970357 3824128
3761281 3837478 3816904 3920031
3866214 4252835 4040379 3921369
3836491 3834657 3928858 3990915
3957474 4219384 4061483 3942805
3879085 3887646 3959638 4021006
3748846 3909302 3856009 3713114
3740498 3699126 3753698 3785905
3721220 3910593 3849984 3887041
3767153 3795737 3656960 3586611
3776711 4087506 3998469 3922863
3920403 3992544 3810864 3829018
3889458 4091360 4087288 4010962
3981780 4007785 3917627 3855268
3614542 3978493 3834782 3782606
3731795 3815443 3621142 3603469
3776335 3839893 3926302 3765363
3823722 3871026 3719736 3700482
4024419 3983148 3977730 3782707
3899988 4028578 3812538 3840781
4031072 3967189 4055952 3841193
3979162 4092122 3891725 3922275
3822220 3754447 3800651 3626957
3707662 3848446 3662077 3732206
3897396 3837761 3752751 3846642
3873858 3886759 3791842 3718536
4079307 3991907 3940803 3879725
3953794 3983544 4041470 3760393
4058976 4105339 3990194 3905224
4085880 3981345 4092416 3735885
3747661 3838389 3722522 3733947
3783413 3719083 3809095 3582973
3810329 3730135 3821146 3608728
3817170 3911726 3892023 3713093
3874045 3882535 3931177 3835101
3947265 3966088 3989500 3853864
3950905 3914358 4005450 3851562
3873697 4042424 4041150 3858179
3828506 3684052 3757401 3624473
3775504 3843030 3787369 3627972
4006577 3932977 3994099 3731274
4142262 3815772 4004992 3877724
3962753 3950354 3947282 3726966
4001579 3809668 3937274 3944753
3930458 3947241 3902598 3740035
4014647 3688357 3883419 3849650
3885004 3877780 3851812 3647952
3904551 3773394 3898632 3799854
3840878 4157921 4083824 3910775
3872827 3792887 4013637 4013244
3899878 4143070 3983244 3807592
3895601 3814490 3882083 4088409
3801318 4134586 3950437 3837210
3901851 3837562 3862810 3976587
3845746 4116979 3958991 3787534
3809063 3739730 3818821 3974907
3824714 4070998 3982664 3946177
3955934 4001179 3823970 3897690
3837980 4088620 4010482 3950853
3817058 3912300 3834254 3780416
3806600 4003250 3906092 3857496
3962532 3936971 3857894 3702685
3769400 4060231 3945600 3809094
3897415 3892458 3726991 3688245
3918106 3954787 4034790 3754445
3837424 3959221 3912983 3873301
3948176 3957849 3968184 3712352
3853797 4016356 3851026 3793300
3963543 3961338 3944308 3758275
3890581 3889858 3747187 3812089
3874278 3814304 3996900 3748122
3888084 3944617 3779920 3848359
4017553 3986604 4013359 3856067
4005227 3978569 4019299 3768615
4002249 3952438 3908996 3874582
4038169 3874183 3997953 3705852
4016871 3962782 3865072 3855640
3926945 3969994 3933629 3797442
3941422 3899546 3868619 3852318
4016593 3908534 3905288 3671675
4009387 3885231 3935037 3865296
3924777 3972094 3978521 3869865
3952053 3876073 3977715 3818637
3986454 3901689 3983001 3830385
4014725 3835070 3873838 3796043
3928529 3965488 3901719 3778317
3883716 3804193 3937776 3747435
3860906 3870077 3962907 3764752
3776706 3857269 3805137 3620077
3891866 3551448 3912454 3779561
3791008 3745305 3730541 3616340
3876861 3646202 3792031 3757936
3850746 3902382 3940640 3680996
3962188 3768133 3860316 3869003
3815294 3882638 3890230 3630907
4090380 3648502 3893773 3770359
3689680 3987582 3873946 3825721
3751067 3726461 3808597 3853936
3755523 3998191 3886636 3729989
3750306 3626781 3744362 3856496
3889451 4162143 3987711 3892869
3851025 3727485 3812388 3925387
3750608 4086053 3880985 3833804
3761195 3692354 3857644 3957406
3654537 3946333 3812772 3832479
3872681 3816753 3722505 3648416
3658486 4040732 3830108 3790087
3751666 3804495 3713031 3608790
3809971 4010845 3840945 3854694
3823204 3917946 3874427 3768107
3739411 3967813 3844202 3916676
3864315 3878472 3752230 3682171
3794602 3783710 3877262 3657083
3697995 3918501 3651215 3736391
3799368 3830980 3898123 3689830
3779135 3839802 3710277 3762370
3895417 3903670 3966132 3749635
3837124 4011988 3831784 3813030
3828516 3852616 3927871 3804104
3844608 3921126 3807682 3807334
3839197 3859803 3787390 3785613
3893893 3836827 3861420 3550581
3836388 3807410 3760165 3785192
3798423 3810695 3799968 3641571
3925957 4020400 3909605 3815653
3961263 3970403 4039870 3749591
3901846 3939416 3932833 3783410
3968584 3880053 3935195 3641450
3801332 3733709 3758673 3713701
3828075 3798147 3831987 3681130
3789355 3710142 3810592 3672412
3663865 3809822 3754230 3666307
3892744 3854914 3892706 3738899
3852175 3967725 3853994 3837757
3838220 3796222 3946705 3784408
3836567 3942758 3868986 3759603
3855633 3900472 3937989 3696472
3963258 3693402 3885622 3949656
3825255 3980420 3907086 3790544
3982419 3741603 3905853 3837069
3831722 3959468 3855008 3700353
3964723 3762864 3912353 3901397
3906516 3879543 3918484 3782940
3973539 3838826 3951808 3850756
3824285 4087527 4004927 3797047
3818833 3839412 3859247 3957761
3871375 4117116 4026444 3806786
3863134 3866758 3954230 3991220
3852070 4073465 3974922 3858033
3868882 3845041 3909175 4018702
3756188 4164322 3984002 3879310
3891361 3797658 3919312 3934440
3754799 4046230 3978931 3848897
3861811 3973295 3791403 3747130
3844515 4115648 3947773 3925759
3891769 3962801 3820292 3775266
3846389 4038722 3951279 3873817
3874270 3840573 3778644 3725180
3843641 4065405 3972648 3942587
3894123 3927578 3841582 3801716
3969475 3862081 3945284 3847248
3905045 3970218 3765868 3853191
3901949 3898012 3950712 3752517
3896874 3908397 3796873 3890108
3991429 3921972 3948138 3779312
3910635 4034332 3840345 3847560
3927653 3939379 3945356 3788324
3913214 3941915 3788293 3918925
3970946 3915292 3912843 3837320
3972194 3895385 3920677 3656689
4080042 3918077 3918942 3849084
4004423 3965910 4024673 3734439
3975963 3979671 3879259 3858470
3945980 3850455 3984322 3545111
3967831 3901749 3941618 3857621
3999122 3897122 4007812 3659208
3891863 3787664 3879434 3744887
3900131 3921933 3897004 3802899
3891549 3860218 3893146 3820634
3916624 3992355 3946318 3768605
3970701 3798900 3995358 3784046
3951448 3955338 3998218 3694988
3897845 3873955 3852074 3830345
3925436 3925352 4019832 3786764
4001561 3913165 4024689 4033121
3923278 3994190 4040545 4068492
3842598 3736323 3917655 3869711
3893603 3986862 3854306 3984798
3769552 3803592 3763833 3985153
3775340 3839965 3783884 3850924
3898028 3855808 3991099 4029145
3924086 3986951 3966619 4019187
4043268 3956584 4061255 4011245
4106343 3995611 4022242 3851246
3906589 3802938 3876923 3851921
3864032 3771373 3926885 3697377
3778613 3756818 3952262 3755115
3873413 3715284 3779618 3679179
3922318 3878114 4005189 3929826
3954119 3828138 3980261 3739060
4022523 3978543 3920356 4006095
4025026 4098543 4096245 3989743
3881912 3844089 3797082 3800937
3875683 3859084 3898182 3867072
3712500 3803342 3675563 3723214
3788657 3946322 3858642 3773657
3987703 3914052 3881498 3897549
4021091 3982583 3954258 3912598
3965539 3836673 3994273 3847505
4019061 4087776 4097456 3973980
3812281 3712404 3806776 3826767
3974029 3817142 3807352 3853855
3766549 3719937 3807159 3743283
3935301 3862346 3765025 3751820
3909284 3759345 3920556 3834794
3979390 3930866 3981346 3841924
3963070 4023750 3920562 4022102
4094223 3940401 3845842 3938771
3756638 3892623 3787979 3918931
3957510 3845968 3777238 3817877
3750602 3830261 3702237 3771980
3889134 3817632 3707257 3658651
3834492 3986362 3846771 3922664
4042992 3911426 3842274 3913615
4016397 3972191 3937595 4014354
4025780 3946716 3951550 3868471
3838391 3880001 3805544 3855446
3913418 3799212 3768895 3784059
3853568 3810076 3683818 3839725
3790700 3744241 3684767 3687542
3957532 3881015 3881212 3911409
4026078 3775289 3895574 3852847
3754570 3785608 3943776 3930777
3860544 3955183 3837122 3875641
3834650 3824003 3992242 3997611
3936398 3949523 3942190 3959234
3902544 3872183 3872685 4001573
3996073 3984227 3861828 3957204
3751659 3738553 3857969 3924610
3742893 3849573 3759637 3824214
3854833 3799195 3795511 3804981
3946817 3823386 3785374 3694976
3962496 3941398 3974640 3924714
4000342 3937253 4004611 3720234
3984793 3810763 4042581 3912150
3973786 3780939 3860354 3751900
3771241 3761015 3866018 3802671
3805415 3749693 3779000 3562008
3823736 3785435 3743573 3852372
3864493 3840349 3918207 3822986
3827219 3882541 3817782 3940963
3961437 3959026 3962401 3895491
3775395 3799758 3855088 3932880
3937437 3927989 3989446 3920134
3726111 3729586 3726088 3772684
3800814 3841857 3880084 3768879
3824734 3698289 3803315 3741092
3835179 3819991 3920099 3810723
3933833 3746857 3915235 3858344
3894570 4010070 3956332 3984593
3864682 3808928 3890903 3793127
4015728 3924863 3922700 3866516
3822358 3753651 3713348 3694877
3893036 3905428 3753512 3759439
3711023 3816472 3688420 3860559
3923083 3800696 3838220 3727386
3800530 3982517 3819711 3959650
4035614 3971276 3898456 3893333
3829159 4019072 3797866 3915058
3984235 3921538 3811079 3870297
3740998 3818641 3727244 3739391
3819144 3757262 3664646 3795669
3806333 3738998 3870152 3862662
3881345 3765269 3764170 3738222
3921502 3961949 3902004 3907782
3976750 3803663 3881442 3846911
3919413 3892652 3885605 3820264
4040031 3840823 3867889 3834608
3760514 3774207 3766305 3801277
3860271 3748378 3703251 3744765
3772302 3741270 3775723 3842675
3867949 3923426 3804552 3919029
3919352 3899601 3823880 3965886
4041659 4096452 3957486 4068643
3771776 3704932 3805167 3765689
3809209 3863635 3743256 3879005
3806913 3744886 3681592 3856838
3817427 3771546 3679368 3794450
3790361 3770460 3815372 3796948
3879486 3694994 3867690 3616705
3933068 3973621 4021655 3967464
4038668 3856368 3944811 3883768
3743129 3788059 3773966 3793784
3870609 3808951 3827535 3617706
3833119 3774761 3920485 3814254
3881423 3804953 3784147 3666291
3828799 3806248 3754379 3820173
3876188 3914061 3886231 3786295
3924661 3913641 3825101 3920574
3957520 3953452 4036090 3973645
3844639 3854034 3766756 3807281
3842774 3772897 3866538 3828693
3802436 3805659 3610890 3714692
3772452 3869532 3779069 3824769
3839180 3705632 3835800 3782936
3937053 3868302 3806423 3843712
3993829 3900339 3887125 3929460
3946454 4040790 3977530 3964971
3758630 3701464 3798454 3701456
3831114 3899591 3773848 3767321
3756853 3655472 3720184 3685322
3879763 3858320 3751796 3727093
3729622 3853029 3876352 3832249
3924905 3818779 3748045 3776052
3917799 3908026 3869763 4024527
4038925 3945801 3952810 3923758
3703408 3772198 3812563 3805528
3935969 3804720 3616811 3734188
3631075 3826637 3622911 3778324
3872369 3758180 3700427 3746156
3846440 3853521 3850548 3860757
3885795 3683884 3732051 3678744
3999715 3976833 3939886 4039891
3927988 3870453 3886180 3770492
3856913 3757315 3793228 3764822
3872102 3716154 3712824 3701694
3844238 3728962 3780530 3781888
3821306 3817276 3790504 3677962
3817871 3852247 3878009 3887804
3869216 3916179 3859963 3938794
3835217 3805169 3830072 3909521
3880627 3910874 3881109 3884349
3879747 3886732 3976833 4064457
3995910 4080762 3945917 4039490
4106394 4024964 4141397 4212264
4084085 4109322 4068441 4104892
3892100 3837538 3947237 3865994
3873209 3724997 3919684 3712841
3823562 3729764 3902769 3875463
3860980 3703418 3836143 3647820
4025001 3947213 4065068 3936779
3980759 3816461 3972537 3814666
4116683 4105603 4151528 4093248
4181026 4069478 4040461 3924971
3821737 3878578 3743771 3916544
3899587 3900144 3892559 3885107
3804061 3805176 3718188 3886006
3853817 3878909 3837106 3705477
3989993 4009414 3901295 3931705
4036352 4029467 4022230 3925954
4030286 3939249 4016587 4127529
4099181 4111950 4119663 4004641
3826729 3697844 3797436 3868472
3941539 3943072 3913316 3838595
3835087 3727843 3847085 3804335
3852027 3943437 3782271 3772308
3908372 3864612 3869897 3925046
4017452 4048996 3960295 3867348
4122154 3967923 4121441 4007665
4162858 4146992 4108960 4063142
3722373 3898801 3754265 3828182
3954157 3899610 3813026 3823631
3700833 3903709 3735632 3846816
3942322 3888168 3709306 3764363
3873927 4011233 3826685 3960189
4048354 3983908 3915199 3977147
3989914 4156617 4020097 4169618
4176152 4073617 4025788 4066417
3894976 3830876 3828567 3873425
3988229 3739173 3913476 3703356
3864467 3836239 3797258 3801241
3900853 3739271 3784345 3644360
3986020 3940359 3964418 3900128
4001530 3888716 3962816 3904699
4119233 3993561 4037460 4153663
4050290 3992829 4053359 3979634
3829158 3733383 3865145 3924321
3764367 3937246 3782913 3885238
3938053 3964740 3978815 4050521
3950188 4005096 3970524 4106573
3973218 3896499 4003684 3991405
3954632 4052687 3981289 4020513
3811884 3730901 3776108 3868787
3806586 3868969 3808249 3793825
3854571 3769959 3893822 3860133
3893420 3708078 3849781 3646435
3923007 3994316 4017669 3995132
4041954 3901923 4008238 3875818
3921934 3904170 4046361 3958020
4016692 3847502 3954600 3746869
3766868 3758577 3824915 3813144
3918895 3736112 3876385 3651021
3855864 3813966 3781685 3784494
3912716 3875763 3884161 3852000
4041842 3959691 3848553 3964988
4027426 4123837 4032690 3912678
3945253 3818346 3804248 3960307
4021427 3992450 4028456 3900139
3708249 3713069 3718931 3839954
3814216 3834859 3810979 3714755
3783224 3755160 3792617 3778976
3965740 3881502 3858904 3779745
3983473 3850667 3936439 3945070
3996003 4088262 3936314 3949668
3895285 3915708 3912285 3936560
3980128 4056436 3906450 3898956
3850423 3647542 3774413 3740685
3799905 3830991 3759270 3795884
3839958 3885762 3698943 3896229
3905047 3881409 3833463 3815516
3944537 4014755 3833675 4008323
4046703 3932525 3944215 3971298
3932363 4066845 3861410 3965059
3936981 3959606 3926957 3880730
3723537 3787122 3691476 3797500
3851047 3757080 3763220 3763916
3916168 3842597 3770953 3788369
3851759 3787226 3817832 3710154
3957022 3994077 3947521 3884587
3949358 3948274 3911534 3805714
3974415 3936751 3909451 3995171
4013660 3987728 3826045 3844306
3883418 3748167 3796123 3759373
3893210 3754513 3769723 3639139
3782215 3786689 3813678 3932847
3862649 3930202 3847494 4011622
3909111 3844710 3898888 3956498
3923045 4021405 3897747 3957541
3924362 3848489 4003762 3982197
3891437 3976231 3839616 3944605
3848011 3713257 3907258 3937030
3873564 3912517 3833459 3876756
3839501 3858967 4031021 3871637
4006766 3839837 3882451 3750309
3860486 3941350 4014116 3950007
3914413 3843364 3935814 3771572
3854817 3868265 4014297 3922038
3989326 3825601 3928792 3697588
3869204 3819479 3801559 3784055
3930082 3841239 3814229 3731470
3812043 3871720 3804518 3860952
3980562 3878027 3967469 3901524
3905048 3924782 3844639 3852619
3934878 4012605 3991703 3895826
3841777 3874293 3819829 3932319
3936231 3919547 3944694 3822574
3775684 3678230 3767700 3784953
3871965 3925789 3961014 3783794
3821303 3741191 3793436 3784613
4000263 3939033 3933682 3895254
4019612 3842191 3944150 3801639
4032665 3905130 3889417 3919222
3832849 3822159 3801559 3835554
3956288 3959254 3888023 3817187
3797222 3713901 3774349 3795202
3866341 3917750 3971386 3796332
3760531 3857087 3805475 3811356
3934322 3824288 3758076 3775714
3790151 3913094 3801034 3902699
4002824 3936636 3911553 3780401
3845119 3900315 3732193 3836627
3947345 3871024 3884351 3893695
3739718 3928379 3863667 3876445
4016363 3820837 3787408 3838764
3858372 3907735 3887101 3907169
3878188 3843684 3845649 3715878
3828780 3918534 3873327 3915999
3944778 3828794 3839393 3755051
3828205 3825301 3861885 3892674
3950103 3854096 3841945 3733127
3779416 3836664 3741041 3874484
3907135 3826871 3773150 3748599
3803411 3723382 3867238 3907046
3859261 3891997 3784231 3871368
3834943 3781613 3890245 3986900
3795144 3963860 3816641 3924958
3902520 3857581 4032534 3916165
3842896 3976391 3840727 3910592
4038602 3839325 3938213 3996865
3959122 3942194 3954923 4048430
3785460 3844414 3937409 3815974
3860403 3775528 3779416 3627954
3929066 3895408 3903861 3863403
3884812 3805558 3917516 3714778
3914264 3933177 3884505 3936310
3968039 3783030 3891400 3756189
3888252 3957707 3969372 3945511
3960582 3902111 3907508 3726957
3771025 3757320 3723826 3807035
3761310 3855075 3905134 3859916
3818997 3813076 3775651 3820841
3904296 3877638 3963442 3877472
3882792 3882979 3798185 3935809
3981236 3988850 3958112 3803457
3975932 3901589 3822642 3889060
3930663 3955893 3985799 3908889
3804783 3702398 3748600 3721693
3904097 3851060 3835222 3685935
3746870 3773702 3841524 3784503
3881395 3880937 3899539 3814913
3944863 3811837 3811119 3809991
3833590 3980842 3886045 3918936
3846709 3872928 3863610 3887015
4056068 4059490 3914485 3918263
3767800 3901481 3726888 3795858
3814425 3821275 3660324 3804692
3784578 3896252 3735127 3845711
3966824 3910282 3844667 3769853
3879778 3899598 3851716 3921419
3988601 3915588 3875658 3898516
3879259 3863687 3814900 3973848
4031290 3886115 3796195 3883951
3916471 3816565 3800101 3822210
3864497 3728185 3735402 3672319
3892125 3791938 3781175 3970509
3951443 3776638 3819011 3798227
3900800 3975546 3871332 3902292
4008507 3883900 3857325 3745427
3966441 3906936 3900346 3920853
4044614 3892783 3913897 3708792
3995760 3986969 4048001 4066366
3944136 4022916 3965061 3950231
3975805 3868315 4029891 3950298
3962690 3990261 3912508 4010996
4033180 3945019 3956549 4095168
3972885 4085630 4002383 3987890
3920954 3931673 3941965 4025084
3983711 4038017 4000852 4066082
3955438 3946008 4079861 4008672
4035268 3892630 3962538 3864406
3995250 3906547 3928403 3884655
4011532 3885976 3957705 3838709
3925510 4025926 4021223 3976782
4084032 3954914 3979598 3794612
3982117 3911595 3970160 3953137
4035315 3924661 3970478 3841260
3972879 3895881 3895944 3936800
3997478 4013734 4039009 3955037
3997731 3830094 3822797 3906491
3936277 3964045 3986842 3933519
4038351 3953794 3813218 4069946
4024089 4009542 4018820 3986865
4000246 3955624 3834570 3933622
3944712 4021665 4061871 3888823
3948578 3796599 3867958 3825792
4140663 4061528 3987043 3990432
3876663 3881203 3865603 3830155
3975475 3962233 3991896 3978159
4014648 3878842 3963179 3850568
3985924 4105244 3915692 4028364
3930742 3934407 3905366 4028034
4066716 3959833 3943658 4033029
3940291 4002648 3905349 3988398
4082565 3952939 3885849 3901883
3823736 3980349 3753023 3914672
3963892 3996501 3800861 3858451
3894555 3961038 3884599 4028549
4046119 3932994 3940123 3901560
3859636 3924333 3915582 3985949
4047685 3929348 3969015 3944184
3974608 3993788 3897697 3965444
4021270 3945878 3917756 3918359
3917571 3928409 3872122 3981917
3980765 3890301 3865040 3796936
4040384 3950152 3930447 3985849
4045496 3920500 3899051 3856818
3955035 3944036 3970399 4029436
3954754 3918441 3879356 3872086
3931805 3894332 3955186 4059247
3905379 4034945 3896725 4000732
3839415 3835054 3885966 4047919
3878043 3944816 3878865 3986742
4000707 3926293 3968250 4089977
4091304 4034682 3928739 4016566
3978000 3904247 3964020 4006867
3918479 3993680 3934667 3939796
3983515 3920516 3967210 3900236
3990861 3858166 3955553 3799767
3863379 3865454 3948585 3812862
3910919 3832425 3823516 3655919
3933627 3954046 3989254 3974700
4039402 3926096 4025926 3804707
3940224 3899841 4007923 3952548
3956925 3927184 3966314 3824367
3900060 3876725 3831949 3928724
3911866 3879721 4010702 3902478
3883825 3826550 3763385 3906247
3887697 3939809 4015528 3822954
4089978 3902357 3942934 3972874
4099829 4058675 4078174 3970169
3927801 3936211 3784835 3908077
3974419 4003024 4022805 3981404
3874280 3823016 3864331 3831007
3937847 3942442 3917701 3921860
3875028 3705794 3917638 3833368
3889138 3961669 3841631 3842122
3967912 3885534 4012123 3991824
4004042 3957251 3994206 3963760
3939272 3830223 3939627 3847221
4007496 4024021 3944856 3973403
3868134 3972477 3896373 3915548
4072226 3944305 3886728 3903469
3889432 3813330 3785267 3873329
3991191 3873185 3841107 3874598
3837163 4014185 3952913 4077455
4079890 3953877 4020551 3865926
3862008 3998849 3826779 4034702
4013450 3932287 3855681 3877150
3954794 3976960 3868334 4012267
3998905 3876296 3839022 3833554
3918578 3835140 3896677 3988076
3906298 3864195 3834694 3777925
4011211 3932912 3993824 4011951
4070433 4024155 3946105 3933764
3970751 3884508 3954451 3963369
3988721 3936749 3852819 3803623
3870144 3833624 3864963 4032413
3897476 4008441 3888564 3993039
3986124 3914328 3923847 3991825
3960199 3999604 3899528 4000558
3795398 3743745 3760276 3937741
3851449 3869665 3815046 3960619
3991812 3962531 4009987 4103284
3957446 4056857 3944739 4089846
3843527 3968440 3953921 3945243
3985285 3801141 3947713 3751075
3945961 3982206 4001911 3963945
3988719 3869215 3880386 3758078
3824416 3821818 3846565 3799027
3916952 3751748 3843866 3702168
3986461 3932946 4026346 3943317
4078869 3900284 4008842 3794255
3911338 3850713 3832867 3914895
3969075 3935850 4018862 3898049
3870912 3889337 3750696 3955620
3958215 3926292 4036311 3936409
3778577 3814082 3770499 3814088
3870037 3808018 3896294 3792384
3927790 3949833 3849343 3920567
4093058 4122853 4051392 3913431
3919757 3829514 3852834 3783228
4019518 3965609 3880672 3882099
3878851 3767535 3953420 3815806
3963496 4002120 3934503 3922586
3854972 3704835 3793254 3686551
3829538 3968168 3843083 3799634
3951952 3828388 3918060 3914363
4039110 4011574 4058796 3939591
3913727 3899333 3819771 4025591
4047287 3932214 3877549 3903257
3806364 3963711 3808698 3969454
4079786 3898921 3886026 3923329
3685940 3735400 3719554 3848320
3914426 3818025 3712249 3790026
3857037 4007134 3954744 4020914
4026704 3981193 3930769 3939444
3882444 3952263 3880362 3890714
4003769 3906446 3930231 3895005
3907673 3841526 3784377 3965543
4028243 3834534 3937206 3730711
3844307 3788954 3768408 3784169
3843592 3779291 3782927 3647835
4025228 4001889 3954033 3984844
3983082 3866042 3881540 3851735
3825297 3770491 3871404 4043442
3836417 3879768 3850236 3958615
3816598 3761837 3920697 3859147
3771704 3861643 3781341 3891788
3870052 3725010 3776805 3904771
3789794 3951110 3856399 3950704
3757809 3735529 3839145 3885774
3885379 3845058 3783394 3825963
3918676 3858776 4020653 3835446
3927624 3782888 3886052 3747355
3799172 3891657 3863105 3863634
3835295 3803617 3851653 3645626
3885429 3844422 3948147 3787683
3910072 3792771 3894473 3619213
3866244 3677965 3868752 3835510
3881330 3758713 3928625 3637533
3876829 3811851 3791006 3900967
3934700 3843237 3946793 3772623
3793023 3815398 3722341 3811654
3835450 3813010 3841921 3799446
3846808 3752448 3746049 3825836
3871314 3867911 3855514 3813056
3831291 3814735 3717755 3780935
3794646 3862947 3971139 3765612
3856370 3764500 3828700 3814934
3827765 3917502 3843145 3833404
3831483 3674677 3857356 3669917
3915165 3879826 3838312 3818583
3737217 3726432 3832012 3839063
3856965 3883721 3835760 3807360
3767260 3662074 3795696 3701421
3861668 3879108 3840911 3760298
3840914 3943003 3734115 3864221
3917003 3852046 3848669 3794089
3717854 3858769 3759433 3912362
3900368 3821936 3808221 3758764
3822968 3914076 3745070 3852172
3872150 3848431 3772385 3816612
3776811 3780355 3736666 3815860
3941304 3864794 3699798 3756702
3920566 3837553 3806920 3889515
3910733 3821325 3773291 3803540
3793515 3860151 3722616 3873121
3927031 3705419 3749450 3698604
3898302 3870108 3858679 3922931
3936616 3711445 3706967 3774228
3866423 3818916 3820079 3812974
3780929 3765172 3756204 3709033
3801796 3756435 3744295 3912806
3769552 3917843 3711283 3838500
3759747 3810607 3830326 3888296
3810193 3862901 3818497 3868631
3905770 3816729 3932261 3994035
3978896 4028737 3871695 3943928
3965117 3948648 4057630 4159875
4066345 4131465 4045651 4101647
3770308 3758229 3825037 3792436
3843771 3743827 3817693 3673993
3797064 3766098 3897076 3842584
3886095 3789129 3791753 3735997
4011315 3863445 3978043 3967404
3999062 3827452 3905397 3824104
4029053 4000692 4086674 4066301
4132607 3950783 4093619 3824425
3757926 3746184 3696900 3776355
3824575 3855397 3857826 3754907
3786634 3792919 3694211 3869837
3788636 3823707 3794712 3793766
3932835 3886875 3785765 3926749
4020027 3851602 3995163 3998846
4006132 3948914 3914353 4022701
4060770 4023354 4111926 3966426
3792828 3749491 3773281 3728735
3778484 3877878 3788041 3762975
3813958 3674499 3828934 3769593
3957691 3855384 3825714 3726676
3865977 3884522 3880540 3944676
3984644 3920959 3931286 3919327
4028714 3898933 3963517 3970100
3984435 4031790 4077771 3990074
3744465 3830148 3612708 3795365
3848507 3746415 3774028 3682639
3822785 3852118 3766298 3806849
3970235 3798521 3769949 3841412
3897758 3955484 3806641 3857422
3988889 3985391 3886842 3902706
3917623 4066303 3910614 4078502
4205720 4035168 3930967 4050713
3853955 3870632 3764121 3771444
3849698 3813981 3730064 3652807
3791788 3813235 3785954 3859707
3877579 3739133 3708623 3715130
3855217 3981627 3914369 3903629
3931886 3841749 3957549 3790157
4057495 4069523 3940167 4055245
4053555 3970495 3952745 3910701
3925869 3769073 3791987 3801588
3745757 3669692 3685774 4009026
4026614 3872318 3935024 3904848
3745552 3836404 3801805 3985875
3968490 3799093 3748326 3835264
3754820 3733018 3781806 3913431
3819791 3736869 3750755 3787199
3635389 3708846 3700365 3864907
3851893 3727773 3943035 3650975
3849700 3863025 3780644 3900858
3911367 3892797 4106143 3774796
3933888 4070591 3832276 4126511
3870333 3839723 4139151 3750353
3910032 3898343 3884971 3991556
3743405 3762627 3960152 3695608
3795278 3802391 3802686 3862278
3953085 3857720 3879132 3825254
3732702 3726603 3882592 3720611
3955936 3991417 3939211 4004534
3876480 3792397 3980044 3840014
3959216 3871721 3856298 3958055
3846403 3787203 3912404 3805409
3775346 3752976 3840908 3797659
3784471 3674677 3837693 3663411
3753185 3748264 3735237 3649953
3712409 3932688 3561154 3720692
3825073 3836117 3801900 3763424
3885847 4020618 3750768 3804946
3722553 3796552 3725883 3729298
3757147 3986662 3734506 3752354
3683797 3718622 3600337 3740532
3730993 3757916 3528479 3656920
3742380 3984724 3853841 3959184
3886435 3781577 3937613 3796540
3771377 4007782 3858915 4035967
3888404 3890461 3986513 3981934
3812030 4006828 3920982 3998920
3854092 3907486 3882987 3911190
3728896 3802142 3759261 3936692
3761863 3750987 3847000 3802084
3758865 3772464 3863566 3813551
3750057 3684934 3806224 3701629
3836113 3934445 3992349 3822750
3992201 3835275 3913630 3887585
3820964 3861180 3934949 3827915
3893643 3775046 3931355 3785533
3774425 3812720 3818612 3844377
3844961 3669680 3795932 3716212
4082628 3855091 3905813 3951443
3851446 3886286 3833615 4075942
4076443 3849139 4010160 3880754
3836501 3905218 3953015 4041334
3992039 3691160 3844452 3823790
3709321 3892368 3732011 3847475
4178118 3933307 3973821 4023055
3863681 3931291 3932890 4032530
4010703 3939228 4184696 3837528
3995482 3993233 4013183 4038197
4070747 3930932 4180684 3783200
3984713 4085313 3977936 4102230
3803566 3800224 4055711 3782664
3843516 3902252 3841115 3961481
4037673 4000695 4215681 3920121
4044686 4075490 3984469 4126912
4117552 4085645 3984577 3965136
4004190 3883556 3997741 3948307
4025568 4070362 3999012 4037133
3944591 3866481 4011631 3918906
3978714 3908215 3964081 3843842
3812750 3773869 3858491 3764845
4032731 4105327 3995319 4096855
3922188 3945516 4106571 3932841
3876063 3951300 3903144 3813714
3929913 3946562 3819998 3758392
3864761 3856589 3851384 3932080
3955102 4082453 3773141 3862149
3812359 3717318 3763840 3783791
3752315 3875047 3667243 3709065
3886010 3954352 3871798 3970161
3943692 4015567 3898578 3850040
3922073 4092173 3947235 4010625
3960682 3922427 4009880 3987258
3906364 4140885 3996082 4148900
4004903 3973446 4074088 3983992
3753679 3962955 3863515 4038308
3850767 3850889 3928903 3974817
3955001 4221514 3970500 4112005
4046228 3998606 4016282 4041574
3971486 3938962 4112906 3899451
3957804 3854862 3934234 3889493
3929668 4039407 4167311 3996581
4046901 3875088 4000241 3945691
3777441 3868243 3955819 3875844
3904266 3710253 3968452 3700043
3928031 4052130 4124017 4026340
4075216 3940504 4047355 3837064
3830988 3672341 3722152 3795387
3643224 3645011 3591669 3810181
4037970 3829782 3984775 3942173
3836218 3860561 3924332 4047950
3989723 3793074 3904487 3817258
3784040 3764097 3883732 3962932
3805200 3715718 3780436 3789897
3810696 3741158 3721098 3857187
3773733 3698062 3925098 3642828
3879216 3885973 3805769 3876508
3948450 3819826 4230551 3851554
3994856 4039412 3903361 4022784
3913766 3739705 4113490 3746105
3943608 3921095 3954557 3938229
3737127 3674869 3924514 3742804
3885547 3865769 3835066 3826906
3788928 3854181 3769025 3816020
3665070 3719028 3802193 3730825
4034246 3983768 3986217 3983398
3834443 3882088 4001071 3899176
4016831 3989912 3867927 3895699
3846654 3900405 3969702 3860335
3850786 3845284 3783638 3845888
3780785 3674056 3877192 3795558
3587588 3781489 3622558 3707894
3698367 3838914 3570622 3643957
3804748 3925482 3794752 3841031
3854826 3972100 3822030 3813793
3788555 3864391 3810345 3781881
3872788 3958127 3737578 3824477
3708621 3718575 3717992 3767259
3749359 3880077 3659372 3635329
3656556 3987209 3854815 3871345
3812085 3729761 3863213 3844529
3841753 4107040 3945807 4074780
3946593 3887717 3976510 3992701
3741421 3979543 3768508 4015383
3842939 3836039 3977527 3846376
3692792 3956363 3812678 3925237
3769701 3775522 3890453 3866183
3755315 3760655 3971664 3842157
3855787 3670261 3751986 3738977
3903492 3965173 4023866 3966000
3978507 3860384 3911367 3769545
3865185 3923794 4046236 3894899
3956573 3808956 3938394 3802792
3706335 3827360 3889319 3811732
3815720 3712548 3832252 3698109
4010183 3812625 3880357 3889415
3781339 3889142 3824932 4015286
3890068 3724545 3815455 3757791
3710947 3668468 3724821 3825879
3824193 3610935 3630953 3680665
3600973 3690825 3571687 3716656
3923834 3745890 3710849 3799894
3727489 3670575 3754133 3887396
3939355 3844648 4101134 3776140
3999830 3932433 3821934 4019228
3849130 3755315 4019369 3658553
3827813 3788064 3718908 3843696
3708764 3675160 3847481 3560714
3737033 3724703 3672013 3745921
3810035 3647650 3987183 3704454
3844015 3838990 3838612 3865511
4028006 3965818 3961009 3938918
3909142 3896004 4002108 3914954
3803257 3824373 3776150 3741911
3706009 3709757 3898981 3741575
3764247 3743587 3720740 3693023
3701191 3665259 3781050 3576605
3921269 3903544 3759898 3850409
3799963 3684070 3868898 3721166
3870825 3843067 3762433 3884033
3857987 3909670 3738715 3769846
3701527 3753059 3626060 3690244
3791422 3852227 3652922 3730915
3646128 3655372 3583290 3651177
3653534 3720557 3423496 3604546
3756295 3817175 3735188 3651311
3727206 3827946 3571512 3688735
3806909 3992414 3892447 3971266
3788291 3935189 3958837 3944931
3662475 3875385 3745717 3977477
3790001 3750306 3808995 3786006
3631713 3867045 3720268 3773476
3746776 3647374 3730473 3741132
3703641 3911560 3710257 3878124
3820187 3806433 3981731 3842959
3870822 3918756 3943781 3868922
3956945 3847756 3850081 3847893
3764835 3797858 3772807 3843943
3753264 3739806 3781846 3737296
3577165 3696243 3744474 3675550
3763988 3530495 3695778 3635340
3714863 3807506 3871555 3815104
3826300 3709238 3819560 3722791
3904313 3666054 3774219 3752207
3727560 3673214 3620920 3846170
4057954 3836964 3906607 3927202
3892444 3875939 3934255 4010979
4118950 3908233 3988198 3966175
3884017 3888128 3939380 4043641
3975281 3849396 3905347 3897852
3773975 3794141 3863645 4042175
3786343 3703522 3954034 3647609
3732904 3809197 3708332 3829372
3885040 3901474 4106589 3844524
3914519 3987710 3969719 4064657
4055714 3972855 4226714 3907901
4087114 4038812 4046414 4124473
3860628 3921696 4170570 3782690
3851921 3975545 3931251 4017867
3813436 3789919 3776627 3737877
3681948 3720632 3838107 3748219
4036000 3991522 3985922 3927322
3957362 3818838 3927280 3831947
4054060 4127610 4085166 3988241
4013090 3913478 4155650 3964577
3969145 3904568 3855667 3958667
3838873 3783037 3912405 3764042
3630586 3725811 3615614 3569887
3689369 3836282 3580692 3662413
3833065 3942482 3882893 3875111
3861421 3991348 3774274 3901337
3940509 3930820 3870553 3928377
3968079 4113851 3837056 3977084
3853140 3863148 3837498 3765436
3800714 3919290 3626551 3830883
3659810 3923635 3786489 3863094
3808863 3761730 3711720 3825198
3876516 4080657 3875653 4116471
4038571 3996193 3949303 3947821
3854346 4166928 4060862 4102985
4029230 4017548 4034996 3972633
3860878 3997901 3846456 3900627
3931409 3829485 3979206 3887125
3779378 3803778 3791495 3746591
3867065 3610756 3826030 3712422
3844510 3935195 4110005 4035608
4069024 3892247 4011404 3903306
4024467 4011776 4147726 3979643
4018053 3956719 4021748 3927592
3868277 3894747 3996378 3828531
3899743 3831005 3910831 3814175
3869473 3750547 3899775 3846128
3716025 3650621 3766278 3960671
3960984 3769947 3819991 3807724
3777315 3853530 3785235 3975983
3946170 3766045 3872400 3917529
3764783 3790550 3813384 3925132
4030386 3793773 3827385 3946877
3874814 3808882 3792428 3905271
3864999 3786789 4063808 3693671
3895822 3869184 3811327 3887001
3983418 3818780 4106854 3774246
3989230 4007515 3802385 3963608
3858391 3791030 4031138 3719017
3905161 3889461 3873088 3909492
3917656 3933499 4117232 3783744
3918448 4056311 3974774 4024129
3962163 3833721 3904155 3905255
3811102 3779197 3859444 3693882
4042767 3916914 3924830 3919082
3916329 3757252 3956971 3877149
3961786 3909515 3932992 3898610
3812949 3811323 3993191 3833857
4044747 3927941 3932939 3999070
3894489 3813235 4029241 3890241
3742221 3753633 3800637 3680438
3774343 3903736 3691504 3737886
3835367 3884682 3778485 3729055
3772651 3921969 3676558 3837536
3789645 3821813 3793854 3792902
3826255 3908490 3641299 3800971
3796012 3874432 3725592 3852326
3851672 3956997 3802352 3837252
3769448 3985110 3837364 4056548
3805775 3834489 3896428 3949684
3698664 4005060 3876894 4052136
3950562 3919553 3997083 3943802
3813521 3998371 3812624 3967924
3913090 3887278 3898143 3931576
3788333 3986552 3914996 4068607
3959964 3864316 3916730 3957083
3777821 3870651 3863386 3841184
3853127 3780700 3846620 3770707
3827006 3882180 3979410 3894637
3918404 3838629 3827076 3830671
3928910 3916363 4036046 3822499
3840006 3858627 3865332 3840401
3900056 3954153 3954716 3930926
3952160 3847244 3884017 3889177
3999643 3889089 3883458 3815339
3822604 3842365 3828245 3953005
3981061 3771026 3839149 3791245
3809459 3781133 3828510 3856208
3993011 3720089 3771606 3817771
3704253 3768215 3803432 3976068
4003061 3793326 3836673 3880438
3800451 3724391 3803213 3906582
3910787 3897310 4036616 3720375
3977828 3988914 3889541 3974066
3771439 3789317 4066634 3654609
3869736 3924065 3858771 3851950
3878382 3841577 4088964 3718943
3917849 3922885 3836924 3968380
3927634 3801118 4053062 3769451
3797674 3984167 3870770 3924398
4009712 3961933 3939820 3928226
3835989 3868931 3955354 3794020
3917342 3893419 3838834 3871914
3859576 3731796 3871388 3758975
4007814 3834876 3897948 3815183
3732182 3679030 3953310 3797513
3893904 3921339 3819575 3857477
3745797 3795129 3780530 3825046
3891353 3863660 3912113 3800630
3850377 3985535 3786970 3755810
3760358 3741522 3777084 3754079
3783780 3922941 3673801 3706928
3756899 3874400 3706738 3740200
3769176 3934606 3657531 3776703
3785741 3752000 3871251 3791469
3804555 3887884 3780099 3781238
3796482 4028212 3945233 3996391
3993246 3868329 3990941 3924083
3747475 4003277 3840841 3992192
3837935 3892194 3935267 3878396
3826288 4063162 3775830 3983169
3881017 3828580 3917971 3927860
3704109 3962819 3893940 4035742
3746212 3857077 3898191 3912490
3812427 3842692 4021421 3992795
4005620 3925460 3831536 3862613
3834081 3862438 3946345 3840221
3836697 3783352 3883501 3775781
3822257 3811614 3949475 3835962
3932262 3791824 3907566 3846474
3782291 3886279 3973371 3875005
3916989 3755791 3915249 3790302
3918048 3683282 3836088 3764448
3671289 3666598 3604301 3854507
3894321 3670649 3770723 3739035
3701773 3742391 3710224 3834178
3970109 3702304 3888401 3892891
3691362 3730985 3803685 3939883
3995932 3785676 3831519 3810707
3747206 3713627 3769181 3775547
3794102 3681500 3955058 3688840
3689233 3802875 3789222 3892649
3871640 3795792 3979882 3664670
3860849 3842827 3820231 3899432
3914793 3815670 4056136 3713084
3935649 3920798 3899148 3857328
3881293 3812766 4091928 3689083
3873759 3945414 3777709 3864818
3828881 3847895 3769614 3853036
3738747 3722176 3874064 3750374
3937304 3851686 3912566 3836281
3744970 3691813 3842330 3729459
3974900 3918965 3906645 3883771
3843127 3842267 3945832 3762912
3871925 3871621 3833161 3841963
3851655 3685916 3946766 3730970
3678454 3719076 3694439 3592198
3750807 3846725 3669446 3690135
3754314 3735657 3672250 3656603
3732331 3811728 3675467 3743512
3842743 3854492 3790269 3788621
3728878 3889909 3676209 3781966
3683813 3738768 3715365 3705615
3745953 3881021 3692059 3784239
3603918 3892625 3808506 3932847
3732724 3808769 3848042 3867816
3701569 3976467 3793382 3956100
3755810 3779865 3808010 3823969
3784571 4033987 3906403 3973467
3864956 3816585 3923950 3966306
3781768 3954825 3870751 3903668
3821074 3821702 3845718 3934061
3753570 3828481 3851335 3815494
3752274 3770958 3776186 3715411
3731282 3826249 3902570 3839057
3857884 3784011 3821337 3687124
3828574 3861202 3874300 3889098
3941999 3882728 3865947 3725254
3817557 3856022 3862736 3849765
3896681 3716456 3798323 3755125
3929019 3701841 3809717 3814080
3679727 3718475 3732332 3876019
3872865 3682983 3763535 3840727
3729377 3706063 3760633 3945861
3853825 3722144 3735073 3759621
3694384 3625391 3716608 3768310
3943541 3703022 3873764 3798935
3775497 3722069 3750703 3901273
3790451 3708554 3926004 3665776
3871094 3805266 3799509 3892668
3844758 3768931 4067186 3670441
3828108 3981076 3814017 3897349
3802365 3741241 4071486 3653268
3858252 3789282 3729956 3882420
3827056 3749188 3979532 3660022
3869727 3950748 3787032 3948744
3868333 3775449 3798172 3856007
3731600 3664357 3865699 3679541
3907590 3932402 3901384 3849587
3823466 3727027 3922344 3829841
3865101 3837045 3874777 3855484
3756677 3708108 3860421 3727233
3907172 3859941 3877866 3931793
3759032 3755664 3883744 3784750
3650710 3733311 3685965 3643526
3753077 3762042 3640505 3624239
3687369 3872767 3690225 3780548
3719890 3924840 3673627 3663351
3721512 3766240 3685528 3697458
3692940 3857042 3664819 3659740
3827114 3778264 3707838 3732212
3843340 3771694 3618446 3687179
3726009 3847777 3842563 3892034
3755433 3869190 3849543 3877040
3792932 3959293 3812501 3910736
3799926 3886343 3884731 3901193
3646536 3914102 3789767 3902840
3706040 3735258 3845826 3870664
3675869 3943805 3828625 3927504
3824527 3830106 3878327 3846258
3814721 3713400 3817822 3847335
3896005 3616350 3776807 3731364
3822474 3835563 3920387 3905103
3878148 3773521 3836776 3743719
3741825 3814538 3852804 3832834
3758002 3716782 3782873 3781814
3883814 3871143 3844345 3817983
3864249 3829914 3815377 3735150
4035003 3800584 3945972 3924139
3820539 3809127 3881591 4020431
3885801 3712756 3830443 3854082
3703777 3734385 3852180 3948387
3917598 3678818 3735992 3693920
3690404 3660149 3690800 3806856
3899075 3686863 3807597 3821122
3758839 3655829 3738973 3890186
3870052 3913042 4072646 3826079
3939647 3983198 3895349 3910244
3942258 3787720 3991955 3739142
3839764 3863536 3920808 4005459
3732728 3664001 3931911 3652338
3747733 3720611 3699584 3804852
3873312 3828444 3985188 3701827
3896131 3865749 3862418 3921087
3952977 3978041 3974081 3939464
3857004 3800447 3963972 3880766
3925119 3946922 3898115 3953205
3841047 3792430 3989588 3759494
3759673 3780679 3706616 3816099
3635314 3621210 3800058 3628565
3933104 3887963 3860461 3879409
3799880 3794028 3901495 3796943
3804955 3882883 3788915 3839228
3789573 3921257 3697257 3772771
3794112 3858686 3733470 3780988
3819027 3870908 3790506 3736855
3672390 3690286 3646955 3618130
3770197 3745064 3590038 3621860
3786903 3805596 3718738 3772622
3731544 3806654 3665836 3764844
3891022 4046490 3879099 3990180
3931990 3869109 3983830 3996390
3868234 3957665 3894122 3980855
3864035 3910431 3950555 3980409
3670407 3867877 3762820 3845414
3677038 3728636 3828785 3789876
3702175 4036922 3884643 3932070
3926926 3773584 3854762 3912730
3766465 3937801 4048415 3954618
3975426 3814174 3975409 3789251
3854804 3893968 3872873 3888444
3922815 3823537 3802853 3779128
3688107 3781857 3795761 3731170
3742975 3636983 3749856 3712178
3790976 3822282 3918738 3837511
3873888 3740030 3848194 3797279
3928974 3680363 3776110 3780218
3670054 3682439 3683942 3890943
4158364 3914982 4011842 4058991
3913177 3888235 3964799 4122771
4066539 3823686 3951540 3874652
3830128 3852212 3938271 3981483
3996965 3779106 3839621 3780748
3764821 3804957 3759764 4007387
3799392 3755558 4006196 3645256
3847098 3831928 3868622 3845128
4031660 4013722 4210220 3933958
4044512 4125088 3956092 4160251
3970752 3806468 4117830 3760991
3958674 4057118 3919494 4018090
3918950 3814390 3999824 3824055
3887059 3917439 3848661 3971852
3886008 3856226 3880161 3853590
3794047 3727357 3890917 3772072
4077081 4068740 4089723 4133060
3959392 3902958 4118616 4062238
4030509 4019242 3979795 3929331
3925472 3879211 3980356 3976002
3948948 3942750 3834371 3940269
3827600 3792171 3886736 3853794
3702399 3781876 3742783 3725391
3758427 3851405 3572977 3670288
3931361 4039637 3929399 3993689
3943109 4167611 3896278 3852172
3879115 3866811 3869936 3778423
3796869 3946250 3794183 3834655
3858660 3868958 3776674 3796638
3843748 3841096 3735556 3775075
3756584 3909986 3808968 4014738
3881654 3805231 3887610 3803898
3945752 4157662 4030007 4245462
4043209 4041878 4102725 4066017
3837729 4152943 3877441 4098509
3960601 3976345 4008856 4013988
3783854 3968385 3868133 3973047
3881135 3892386 3914131 3982899
3691642 3806452 3841137 3846147
3912927 3731622 3821619 3768484
3921121 4014646 4114459 4093508
4091622 3933981 4123668 4003353
3893618 4035940 4047188 3934434
4040895 3918727 3890727 3914546
3829345 3933892 3928274 3893761
3978446 3803488 3918427 3796756
3893846 3623668 3761681 3681824
3733773 3737872 3711112 3865390
4009410 3681336 3822628 3759474
3780277 3666136 3705113 3827426
3970449 3750997 3834653 3889742
3773860 3817013 3796822 3926401
3952704 3738835 3849411 3873161
3824779 3733890 3781728 3919524
3821313 3662132 4053055 3651612
3828102 3828086 3767632 3850697
3859168 3866651 4097617 3675779
3877116 3848950 3854458 3851069
3975741 3808881 4064493 3728132
3907568 3929155 3866727 3869700
3829151 3798555 4030683 3737710
3935978 4037357 3881097 3879060
3861090 3830272 3831532 3811940
3647561 3739539 3877381 3735234
4058502 3912167 3795900 3879012
3723236 3746444 3935154 3755048
4009292 3922642 3959566 3954869
3891246 3838267 3939399 3783653
3947257 3949790 3933353 3984767
3797151 3876243 3960175 3798135
3651442 3764360 3706308 3697257
3760258 3828809 3608793 3631742
3699742 3778076 3759916 3783374
3773672 3890065 3699257 3643992
3820436 3862121 3822436 3750175
3807696 3907226 3660341 3750896
3830700 3792174 3705046 3761758
3830194 3842749 3657305 3766065
3685468 3910670 3697633 3907731
3851083 3786470 3832784 3805312
3754212 3983498 3895471 3916926
3878500 3798448 3882730 3859973
3713087 3997701 3873493 4086080
3881366 3895049 4004913 3947179
3718648 4032508 3840908 4008789
3885676 3905967 3929882 3882865
3757394 3814582 3870309 3857777
3859436 3694867 3832390 3749102
3825585 3841024 3967090 3873918
3893562 3757765 3870916 3760264
3836810 3889739 3990286 3864474
3918883 3798918 3888699 3818418
3805123 3926155 3925406 3931020
3951851 3719616 3868100 3792238
3812433 3972305 3941680 3866623
3909517 4043985 3880186 3809695
3886226 4012399 3916142 3932155
3855402 4038255 3951954 3865290
3775120 3851015 3742314 3848657
3774895 3873991 3845969 3783307
3899528 4064120 3947529 3989576
3994966 4008616 3981423 3928482
3941849 3881253 3960107 3937877
3837244 3729108 3887819 3855952
3939979 3928986 3883897 3858485
3884703 3733852 3922851 3812105
3863055 3816087 3852066 3834472
3889776 3650536 3781766 3766664
4016156 3974341 3979851 3896317
3903999 3802795 3951126 3829972
3843543 3763407 3974231 3976546
3916003 3789964 3801149 4044953
3834393 3790551 3941025 3949319
3929151 3839055 3891119 3997128
3744059 3726717 3832746 3905415
3829755 3801629 3753388 3928924
3863910 3861402 4017753 4064530
3999952 3783975 3961909 3999686
3899315 3840240 3705572 3790952
3894514 3961556 3866209 3967564
3975615 3854279 3731032 3895215
3839168 3963580 3971487 3969680
3843771 3764697 3674740 3821656
3770484 3907895 3917784 3941640
3952704 3890157 3833368 3910263
3933400 4132423 4057250 4082116
3666121 4088892 3817457 4014934
4012555 3847218 4041027 3975142
3627021 4024541 3894140 3999810
4025219 3909804 4092479 3930103
3591117 3957794 3781040 3876774
4001030 3777162 4081086 3896488
3800692 4015411 4031555 4118511
4047417 3931454 4168561 4004163
3867197 3931095 3968137 3956361
3922232 3898124 3833685 3917921
3904647 3946908 3938594 3876989
3883640 3849087 3929129 3988735
3795277 3891734 3859380 3829659
3861193 3760968 3850576 3932366
3956773 4065725 3957769 3990884
3985446 3918110 4016861 3990319
3823416 3961559 3897205 3982373
3954653 3990391 3925931 3878689
3766728 3875889 3794381 3906764
3818620 3898099 3877815 3788446
3999575 4047853 3984633 4035374
3989883 4093475 4072207 4020291
3869210 4035566 3993963 4047119
4020576 4129117 4005242 3981988
3957340 3887162 3936575 3865981
3908846 3691903 3899153 3838708
3883186 3737179 3932622 3779654
3796445 3684495 3805700 3780624
4033833 4035473 4022678 4008145
3939705 3756862 3978498 4021087
4076817 4061870 4041346 3950960
3954340 3848892 3952274 3981709
3763291 3690779 3869335 3978958
3846953 3870060 3847194 3972839
3820410 3658670 3857938 3911243
3830923 3769915 3809851 3856335
3878790 3939585 4069210 4088973
4079410 3925113 3987823 4087378
3850798 3779667 4084703 4030553
3972147 3843973 3830955 4051551
3801314 3802514 3768325 3848557
3829128 3951352 3903060 3972616
3826511 3805775 3796523 3831606
3782169 3957990 3864104 3939316
3958590 3952652 3908007 3907696
3951861 4114072 4043934 4066020
3947859 3909739 3779947 3889205
3945482 4038834 4074738 4136675
3649082 3994061 3772803 3956401
3888990 3853522 4029249 3986338
3633374 3889068 3797562 3928299
3950574 3708176 4006301 3789222
3745622 4139836 3889854 4125597
4095039 3964912 4211302 4145085
3876456 4053802 3920608 4121455
4079286 3958768 4231187 4024278
3844317 3901311 3875692 3919015
3932354 3888117 3916509 3935814
3744970 3903601 3893359 3806423
3871912 3814408 3889094 3795702
3944478 4088560 3998557 4018490
4073430 3951593 3966146 4033683
3984232 3960823 4099407 3991330
4060095 3963970 3987370 4048990
3931994 3954463 3905925 3900449
3903926 3991842 4009592 3867384
3856561 4038373 3981372 3974662
3954815 4074287 4015100 3910646
3700159 3849553 3797007 3817713
3741373 3834655 3784042 3771734
3830951 3902007 3755016 3931165
3953074 3944654 3947012 3892402
4106761 4013477 3946280 3907973
3977510 3753896 3969217 3859307
3970457 3989288 4033249 3912419
3935584 3735762 3899291 3869491
3836780 3814835 3868663 3833724
3736082 3600842 3758073 3746297
3949899 3909727 3912309 3868352
3860191 3709077 3775564 3800010
3908954 3830109 3927259 4038194
3976670 3839342 3870245 3927416
3898883 3834060 3927058 3979253
3912094 3853384 3945757 3986057
3639011 3670185 3797446 3805675
3788788 3680854 3754464 3865763
3785823 3750748 3884048 3967143
3995943 3736478 3808124 3943260
3963947 3941858 3769793 3838806
3889961 4033980 3981525 4101371
3909025 3882454 3870127 3856027
3891846 4073277 3998308 4144599
3733191 3716056 3608646 3775768
3747741 3887868 3789505 3810606
3798861 3769743 3674143 3899434
3810429 4038164 3908054 3992527
3687159 4060355 3842617 3967373
4017795 3955486 4105498 3987413
3784783 4084982 3843028 4114338
4069337 3898385 4068078 4051381
3603478 3880007 3689528 3835408
3833642 3688583 3923856 3760030
3768694 4014752 3874155 4002611
3942767 3922290 4037117 3882775
3944883 3965691 3986054 3913906
3969380 3882800 3961385 3939296
3923223 3962082 4066144 3924564
4050251 3945416 3928734 3949735
3836509 3825482 3780577 3818126
3894037 3629622 3744981 3782066
3806294 3936058 4036745 3848077
3916090 3800148 3815149 3908754
3933501 3944156 3893415 3936101
3924641 4035928 3913799 3830930
3905777 3948376 3855829 3993202
3909987 3978823 3942445 3856829
3933964 4010486 3988068 4012722
4001453 4076969 3996699 3872549
3747183 3894107 3762633 3768508
3761672 3761583 3802544 3701552
3919702 3965151 3864660 3826900
3887066 3749236 3897447 3833759
3999053 3869467 4030570 3859959
3768537 3676730 3911378 3790554
3973914 3943236 4010223 3894007
3978764 3815024 3930724 3837046
3726039 3738005 3852702 3760279
3704038 3569018 3769297 3728358
3904196 3838221 3931330 4054779
3973861 3796227 3828855 4087208
3813454 3765024 3928613 3958123
3875143 3793945 3867997 3993341
3867852 3877330 3999292 4027837
3908455 3855944 3908895 4023825
3645373 3612318 3710208 3815654
3780389 3649095 3657196 3791130
3823194 3886998 3797387 3935343
3902925 3993173 3998981 4031790
3923032 3840827 3789824 3776804
3816558 4026004 3955432 3995552
3925829 3893383 3770214 3880053
3992541 4101062 3992677 4062350
3732528 3757104 3659722 3719575
3739358 3819572 3841612 3883604
3688839 3999236 3905239 4013807
3938592 3887468 4057079 3919269
3728223 4000920 3823743 4054671
4060899 3853975 4127390 3967558
3652668 4032848 3931608 3989985
4077468 3938439 4187726 4043230
3504543 3832169 3619699 3871861
3757109 3775147 3885805 3737294
3923873 3993858 4034607 3987088
3968118 3832886 3830599 3971225
3843453 3896958 3946476 3897621
3956868 3801313 3951115 3947577
3968507 4008350 4085183 3952145
4051759 3943072 3984231 4019017
3739721 3700598 3755233 3729939
3643916 3729727 3726167 3773419
3813766 3935311 3824274 3977626
3889752 3895111 3972358 3938239
3798004 3882373 3779603 3820663
3837495 3934451 3929730 3780032
3933232 4006871 3994743 4000407
3956982 4038587 3956983 3778961
3862318 3945816 3872893 3967004
3887475 3975856 3939457 3886528
3988478 3928368 3966847 3899645
3877377 3701914 3975535 3839419
3892270 3846333 3875219 3841386
3761214 3542255 3819867 3766343
3927373 3901280 4036329 3841157
3910866 3670505 3930659 3944566
3925342 3873412 3966764 3903716
3893064 3669030 3859200 3844582
3870207 3783776 3896519 4019666
3871558 3822007 3828656 3924333
3801921 3723829 3825178 4024213
3877117 3822548 3776410 3861741
3884914 3772956 4009958 3974384
3986445 3774267 3841147 4062913
3813600 3741319 3935858 3947818
3935185 3736642 3903116 3908630
3802951 3772045 3767493 3876665
3839638 4023054 3989370 4014352
3864081 3744572 3709283 3827363
3791620 4016312 3903293 3962003
3897265 3909667 3832640 3934499
3872599 3968742 3919281 3995147
3825526 3812581 3805724 3841668
3844848 3999697 3992162 4037081
3655916 3908312 3790369 3960692
3990950 3974920 4042936 3911356
3657237 4034701 3774972 3946636
3921289 3804426 4082809 3847545
3702009 4042474 3839133 4019942
4081616 3874418 4087443 3958353
3544702 3898723 3829855 4045768
4003705 3859292 4141131 3882189
3856029 3980536 3958797 3918947
3865681 3802319 3878317 3904110
3839644 3931353 3870590 3840254
3854749 3761065 3805440 3887724
3833055 3995887 4037993 3925727
3950073 3864097 3899218 4013146
3881411 3918149 3988509 3920313
3920514 3791838 3928449 3876291
3780654 3888868 3869473 3851270
3802900 3884404 3877795 3835733
3927548 4039148 3988061 3909828
3976392 4011784 3933759 3879623
3778572 3867310 3833461 3848487
3786582 3894936 3850318 3722484
3783137 3872717 3689913 3740784
3724544 3817722 3814234 3753563
3876280 3763181 3888429 3854336
3772637 3593601 3809071 3810865
3911034 3935084 3977253 3932851
3886525 3810734 3935238 3969280
3803362 3794699 3882023 3813725
3727269 3610446 3830156 3719516
3838500 3835405 3815346 3834883
3736317 3600257 3709608 3709299
3719973 3684199 3892395 3993005
3884099 3759531 3789590 3870885
3790623 3815135 3902997 4041915
3956966 3741500 3866847 3926200
3725102 3744483 3856504 3901567
3872883 3662114 3756752 3894584
3696841 3730271 3723922 3766541
3773113 3656900 3736417 3765279
3883473 3755749 3670678 3828891
3763312 3844314 3825142 3986651
3844537 3883137 3836874 3867089
3914373 4077978 3983292 4070220
3750642 3785366 3696198 3799502
3724662 3869961 3876911 4024281
3711099 3680695 3580173 3702876
3656259 3833637 3820246 3823853
3591230 3948775 3730271 4013241
3912255 3780258 3978009 3893547
3660116 4038656 3874453 4054071
3998117 3868930 4110281 3988355
3667569 3951940 3734674 3927292
3931269 3786586 3966606 3859755
3490407 3873536 3720293 3918372
3825201 3737904 3909270 3745042
3768416 3872510 3929988 3844203
3858312 3702984 3785913 3920926
3854842 4000960 3982300 3986734
4024709 3843570 3986168 3931340
3784567 3868337 3882178 3906315
3793329 3808017 3875151 3790935
3634826 3732805 3703829 3815097
3765821 3717877 3771977 3718418
3866414 4031883 3978077 3974699
3928760 4002524 4075585 3863625
3834525 3816930 3849524 3901991
3912403 3967379 3876170 3855468
3802248 3880051 3784279 3808919
3787904 3810279 3842527 3805393
3818195 3899854 3913371 3891688
3869748 3876718 3915769 3872003
4042592 4047739 4068322 3962032
3921624 3719969 3861106 3891986
3881804 3886644 3838981 3813794
3775689 3644000 3799329 3759604
3901347 3787298 3850489 3818943
3715299 3598171 3798635 3725097
3928474 3847801 3872751 3854342
3805479 3702331 3872716 3805697
3841313 3880897 3971413 4072568
3985279 3905394 3908869 4001265
3787249 3745963 3949968 3922561
3858362 3772439 3768284 3927452
3681627 3725671 3853092 3790691
3764198 3635384 3733518 3853084
3790530 3729711 3951255 3884468
3902373 3749133 3847195 3925349
4025003 3898084 3821168 3950165
3921438 4046613 4007184 4018408
3838537 3833610 3706304 3844954
3736029 3931159 3946140 3966618
3702059 3715597 3542830 3759045
3701813 3856865 3767889 3921490
3865284 3810036 3709097 3846210
3825021 3882068 3872930 3934833
3641980 4023973 3933257 4085901
4080543 3960422 4161206 3955395
3595557 3963205 3805575 3995311
3997606 3827391 3995325 3895447
3510372 3716155 3783982 3893103
3919493 3803268 3943888 3743870
3639156 3867495 3787874 3919653
3997157 3877229 3999556 3905157
3977170 4080959 3990059 3925710
3997100 3951226 4023865 3935313
3833654 3963986 3943427 3889290
3947768 3817114 3871901 3946362
3744141 3783396 3784705 3832899
3817278 3709865 3751324 3833335
3826637 3913081 3982611 3787608
3901500 3788489 3977443 3876293
3775486 3887298 3797302 3824937
3783941 3780134 3830037 3747499
3823458 3907127 3846629 3872089
3773875 3882297 3841692 3812981
3953421 3947653 3879258 3936057
3869539 3993640 3935768 3885421
3813336 4028519 3962775 3955378
3975947 3944768 4010335 3882609
3823369 3776817 3847733 3752972
3690234 3572815 3790521 3672090
3810658 3791424 3852122 3756435
3784124 3639134 3844899 3805834
3992897 3869167 3977819 3896740
3916487 3680794 3935701 3872991
3977664 3956772 4041729 4027436
3830389 3766967 3831648 3824325
3703162 3646119 3848814 3863936
3784528 3719347 3764151 3774250
3715949 3762027 3866148 3924505
3865086 3751700 3831793 3933840
3801055 3804078 3915801 3951532
4027717 3754253 3798424 4035503
3861689 3856559 4024279 4028898
3954473 3807721 3937932 3960204
3746049 3779477 3599561 3774132
3808810 3910719 3804682 3839385
3828680 3782445 3683395 3739306
3890530 3945040 3905278 3958158
3898548 3917934 3727440 3858837
3847566 4028361 3901805 3998667
3893318 3829048 3763468 3912485
3861559 4082999 3960424 3968942
3552742 3785781 3716477 3812437
3858665 3690328 3974967 3880572
3652749 3903373 3793025 3979275
3885271 3848946 3934465 3851505
3658851 4081238 3790108 3979918
4041651 3931582 4045643 3935289
3734320 4025069 3922265 4029556
4101318 3907440 4109813 4002026
3770600 3781135 3764613 3781137
3823976 3684877 3876507 3803034
3765358 3889141 3907315 3844854
3846422 3736927 3862860 3902302
3806304 3956286 3958398 3880772
3885640 3798460 3943735 3938559
3857947 4003356 3973746 3938055
3954144 3804590 3939094 4014298
3798397 3901987 3806102 3859945
3760313 3932518 3837846 3785138
3741611 3892791 3765293 3850001
3826766 3867753 3792161 3697706
3859096 3902074 3795623 3870533
3918790 3922255 3894545 3775532
3953333 3971664 3979769 4007464
3861781 4025845 3968578 3853737
3978779 3825490 3899250 3820786
3801502 3664369 3801986 3782201
3825906 3850631 3816873 3725911
3758159 3578243 3706211 3749252
3930204 3873055 3892979 3853775
3829696 3738300 3804917 3847254
3998101 4004049 3984965 3933714
3897751 3790374 3975900 3902229
3793677 3723136 3853206 3864661
3808336 3729758 3650760 3883774
3686480 3689242 3818098 3774595
3783227 3668877 3724832 3819300
3747897 3721117 3916002 3887612
3879694 3661081 3791463 3902233
3824078 3847341 3966053 4082277
3946424 3822526 3890231 4042316
3809322 3763247 3656555 3772107
3740088 3922013 3759670 3922910
3711801 3715338 3608030 3722231
3746036 3816778 3855122 3844453
3845213 3841877 3737915 3739071
3776880 3947352 3829716 3962705
3941387 3914283 3828098 3863217
3913341 4031690 4038226 3987303
3655226 3943157 3775760 3927752
3907658 3758651 3879289 3819792
3517695 3885080 3744630 3884021
3896375 3781382 3957064 3861113
3673359 3917719 3734693 3950028
3901058 3833821 3997883 3968375
3630273 4089986 3818963 4040342
4026506 3948742 4103873 3951510
3788727 3834080 3852111 3894566
3825858 3781366 3872232 3900698
3828924 3899798 3807698 3772920
3823175 3738335 3851973 3780145
3818502 3851916 3885220 3838679
3888067 3785773 3874119 3933228
3972746 4015085 4015663 3963978
3937450 3933575 3930628 3946024
3884370 3973064 3861486 3893386
3874292 4034159 3946227 3863989
3929806 4021704 3914529 3917799
3952557 4027677 4017473 3926856
3880713 4035293 3830011 3959943
3940590 3996941 3935050 3809760
3865040 3924127 3866301 3950040
3940691 3984115 3937924 3868619
3855520 3853820 4033379 3893807
3833999 3666551 3907575 3836522
4014183 3972170 4055428 3899178
3868140 3742147 3862729 3894381
3839962 3883554 3926584 3870350
3801193 3689177 3888763 3933149
3917204 3953407 3945839 3906157
3840909 3751095 3933188 3862744
3776260 3773497 3960135 4001488
3854384 3791269 3847262 3926210
3847942 3893637 3944882 3965134
3944804 3835082 3911598 4009298
3829090 3793937 3911277 3883688
3934041 3786428 3816886 4035330
3822270 3833832 3926043 3864842
3925390 3823201 3809085 4000578
3883837 3879269 3733154 3794383
3822827 3938740 3906742 3925762
3972237 3946430 3788189 3878630
3845358 4068529 4019131 3957569
3887882 3861986 3670524 3850350
3838244 3967324 3957965 4034239
3920490 3848710 3867245 3867389
3844091 4013502 3934359 4031583
3715738 3926111 3834025 3996166
4016440 3830109 4066503 3887776
3666861 3931765 3832048 3993647
4050880 3879333 4039809 3930750
3679996 3958553 3887301 4030659
4044855 3912953 4002846 3975346
3644820 4007563 3912743 4046630
4066043 3960578 4149620 3957715
3832795 3899111 3884872 3864208
3890912 3846222 3885358 3873541
3874525 4006405 3966322 3935096
3900265 3820841 3902053 3917022
3874282 3967401 3975661 3955378
3925216 3854406 3885131 3989673
3918329 3935719 4012984 3944370
3963469 3890237 3924545 3935092
3847215 4005049 3831660 3836193
3932409 3898419 3937035 3924983
3809272 3869489 3838840 3838581
3864266 3920435 3857211 3822929
3870915 3863715 3795222 3903325
3786280 3977071 3896992 3809518
3782264 3922021 3868773 3841655
3773630 3857768 3830926 3743727
3907372 3958677 3926809 3935885
3870777 3779875 3877179 3869448
3916277 3848312 3957708 3747494
3782736 3629979 3833425 3765196
3937416 3848984 3945908 3884101
3789140 3600137 3867976 3817784
3882740 3834755 3888936 3773701
3790185 3606731 3850635 3791825
3764953 3812715 3975632 3999179
3970560 3820202 3820445 4022060
3748848 3667832 3837900 3832428
3869376 3690698 3809002 4001159
3749813 3731887 3945562 3921782
3881203 3794037 3803819 3901924
3724238 3693418 3912845 3946266
3870302 3704164 3743066 3927722
3869872 3847169 3775319 3940136
3873963 4020375 3985182 3925297
3852987 3769026 3728459 3744484
3791977 3874495 3904339 3983776
3785436 3826732 3690888 3836544
3830065 3937472 3924158 3964659
3833411 3759764 3596632 3731960
3793977 3820516 3870660 3938526
3704588 3998263 3771325 4093547
4053825 3877083 4024634 3907746
3685338 3850445 3753104 3967927
3887638 3778932 4006393 3911304
3606535 3993625 3783563 3989128
3848549 3760739 4026768 3873586
3550023 3846917 3794946 3861770
3938071 3795847 3971721 3833531
3979518 3901314 3914605 3882095
3988429 3832103 3855646 3918910
3746940 3770088 3956197 3873119
3838968 3760760 3878214 3924546
3797046 3888117 3938382 3851009
3911532 3791914 3879244 3856980
3717100 3829555 3884076 3796202
3875786 3677912 3864203 3848317
3836179 3944793 3867344 4056163
3961331 4051543 3909316 3789926
3725872 3958231 3748766 3894470
3768313 3818355 3855247 3834025
3797547 3975058 3861305 3880597
3824739 3912609 3853318 3844036
3906332 4039594 3822237 3959830
4007883 4038755 4007213 3925766
4066823 3903310 3933733 3928592
3884630 3739666 3872255 3876420
3816462 3807620 3828141 3757752
3756772 3610551 3756650 3766201
3904064 3815825 3848276 3786225
3791245 3632775 3813711 3779236
3962540 3897136 3961246 3838828
3895243 3710061 3903782 3928118
3865164 3800130 3993694 4041609
4058016 3778804 3858581 4044264
3683830 3774867 3793883 3815930
3839552 3760832 3761489 3843973
3742007 3733377 3850295 3992076
3790464 3727018 3743473 3911751
3837152 3803384 3990323 4018580
3991153 3863866 3899517 4029619
3918781 3840341 3797602 3957931
3942848 4018437 3966305 4036361
3806417 3721232 3670936 3704782
3722685 3873024 3814985 3877541
3800429 3816614 3697973 3811900
3863550 3867227 3857486 3894249
3978221 3878077 3780205 3796375
3907786 4003628 4042392 4044142
3707764 4018142 3884372 4074630
4075632 3877502 4059340 3913163
3621617 3864658 3725883 3920729
3884273 3715313 3912974 3892083
3619666 3981577 3810732 3921569
3897568 3735069 3919796 3857837
3645424 3964848 3909521 4020690
4032406 3893378 4128732 3996596
3904509 3903689 4031734 3974722
3986323 3819297 3922706 3972181
3784452 3885293 3856955 3875566
3897430 3713986 3759841 3838784
3696692 3827195 3903948 3848391
3835027 3853345 3813036 3974315
3822784 3887535 3957378 3961056
4000980 3915268 3978079 3944910
